5516981487294
5516981487344
5516981487615
5516981487616
5516981487620
5516981487663
5516981487683
5516981487712
5516981487732
5516981487796
5516981487803
5516981487883
5516981487922
5516981487962
5516981487993
5516981488011
5516981488014
5516981488015
5516981488025
5516981488027
5516981488032
5516981488033
5516981488037
5516981488039
5516981488101
5516981488165
5516981488166
5516981488167
5516981488168
5516981488170
5516981488174
5516981488369
5516981488463
5516981488484
5516981488615
5516981488617
5516981488620
5516981488622
5516981488657
5516981488700
5516981488794
5516981488811
5516981488823
5516981488998
5516981489035
5516981489110
5516981489131
5516981489188
5516981489338
5516981489352
5516981489356
5516981489396
5516981489471
5516981489475
5516981489484
5516981489519
5516981489530
5516981489554
5516981489564
5516981489601
5516981489604
5516981489605
5516981489655
5516981489668
5516981489693
5516981489779
5516981489794
5516981489799
5516981489811
5516981489820
5516981489842
5516981489904
5516981489922
5516981489944
5516981490041
5516981490061
5516981490063
5516981490095
5516981490122
5516981490162
5516981490207
5516981490212
5516981490248
5516981490338
5516981490367
5516981490453
5516981490471
5516981490625
5516981490656
5516981490688
5516981490709
5516981490807
5516981491154
5516981491212
5516981491414
5516981491425
5516981491515
5516981491556
5516981491570
5516981491618
5516981491630
5516981491716
5516981491734
5516981491750
5516981491774
5516981491841
5516981491854
5516981491862
5516981491863
5516981491903
5516981491911
5516981491937
5516981491940
5516981491971
5516981491994
5516981492061
5516981492081
5516981492121
5516981492151
5516981492192
5516981492193
5516981492199
5516981492232
5516981492250
5516981492482
5516981492620
5516981492626
5516981492651
5516981492800
5516981492948
5516981492974
5516981492999
5516981493008
5516981493011
5516981493030
5516981493052
5516981493098
5516981493107
5516981493127
5516981493143
5516981493147
5516981493196
5516981493238
5516981493247
5516981493282
5516981493316
5516981493322
5516981493475
5516981493636
5516981493771
5516981493779
5516981493882
5516981494201
5516981494205
5516981494212
5516981494218
5516981494335
5516981494336
5516981494433
5516981494477
5516981494628
5516981494759
5516981494777
5516981494832
5516981494838
5516981494841
5516981494881
5516981494884
5516981494938
5516981494999
5516981495144
5516981495176
5516981495200
5516981495349
5516981495372
5516981495457
5516981495912
5516981495925
5516981495944
5516981495947
5516981495992
5516981496037
5516981496347
5516981496360
5516981496418
5516981496431
5516981496811
5516981496813
5516981496915
5516981496916
5516981496988
5516981497115
5516981497120
5516981497235
5516981497250
5516981497335
5516981497439
5516981497445
5516981497472
5516981497474
5516981497711
5516981497722
5516981497733
5516981497742
5516981497761
5516981497838
5516981498095
5516981498258
5516981498282
5516981498330
5516981498428
5516981498737
5516981498762
5516981498825
5516981498938
5516981498940
5516981498967
5516981499226
5516981499242
5516981499267
5516981499287
5516981499385
5516981499434
5516981499453
5516981499455
5516981499494
5516981499556
5516981499871
5516981499898
5516981499933
5516981500491
5516981500800
5516981501128
5516981501239
5516981501352
5516981501482
5516981501486
5516981501545
5516981502115
5516981502510
5516981502645
5516981502724
5516981502730
5516981503737
5516981504096
5516981504410
5516981504435
5516981505079
5516981505717
5516981505971
5516981506107
5516981506265
5516981506486
5516981507115
5516981507486
5516981507687
5516981508409
5516981508516
5516981508979
5516981509103
5516981509248
5516981509430
5516981509431
5516981509484
5516981510036
5516981510037
5516981510038
5516981510403
5516981510493
5516981510502
5516981510675
5516981510818
5516981510954
5516981511012
5516981511127
5516981511198
5516981511239
5516981511313
5516981511379
5516981511383
5516981511389
5516981511584
5516981511862
5516981511927
5516981511944
5516981511961
5516981511984
5516981511987
5516981512041
5516981512109
5516981512187
5516981512323
5516981512345
5516981512402
5516981512441
5516981512448
5516981512456
5516981512465
5516981512468
5516981512621
5516981512745
5516981512881
5516981512884
5516981512896
5516981512973
5516981513215
5516981513253
5516981513272
5516981513316
5516981513340
5516981513381
5516981513495
5516981513551
5516981513600
5516981513703
5516981513857
5516981513888
5516981513898
5516981513902
5516981514131
5516981514134
5516981514242
5516981514276
5516981514383
5516981514438
5516981514549
5516981514550
5516981514551
5516981514555
5516981514567
5516981514590
5516981514593
5516981514660
5516981514666
5516981514670
5516981514681
5516981514685
5516981514686
5516981514694
5516981514740
5516981514742
5516981514752
5516981514807
5516981514811
5516981514833
5516981514840
5516981514867
5516981514898
5516981515068
5516981515353
5516981515363
5516981515381
5516981515385
5516981515511
5516981515625
5516981515656
5516981515685
5516981515742
5516981515857
5516981515892
5516981515922
5516981515924
5516981515957
5516981516045
5516981516104
5516981516110
5516981516113
5516981516201
5516981516262
5516981516321
5516981516338
5516981516500
5516981516650
5516981516701
5516981516822
5516981516997
5516981517149
5516981517152
5516981517204
5516981517226
5516981517228
5516981517474
5516981517711
5516981518080
5516981518282
5516981518600
5516981519044
5516981519090
5516981519843
5516981519940
5516981519950
5516981519955
5516981519999
5516981520271
5516981520488
5516981520501
5516981520598
5516981520968
5516981521132
5516981521244
5516981521490
5516981521622
5516981521653
5516981521770
5516981522052
5516981522099
5516981522164
5516981522375
5516981522422
5516981522440
5516981522504
5516981522533
5516981522598
5516981522630
5516981522641
5516981522658
5516981522681
5516981523030
5516981523248
5516981523310
5516981523344
5516981523840
5516981523844
5516981524010
5516981524104
5516981524268
5516981524273
5516981524277
5516981524341
5516981524374
5516981524466
5516981524530
5516981524541
5516981524676
5516981524867
5516981525052
5516981525148
5516981525164
5516981525226
5516981525314
5516981525351
5516981525442
5516981525454
5516981525472
5516981525520
5516981525523
5516981525562
5516981525566
5516981525583
5516981525678
5516981525685
5516981525736
5516981525805
5516981525822
5516981525882
5516981525894
5516981525895
5516981525939
5516981525945
5516981525950
5516981526044
5516981526054
5516981526066
5516981526114
5516981526198
5516981526211
5516981526221
5516981526262
5516981526269
5516981526318
5516981526369
5516981526414
5516981526437
5516981526445
5516981526448
5516981526551
5516981526663
5516981526670
5516981526767
5516981526783
5516981526931
5516981526967
5516981527010
5516981527018
5516981527039
5516981527278
5516981527541
5516981527544
5516981527547
5516981527575
5516981527650
5516981527733
5516981527741
5516981527755
5516981527766
5516981527800
5516981528078
5516981528080
5516981528397
5516981528582
5516981528586
5516981528647
5516981528682
5516981528920
5516981529053
5516981529116
5516981529122
5516981529153
5516981529197
5516981529236
5516981529292
5516981529297
5516981529375
5516981529394
5516981529399
5516981529443
5516981529449
5516981529460
5516981529479
5516981529517
5516981529550
5516981529556
5516981529572
5516981529655
5516981529779
5516981529797
5516981529905
5516981529911
5516981530002
5516981530063
5516981530116
5516981530154
5516981530238
5516981530503
5516981530560
5516981530657
5516981530668
5516981530679
5516981530914
5516981530938
5516981531173
5516981531219
5516981531368
5516981531478
5516981531482
5516981531520
5516981531583
5516981531690
5516981532176
5516981532223
5516981532621
5516981533214
5516981533263
5516981533400
5516981533911
5516981534127
5516981534290
5516981534452
5516981534543
5516981534549
5516981534556
5516981534905
5516981534933
5516981535127
5516981535420
5516981535555
5516981535744
5516981536164
5516981536561
5516981537168
5516981537523
5516981537580
5516981537642
5516981538036
5516981538067
5516981538484
5516981538684
5516981538825
5516981539236
5516981539264
5516981539291
5516981539350
5516981539966
5516981539988
5516981540045
5516981540101
5516981540202
5516981540611
5516981540751
5516981540955
5516981541097
5516981541185
5516981541364
5516981541472
5516981541521
5516981541525
5516981541545
5516981541553
5516981541563
5516981541631
5516981541862
5516981541874
5516981541893
5516981541975
5516981542000
5516981542113
5516981542171
5516981542307
5516981542479
5516981542525
5516981542683
5516981542900
5516981542963
5516981542965
5516981543025
5516981543072
5516981543144
5516981543232
5516981543309
5516981543364
5516981543451
5516981543562
5516981543572
5516981543636
5516981543924
5516981543926
5516981543929
5516981543930
5516981543971
5516981544297
5516981544394
5516981544395
5516981544396
5516981544424
5516981544427
5516981544699
5516981544701
5516981544703
5516981544759
5516981544765
5516981544788
5516981544807
5516981544965
5516981545108
5516981545123
5516981545180
5516981545181
5516981545267
5516981545566
5516981545725
5516981545757
5516981545763
5516981545800
5516981546059
5516981546060
5516981546247
5516981546248
5516981546310
5516981546486
5516981546546
5516981546700
5516981546715
5516981546818
5516981546910
5516981547011
5516981547154
5516981547445
5516981547642
5516981547661
5516981547733
5516981547739
5516981547770
5516981547790
5516981547890
5516981547998
5516981548096
5516981548099
5516981548110
5516981548148
5516981548151
5516981548161
5516981548164
5516981548180
5516981548181
5516981548297
5516981548327
5516981548383
5516981548480
5516981548500
5516981548509
5516981548515
5516981548524
5516981548560
5516981548566
5516981548577
5516981548578
5516981548655
5516981548790
5516981548893
5516981548899
5516981548999
5516981549006
5516981549200
5516981549208
5516981549485
5516981549492
5516981549600
5516981549607
5516981549800
5516981549839
5516981549860
5516981549889
5516981549894
5516981549896
5516981549945
5516981549977
5516981550017
5516981550022
5516981550137
5516981550163
5516981550213
5516981550222
5516981550271
5516981550672
5516981550800
5516981550801
5516981550901
5516981551000
5516981551158
5516981551166
5516981551169
5516981551476
5516981551599
5516981551821
5516981551956
5516981552027
5516981552131
5516981552141
5516981552198
5516981552343
5516981552475
5516981552525
5516981552563
5516981552565
5516981552570
5516981552606
5516981552608
5516981552871
5516981552907
5516981552921
5516981552952
5516981552982
5516981553013
5516981553211
5516981553232
5516981553315
5516981553344
5516981553524
5516981553535
5516981553946
5516981554040
5516981554142
5516981554197
5516981554205
5516981554289
5516981554318
5516981554324
5516981554429
5516981554513
5516981554514
5516981554534
5516981554602
5516981554604
5516981554617
5516981554631
5516981554640
5516981554811
5516981554821
5516981554850
5516981554888
5516981554890
5516981555036
5516981555066
5516981555281
5516981555302
5516981555345
5516981555347
5516981555422
5516981555455
5516981555461
5516981555481
5516981555520
5516981555587
5516981555644
5516981555665
5516981555676
5516981555749
5516981555774
5516981555789
5516981555970
5516981556060
5516981556071
5516981556166
5516981556238
5516981556418
5516981556464
5516981556587
5516981556662
5516981556669
5516981556750
5516981556772
5516981556922
5516981557015
5516981557080
5516981557398
5516981557435
5516981557439
5516981557535
5516981557605
5516981557682
5516981557757
5516981557761
5516981557763
5516981557788
5516981557844
5516981557848
5516981557868
5516981557912
5516981557913
5516981557973
5516981557980
5516981558138
5516981558253
5516981558254
5516981558257
5516981558361
5516981558484
5516981558546
5516981558632
5516981558685
5516981558773
5516981558775
5516981558787
5516981558802
5516981558809
5516981558989
5516981558994
5516981559226
5516981559237
5516981559239
5516981559342
5516981559477
5516981559573
5516981559596
5516981559597
5516981559618
5516981559757
5516981559822
5516981559861
5516981559898
5516981559922
5516981559970
5516981559971
5516981559975
5516981559987
5516981559991
5516981559992
5516981560075
5516981560094
5516981560164
5516981560236
5516981560376
5516981560382
5516981560407
5516981560433
5516981560462
5516981560467
5516981560493
5516981560503
5516981560616
5516981560630
5516981560762
5516981560872
5516981560931
5516981560932
5516981561020
5516981561362
5516981561420
5516981561466
5516981561473
5516981561518
5516981561563
5516981561634
5516981561846
5516981561864
5516981561876
5516981561881
5516981561938
5516981561939
5516981562100
5516981562155
5516981562163
5516981562229
5516981562254
5516981562301
5516981562349
5516981562376
5516981562470
5516981562535
5516981562625
5516981562646
5516981562662
5516981562766
5516981562822
5516981562887
5516981562921
5516981563009
5516981563036
5516981563163
5516981563348
5516981563373
5516981563377
5516981563670
5516981563689
5516981563699
5516981563719
5516981563825
5516981563970
5516981564240
5516981564554
5516981564568
5516981564762
5516981565097
5516981565119
5516981565271
5516981565288
5516981565391
5516981565464
5516981565465
5516981565559
5516981565621
5516981565626
5516981565725
5516981565756
5516981565781
5516981565850
5516981565977
5516981566069
5516981566213
5516981566247
5516981566293
5516981566300
5516981566345
5516981566366
5516981566405
5516981566466
5516981566474
5516981566586
5516981566656
5516981566727
5516981566844
5516981566845
5516981566846
5516981566856
5516981566904
5516981566956
5516981566965
5516981567015
5516981567161
5516981567345
5516981567584
5516981567704
5516981567716
5516981567798
5516981567836
5516981567896
5516981568086
5516981568229
5516981568568
5516981568618
5516981568723
5516981569091
5516981569114
5516981569116
5516981569284
5516981569423
5516981569583
5516981569585
5516981569669
5516981569670
5516981569744
5516981569766
5516981569823
5516981569962
5516981570318
5516981570496
5516981570525
5516981570710
5516981570841
5516981570850
5516981570890
5516981570932
5516981570998
5516981571282
5516981571325
5516981571404
5516981571630
5516981571719
5516981571861
5516981572125
5516981572173
5516981572221
5516981572323
5516981572483
5516981572495
5516981572600
5516981572750
5516981572754
5516981572994
5516981572999
5516981573058
5516981573080
5516981573176
5516981573622
5516981573631
5516981573772
5516981573776
5516981573803
5516981573997
5516981574067
5516981574352
5516981574372
5516981574438
5516981574576
5516981574586
5516981574588
5516981574621
5516981574670
5516981574678
5516981574686
5516981574688
5516981574689
5516981574741
5516981574817
5516981574818
5516981574822
5516981574825
5516981574905
5516981575020
5516981575083
5516981575092
5516981575137
5516981575168
5516981575174
5516981575177
5516981575234
5516981575257
5516981575262
5516981575265
5516981575272
5516981575363
5516981575420
5516981575450
5516981575463
5516981575594
5516981575641
5516981575752
5516981575765
5516981575850
5516981575858
5516981575895
5516981576033
5516981576091
5516981576152
5516981576166
5516981576463
5516981576510
5516981576810
5516981577032
5516981577079
5516981577086
5516981577421
5516981577433
5516981577533
5516981577614
5516981577631
5516981577680
5516981577720
5516981577732
5516981577736
5516981577740
5516981577776
5516981577782
5516981577783
5516981577786
5516981577789
5516981577799
5516981577870
5516981577935
5516981577950
5516981577953
5516981578025
5516981578026
5516981578028
5516981578029
5516981578072
5516981578159
5516981578186
5516981578211
5516981578270
5516981578336
5516981578355
5516981578365
5516981578768
5516981578847
5516981578856
5516981578882
5516981579030
5516981579145
5516981579350
5516981579561
5516981579563
5516981579670
5516981579760
5516981579962
5516981579994
5516981580171
5516981580451
5516981580454
5516981580476
5516981580503
5516981580581
5516981580646
5516981580670
5516981580849
5516981580877
5516981580939
5516981580986
5516981581151
5516981581175
5516981581397
5516981581440
5516981581477
5516981581501
5516981581609
5516981581626
5516981581630
5516981581647
5516981581756
5516981581757
5516981581759
5516981582154
5516981582196
5516981582430
5516981582469
5516981582636
5516981582775
5516981583424
5516981583610
5516981583611
5516981583678
5516981583779
5516981583794
5516981583845
5516981583947
5516981584101
5516981584611
5516981584858
5516981584861
5516981585133
5516981585154
5516981585155
5516981585246
5516981585277
5516981585320
5516981585327
5516981585623
5516981585757
5516981585884
5516981586023
5516981586178
5516981586236
5516981586329
5516981586567
5516981586653
5516981586654
5516981586741
5516981586776
5516981586812
5516981586850
5516981586957
5516981586969
5516981586977
5516981587001
5516981587044
5516981587139
5516981587157
5516981587161
5516981587167
5516981587186
5516981587190
5516981587196
5516981587306
5516981587322
5516981587350
5516981587354
5516981587369
5516981587381
5516981587413
5516981587416
5516981587422
5516981587449
5516981587456
5516981587463
5516981587464
5516981587477
5516981587572
5516981587584
5516981587610
5516981587631
5516981587638
5516981587670
5516981587686
5516981587731
5516981587798
5516981587803
5516981587804
5516981587805
5516981587807
5516981587817
5516981587830
5516981587850
5516981587857
5516981587932
5516981587958
5516981587969
5516981588008
5516981588027
5516981588100
5516981588126
5516981588210
5516981588702
5516981588785
5516981588815
5516981588825
5516981588829
5516981588850
5516981589069
5516981589138
5516981589159
5516981589192
5516981589278
5516981589355
5516981589644
5516981589994
5516981590005
5516981590531
5516981590664
5516981590715
5516981590722
5516981591007
5516981591198
5516981592075
5516981592156
5516981592251
5516981592258
5516981592888
5516981592889
5516981592965
5516981592996
5516981593092
5516981593112
5516981593161
5516981593372
5516981593535
5516981593591
5516981593639
5516981593655
5516981593825
5516981593954
5516981593995
5516981594083
5516981594103
5516981594104
5516981594105
5516981594124
5516981594130
5516981594154
5516981594183
5516981594252
5516981594309
5516981594335
5516981594415
5516981594438
5516981594451
5516981594464
5516981594489
5516981594491
5516981594522
5516981594536
5516981594668
5516981594683
5516981594885
5516981594893
5516981594925
5516981594983
5516981594999
5516981595104
5516981595148
5516981595170
5516981595220
5516981595374
5516981595421
5516981595488
5516981595490
5516981595514
5516981595520
5516981595565
5516981595585
5516981595638
5516981595664
5516981595679
5516981595696
5516981595872
5516981595874
5516981595951
5516981596060
5516981596066
5516981596106
5516981596112
5516981596718
5516981596756
5516981596979
5516981597410
5516981597446
5516981597535
5516981597563
5516981597565
5516981597593
5516981597625
5516981597669
5516981597698
5516981598085
5516981598102
5516981598286
5516981598442
5516981598463
5516981598485
5516981598585
5516981598683
5516981598702
5516981598811
5516981598812
5516981598861
5516981598886
5516981599059
5516981599064
5516981599253
5516981599254
5516981599399
5516981599799
5516981599802
5516981599851
5516981599992
5516981599999
5516981600018
5516981600197
5516981600297
5516981600442
5516981600445
5516981600521
5516981600778
5516981601926
5516981601969
5516981602417
5516981602491
5516981602732
5516981602821
5516981602975
5516981603307
5516981603308
5516981603791
5516981604020
5516981604025
5516981604064
5516981605161
5516981605167
5516981605500
5516981606161
5516981606202
5516981606211
5516981606268
5516981607069
5516981608833
5516981609188
5516981610000
5516981610003
5516981610346
5516981610572
5516981610578
5516981610616
5516981610918
5516981610942
5516981610972
5516981611236
5516981611415
5516981611450
5516981611618
5516981611657
5516981611658
5516981611663
5516981611712
5516981611794
5516981611831
5516981611871
5516981611905
5516981611971
5516981612026
5516981612035
5516981612222
5516981612236
5516981612420
5516981612658
5516981612724
5516981612805
5516981612895
5516981613022
5516981613081
5516981613197
5516981613471
5516981613928
5516981614060
5516981614121
5516981614150
5516981614331
5516981614336
5516981614343
5516981614344
5516981614496
5516981614546
5516981614567
5516981614618
5516981614648
5516981614666
5516981614673
5516981614746
5516981614778
5516981614786
5516981614812
5516981614869
5516981614879
5516981615066
5516981615109
5516981615196
5516981615456
5516981615524
5516981615566
5516981615611
5516981615623
5516981615755
5516981615803
5516981615904
5516981615909
5516981615926
5516981615977
5516981615997
5516981616014
5516981616226
5516981616234
5516981616383
5516981616624
5516981616954
5516981616979
5516981617001
5516981617035
5516981617155
5516981617178
5516981617220
5516981617332
5516981617333
5516981617601
5516981617868
5516981617978
5516981617987
5516981618095
5516981618121
5516981618163
5516981618233
5516981618269
5516981618328
5516981618383
5516981618434
5516981618462
5516981618478
5516981618670
5516981618766
5516981618779
5516981618784
5516981618822
5516981619150
5516981619216
5516981619333
5516981619391
5516981619443
5516981619450
5516981619490
5516981619575
5516981619785
5516981619814
5516981620000
5516981620071
5516981620078
5516981620087
5516981620136
5516981620148
5516981620168
5516981620186
5516981620227
5516981620911
5516981620925
5516981621089
5516981621128
5516981621129
5516981621138
5516981621182
5516981621276
5516981621295
5516981621370
5516981621410
5516981621475
5516981621496
5516981621542
5516981621583
5516981621590
5516981621656
5516981621713
5516981621719
5516981621790
5516981621794
5516981621802
5516981621809
5516981621830
5516981621844
5516981621851
5516981621916
5516981621969
5516981622094
5516981622097
5516981622175
5516981622397
5516981622654
5516981622655
5516981622669
5516981623027
5516981623076
5516981623189
5516981623211
5516981623272
5516981623453
5516981623467
5516981623496
5516981623549
5516981623737
5516981623974
5516981624293
5516981624335
5516981624367
5516981624542
5516981624651
5516981624718
5516981624815
5516981624836
5516981624913
5516981624949
5516981624997
5516981625068
5516981625069
5516981625099
5516981625137
5516981625148
5516981625160
5516981625200
5516981625219
5516981625253
5516981625262
5516981625263
5516981625282
5516981625315
5516981625320
5516981625330
5516981625331
5516981625352
5516981625399
5516981625415
5516981625453
5516981625457
5516981625461
5516981625466
5516981625532
5516981625539
5516981625579
5516981625595
5516981625658
5516981625662
5516981625668
5516981625670
5516981625683
5516981625686
5516981625711
5516981625725
5516981625769
5516981625773
5516981625780
5516981625851
5516981625852
5516981625853
5516981625865
5516981625871
5516981625873
5516981625882
5516981625901
5516981625924
5516981625995
5516981626009
5516981626360
5516981626364
5516981626524
5516981626660
5516981626670
5516981626741
5516981626789
5516981627146
5516981627208
5516981627246
5516981627266
5516981627306
5516981627422
5516981627423
5516981627472
5516981627513
5516981627560
5516981627574
5516981627610
5516981627774
5516981627790
5516981627796
5516981627902
5516981627984
5516981627997
5516981628006
5516981628032
5516981628114
5516981628149
5516981628187
5516981628216
5516981628282
5516981628696
5516981628757
5516981628795
5516981628944
5516981629166
5516981629340
5516981629390
5516981629409
5516981629655
5516981629676
5516981629753
5516981629831
5516981630330
5516981630333
5516981630414
5516981630416
5516981630450
5516981630730
5516981630861
5516981630895
5516981630985
5516981631013
5516981631133
5516981631166
5516981631662
5516981631738
5516981631918
5516981632079
5516981632102
5516981632107
5516981632124
5516981632134
5516981632220
5516981632225
5516981632264
5516981632283
5516981632338
5516981632418
5516981632509
5516981632580
5516981632988
5516981632997
5516981632998
5516981633007
5516981633035
5516981633342
5516981633489
5516981633552
5516981633830
5516981633843
5516981633844
5516981633848
5516981633884
5516981633898
5516981633906
5516981633908
5516981633919
5516981634055
5516981634056
5516981634057
5516981634108
5516981634146
5516981634203
5516981634210
5516981634252
5516981634253
5516981634254
5516981634259
5516981634260
5516981634278
5516981634313
5516981634355
5516981634434
5516981634555
5516981634661
5516981634669
5516981634681
5516981634683
5516981634767
5516981634779
5516981634786
5516981634828
5516981634838
5516981634858
5516981634868
5516981634889
5516981634898
5516981634918
5516981634932
5516981634934
5516981634968
5516981634978
5516981635041
5516981635042
5516981635078
5516981635105
5516981635150
5516981635156
5516981635162
5516981635225
5516981635239
5516981635258
5516981635273
5516981635292
5516981635298
5516981635318
5516981635340
5516981635357
5516981635371
5516981635383
5516981635392
5516981635401
5516981635452
5516981635463
5516981635585
5516981635636
5516981635641
5516981635642
5516981635660
5516981635676
5516981635701
5516981635744
5516981635756
5516981635794
5516981635955
5516981635956
5516981635990
5516981636839
5516981636876
5516981636884
5516981636952
5516981636982
5516981637212
5516981637303
5516981637687
5516981637963
5516981638127
5516981638128
5516981638133
5516981638174
5516981638282
5516981638285
5516981638286
5516981638333
5516981638480
5516981638635
5516981638789
5516981638811
5516981639036
5516981639181
5516981639327
5516981639580
5516981639589
5516981639606
5516981639691
5516981639733
5516981639839
5516981639977
5516981640015
5516981640027
5516981640387
5516981640781
5516981640801
5516981640819
5516981641040
5516981641054
5516981641127
5516981641494
5516981641501
5516981641514
5516981641550
5516981641555
5516981641574
5516981641580
5516981641628
5516981641641
5516981641735
5516981641841
5516981641935
5516981642245
5516981642250
5516981642281
5516981642490
5516981642683
5516981642715
5516981642720
5516981643151
5516981643184
5516981643243
5516981643268
5516981643290
5516981643380
5516981643463
5516981643490
5516981643519
5516981643551
5516981643581
5516981643588
5516981643602
5516981643618
5516981643630
5516981643682
5516981643706
5516981643728
5516981643748
5516981643771
5516981643890
5516981643908
5516981643978
5516981644039
5516981644054
5516981644088
5516981644141
5516981644148
5516981644149
5516981644187
5516981644220
5516981644242
5516981644258
5516981644334
5516981644346
5516981644348
5516981644349
5516981644353
5516981644354
5516981644362
5516981644400
5516981644441
5516981644468
5516981644470
5516981644498
5516981644501
5516981644558
5516981644585
5516981644588
5516981644602
5516981644618
5516981644625
5516981644733
5516981644752
5516981644759
5516981644774
5516981644855
5516981644885
5516981644906
5516981645018
5516981645262
5516981645263
5516981645268
5516981645333
5516981645372
5516981645392
5516981645412
5516981645445
5516981645456
5516981645556
5516981645594
5516981645740
5516981645838
5516981645949
5516981645981
5516981646078
5516981646096
5516981646154
5516981646201
5516981646261
5516981646266
5516981646464
5516981646477
5516981646896
5516981647123
5516981647131
5516981647488
5516981648000
5516981648059
5516981648181
5516981648333
5516981648335
5516981648444
5516981648500
5516981648646
5516981648669
5516981648852
5516981648869
5516981648916
5516981648931
5516981648947
5516981648990
5516981649002
5516981649009
5516981649515
5516981649523
5516981649588
5516981649654
5516981649716
5516981650028
5516981650109
5516981650172
5516981650201
5516981650273
5516981650707
5516981650900
5516981650911
5516981650976
5516981651079
5516981651236
5516981651250
5516981651469
5516981652040
5516981652221
5516981652441
5516981652686
5516981652784
5516981652820
5516981652821
5516981652826
5516981652977
5516981653073
5516981653316
5516981653517
5516981653907
5516981654564
5516981654566
5516981654654
5516981654655
5516981654866
5516981654976
5516981655199
5516981655433
5516981655454
5516981655573
5516981655657
5516981655932
5516981655977
5516981655979
5516981655995
5516981656017
5516981656153
5516981656157
5516981656420
5516981656553
5516981656731
5516981656909
5516981656914
