5516981360019
5516981360122
5516981360280
5516981360419
5516981360428
5516981360580
5516981360584
5516981360586
5516981360597
5516981360701
5516981360704
5516981360710
5516981360725
5516981360727
5516981360729
5516981360731
5516981360732
5516981360779
5516981360843
5516981360972
5516981361006
5516981361020
5516981361070
5516981361227
5516981361234
5516981361310
5516981361384
5516981361464
5516981361651
5516981361653
5516981361695
5516981361776
5516981361801
5516981361869
5516981361919
5516981361958
5516981361961
5516981361966
5516981361974
5516981362142
5516981362242
5516981362267
5516981362308
5516981362349
5516981362417
5516981362422
5516981362428
5516981362433
5516981362436
5516981362438
5516981362444
5516981362472
5516981362477
5516981362626
5516981362800
5516981362852
5516981362858
5516981362902
5516981362924
5516981363044
5516981363050
5516981363094
5516981363097
5516981363196
5516981363239
5516981363267
5516981363314
5516981363318
5516981363387
5516981363398
5516981363434
5516981363456
5516981363522
5516981363594
5516981363634
5516981363790
5516981363816
5516981363928
5516981363929
5516981363951
5516981364019
5516981364067
5516981364089
5516981364165
5516981364226
5516981364228
5516981364359
5516981364428
5516981364429
5516981364437
5516981364450
5516981364500
5516981364508
5516981364550
5516981364747
5516981364848
5516981364885
5516981365014
5516981365019
5516981365048
5516981365150
5516981365199
5516981365201
5516981365292
5516981365303
5516981365306
5516981365337
5516981365454
5516981365463
5516981365519
5516981365543
5516981365555
5516981365664
5516981365828
5516981365837
5516981365914
5516981366110
5516981366124
5516981366172
5516981366187
5516981366264
5516981366273
5516981366300
5516981366363
5516981366375
5516981366432
5516981366462
5516981366601
5516981366643
5516981366677
5516981366774
5516981366782
5516981366784
5516981366785
5516981366945
5516981366989
5516981366992
5516981366995
5516981366997
5516981367005
5516981367035
5516981367086
5516981367153
5516981367162
5516981367173
5516981367192
5516981367303
5516981367347
5516981367353
5516981367354
5516981367381
5516981367391
5516981367423
5516981367436
5516981367480
5516981367482
5516981367575
5516981367590
5516981367818
5516981367856
5516981367862
5516981367936
5516981367952
5516981367962
5516981367971
5516981368006
5516981368013
5516981368014
5516981368016
5516981368161
5516981368282
5516981368283
5516981368383
5516981368390
5516981368477
5516981368545
5516981368561
5516981368578
5516981368583
5516981368639
5516981369011
5516981369090
5516981369092
5516981369104
5516981369113
5516981369124
5516981369228
5516981369234
5516981369352
5516981369363
5516981369367
5516981369369
5516981369374
5516981369486
5516981369488
5516981369499
5516981369501
5516981369517
5516981369530
5516981369559
5516981369612
5516981369617
5516981369654
5516981369671
5516981369678
5516981369682
5516981369705
5516981369718
5516981369724
5516981369726
5516981369793
5516981369881
5516981370011
5516981370088
5516981370188
5516981370191
5516981370210
5516981370282
5516981370449
5516981370524
5516981370555
5516981370633
5516981370756
5516981370884
5516981370940
5516981371008
5516981371055
5516981371057
5516981371118
5516981371122
5516981371133
5516981371208
5516981371251
5516981371301
5516981371311
5516981371401
5516981371544
5516981371581
5516981371655
5516981371668
5516981371767
5516981371784
5516981371806
5516981371841
5516981371952
5516981371975
5516981372048
5516981372090
5516981372094
5516981372104
5516981372128
5516981372162
5516981372220
5516981372223
5516981372233
5516981372262
5516981372280
5516981372465
5516981372485
5516981372509
5516981372522
5516981372523
5516981372564
5516981372666
5516981372672
5516981372687
5516981372721
5516981372785
5516981372990
5516981373003
5516981373014
5516981373212
5516981373280
5516981373306
5516981373419
5516981373810
5516981373828
5516981373831
5516981373834
5516981373839
5516981373855
5516981373888
5516981373939
5516981373974
5516981374036
5516981374037
5516981374038
5516981374054
5516981374121
5516981374133
5516981374216
5516981374313
5516981374343
5516981374344
5516981374427
5516981374429
5516981374444
5516981374466
5516981374532
5516981374557
5516981374563
5516981374566
5516981374573
5516981374576
5516981374585
5516981374612
5516981374696
5516981374847
5516981374930
5516981374956
5516981375050
5516981375060
5516981375084
5516981375117
5516981375139
5516981375293
5516981375455
5516981375605
5516981375636
5516981375656
5516981375664
5516981375739
5516981375744
5516981375747
5516981375777
5516981375858
5516981375900
5516981375989
5516981376026
5516981376070
5516981376116
5516981376221
5516981376305
5516981376404
5516981376410
5516981376422
5516981376434
5516981376489
5516981376665
5516981376667
5516981376717
5516981376757
5516981376763
5516981376768
5516981376818
5516981376988
5516981376990
5516981376994
5516981377006
5516981377070
5516981377169
5516981377211
5516981377226
5516981377230
5516981377245
5516981377246
5516981377357
5516981377373
5516981377499
5516981377513
5516981377563
5516981377575
5516981377580
5516981377598
5516981377603
5516981377609
5516981377610
5516981377666
5516981377711
5516981377766
5516981377770
5516981377870
5516981377878
5516981377880
5516981377912
5516981377916
5516981378024
5516981378103
5516981378105
5516981378107
5516981378156
5516981378306
5516981378331
5516981378369
5516981378525
5516981378575
5516981378633
5516981378758
5516981378845
5516981378866
5516981379005
5516981379082
5516981379129
5516981379191
5516981379310
5516981379328
5516981379401
5516981379556
5516981379633
5516981379696
5516981379873
5516981379896
5516981379899
5516981380305
5516981380394
5516981380408
5516981380433
5516981380558
5516981380566
5516981380606
5516981380856
5516981380878
5516981380908
5516981380929
5516981380977
5516981381100
5516981381175
5516981381317
5516981381328
5516981381403
5516981381410
5516981381414
5516981381420
5516981381428
5516981381515
5516981381616
5516981381656
5516981381754
5516981381837
5516981382106
5516981382115
5516981382143
5516981382313
5516981382367
5516981382427
5516981382451
5516981382551
5516981382574
5516981382623
5516981382714
5516981382899
5516981382911
5516981382914
5516981382933
5516981382953
5516981382963
5516981382990
5516981383049
5516981383053
5516981383131
5516981383252
5516981383395
5516981383414
5516981383492
5516981383593
5516981383641
5516981383700
5516981383751
5516981383776
5516981383829
5516981383836
5516981383846
5516981383939
5516981384008
5516981384014
5516981384033
5516981384121
5516981384141
5516981384179
5516981384180
5516981384190
5516981384325
5516981384416
5516981384438
5516981384466
5516981384488
5516981384498
5516981384499
5516981384632
5516981384647
5516981384664
5516981384665
5516981384670
5516981384810
5516981384918
5516981385140
5516981385215
5516981385237
5516981385259
5516981385270
5516981385457
5516981385509
5516981385536
5516981385586
5516981385590
5516981385625
5516981385634
5516981385954
5516981386072
5516981386133
5516981386262
5516981386343
5516981386422
5516981386510
5516981386595
5516981386623
5516981386636
5516981386785
5516981386811
5516981386879
5516981386880
5516981386918
5516981386986
5516981387181
5516981387279
5516981387331
5516981387345
5516981387346
5516981387472
5516981387478
5516981387575
5516981388006
5516981388090
5516981388156
5516981388158
5516981388159
5516981388161
5516981388168
5516981388188
5516981388194
5516981388311
5516981388323
5516981388480
5516981388571
5516981388575
5516981388585
5516981388601
5516981388744
5516981388770
5516981388772
5516981388871
5516981388888
5516981388898
5516981388989
5516981389040
5516981389087
5516981389178
5516981389196
5516981389351
5516981389378
5516981389514
5516981389516
5516981389520
5516981389569
5516981389665
5516981389727
5516981389757
5516981389797
5516981389831
5516981389883
5516981389884
5516981389885
5516981389887
5516981389954
5516981390064
5516981390077
5516981390130
5516981390136
5516981390171
5516981390189
5516981390207
5516981390251
5516981390307
5516981390479
5516981390510
5516981390553
5516981390726
5516981390989
5516981391000
5516981391012
5516981391056
5516981391328
5516981391414
5516981391418
5516981391420
5516981391445
5516981391533
5516981391600
5516981391653
5516981391830
5516981391877
5516981391953
5516981391995
5516981392121
5516981392321
5516981392432
5516981392453
5516981392486
5516981392497
5516981392499
5516981392774
5516981392956
5516981392998
5516981393013
5516981393036
5516981393342
5516981393343
5516981393405
5516981393484
5516981393525
5516981393737
5516981393825
5516981393888
5516981393894
5516981393896
5516981393904
5516981393969
5516981393972
5516981393973
5516981393981
5516981393986
5516981394052
5516981394090
5516981394358
5516981394389
5516981394567
5516981394612
5516981394646
5516981394712
5516981394716
5516981394751
5516981394773
5516981394799
5516981394855
5516981394908
5516981395036
5516981395038
5516981395056
5516981395232
5516981395297
5516981395323
5516981395347
5516981395406
5516981395420
5516981395426
5516981395439
5516981395489
5516981395539
5516981395699
5516981395714
5516981395858
5516981395871
5516981395903
5516981395959
5516981395976
5516981396025
5516981396060
5516981396232
5516981396252
5516981396261
5516981396299
5516981396321
5516981396400
5516981396477
5516981396540
5516981396663
5516981396671
5516981396987
5516981397048
5516981397097
5516981397102
5516981397124
5516981397236
5516981397394
5516981397395
5516981397396
5516981397424
5516981397425
5516981397430
5516981397571
5516981397589
5516981397590
5516981397677
5516981397768
5516981397887
5516981398005
5516981398258
5516981398265
5516981398268
5516981398319
5516981398383
5516981398420
5516981398459
5516981398460
5516981398497
5516981398688
5516981398834
5516981398902
5516981398910
5516981398968
5516981398970
5516981398973
5516981398974
5516981398993
5516981398994
5516981399004
5516981399008
5516981399009
5516981399039
5516981399064
5516981399169
5516981399181
5516981399284
5516981399341
5516981399464
5516981399483
5516981399559
5516981399603
5516981399636
5516981399646
5516981399774
5516981399785
5516981399793
5516981399868
5516981399911
5516981399944
5516981399988
5516981399999
5516981400169
5516981400401
5516981400548
5516981400600
5516981402670
5516981402740
5516981402845
5516981402846
5516981403100
5516981403187
5516981403311
5516981403480
5516981403526
5516981404033
5516981404085
5516981404149
5516981404262
5516981404393
5516981404571
5516981404614
5516981404623
5516981404624
5516981404810
5516981405414
5516981405737
5516981405984
5516981406096
5516981406485
5516981406906
5516981407120
5516981407238
5516981407373
5516981407472
5516981407601
5516981407719
5516981407788
5516981408263
5516981408363
5516981408820
5516981408958
5516981409477
5516981409745
5516981410126
5516981410261
5516981410284
5516981410549
5516981411044
5516981411049
5516981411202
5516981411236
5516981411306
5516981411350
5516981411367
5516981411525
5516981411590
5516981411703
5516981411720
5516981411997
5516981412088
5516981412140
5516981412161
5516981412233
5516981412541
5516981412621
5516981412655
5516981412720
5516981412793
5516981412845
5516981412904
5516981413098
5516981413129
5516981413131
5516981413200
5516981413255
5516981413315
5516981413333
5516981413388
5516981413717
5516981413731
5516981413750
5516981413753
5516981413798
5516981413805
5516981413833
5516981413841
5516981413878
5516981413881
5516981414083
5516981414093
5516981414179
5516981414181
5516981414235
5516981414236
5516981414332
5516981414371
5516981414407
5516981414555
5516981414566
5516981414611
5516981414805
5516981414825
5516981414834
5516981414950
5516981414953
5516981414960
5516981414993
5516981415010
5516981415012
5516981415050
5516981415058
5516981415085
5516981415090
5516981415108
5516981415111
5516981415338
5516981415581
5516981415589
5516981415593
5516981415651
5516981415829
5516981415883
5516981415955
5516981416082
5516981416203
5516981416309
5516981416380
5516981416452
5516981416489
5516981416492
5516981416868
5516981416969
5516981416975
5516981417104
5516981417164
5516981417299
5516981417373
5516981417416
5516981417501
5516981417508
5516981417523
5516981417592
5516981417596
5516981417758
5516981417832
5516981418072
5516981418115
5516981418171
5516981418221
5516981418422
5516981418469
5516981418512
5516981418571
5516981418585
5516981418588
5516981418691
5516981418886
5516981418892
5516981418897
5516981418922
5516981418947
5516981418997
5516981419117
5516981419159
5516981419171
5516981419182
5516981419196
5516981419208
5516981419243
5516981419276
5516981419292
5516981419446
5516981419791
5516981420049
5516981420064
5516981420086
5516981420150
5516981420164
5516981420526
5516981420528
5516981420741
5516981420853
5516981421009
5516981421182
5516981421313
5516981421384
5516981421787
5516981421851
5516981422113
5516981422120
5516981422126
5516981422410
5516981422414
5516981422419
5516981422461
5516981422475
5516981422504
5516981422515
5516981422576
5516981422833
5516981423173
5516981423174
5516981423175
5516981423182
5516981423184
5516981423219
5516981423227
5516981423230
5516981423304
5516981423434
5516981423485
5516981423729
5516981423754
5516981423760
5516981423921
5516981423943
5516981424153
5516981424188
5516981424293
5516981424294
5516981424441
5516981424462
5516981424542
5516981424547
5516981424590
5516981424851
5516981424978
5516981425140
5516981425296
5516981425301
5516981425353
5516981425635
5516981425920
5516981426045
5516981426060
5516981426175
5516981426225
5516981426261
5516981426402
5516981426425
5516981426441
5516981426480
5516981426540
5516981426658
5516981427070
5516981427090
5516981427251
5516981427276
5516981427526
5516981427559
5516981427683
5516981427684
5516981427765
5516981427825
5516981427880
5516981427938
5516981427948
5516981427991
5516981428000
5516981428001
5516981428091
5516981428099
5516981428102
5516981428142
5516981428181
5516981428441
5516981428595
5516981428607
5516981428666
5516981428677
5516981428687
5516981428808
5516981428877
5516981428890
5516981428893
5516981428909
5516981429001
5516981429120
5516981429211
5516981429294
5516981429414
5516981429479
5516981429624
5516981429717
5516981429824
5516981429859
5516981429901
5516981429922
5516981429955
5516981429984
5516981429985
5516981429995
5516981430292
5516981430334
5516981430335
5516981430354
5516981430363
5516981430375
5516981430385
5516981430392
5516981430435
5516981430441
5516981430473
5516981430511
5516981430542
5516981430552
5516981430746
5516981430991
5516981431070
5516981431122
5516981431213
5516981431234
5516981431264
5516981431348
5516981431356
5516981431444
5516981431483
5516981431484
5516981431486
5516981431502
5516981431557
5516981431559
5516981431563
5516981431595
5516981431613
5516981431812
5516981431965
5516981432126
5516981432373
5516981432432
5516981432511
5516981432525
5516981432741
5516981432841
5516981432885
5516981432899
5516981432928
5516981432929
5516981432942
5516981432949
5516981432957
5516981433070
5516981433072
5516981433085
5516981433086
5516981433194
5516981433232
5516981433257
5516981433278
5516981433292
5516981433311
5516981433355
5516981433366
5516981433471
5516981433584
5516981433648
5516981433703
5516981433806
5516981434056
5516981434096
5516981434121
5516981434294
5516981434298
5516981434343
5516981434350
5516981434563
5516981434617
5516981434620
5516981434749
5516981434777
5516981434941
5516981435056
5516981435086
5516981435454
5516981435514
5516981435544
5516981435601
5516981435656
5516981435708
5516981435764
5516981435780
5516981435919
5516981435920
5516981436199
5516981436361
5516981436363
5516981436396
5516981436479
5516981436484
5516981436700
5516981437016
5516981437195
5516981437316
5516981437322
5516981437478
5516981437479
5516981437515
5516981437762
5516981437766
5516981437788
5516981437878
5516981438008
5516981438071
5516981438111
5516981438113
5516981438201
5516981438202
5516981438288
5516981438383
5516981438646
5516981438716
5516981438718
5516981438775
5516981438783
5516981438833
5516981438844
5516981438978
5516981439308
5516981439393
5516981439396
5516981439445
5516981439501
5516981439663
5516981439810
5516981439844
5516981439933
5516981440004
5516981440060
5516981440063
5516981440073
5516981440121
5516981440162
5516981440271
5516981440311
5516981440346
5516981440400
5516981440465
5516981440515
5516981440562
5516981440590
5516981440616
5516981440638
5516981440751
5516981440880
5516981440901
5516981440925
5516981440947
5516981440951
5516981440955
5516981441221
5516981441347
5516981441473
5516981441620
5516981441701
5516981441827
5516981442121
5516981442246
5516981442263
5516981442274
5516981442277
5516981442346
5516981442354
5516981442399
5516981442400
5516981442466
5516981442600
5516981442727
5516981442730
5516981442753
5516981442756
5516981443059
5516981443274
5516981443390
5516981443413
5516981443601
5516981443636
5516981443659
5516981443686
5516981443705
5516981443828
5516981443848
5516981443882
5516981443952
5516981443961
5516981444032
5516981444040
5516981444153
5516981444201
5516981444242
5516981444394
5516981444470
5516981444471
5516981444499
5516981444587
5516981444664
5516981444726
5516981444728
5516981444730
5516981444820
5516981444838
5516981445023
5516981445050
5516981445076
5516981445078
5516981445087
5516981445154
5516981445162
5516981445180
5516981445228
5516981445252
5516981445315
5516981445454
5516981445496
5516981445531
5516981445545
5516981445655
5516981445720
5516981445841
5516981445842
5516981445946
5516981446004
5516981446007
5516981446251
5516981446646
5516981446730
5516981446780
5516981446782
5516981446903
5516981446941
5516981447053
5516981447054
5516981447055
5516981447056
5516981447057
5516981447095
5516981447132
5516981447142
5516981447197
5516981447485
5516981447614
5516981447702
5516981447762
5516981447797
5516981447804
5516981447841
5516981447913
5516981447950
5516981447973
5516981448203
5516981448240
5516981448332
5516981448429
5516981448431
5516981448433
5516981448459
5516981448553
5516981448628
5516981448631
5516981448651
5516981448656
5516981448678
5516981448687
5516981448697
5516981448834
5516981448835
5516981448909
5516981448959
5516981448999
5516981449000
5516981449036
5516981449063
5516981449064
5516981449065
5516981449136
5516981449137
5516981449178
5516981449393
5516981449615
5516981449669
5516981449762
5516981449824
5516981449864
5516981449904
5516981449908
5516981449972
5516981449977
5516981449984
5516981449999
5516981450014
5516981450052
5516981450112
5516981450115
5516981450359
5516981450661
5516981450702
5516981450741
5516981450776
5516981450856
5516981450936
5516981451214
5516981451252
5516981451326
5516981451510
5516981451550
5516981451553
5516981451565
5516981451566
5516981451568
5516981451808
5516981452001
5516981452043
5516981452085
5516981452092
5516981452211
5516981452215
5516981452335
5516981452508
5516981452525
5516981452929
5516981452933
5516981453085
5516981453089
5516981453090
5516981453379
5516981453388
5516981453564
5516981453573
5516981453595
5516981453986
5516981454100
5516981454106
5516981454141
5516981454144
5516981454145
5516981454176
5516981454180
5516981454191
5516981454271
5516981454411
5516981454443
5516981454526
5516981454540
5516981454542
5516981454576
5516981454747
5516981454758
5516981455006
5516981455121
5516981455200
5516981455232
5516981455300
5516981455327
5516981455359
5516981455390
5516981455421
5516981455489
5516981455511
5516981455513
5516981455515
5516981455656
5516981455704
5516981455881
5516981455955
5516981456007
5516981456045
5516981456050
5516981456070
5516981456098
5516981456229
5516981456236
5516981456238
5516981456348
5516981456399
5516981456407
5516981456447
5516981456550
5516981456736
5516981456889
5516981457047
5516981457061
5516981457178
5516981457206
5516981457300
5516981457305
5516981457513
5516981457514
5516981457516
5516981457575
5516981457579
5516981457648
5516981457689
5516981457851
5516981457891
5516981457987
5516981458087
5516981458132
5516981458181
5516981458185
5516981458249
5516981458262
5516981458275
5516981458286
5516981458299
5516981458306
5516981458309
5516981458369
5516981458384
5516981458417
5516981458425
5516981458466
5516981458489
5516981458514
5516981458636
5516981458659
5516981458671
5516981458684
5516981458754
5516981458759
5516981458771
5516981458784
5516981458814
5516981458829
5516981458835
5516981458878
5516981458895
5516981458897
5516981458911
5516981458923
5516981458930
5516981458974
5516981459001
5516981459039
5516981459063
5516981459067
5516981459134
5516981459174
5516981459177
5516981459197
5516981459198
5516981459209
5516981459235
5516981459278
5516981459400
5516981459425
5516981459484
5516981459494
5516981459534
5516981459586
5516981459622
5516981459699
5516981459778
5516981459857
5516981459877
5516981459920
5516981459923
5516981459937
5516981459992
5516981460000
5516981460014
5516981460108
5516981460126
5516981460165
5516981460167
5516981460208
5516981460268
5516981460272
5516981460336
5516981460352
5516981460365
5516981460384
5516981460401
5516981460404
5516981460439
5516981460442
5516981460466
5516981460485
5516981460498
5516981460500
5516981460502
5516981460505
5516981460551
5516981460619
5516981460622
5516981460624
5516981460630
5516981460650
5516981460656
5516981460667
5516981460691
5516981460793
5516981460817
5516981460847
5516981460877
5516981460881
5516981460922
5516981460935
5516981460979
5516981460996
5516981460998
5516981461002
5516981461035
5516981461043
5516981461045
5516981461074
5516981461078
5516981461107
5516981461163
5516981461187
5516981461212
5516981461224
5516981461234
5516981461240
5516981461266
5516981461286
5516981461358
5516981461422
5516981461448
5516981461450
5516981461467
5516981461471
5516981461486
5516981461554
5516981461588
5516981461707
5516981461712
5516981461717
5516981461718
5516981461754
5516981461763
5516981461797
5516981461842
5516981461872
5516981461880
5516981462023
5516981462075
5516981462121
5516981462124
5516981462127
5516981462171
5516981462261
5516981462277
5516981462307
5516981462400
5516981462460
5516981462623
5516981462626
5516981462828
5516981462947
5516981463087
5516981463131
5516981463177
5516981463391
5516981463513
5516981463514
5516981463535
5516981463711
5516981463719
5516981463748
5516981463797
5516981463939
5516981463959
5516981464040
5516981464100
5516981464164
5516981464165
5516981464200
5516981464272
5516981464300
5516981464426
5516981464559
5516981464624
5516981464663
5516981464696
5516981464745
5516981464803
5516981464828
5516981464949
5516981465025
5516981465146
5516981465312
5516981465369
5516981465513
5516981465553
5516981465569
5516981465595
5516981465600
5516981465607
5516981465620
5516981465630
5516981465637
5516981465656
5516981465686
5516981465707
5516981465709
5516981465711
5516981465717
5516981465800
5516981465858
5516981465885
5516981466118
5516981466127
5516981466131
5516981466265
5516981466500
5516981466873
5516981466945
5516981467117
5516981467130
5516981467164
5516981467177
5516981467300
5516981467422
5516981467577
5516981467632
5516981467704
5516981467765
5516981467788
5516981467839
5516981467858
5516981467860
5516981467870
5516981467878
5516981467900
5516981467955
5516981467974
5516981468176
5516981468208
5516981468266
5516981468275
5516981468349
5516981468405
5516981468481
5516981468646
5516981468761
5516981468822
5516981468833
5516981468844
5516981469246
5516981469250
5516981469286
5516981469419
5516981469472
5516981469505
5516981469518
5516981469543
5516981469580
5516981469627
5516981469637
5516981469713
5516981469873
5516981469874
5516981469919
5516981469941
5516981470005
5516981470037
5516981470130
5516981470161
5516981470194
5516981470358
5516981470399
5516981470492
5516981470630
5516981470700
5516981470721
5516981470758
5516981470779
5516981470862
5516981470863
5516981470894
5516981471025
5516981471060
5516981471145
5516981471430
5516981471604
5516981471614
5516981471616
5516981471621
5516981471623
5516981471644
5516981471695
5516981471741
5516981471742
5516981471747
5516981471815
5516981471909
5516981471914
5516981471920
5516981472012
5516981472068
5516981472072
5516981472090
5516981472236
5516981472244
5516981472296
5516981472400
5516981472417
5516981472433
5516981472477
5516981472672
5516981472715
5516981472735
5516981472932
5516981472977
5516981472979
5516981472983
5516981472985
5516981472986
5516981472990
5516981473042
5516981473102
5516981473217
5516981473256
5516981473327
5516981473331
5516981473485
5516981473543
5516981473564
5516981473843
5516981473961
5516981473970
5516981474011
5516981474054
5516981474153
5516981474339
5516981474360
5516981474375
5516981474438
5516981474646
5516981474700
5516981474800
5516981474887
5516981475001
5516981475100
5516981475126
5516981475200
5516981475210
5516981475239
5516981475260
5516981475511
5516981475622
5516981475625
5516981475652
5516981475900
5516981475960
5516981475970
5516981475979
5516981476068
5516981476138
5516981476238
5516981476262
5516981476297
5516981476302
5516981476336
5516981476363
5516981476389
5516981476457
5516981476460
5516981476464
5516981476532
5516981476603
5516981476683
5516981476767
5516981476773
5516981476908
5516981476952
5516981476978
5516981476979
5516981477140
5516981477143
5516981477270
5516981477342
5516981477376
5516981477400
5516981477701
5516981477703
5516981477706
5516981477776
5516981477931
5516981477942
5516981478018
5516981478038
5516981478040
5516981478054
5516981478084
5516981478139
5516981478153
5516981478161
5516981478170
5516981478291
5516981478332
5516981478389
5516981478390
5516981478417
5516981478454
5516981478473
5516981478488
5516981478596
5516981478621
5516981478717
5516981478727
5516981478811
5516981478833
5516981478855
5516981478888
5516981478979
5516981478993
5516981479015
5516981479090
5516981479096
5516981479103
5516981479144
5516981479145
5516981479188
5516981479209
5516981479312
5516981479351
5516981479369
5516981479376
5516981479445
5516981479580
5516981479595
5516981479723
5516981479770
5516981480038
5516981480109
5516981480134
5516981480256
5516981480292
5516981480295
5516981480311
5516981480389
5516981480537
5516981480562
5516981480701
5516981480743
5516981480764
5516981480765
5516981480767
5516981480826
5516981480994
5516981480997
5516981481008
5516981481193
5516981481218
5516981481228
5516981481311
5516981481395
5516981481419
5516981481457
5516981481509
5516981481534
5516981481545
5516981481549
5516981481552
5516981481572
5516981481607
5516981481694
5516981481697
5516981481731
5516981481745
5516981481749
5516981481763
5516981481769
5516981481835
5516981481842
5516981481900
5516981482007
5516981482030
5516981482060
5516981482072
5516981482159
5516981482239
5516981482305
5516981482387
5516981482414
5516981482415
5516981482416
5516981482745
5516981482851
5516981483000
5516981483039
5516981483082
5516981483195
5516981483311
5516981483366
5516981483477
5516981483534
5516981483537
5516981483636
5516981483663
5516981483709
5516981483762
5516981483785
5516981484011
5516981484040
5516981484141
5516981484312
5516981484372
5516981484411
5516981484581
5516981484727
5516981484953
5516981484965
5516981485063
5516981485114
5516981485127
5516981485228
5516981485323
5516981485385
5516981485588
5516981485595
5516981485597
5516981485626
5516981485675
5516981485715
5516981485729
5516981485737
5516981485753
5516981485800
5516981485841
5516981485844
5516981485847
5516981485848
5516981485849
5516981485852
5516981485859
5516981485976
5516981486014
5516981486020
5516981486029
5516981486032
5516981486033
5516981486060
5516981486330
5516981486338
5516981486427
5516981486428
5516981486434
5516981486438
5516981486459
5516981486468
5516981486526
5516981486566
5516981486631
5516981486683
5516981486709
5516981486760
5516981486771
5516981486772
5516981486797
5516981486811
5516981486831
5516981486857
5516981486931
5516981486935
5516981486945
5516981486961
5516981486975
5516981486978
5516981486985
5516981486986
5516981487056
5516981487057
5516981487058
5516981487070
5516981487126
5516981487173
5516981487176
5516981487180
5516981487208
5516981487209
5516981487223
5516981487233
