5519997545786
5519997545787
5519997546061
5519997546140
5519997546252
5519997546533
5519997546569
5519997546907
5519997546995
5519997547122
5519997547348
5519997547403
5519997547459
5519997547463
5519997547487
5519997547611
5519997547676
5519997547743
5519997547833
5519997548079
5519997548282
5519997548286
5519997548287
5519997548289
5519997548290
5519997548318
5519997548508
5519997548530
5519997548619
5519997548760
5519997548986
5519997549085
5519997549086
5519997549108
5519997549391
5519997549471
5519997549491
5519997549625
5519997549793
5519997549849
5519997550059
5519997550071
5519997550428
5519997550436
5519997550446
5519997550449
5519997550452
5519997550453
5519997550456
5519997550459
5519997550460
5519997550463
5519997550514
5519997550528
5519997550564
5519997550625
5519997550698
5519997550949
5519997551057
5519997551509
5519997551556
5519997551565
5519997551618
5519997551722
5519997551738
5519997551764
5519997551834
5519997552018
5519997552023
5519997552256
5519997552353
5519997552562
5519997552903
5519997553057
5519997553219
5519997553296
5519997553436
5519997553584
5519997553657
5519997553679
5519997553726
5519997553800
5519997554087
5519997554228
5519997554261
5519997554264
5519997554311
5519997554325
5519997554449
5519997554607
5519997554623
5519997554695
5519997555149
5519997555170
5519997555594
5519997555762
5519997556467
5519997556862
5519997557038
5519997557103
5519997557162
5519997557357
5519997557405
5519997557463
5519997557709
5519997557796
5519997557849
5519997558005
5519997558013
5519997558079
5519997558085
5519997558087
5519997558134
5519997558281
5519997558312
5519997558620
5519997558684
5519997558731
5519997558976
5519997559027
5519997559254
5519997559792
5519997560220
5519997560231
5519997560242
5519997560293
5519997560404
5519997560442
5519997560516
5519997560520
5519997560733
5519997560907
5519997561066
5519997561224
5519997561450
5519997561532
5519997561682
5519997561767
5519997561911
5519997561928
5519997562059
5519997562178
5519997562456
5519997562489
5519997562996
5519997563004
5519997563214
5519997563408
5519997563510
5519997563580
5519997563773
5519997563842
5519997563912
5519997563944
5519997563974
5519997563996
5519997564062
5519997564098
5519997564226
5519997564252
5519997564575
5519997564661
5519997564664
5519997565095
5519997565152
5519997565157
5519997565289
5519997565327
5519997565328
5519997565330
5519997565758
5519997565863
5519997565866
5519997565926
5519997565941
5519997565980
5519997565996
5519997565997
5519997566195
5519997566300
5519997566479
5519997566484
5519997567646
5519997568159
5519997568271
5519997568356
5519997568437
5519997568461
5519997568798
5519997568859
5519997568888
5519997568904
5519997568920
5519997569023
5519997569240
5519997569258
5519997569292
5519997569433
5519997569781
5519997569820
5519997569982
5519997569983
5519997570032
5519997570039
5519997570046
5519997570051
5519997570064
5519997570289
5519997570324
5519997570564
5519997570937
5519997570955
5519997571043
5519997571268
5519997571275
5519997571285
5519997571287
5519997571440
5519997571764
5519997571859
5519997571954
5519997571955
5519997572227
5519997572455
5519997572648
5519997572819
5519997572898
5519997573062
5519997573098
5519997573386
5519997573421
5519997573440
5519997573718
5519997573842
5519997573881
5519997574111
5519997574343
5519997574468
5519997574755
5519997574779
5519997574939
5519997575283
5519997575506
5519997575837
5519997576353
5519997576407
5519997576676
5519997576732
5519997576886
5519997576982
5519997576998
5519997577009
5519997577057
5519997577129
5519997577515
5519997577540
5519997577581
5519997577611
5519997577621
5519997577699
5519997577712
5519997577748
5519997577769
5519997577816
5519997577856
5519997577876
5519997577960
5519997577967
5519997578403
5519997578576
5519997578791
5519997578880
5519997578948
5519997579299
5519997579368
5519997579386
5519997579515
5519997579546
5519997579707
5519997579721
5519997579868
5519997580097
5519997580137
5519997580241
5519997580289
5519997580372
5519997580373
5519997580518
5519997580550
5519997580718
5519997580803
5519997581031
5519997581118
5519997581514
5519997581557
5519997581708
5519997581728
5519997581840
5519997582067
5519997582184
5519997582212
5519997582321
5519997582525
5519997582580
5519997582710
5519997583000
5519997583062
5519997583103
5519997583221
5519997583238
5519997583339
5519997583398
5519997583496
5519997583576
5519997583577
5519997583651
5519997583904
5519997584085
5519997584111
5519997584113
5519997584342
5519997584570
5519997585137
5519997585195
5519997585585
5519997585595
5519997585596
5519997585872
5519997585920
5519997585999
5519997586084
5519997586269
5519997586439
5519997586457
5519997586458
5519997586464
5519997586470
5519997587090
5519997587254
5519997587323
5519997587712
5519997587881
5519997587899
5519997587932
5519997587951
5519997588067
5519997588115
5519997588117
5519997588230
5519997588443
5519997588470
5519997588623
5519997588634
5519997588640
5519997588666
5519997588804
5519997588923
5519997589438
5519997589525
5519997589542
5519997589577
5519997589678
5519997589819
5519997590166
5519997590202
5519997590411
5519997591886
5519997591991
5519997592071
5519997592135
5519997592311
5519997592332
5519997592401
5519997592437
5519997592708
5519997592840
5519997592884
5519997593042
5519997593049
5519997593124
5519997593429
5519997593610
5519997593651
5519997593719
5519997594085
5519997594153
5519997594351
5519997594510
5519997594527
5519997594541
5519997594806
5519997594852
5519997595051
5519997595071
5519997595118
5519997595119
5519997595147
5519997595312
5519997595383
5519997595384
5519997595422
5519997595472
5519997595515
5519997595559
5519997595587
5519997595668
5519997595964
5519997595996
5519997596005
5519997596305
5519997596315
5519997596395
5519997596426
5519997596515
5519997596737
5519997596811
5519997596890
5519997596899
5519997596995
5519997597025
5519997597045
5519997597079
5519997597189
5519997597255
5519997597339
5519997597377
5519997597491
5519997597512
5519997597687
5519997597813
5519997597828
5519997597936
5519997597943
5519997598030
5519997598092
5519997598202
5519997598215
5519997598278
5519997598281
5519997598283
5519997598314
5519997598479
5519997598565
5519997598601
5519997598777
5519997598847
5519997598853
5519997598855
5519997598857
5519997598933
5519997598945
5519997598968
5519997598980
5519997599077
5519997599336
5519997599521
5519997599749
5519997599820
5519997599835
5519997599862
5519997599942
5519997600337
5519997600358
5519997601095
5519997601208
5519997601350
5519997601385
5519997601591
5519997601743
5519997601955
5519997602204
5519997602512
5519997602615
5519997602657
5519997602666
5519997602975
5519997603223
5519997603287
5519997603600
5519997603840
5519997604196
5519997604228
5519997604806
5519997605001
5519997605008
5519997605370
5519997605432
5519997605539
5519997605730
5519997605773
5519997606136
5519997606453
5519997606521
5519997606596
5519997607296
5519997607326
5519997607380
5519997607483
5519997607490
5519997607547
5519997607552
5519997607639
5519997608053
5519997608079
5519997608108
5519997608176
5519997608179
5519997608231
5519997608555
5519997608710
5519997609390
5519997609733
5519997609801
5519997610008
5519997610031
5519997610051
5519997610176
5519997610411
5519997610491
5519997610527
5519997610547
5519997610675
5519997610788
5519997610865
5519997610876
5519997610906
5519997610948
5519997610962
5519997611044
5519997611114
5519997611146
5519997611215
5519997611259
5519997611306
5519997611358
5519997611363
5519997611660
5519997611758
5519997611822
5519997611832
5519997611866
5519997611883
5519997611977
5519997612008
5519997612072
5519997612119
5519997612162
5519997612201
5519997612202
5519997612340
5519997612699
5519997612824
5519997612955
5519997612966
5519997613156
5519997613198
5519997613322
5519997613339
5519997613439
5519997613515
5519997613566
5519997613580
5519997613731
5519997613749
5519997613753
5519997613835
5519997613936
5519997614039
5519997614058
5519997614336
5519997614361
5519997614418
5519997614603
5519997614643
5519997614672
5519997614715
5519997614785
5519997614945
5519997615224
5519997615249
5519997615252
5519997615281
5519997615342
5519997615372
5519997615396
5519997615421
5519997615581
5519997615707
5519997615799
5519997615840
5519997616000
5519997616110
5519997616211
5519997616261
5519997616329
5519997616521
5519997616618
5519997616647
5519997616649
5519997616700
5519997616739
5519997616819
5519997616841
5519997616945
5519997617024
5519997617098
5519997617109
5519997617123
5519997617295
5519997617348
5519997617357
5519997617412
5519997617413
5519997617433
5519997617534
5519997617557
5519997617569
5519997617594
5519997617916
5519997617938
5519997617940
5519997618000
5519997618064
5519997618129
5519997618198
5519997618535
5519997618537
5519997618576
5519997618646
5519997618700
5519997618937
5519997618951
5519997618971
5519997618992
5519997618993
5519997619010
5519997619021
5519997619132
5519997619158
5519997619292
5519997619310
5519997619317
5519997619350
5519997619357
5519997619449
5519997619570
5519997619663
5519997619702
5519997619755
5519997619768
5519997619828
5519997619946
5519997619960
5519997619974
5519997620078
5519997620111
5519997620359
5519997620508
5519997620695
5519997620744
5519997620933
5519997620938
5519997620981
5519997621071
5519997621257
5519997621281
5519997621346
5519997621631
5519997621778
5519997621870
5519997621887
5519997621935
5519997621951
5519997621996
5519997622101
5519997622186
5519997622217
5519997622268
5519997622288
5519997622360
5519997622420
5519997622590
5519997622619
5519997622688
5519997622697
5519997622788
5519997622844
5519997622944
5519997622959
5519997622984
5519997623006
5519997623023
5519997623079
5519997623143
5519997623201
5519997623274
5519997623312
5519997623345
5519997623398
5519997623409
5519997623611
5519997623678
5519997623686
5519997623736
5519997623744
5519997623833
5519997623864
5519997623940
5519997624033
5519997624041
5519997624111
5519997624152
5519997624315
5519997624462
5519997624480
5519997624486
5519997624492
5519997624498
5519997624540
5519997624636
5519997624820
5519997624925
5519997624928
5519997625099
5519997625262
5519997625264
5519997625747
5519997625764
5519997625772
5519997625817
5519997625867
5519997625869
5519997625906
5519997626024
5519997626254
5519997626324
5519997626426
5519997626464
5519997626492
5519997626546
5519997626623
5519997626634
5519997626746
5519997626812
5519997626899
5519997626912
5519997626974
5519997627012
5519997627088
5519997627150
5519997627307
5519997627316
5519997627334
5519997627388
5519997627486
5519997627509
5519997627529
5519997627544
5519997627694
5519997627702
5519997627810
5519997627826
5519997627904
5519997627917
5519997627924
5519997628013
5519997628120
5519997628178
5519997628271
5519997628302
5519997628418
5519997628666
5519997628700
5519997628710
5519997628752
5519997628755
5519997628784
5519997628865
5519997628967
5519997628996
5519997629168
5519997629208
5519997629283
5519997629464
5519997629499
5519997629696
5519997629701
5519997629708
5519997629893
5519997630013
5519997630069
5519997630081
5519997630222
5519997630334
5519997630336
5519997630346
5519997630443
5519997630497
5519997630517
5519997630521
5519997630531
5519997630539
5519997630647
5519997630743
5519997630775
5519997630810
5519997630918
5519997630921
5519997630935
5519997630947
5519997630967
5519997630994
5519997631005
5519997631026
5519997631116
5519997631126
5519997631162
5519997631189
5519997631193
5519997631254
5519997631279
5519997631285
5519997631328
5519997631368
5519997631370
5519997631420
5519997631433
5519997631498
5519997631553
5519997631642
5519997631695
5519997631710
5519997631711
5519997631762
5519997631763
5519997631870
5519997631880
5519997631916
5519997631926
5519997631948
5519997631960
5519997631973
5519997631986
5519997631995
5519997632021
5519997632076
5519997632218
5519997632241
5519997632311
5519997632595
5519997632651
5519997632761
5519997632779
5519997632787
5519997632844
5519997632966
5519997632978
5519997633001
5519997633202
5519997633366
5519997633387
5519997633409
5519997633649
5519997633918
5519997634013
5519997634022
5519997634099
5519997634147
5519997634240
5519997634300
5519997634303
5519997634324
5519997634629
5519997634795
5519997634877
5519997634985
5519997635026
5519997635050
5519997635343
5519997635591
5519997635597
5519997635641
5519997635696
5519997635800
5519997635911
5519997635920
5519997635975
5519997636010
5519997636171
5519997636277
5519997636294
5519997636465
5519997636507
5519997636619
5519997636625
5519997636687
5519997636764
5519997636796
5519997636832
5519997636966
5519997637276
5519997637358
5519997637510
5519997637721
5519997637838
5519997637904
5519997637981
5519997638109
5519997638181
5519997638278
5519997638294
5519997638350
5519997638355
5519997638538
5519997638539
5519997638560
5519997638616
5519997638749
5519997638789
5519997638971
5519997639259
5519997639368
5519997639518
5519997639750
5519997640021
5519997640039
5519997640163
5519997640171
5519997640372
5519997640588
5519997640765
5519997640777
5519997640809
5519997640820
5519997640868
5519997640885
5519997641008
5519997641114
5519997641464
5519997641483
5519997641529
5519997641670
5519997641727
5519997641733
5519997641801
5519997641829
5519997641870
5519997641922
5519997641940
5519997641999
5519997642013
5519997642049
5519997642170
5519997642174
5519997642192
5519997642242
5519997642260
5519997642321
5519997642341
5519997642349
5519997642355
5519997642366
5519997642452
5519997642487
5519997642600
5519997642727
5519997642736
5519997642790
5519997642828
5519997642831
5519997642841
5519997642990
5519997643107
5519997643216
5519997643227
5519997643415
5519997643533
5519997643550
5519997643607
5519997643626
5519997643715
5519997643719
5519997643733
5519997643767
5519997643847
5519997643887
5519997643975
5519997643985
5519997643994
5519997644050
5519997644071
5519997644189
5519997644356
5519997644572
5519997644697
5519997644862
5519997644990
5519997645013
5519997645019
5519997645149
5519997645230
5519997645267
5519997645284
5519997645396
5519997645400
5519997645410
5519997645450
5519997645499
5519997645605
5519997645691
5519997645714
5519997645721
5519997645785
5519997646089
5519997646122
5519997646209
5519997646265
5519997646267
5519997646334
5519997646372
5519997646572
5519997646670
5519997646696
5519997646708
5519997646737
5519997646758
5519997646770
5519997646841
5519997646913
5519997647114
5519997647123
5519997647150
5519997647174
5519997647274
5519997647302
5519997647451
5519997647453
5519997647459
5519997647467
5519997647538
5519997647624
5519997647663
5519997647711
5519997647716
5519997647742
5519997647785
5519997647906
5519997647954
5519997647962
5519997648027
5519997648037
5519997648277
5519997648293
5519997648342
5519997648402
5519997648472
5519997648579
5519997648594
5519997648635
5519997648727
5519997648944
5519997648968
5519997648983
5519997648988
5519997649179
5519997649257
5519997649302
5519997649430
5519997649487
5519997649909
5519997649922
5519997649945
5519997649950
5519997649993
5519997650055
5519997650150
5519997650168
5519997650187
5519997650219
5519997650268
5519997650304
5519997650434
5519997650614
5519997650779
5519997650785
5519997650795
5519997650956
5519997651071
5519997651092
5519997651154
5519997651243
5519997651255
5519997651424
5519997651491
5519997651568
5519997651588
5519997651636
5519997651676
5519997651718
5519997651751
5519997651784
5519997651842
5519997651878
5519997651915
5519997651959
5519997651966
5519997651975
5519997651982
5519997652070
5519997652093
5519997652196
5519997652220
5519997652248
5519997652272
5519997652278
5519997652365
5519997652382
5519997652387
5519997652425
5519997652459
5519997652469
5519997652473
5519997652496
5519997652502
5519997652519
5519997652523
5519997652601
5519997652605
5519997652638
5519997652713
5519997652714
5519997652735
5519997652788
5519997652926
5519997652953
5519997652981
5519997652982
5519997652985
5519997652991
5519997653070
5519997653108
5519997653112
5519997653194
5519997653305
5519997653309
5519997653313
5519997653314
5519997653315
5519997653319
5519997653327
5519997653379
5519997653399
5519997653429
5519997653434
5519997653444
5519997653494
5519997653501
5519997653509
5519997653512
5519997653538
5519997653559
5519997653579
5519997653588
5519997653611
5519997653650
5519997653670
5519997653687
5519997653746
5519997653851
5519997653881
5519997653883
5519997653887
5519997653893
5519997653894
5519997653988
5519997654024
5519997654041
5519997654064
5519997654119
5519997654128
5519997654139
5519997654159
5519997654171
5519997654205
5519997654269
5519997654279
5519997654327
5519997654402
5519997654492
5519997654497
5519997654546
5519997654568
5519997654582
5519997654628
5519997654630
5519997654744
5519997654804
5519997654806
5519997654872
5519997654908
5519997655000
5519997655031
5519997655049
5519997655056
5519997655068
5519997655084
5519997655095
5519997655134
5519997655224
5519997655226
5519997655230
5519997655255
5519997655256
5519997655442
5519997655443
5519997655447
5519997655453
5519997655461
5519997655479
5519997655530
5519997655534
5519997655536
5519997655578
5519997655597
5519997655700
5519997655713
5519997655746
5519997655823
5519997655865
5519997655877
5519997655909
5519997655931
5519997655979
5519997655996
5519997656030
5519997656047
5519997656076
5519997656092
5519997656130
5519997656137
5519997656203
5519997656261
5519997656270
5519997656289
5519997656377
5519997656387
5519997656389
5519997656403
5519997656426
5519997656440
5519997656454
5519997656486
5519997656508
5519997656523
5519997656526
5519997656543
5519997656585
5519997656600
5519997656608
5519997656642
5519997656682
5519997656698
5519997656703
5519997656709
5519997656712
5519997656724
5519997656730
5519997656763
5519997656768
5519997656826
5519997656835
5519997656941
5519997657027
5519997657053
5519997657081
5519997657252
5519997657297
5519997657301
5519997657371
5519997657481
5519997657482
5519997657489
5519997657599
5519997657606
5519997657616
5519997657621
5519997657654
5519997657672
5519997657691
5519997657742
5519997657767
5519997657784
5519997657822
5519997657882
5519997657971
5519997658058
5519997658213
5519997658235
5519997658278
5519997658310
5519997658323
5519997658424
5519997658442
5519997658637
5519997658717
5519997658942
5519997658959
5519997658962
5519997658986
5519997659001
5519997659055
5519997659088
5519997659147
5519997659153
5519997659190
5519997659206
5519997659217
5519997659227
5519997659231
5519997659296
5519997659549
5519997659582
5519997659673
5519997659755
5519997659777
5519997659810
5519997659857
5519997659929
5519997660030
5519997660124
5519997660127
5519997660215
5519997660256
5519997660508
5519997660533
5519997660575
5519997660613
5519997660688
5519997660782
5519997660814
5519997660879
5519997660891
5519997661047
5519997661085
5519997661194
5519997661452
5519997661531
5519997661652
5519997661668
5519997661712
5519997661743
5519997661785
5519997662278
5519997662287
5519997662296
5519997662370
5519997662461
5519997662477
5519997662601
5519997662826
5519997662880
5519997662916
5519997662917
5519997662994
5519997663386
5519997663500
5519997663749
5519997663940
5519997663985
5519997664110
5519997664180
5519997664237
5519997664287
5519997664372
5519997664402
5519997664578
5519997664771
5519997664816
5519997664913
5519997664920
5519997664975
5519997664978
5519997665033
5519997665130
5519997665184
5519997665337
5519997665481
5519997665606
5519997665798
5519997665949
5519997665962
5519997665973
5519997666007
5519997666091
5519997666202
5519997666258
5519997666398
5519997666805
5519997666870
5519997667286
5519997667434
5519997667646
5519997667676
5519997667771
5519997667914
5519997667949
5519997667958
5519997668083
5519997668084
5519997668182
5519997668302
5519997668447
5519997668647
5519997668767
5519997668807
5519997668971
5519997669033
5519997669044
5519997669070
5519997669115
5519997669120
5519997669172
5519997669201
5519997669208
5519997669246
5519997669737
5519997669944
5519997670015
5519997670058
5519997670217
5519997670271
5519997670639
5519997670687
5519997670817
5519997670946
5519997671237
5519997671589
5519997671698
5519997672200
5519997672364
5519997672420
5519997672509
5519997672693
5519997672884
5519997672921
5519997673038
5519997673114
5519997673207
5519997673393
5519997673408
5519997673431
5519997673473
5519997673478
5519997673483
5519997673485
5519997673585
5519997673659
5519997673671
5519997673725
5519997673797
5519997674044
5519997674078
5519997674097
5519997674117
5519997674331
5519997674437
5519997674540
5519997674548
5519997674583
5519997674600
5519997674745
5519997674863
5519997674879
5519997674908
5519997674959
5519997675324
5519997675579
5519997675881
5519997676111
5519997676274
5519997676321
5519997676369
5519997676401
5519997676519
5519997676528
5519997676582
5519997676832
5519997677123
5519997677282
5519997677493
5519997677579
5519997677595
5519997677791
5519997677820
5519997677939
5519997677996
5519997678040
5519997678105
5519997678117
5519997678162
5519997678167
5519997678308
5519997678321
5519997678348
5519997678455
5519997678458
5519997678480
5519997678533
5519997678558
5519997678582
5519997678614
5519997678944
5519997679074
5519997679148
5519997679149
5519997679154
5519997679191
5519997679265
5519997679284
5519997679322
5519997679362
5519997679414
5519997679421
5519997679442
5519997679687
5519997679721
5519997679758
5519997679768
5519997679992
5519997680207
5519997680288
5519997680309
5519997680437
5519997680480
5519997680551
5519997680579
5519997680610
5519997680639
5519997680650
5519997680718
5519997680730
5519997680792
5519997680970
5519997680973
5519997681042
5519997681099
5519997681139
5519997681143
5519997681204
5519997681213
5519997681275
5519997681400
5519997681446
5519997681452
5519997681532
5519997681895
5519997681979
5519997682031
5519997682096
5519997682114
5519997682320
5519997682323
5519997682410
5519997682484
5519997682505
5519997682603
5519997682647
5519997682690
5519997682864
5519997682900
5519997682911
5519997683151
5519997683245
5519997683456
5519997683592
5519997683816
5519997683865
5519997684007
5519997684127
5519997684183
5519997684421
5519997684801
5519997684853
5519997684865
5519997684904
5519997685293
5519997685366
5519997685409
5519997685486
5519997685611
5519997685703
5519997685736
5519997685750
5519997685996
5519997686149
5519997686160
5519997686207
5519997686256
5519997686287
5519997686650
5519997686705
5519997686858
5519997687424
5519997687426
5519997687894
5519997687958
5519997688449
5519997688584
5519997688613
5519997688641
5519997688921
5519997689014
5519997689179
5519997689204
5519997689311
5519997689322
5519997689627
5519997689639
5519997690019
5519997690101
5519997690137
5519997690314
5519997690810
5519997690901
5519997691020
5519997691098
5519997691110
5519997691243
5519997691245
5519997691642
5519997691660
5519997691675
5519997691830
5519997691889
5519997691899
5519997692002
5519997692535
5519997692552
5519997693137
5519997693138
5519997693139
5519997693147
5519997693966
5519997694103
5519997694109
5519997694673
5519997694826
5519997694872
5519997694919
5519997694959
5519997695123
5519997695254
5519997695319
5519997695352
5519997695565
5519997695601
5519997696878
5519997696969
5519997696984
5519997697114
5519997697118
5519997697152
5519997697259
5519997697324
5519997697446
5519997697578
5519997697853
5519997698207
5519997698240
5519997698640
5519997699664
5519997699772
5519997699921
5519997700277
5519997700675
5519997700698
5519997700833
5519997700866
5519997701031
5519997701127
5519997701217
5519997701297
5519997701864
5519997701957
5519997702268
5519997702588
5519997702693
5519997702751
5519997702856
5519997702934
5519997703181
5519997703623
5519997703915
5519997703950
5519997704011
5519997704037
5519997704104
5519997704153
5519997704293
5519997704306
5519997704428
5519997704439
5519997704487
5519997704536
5519997704620
5519997704695
5519997704730
5519997704973
5519997705001
5519997705052
5519997705251
5519997705288
5519997705366
5519997705644
5519997705769
5519997706034
5519997706039
5519997706068
5519997706091
5519997706437
5519997706484
5519997706697
5519997706889
5519997707072
5519997707167
5519997707279
5519997707498
5519997707667
5519997707841
5519997708036
5519997708245
5519997708290
5519997708415
5519997708455
5519997708764
5519997708799
5519997709801
5519997709803
5519997710025
5519997710098
5519997710158
5519997710190
5519997710207
5519997710213
5519997710231
5519997710233
5519997710234
5519997710251
5519997710269
5519997710324
5519997710328
5519997710329
5519997710357
5519997710401
5519997710439
5519997710579
5519997710582
5519997710678
5519997710755
5519997710770
5519997710807
5519997710829
5519997710840
5519997710845
5519997710852
5519997710903
5519997710908
5519997711006
5519997711126
5519997711157
5519997711311
5519997711392
5519997711421
5519997711465
5519997711510
5519997711583
5519997711654
5519997711668
5519997711820
5519997711855
5519997711917
5519997711951
5519997711965
5519997711979
5519997711982
5519997712015
5519997712083
5519997712153
5519997712199
5519997712317
5519997712338
5519997712414
5519997712441
5519997712586
5519997712604
5519997712675
5519997712791
5519997712835
5519997712891
5519997712911
5519997712948
5519997712962
5519997713021
5519997713079
5519997713115
5519997713194
5519997713213
5519997713312
5519997713323
5519997713359
5519997713420
5519997713444
5519997713459
5519997713683
5519997713777
5519997713812
5519997713824
5519997713838
5519997713854
5519997713869
5519997713881
5519997713919
5519997713933
5519997713940
5519997714066
5519997714097
5519997714098
5519997714107
5519997714160
5519997714164
5519997714186
5519997714230
5519997714238
5519997714262
5519997714270
5519997714288
5519997714418
5519997714451
5519997714475
5519997714530
5519997714640
5519997714707
5519997714757
5519997714765
5519997714812
5519997714914
5519997714972
5519997715151
5519997715213
5519997715225
5519997715291
5519997715355
5519997715365
5519997715389
5519997715487
5519997715496
5519997715544
5519997715605
5519997715626
5519997715649
5519997715666
5519997715689
5519997715694
5519997715819
5519997715848
5519997715886
5519997715961
5519997715978
5519997716000
5519997716008
5519997716064
5519997716107
5519997716152
5519997716159
5519997716186
5519997716241
5519997716390
5519997716497
5519997716586
5519997716591
5519997716649
5519997716663
5519997716714
5519997716727
5519997716765
5519997716817
5519997716824
5519997716882
5519997716894
5519997716939
5519997716941
5519997716943
5519997716945
5519997716954
5519997716968
5519997716970
5519997716986
5519997717037
5519997717039
5519997717059
5519997717075
5519997717144
5519997717147
5519997717169
5519997717174
5519997717272
5519997717273
5519997717410
5519997717452
5519997717481
5519997717579
5519997717818
5519997717836
5519997717844
5519997717914
5519997718073
5519997718117
5519997718216
5519997718264
5519997718299
5519997718304
5519997718347
5519997718390
5519997718428
5519997718437
5519997718476
5519997718479
5519997718491
5519997718584
5519997718654
5519997718666
5519997718677
5519997718693
5519997718697
5519997718827
5519997718840
5519997718861
5519997718888
5519997718891
5519997718896
5519997718932
5519997718934
5519997718943
5519997718978
5519997719030
5519997719048
5519997719050
5519997719111
5519997719150
5519997719154
5519997719226
5519997719287
5519997719339
5519997719370
5519997719372
5519997719404
5519997719503
5519997719654
5519997719868
5519997720096
5519997720120
5519997720308
5519997720338
5519997720414
5519997720427
5519997720428
5519997720535
5519997720559
5519997720669
5519997720686
5519997720796
5519997720821
5519997720834
5519997721097
5519997721110
5519997721275
5519997721351
5519997721392
5519997721424
5519997721461
5519997721528
5519997721584
5519997721646
5519997721652
5519997721676
5519997721683
5519997721703
5519997721708
5519997721729
5519997721736
5519997721770
5519997721781
5519997721793
5519997721801
5519997721874
5519997721911
5519997721938
5519997721956
5519997721973
5519997721983
