5511981526328
5511982375464
5511988150399
5511944990399
5511982877050
5511963641242
5511997446976
5511970152100
5511981380005
5511982881915
5511976952133
5511989497793
5511968333628
5511999163705
5511991163705
5511962849629
5511991076513
5511980865284
5511997249893
5511981411555
5511982320027
5511983927149
5511987816996
5511998136813
5511971549587
5511996543588
5511981010822
5511971794118
5511999428999
5511975261914
5511957904587
5511947507177
5511972073116
5511976197334
5511963689019
5511948424600
5511953002750
5511964122078
5511947297200
5511977088620
5511972930927
5511967152479
5511984574125
5511986846278
5511982828509
5511988856374
5511997780797
5511982535337
5511974909770
5511963207777
5511987147000
5511998334546
5511983710888
5511987233938
5511971668699
5511994864770
5511995470744
5511999945498
5511968617818
5511963964022
5511999072345
5511984903222
5511976961652
5511951367567
5511975127543
5511997832826
5511947231822
5511947230596
5511996313729
5511999931956
5511941223485
5511975203291
5511983818546
5511997379192
5511984788000
5511982769005
5511950338808
5511983637339
5511973569468
5511975446336
5511976255013
5511943000032
5511947419069
5511947419074
5511984910858
5511986637788
5511986042239
5511982428544
5511993131199
5511972456317
5511999901828
5511981739733
5511965107741
5511968885830
5511983197013
5511967185409
5511996133255
5511975027112
5511989657806
5511981964156
5511983012761
5511997924611
5511994294007
5511997880414
5511999791876
5511984444014
5511999964429
5511992185343
5511947923353
5511976251959
5511996161780
5511984977624
5511996001787
5511996090955
5511981045823
5511976980836
5511947492804
5511977200790
5511974707773
5511981239996
5511996377389
5511976719617
5511951936565
5511989652758
5511995778599
5511974164868
5511998512704
5511987450555
5511984388928
5511996439166
5511975963733
5511967044970
5511981375834
5511985374400
5511974242888
5511969018837
5511982827701
5511971401444
5511984753500
5511964345737
5511996193536
5511971645159
5511960721571
5511977199338
5511967925633
5511983666661
5511941334664
5511981334664
5511988334941
5511999195831
5511985688866
5511995922612
5511984277312
5511955551897
5511962874878
5511993097222
5511997059795
5511947308256
5511947308255
5511947415049
5511972829907
5511993269494
5511971217940
5511981219405
5511999706308
5511981600033
5511960838959
5511982799797
5511975097007
5511971408830
5511999471737
5511999010832
5511999174132
5511996562152
5511940758657
5511981936855
5511998239457
5511993780439
5511941306451
5511941815145
5511950305315
5511940346426
5511982257088
5511996307599
5511991733054
5511976753193
5511976006882
5511972555427
5511982228572
5511941222848
5511983361203
5511980206387
5511943398890
5511972641574
5511983565925
5511980469178
5511983773297
5511948302991
5511960631224
5511996368526
5511981822311
5511981119623
5511981602054
5511964417875
5511992778765
5511995328626
5511940287653
5511997627419
5511998461111
5511999461565
5511981210820
5511983713260
5511984357555
5511992149755
5511984004104
5511969825956
5511984004101
5511989413526
5511973878920
5511997847417
5511972525735
5511981012923
5511968487696
5511967973633
5511982030808
5511994276484
5511975593700
5511999832288
5511981226777
5511993633910
5511964342852
5511981343224
5511970690330
5511985499522
5511973543832
5511983709108
5511987584978
5511975213785
5511996184255
5511961394999
5511961240008
5511968897391
5511982698411
5511982064846
5511971419359
5511972753978
5511942812233
5511982415364
5511984940626
5511996654385
5511981008427
5511972808264
5511987673807
5511998443807
5511940031300
5511998268842
5511986964688
5511966585841
5511943434548
5511943772232
5511974120326
5511975162895
5511975564492
5511993429572
5511971076630
5511973504018
5511972767782
5511974862981
5511965010193
5511942321707
5511995407720
5511998268297
5511994684848
5511973213679
5511957408141
5511967748211
5511971095407
5511975616739
5511971593411
5511983843390
5511981070071
5511998032012
5511971843242
5511993095855
5511982211772
5511956575678
5511980586862
5511983109636
5511942682252
5511982268467
5511957837919
5511971790256
5511947982432
5511951160294
5511992611362
5511981755898
5511999215588
5511995123457
5511964769249
5511999446125
5511993585568
5511967580323
5511991025980
5511969017361
5511941850805
5511999103316
5511983620157
5511985862302
5511998955086
5511973642065
5511960441927
5511961210886
5511967036723
5511983662800
5511965385578
5511981534206
5511972026466
5511942823718
5511947764156
5511972818809
5511981196259
5511978004654
5511973736991
5511947071889
5511948832578
5511980959477
5511982710011
5511942403136
5511974632256
5511972610719
5511999707254
5511983043484
5511958555425
5511982546699
5511972833933
5511981669760
5511981669761
5511987260062
5511987573001
5511983767549
5511997576697
5511993206555
5511992528151
5511985551387
5511941503400
5511950303400
5511984175102
5511970130361
5511998599081
5511972587227
5511982575847
5511992516148
5511971002793
5511993576387
5511963647868
5511975938087
5511996917986
5511969841628
5511996897902
5511956300090
5511974502415
5511975154102
5511941892629
5511996231220
5511975317533
5511941100658
5511943543426
5511968099667
5511971450124
5511972792741
5511957976573
5511997799371
5511977465617
5511952007005
5511948181014
5511980635734
5511947473077
5511972519589
5511961860191
5511984262005
5511982349330
5511981490571
5511941230404
5511972584392
5511954238480
5511994339396
5511999967881
5511983243378
5511980958594
5511979714629
5511975729821
5511981099086
5511976717745
5511996313177
5511997850002
5511971795757
5511997978696
5511967688199
5511978043313
5511991492470
5511976078855
5511971525659
5511944993410
5511940207531
5511995113000
5511996391307
5511987673169
5511963466000
5511992225134
5511972494954
5511997132913
5511947053825
5511982890027
5511983323842
5511984558019
5511953512614
5511995760855
5511993292628
5511985417303
5511982079337
5511979572106
5511953086065
5511971285040
5511972774698
5511992434646
5511982593162
5511973579954
5511992908881
5511944920901
5511995871948
5511992906681
5511977469987
5511963276997
5511989802533
5511981583359
5511982750740
5511981782217
5511947331738
5511940357761
5511940357766
5511943320839
5511999720892
5511997018396
5511948687260
5511967428264
5511957473337
5511967163188
5511947382730
5511960838878
5511995229343
5511971991897
5511957710041
5511943554221
5511975334770
5511956570607
5511971720573
5511944732346
5511971428409
5511999408860
5511976038292
5511989652665
5511999031377
5511999315677
5511977963272
5511996831354
5511996470441
5511998000958
5511986862514
5511982039674
5511995971539
5511982633058
5511996991633
5511970223697
5511979641364
5511998357044
5511999533802
5511962838468
5511993798121
5511995068890
5511982736104
5511968515659
5511995580456
5511974472408
5511975532179
5511986589445
5511968494074
5511960129659
5511963625665
5511964880416
5511947121727
5511968281176
5511983666776
5511947354448
5511987554001
5511968648019
5511995304423
5511996100158
5511963468854
5511949592282
5511983975211
5511983835651
5511996261611
5511998437074
5511948926989
5511973547391
5511981068362
5511999182011
5511971816833
5511963249699
5511981613052
5511981613025
5511997304676
5511963810442
5511971892813
5511992402816
5511995237718
5511968379490
5511981548277
5511942243006
5511986662341
5511997380250
5511963574142
5511995494479
5511958014662
5511992269209
5511999906053
5511998755644
5511997687812
5511971612968
5511999184376
5511995746614
5511994311763
5511991892975
5511975479232
5511957184799
5511974352794
5511972070530
5511941119743
5511998080726
5511999414815
5511974862681
5511996713229
5511973988945
5511954943135
5511985730501
5511947911057
5511984951460
5511975402624
5511981053299
5511961239210
5511979994870
5511950541109
5511997806190
5511983833448
5511983506079
5511958507021
5511965716611
5511995400909
5511997120076
5511991194199
5511941943033
5511986142941
5511988768090
5511969504794
5511994471236
5511999379295
5511985839803
5511944887358
5511942394841
5511999639325
5511993300880
5511983159574
5511991368300
5511947279865
5511999991069
5511994778177
5511994911530
5511991744527
5511981813498
5511999303233
5511947691732
5511977007777
5511985648687
5511952033041
5511981418134
5511991229935
5511948138016
5511976354765
5511982022897
5511997889159
5511991951153
5511991989391
5511999007442
5511968288891
5511971796691
5511969296128
5511995987879
5511985282970
5511965065542
5511984394192
5511996667807
5511972097927
5511999819189
5511952207000
5511986407778
5511983871234
5511981119455
5511973936370
5511981229347
5511999769592
5511992183511
5511994981155
5511967035277
5511984280836
5511963883158
5511971863418
5511992729001
5511998519101
5511984845479
5511979950015
5511997349477
5511993710504
5511963458610
5511998453005
5511993864335
5511992442252
5511973673672
5511995897301
5511974094354
5511967132012
5511981969818
5511981773712
5511971562759
5511930219741
5511947120945
5511959906890
5511999486392
5511998172333
5511994886392
5511940372440
5511997495919
5511944895070
5511991487592
5511943460601
5511941772509
5511991107523
5511947388681
5511980892146
5511960338755
5511988030583
5511963259827
5511941282122
5511971017123
5511996542924
5511956054886
5511988062929
5511985441684
5511971394694
5511983396882
5511984267907
5511994400465
5511975428035
5511981436717
5511985559655
5511981337697
5511971885973
5511973342277
5511998604976
5511973342272
5511972319595
5511987088276
5511957705480
5511943484430
5511964324701
5511942610657
5511986448045
5511973380296
5511972627140
5511941909847
5511999877166
5511976838689
5511993901216
5511999511673
5511950506924
5511941132889
5511981056770
5511995591050
5511943851208
5511943881208
5511980878710
5511979636920
5511999094485
5511989540570
5511992278599
5511991640690
5511975978172
5511991417480
5511993389606
5511996174215
5511980720689
5511977904699
5511952535079
5511995270905
5511970756420
5511983029895
5511987331088
5511967644374
5511940090673
5511981453021
5511997576384
5511996071542
5511996071042
5511985541992
5511985541956
5511985597230
5511954796317
5511986009396
5511932437796
5511999866965
5511977757308
5511949689042
5511971155133
5511971832700
5511975176586
5511944777137
5511980187534
5511997861017
5511999324707
5511943445959
5511970113337
5511976878458
5511965010601
5511995359146
5511940081569
5511940081566
5511971936204
5511971528486
5511985375952
5511959990499
5511984574509
5511930676648
5511986419703
5511993939743
5511997382382
5511953970862
5511996236132
5511983006976
5511987757059
5511998649804
5511970535717
5511983891090
5511940310525
5511977549893
5511998584742
5511942353023
5511977548961
5511944848057
5511961651574
5511999133376
5511971646264
5511996488749
5511992801818
5511967450700
5511980661382
5511980758279
5511986479551
5511953591198
5511999809215
5511978045184
5511972727624
5511996492079
5511957382088
5511996462079
5511999090804
5511955520512
5511982887618
5511952164661
5511999444155
5511987948265
5511983717444
5511971243371
5511968792186
5511979907404
5511964119242
5511999422481
5511997059008
5511974813010
5511960313599
5511968166991
5511994405725
5511981272468
5511971220211
5511996044338
5511984474274
5511967960448
5511946610447
5511995238908
5511964885904
5511964889122
5511987140089
5511999021750
5511963440621
5511970907224
5511977107006
5511973360057
5511971524069
5511964105680
5511972415539
5511995735678
5511981627159
5511968574647
5511968576062
5511968575595
5511968572938
5511968576129
5511968574886
5511968623186
5511968572256
5511969078796
5511981935326
5511997865364
5511973149148
5511991059382
5511992124438
5511947509407
5511997621170
5511974469430
5511958215340
5511999385717
5511947866452
5511977492631
5511947897569
5511970371459
5511989373689
5511999849935
5511985554666
5511982788076
5511942547337
5511997475630
5511972138887
5511961829140
5511952472860
5511972493042
5511962833058
5511964696795
5511998044633
5511999956695
5511981829007
5511996818148
5511984327061
5511948043692
5511954500172
5511942663344
5511943426628
5511996171540
5511986023602
5511986504921
5511984888442
5511999289654
5511944772999
5511983232606
5511954368625
5511977941099
5511987552350
5511952097204
5511992005051
5511971283148
5511982595008
5511982595007
5511983193203
5511963217736
5511968667579
5511997403426
5511993449156
5511957051079
5511993353585
5511991545565
5511989780500
5511982279739
5511948412831
5511995427368
5511999454435
5511994852272
5511962291895
5511962591887
5511991975454
5511940382520
5511975464227
5511974978931
5511971294686
5511981191601
5511981057080
5511989615311
5511983804577
5511942968352
5511995183856
5511980107062
5511973083609
5511974388282
5511972654984
5511965672808
5511999003271
5511976585862
5511976014688
5511976591047
5511971243824
5511981598744
5511982762219
5511960644971
5511947465252
5511947366893
5511973009988
5511994289891
5511947056015
5511947465249
5511968079873
5511962255363
5511980716501
5511986710584
5511999851907
5511995950987
5511964972461
5511982636355
5511982965836
5511963959543
5511973311035
5511997761192
5511982563778
5511982632371
5511996426384
5511972331774
5511961234262
5511950644500
5511980710886
5511980700591
5511962984419
5511985067418
5511954550000
5511941299777
5511989111717
5511973384777
5511979790720
5511968878853
5511982397342
5511962636564
5511943011769
5511984044126
5511976255544
5511976225191
5511997177118
5511966864419
5511996005624
5511989232360
5511985156918
5511987225295
5511975000799
5511977680213
5511962140227
5511947388684
5511999986333
5511984266598
5511983230909
5511964156240
5511996580778
5511981455392
5511982455392
5511947399058
5511981562191
5511991144464
5511991786199
5511971252976
5511984050000
5511984050001
5511981625434
5511951740737
5511994952016
5511961564727
5511976485933
5511996869029
5511984585763
5511968277569
5511991704789
5511982061230
5511985888468
5511998275057
5511985389998
5511965709119
5511991544403
5511983851507
5511953289902
5511953273026
5511981796911
5511989629677
5511985939615
5511992196881
5511981868997
5511997035385
5511986837094
5511999472587
5511996859788
5511941843739
5511983568261
5511983812661
5511983749813
5511999169169
5511970852424
5511974748986
5511970932232
5511969077294
5511977592005
5511989620396
5511983323935
5511984435328
5511983837560
5511981099934
5511965163720
5511944665139
5511995484006
5511991864848
5511947850726
5511941534539
5511983838710
5511999789980
5511999929961
5511971224225
5511986332816
5511970280473
5511981345323
5511996851722
5511999788987
5511999656856
5511996536583
5511982199393
5511981879659
5511993372138
5511984142488
5511983461236
5511951984139
5511981069304
5511976200770
5511981041687
5511977490783
5511982143867
5511970372452
5511947718879
5511975622753
5511989478926
5511988852226
5511984419567
5511951522913
5511999197665
5511997707055
5511984150871
5511993050835
5511950626162
5511994937943
5511974061612
5511993052775
5511984449907
5511982268606
5511983601301
5511982559110
5511985917399
5511973616890
5511973540407
5511986848783
5511983839558
5511999777997
5511998508000
5511998657997
5511974330001
5511974234872
5511998866110
5511995152176
5511995106190
5511983161005
5511974662728
5511974549868
5511985246763
5511982919668
5511982177960
5511981117274
5511999991688
5511981604969
5511999973292
5511999133692
5511991948302
5511999919015
5511992269452
5511984819802
5511995277329
5511975771509
5511987466922
5511999133602
5511976400535
5511976719385
5511972326117
5511954072786
5511964601010
5511971005777
5511999491150
5511999672603
5511947427118
5511986098808
5511986098818
5511995454971
5511983297923
5511963546358
5511999783377
5511960751577
5511962541162
5511983357553
5511996150231
5511997493755
5511943869072
5511954813000
5511982910197
5511943604156
5511982923071
5511996666466
5511973893787
5511977515099
5511967276283
5511982028402
5511964581887
5511992617165
5511951204859
5511995224480
5511941929628
5511953914257
5511999939877
5511993405933
5511993827740
5511989268066
5511943005551
5511996634379
5511973661454
5511944862168
5511965102778
5511982736758
5511967055761
5511950332209
5511996581982
5511968115555
5511983265086
5511999109134
5511943350803
5511972837184
5511998201933
5511995228669
5511997488940
5511992240883
5511998597254
5511995542617
5511969527226
5511981115010
5511959550009
5511970247777
5511974094405
5511982729066
5511975542644
5511940811558
5511999140574
5511980987812
5511974648886
5511962228114
5511942067477
5511983903553
5511999188692
5511980828886
5511963351820
5511992945522
5511944673317
5511983897704
5511996812668
5511971531415
5511982242311
5511963082925
5511993578837
5511989051669
5511981454206
5511994328345
5511984022102
5511985978514
5511997794813
5511989237485
5511947031619
5511976524334
5511971893971
5511982917899
5511992585031
5511995252427
5511943628483
5511999972456
5511982022316
5511954561381
5511975848272
5511942243939
5511963626307
5511967728785
5511981411396
5511947139230
5511991216489
5511975747577
5511974073091
5511955407799
5511991027574
5511946599340
5511941459951
5511999199179
5511973261030
5511973838357
5511994425280
5511999835268
5511998843617
5511930652241
5511997938595
5511981412625
5511955548054
5511974741190
5511998047056
5511997539101
5511974741198
5511971547972
5511993100556
5511940885006
5511971042110
5511973313329
5511991694949
5511989686708
5511964836605
5511998933920
5511976919336
5511981477358
5511975558779
5511998608779
5511998098779
5511947197623
5511995965520
5511982349140
5511998659964
5511998436501
5511973073754
5511996232002
5511988113346
5511999154318
5511996068393
5511974123833
5511976237618
5511987653293
5511972891722
5511941821814
5511970939995
5511981347550
5511970939905
5511971663050
5511999305057
5511947260905
5511950628800
5511987499745
5511982813000
5511986006000
5511971158066
5511978047608
5511995566427
5511969058395
5511986542586
5511969961114
5511991410817
5511981759552
5511998007994
5511960445031
5511999219959
5511981889999
5511985448304
5511995623655
5511999425919
5511971901971
5511999621969
5511993511144
5511967368353
5511981730009
5511999961323
5511951981195
5511947682337
5511997277405
5511997277924
5511997277926
5511999542423
5511999380849
5511981223494
5511999383077
5511956562611
5511974445512
5511971793208
5511975948762
5511963964465
5511999629976
5511967103238
5511940060753
5511987546027
5511983595443
5511976663343
5511995024907
5511996663468
5511946330920
5511960886892
5511980806630
5511961175829
5511969356869
5511931448436
5511946055445
5511962625409
5511960417341
5511974690099
5511980483173
5511960221461
5511965231395
5511957652347
5511957641045
5511969758075
5511961312450
5511962565092
5511954071602
5511983436446
5511993310504
5511947473882
5511959263691
5511959392760
5511982860881
5511953594730
5511982136314
5511976068111
5511946576076
5511998923739
5511969426095
5511968022209
5511973035771
5511953213636
5511958318787
5511940228680
5511981493822
5511996281022
5511968376887
5511983159605
5511984978888
5511965275532
5511980865936
5511999036448
5511995830688
5511999666405
5511995633437
5511991252708
5511985312116
5511975040780
5511955558306
5511971600383
5511981932109
5511997092137
5511961991718
5511995611222
5511971682248
5511973247293
5511999123372
5511952789120
5511987998222
5511981349489
5511999132594
5511976974999
5511954645088
5511998898297
5511982353115
5511986993678
5511953223451
5511970921911
5511969085714
5511948211016
5511997365502
5511966847091
5511998726137
5511989410053
5511973923698
5511985652600
5511994021302
5511958011546
5511995411908
5511982242141
5511946805020
5511997381130
5511998305598
5511951257953
5511971759764
5511958584844
5511973222313
5511943612189
5511963762895
5511944813138
5511975650472
5511999283668
5511972435937
5511996628734
5511972205312
5511984574615
5511985378836
5511942009005
5511994937130
5511940225450
5511947013254
5511999022997
5511967560780
5511993795748
5511996745445
5511972722017
5511999204199
5511999555557
5511973681032
5511943608906
5511977995720
5511994440669
5511986862604
5511942046443
5511977746708
5511994600135
5511982149954
5511981087680
5511980731676
5511951688543
5511965680472
5511996679492
5511982436999
5511975853320
5511971095447
5511982296115
5511973771724
5511996461770
5511996465234
5511998813399
5511995586584
5511973385326
5511996187778
5511969970009
5511986426954
5511989569445
5511972295546
5511967387488
5511993298894
5511940151131
5511992454887
5511943481981
5511954049853
5511946308109
5511999951062
5511971443164
5511986940777
5511943158258
5511996775447
5511947374382
5511964981383
5511942776061
5511930054323
5511960151818
5511969432161
5511971029829
5511993013577
5511998837417
5511971199091
5511953049580
5511971432505
5511998602481
5511995179704
5511965041946
5511930969424
5511983834043
5511996358026
5511991044140
5511940539821
5511975860444
5511974002645
5511997383045
5511984560166
5511963643271
5511957720402
5511982220852
5511992290779
5511960787253
5511964312558
5511961606579
5511971080553
5511995023268
5511973586585
5511981049264
5511992037814
5511994796353
5511951625862
5511959524719
5511996140779
5511993140579
5511981098243
5511965832655
5511966527746
5511963884227
5511999462868
5511950210101
5511981097346
5511973104095
5511973355533
5511996120741
5511999765255
5511985798444
5511998252840
5511973280270
5511995579577
5511964464740
5511944790242
5511981057923
5511987552696
5511996170933
5511999349274
5511971220033
5511950539998
5511955565062
5511970410484
5511979782983
5511976223192
5511956580610
5511972834400
5511975846824
5511970195641
5511947601069
5511982365334
5511947599181
5511982096365
5511981063954
5511981215728
5511954979999
5511981215729
5511996195081
5511997972914
5511974441203
5511962382122
5511968730713
5511981331048
5511982533536
5511999800408
5511981769794
5511962337646
5511999973718
5511992538327
5511971805296
5511981889285
5511982828500
5511959693321
5511994517758
5511992836434
5511983199988
5511981361463
5511981792055
5511977036026
5511940106175
5511971216524
5511992964994
5511984574551
5511984590040
5511967228964
5511944629552
5511960484440
5511961609873
5511982885993
5511991797068
5511976153312
5511981493823
5511974421690
5511991950904
5511982800133
5511974871900
5511999830809
5511995794458
5511971403060
5511963930872
5511993006932
5511974448474
5511997928666
5511997566623
5511997112625
5511985557739
5511980592441
5511987549651
5511984539908
5511944610707
5511995122002
5511980974472
5511994866372
5511993105778
5511996463802
5511968677797
5511961081984
5511997879042
5511983994897
5511981934593
5511982088490
5511976834790
5511949954745
5511984322587
5511975941998
5511977274873
5511967069767
5511995777330
5511996087757
5511999167591
5511970520035
5511972164165
5511981536420
5511981524199
5511983466944
5511941521178
5511996266584
5511972626841
5511941468641
5511998836343
5511942722353
5511954609629
5511950770520
5511999070637
5511992879209
5511983265949
5511971443685
5511983763567
5511996303436
5511971599477
5511995051273
5511994545811
5511967924945
5511981411601
5511991493692
5511966889032
5511994967973
5511972314147
5511955503491
5511973451390
5511974436525
5511981826860
5511958289314
5511980642080
5511999757876
5511987268704
5511995461788
5511997024533
5511998322575
5511968111609
5511983695242
5511977073883
5511976835888
5511968383911
5511999041458
5511988300404
5511981844651
5511957220756
5511991055917
5511994708982
5511962882144
5511967964514
5511962252426
5511965274773
5511979800288
5511998420288
5511987465759
5511995325579
5511986874747
5511981863116
5511966192420
5511964352997
5511985140225
5511985184811
5511976518691
5511944862156
5511942146435
5511982179112
5511971494809
5511999168904
5511972503588
5511987566701
5511976016169
5511985714304
5511993898329
5511998576021
5511971608129
5511999113433
5511942087191
5511985852819
5511959792815
5511983099807
5511960224235
5511997754551
5511986078024
5511979691939
5511970617461
5511997709394
5511992970042
5511949675593
5511999201971
5511995977795
5511994012913
5511982399046
5511999498927
5511955549463
5511990114673
5511998152561
5511959265188
5511998155561
5511963573796
5511974322750
5511995865510
5511963634470
5511975307082
5511987381568
5511975289230
5511964149359
5511988184686
5511973530571
5511992038819
5511993607407
5511966471661
5511976428552
5511960888106
5511960976054
5511950508422
5511994501771
5511992019872
5511992031423
5511963422176
5511966998480
5511974475225
5511969725497
5511968897313
5511991092818
5511952713633
5511957733766
5511998431751
5511997553292
5511970351259
5511981627507
5511987391070
5511975148080
5511976208664
5511970482948
5511989388649
5511996204987
5511980211223
5511980725191
5511996690725
5511998414060
5511983698646
5511985169400
5511960613212
5511967281255
5511980772770
5511942475887
5511974376732
5511947984953
5511951326492
5511947035941
5511998899869
5511983770777
5511983002064
5511953205515
5511975475127
5511983460371
5511983520302
5511977091167
5511996323949
5511954726417
5511942370602
5511997518952
5511942874050
5511955550486
5511941179139
5511944665715
5511983833865
5511949833339
5511941117681
5511960796778
5511997878001
5511977066718
5511958890542
5511988363515
5511971999888
5511995576888
5511995681208
5511995083389
5511981498668
5511995038888
5511999989293
5511968768195
5511965738003
5511976399100
5511959300356
5511977783351
5511958929015
5511971363833
5511995848422
5511949104522
5511981383586
5511940882426
5511949809721
5511976383429
5511973675357
5511975850395
5511966724451
5511965685133
5511999569701
5511999994521
5511942028988
5511975159764
5511985842266
5511993571209
5511981364440
5511952519383
5511987261263
5511981366660
5511982670697
5511976772413
5511993078241
5511997797868
5511998877898
5511996449966
5511997360640
5511978065282
5511961854456
5511998931086
5511963977877
5511983389491
5511975099491
5511999312302
5511998595050
5511964559351
5511997967518
5511992793443
5511996882905
5511970922550
5511971846233
5511997389646
5511986118272
5511998178140
5511999944297
5511999904905
5511992075442
5511996066609
5511999561384
5511992312121
5511944969980
5511960407240
5511994956574
5511983380314
5511944440110
5511997279944
5511952473391
5511985391561
5511997806812
5511981162930
5511964028759
5511950508427
5511932420808
5511957977989
5511964344218
5511940090088
5511984961236
5511954246532
5511973507046
5511984311573
5511972787168
5511966580853
5511996261076
5511974402022
5511999473645
5511976530336
5511976425743
5511976404769
5511981115168
5511983318621
5511985572814
5511947034835
5511947005379
5511947032026
5511947005380
5511947022041
5511995297742
5511985511135
5511983326488
5511943940618
5511985579522
5511953447606
5511996532278
5511930327429
5511965510562
5511951624590
5511971650671
5511998195242
5511997645264
5511973471884
5511973392017
5511998672201
5511997860241
5511940319445
5511947930429
5511940319440
5511984009859
5511993552345
5511943891538
5511961195319
5511966544803
5511963580077
5511957934355
5511973009827
5511985794678
5511998152639
5511952487168
5511977170669
5511995501355
5511943333075
5511998072009
5511953064791
5511963681604
5511981228827
5511982639123
5511943839913
5511961989494
5511995214224
5511943210325
5511974908744
5511996316640
5511993645122
5511999252844
5511987870730
5511974761051
5511996489960
5511942462409
5511997489121
5511969269248
5511948149114
5511961869156
5511953238323
5511943975646
5511996228158
5511974783335
5511977419147
5511975756894
5511964722300
5511975435820
5511999018920
5511960205911
5511961247036
5511980338216
5511965413492
5511949655144
5511958221014
5511999707887
5511986890341
5511982892289
5511988368363
5511985968087
5511984644588
5511997456738
5511992340454
5511971919332
5511981993999
5511997506789
5511992293328
5511963179703
5511962497561
5511983682215
5511972858855
5511995004780
5511987654542
5511999454354
5511954059492
5511942617823
5511948567256
5511999690240
5511984001431
5511981374493
5511981374496
5511998168001
5511972828001
5511972508001
5511999558001
5511973338001
5511974998001
5511998058001
5511944709826
5511972188001
5511998018001
5511972638001
5511996338901
5511976776379
5511975003532
5511971869523
5511982447182
5511964409600
5511940214340
5511999337415
