3191658829;26001
3145454324;26002
11987284778;26003
21983820231;26004
19992557821;26005
19982232625;26006
6584280949;26007
11948438356;26008
14996772447;26009
3198533430;26010
18981299495;26011
5194403784;26012
3191076540;26013
7184212992;26014
7188445100;26015
11988520550;26016
21971401614;26017
21982516003;26018
6696514050;26019
8399014334;26020
8181965224;26021
6193947242;26022
11957762952;26023
6481090547;26024
21985643459;26025
21997322253;26026
11983643857;26027
3191006219;26028
6193884621;26029
6294566066;26030
5599030295;26031
11948033232;26032
7399992566;26033
3499444886;26034
11976346731;26035
19998942500;26036
11999708790;26037
16993830399;26038
4197301035;26039
44988142534;26040
4298460499;26041
6596017069;26042
9991431698;26043
12981201280;26044
9191461248;26045
3491737777;26046
17991449817;26047
3184087828;26048
8188831005;26049
8188274842;26050
8499655234;26051
5185925393;26052
17981372455;26053
8585430621;26054
11980771998;26055
3184836112;26056
8688165519;26057
11999850654;26058
21984545600;26059
27997208830;26060
8799982767;26061
6799000971;26062
6294260997;26063
6599530603;26064
14981822731;26065
5491649953;26066
21983898108;26067
1995200523;26068
6799695538;26069
11993760938;26070
18996320982;26071
14981916406;26072
6281915313;26073
7388842603;26074
11989866762;26075
11999380100;26076
11992641375;26077
9282018498;26078
5581537042;26079
9181329389;26080
6596606921;26081
13996028787;26082
1170050998;26083
5496028189;26084
21998784000;26085
3192455876;26086
22998817823;26087
1186987091;26088
19987430580;26089
6696929498;26090
11969521407;26091
22999860089;26092
14981161894;26093
4899992222;26094
11952619730;26095
6781414004;26096
21993349045;26097
5,53E+12;26098
11985642500;26099
17981541236;26100
17981149941;26101
11948111162;26102
8981370757;26103
4896373484;26104
11989111568;26105
11954870109;26106
4789002081;26107
5496809900;26108
14988139040;26109
3898230284;26110
7192113129;26111
11968879006;26112
11970454838;26113
11985457885;26114
5193450545;26115
3184740156;26116
16997183387;26117
8288420724;26118
17982051025;26119
6984153263;26120
8188527012;26121
11953079005;26122
14996649791;26123
6481353660;26124
9899719962;26125
6596171357;26126
4896414770;26127
4999257116;26128
11953305448;26129
11982419950;26130
11999846801;26131
19988373930;26132
12982399681;26133
11987030784;26134
17997210872;26135
17997414447;26136
8796652266;26137
4788426193;26138
6599052865;26139
8288069952;26140
9293441626;26141
11991800784;26142
8288872622;26143
11997124656;26144
11972490739;26145
6192766759;26146
7999492145;26147
16981360128;26148
3399781602;26149
8488396194;26150
5183347414;26151
12982033515;26152
4799434911;26153
4784315025;26154
17991180390;26155
6191076485;26156
27995087546;26157
11981112952;26158
11989120740;26159
17991862668;26160
7591926436;26161
17991038273;26162
17991314863;26163
17992236870;26164
6184499978;26165
3788437984;26166
17991020253;26167
17996386491;26168
4797399141;26169
17991597268;26170
11999934951;26171
19997527724;26172
11994050466;26173
8585122797;26174
11958335207;26175
7199041469;26176
4196682691;26177
11984551736;26178
5194624809;26179
7799233847;26180
6292683831;26181
11994131390;26182
4799554295;26183
8491116813;26184
8596994019;26185
21996254262;26186
11968528275;26187
21988962747;26188
11994452545;26189
19983453866;26190
9491736090;26191
11957497758;26192
6981163182;26193
6696792616;26194
7187695674;26195
21996335726;26196
8791186074;26197
11952004711;26198
6792176401;26199
3193333510;26200
5,56E+11;26201
3588384381;26202
17991844511;26203
21976109121;26204
21981865102;26205
8496026907;26206
11958536821;26207
21991210420;26208
21982210405;26209
22991036061;26210
11984443334;26211
5587658572;26212
7192571451;26213
9292204760;26214
8981071073;26215
8181076808;26216
4484176933;26217
5182289239;26218
8194674846;26219
9187032547;26220
8181730557;26221
2194539944;26222
11958326215;26223
11989942840;26224
19981033165;26225
9188330653;26226
6599630667;26227
5182293697;26228
21997840869;26229
11985167571;26230
24981286644;26231
1981282483;26232
11967628553;26233
5491688778;26234
3388242314;26235
18997539918;26236
4399823195;26237
13997598582;26238
8381651871;26239
21986379786;26240
13981957846;26241
21976792334;26242
21980286123;26243
6799428154;26244
6592742323;26245
17992271577;26246
9591292239;26247
11958566536;26248
17981916530;26249
24999524922;26250
8186989645;26251
12988779113;26252
5,52E+12;26253
11985447095;26254
21992456996;26255
11968730129;26256
14996527856;26257
11971703544;26258
21976045978;26259
4988257530;26260
27998208201;26261
4899447417;26262
7186397063;26263
21968173376;26264
11942305419;26265
21992992291;26266
19999283433;26267
8187651410;26268
9182370062;26269
11961990591;26270
4788876900;26271
8187039165;26272
16982519266;26273
11987628534;26274
8187931415;26275
21981685871;26276
11961933631;26277
27997283217;26278
21995010817;26279
4288905948;26280
8496549993;26281
6392656388;26282
11985237073;26283
16991197741;26284
5481080158;26285
19983443208;26286
8587012078;26287
2185585453;26288
6599620166;26289
18996968512;26290
4591035649;26291
21969561541;26292
9488088700;26293
27998974750;26294
11989272467;26295
3184861866;26296
11975358447;26297
9282351935;26298
8588031902;26299
3791575472;26300
5197491619;26301
16991562544;26302
8694916200;26303
8688979797;26304
27995217074;26305
6281221814;26306
6392832573;26307
11957686908;26308
11985208648;26309
13991645733;26310
12981246722;26311
21991482935;26312
4185007100;26313
11953586136;26314
11985438373;26315
1165844654;26316
17981890969;26317
6699321312;26318
8193202846;26319
6699597389;26320
5481311539;26321
4699349740;26322
6699871144;26323
5192899493;26324
6696681817;26325
16981422470;26326
8399805866;26327
2169818776;26328
4796165965;26329
11992103226;26330
6285659841;26331
11987319614;26332
8197258081;26333
7188794407;26334
3788253981;26335
8496673740;26336
7196918948;26337
6198339774;26338
21994467472;26339
8888484958;26340
8999028822;26341
11953022423;26342
11969094165;26343
11964871961;26344
21987543558;26345
21992375836;26346
6592136776;26347
3182705070;26348
21982920423;26349
8183210124;26350
6699796191;26351
14996322845;26352
3499124269;26353
21980812477;26354
27997794906;26355
4784299104;26356
8198342527;26357
3199858802;26358
3175259250;26359
6791931577;26360
6598009998;26361
6699680256;26362
5,52E+12;26363
11987903187;26364
4199696725;26365
5,51E+11;26366
4198627135;26367
84 87132618;26368
6281690377;26369
8488679367;26370
8399824425;26371
5,57E+11;26372
5181042110;26373
7588029295;26374
27997081030;26375
6294214944;26376
27996044887;26377
8491908640;26378
3588663727;26379
11963323809;26380
11996636606;26381
4799153576;26382
5181519606;26383
15997795688;26384
7499659949;26385
5181897208;26386
6199032135;26387
11954875578;26388
3581335991;26389
21979310707;26390
18981784135;26391
8892599928;26392
12981717742;26393
8388777643;26394
21991052774;26395
3192380151;26396
6699844688;26397
21991589654;26398
11993530554;26399
3899873097;26400
15991463127;26401
11981572206;26402
11972601110;26403
11963933720;26404
5199495530;26405
27998951995;26406
8199443959;26407
5599858679;26408
11986987687;26409
8288769624;26410
8198686194;26411
7481159956;26412
6384487092;26413
1396154663;26414
21979388080;26415
5596699885;26416
11983744127;26417
12987056717;26418
11963836929;26419
8896240508;26420
6899710083;26421
6892064639;26422
4498039592;26423
11963617152;26424
6696985376;26425
21969845424;26426
5196874412;26427
11953740764;26428
11998142892;26429
9189707022;26430
21993886894;26431
27998998003;26432
12988347565;26433
8498063234;26434
8487146497;26435
4998088275;26436
4998088274;26437
6984716496;26438
11977389622;26439
7791277615;26440
8481710001;26441
19982265141;26442
5192669244;26443
12982265141;26444
24998460271;26445
11954472761;26446
1176631631;26447
8588426877;26448
12988342713;26449
8187853907;26450
6492449727;26451
8198744084;26452
4498446173;26453
8481419184;26454
8499910128;26455
7981111967;26456
8487310265;26457
12997447811;26458
8496728698;26459
12982192010;26460
8587229168;26461
8199611105;26462
8487117920;26463
8481416601;26464
8499890798;26465
6284021196;26466
8487041911;26467
3199922576;26468
84988065344;26469
6699664977;26470
11963483039;26471
19992311481;26472
9182254433;26473
9881971515;26474
8499477220;26475
7181236038;26476
6299145061;26477
12988508825;26478
11949176293;26479
11982603680;26480
21971023164;26481
8488741413;26482
8898287345;26483
3191753005;26484
6584480471;26485
7488470223;26486
6985000582;26487
5499538422;26488
27999751480;26489
6798546236;26490
4896051111;26491
7581986975;26492
27988029721;26493
11977058492;26494
5185134436;26495
3591694002;26496
21975114130;26497
27988028854;26498
21974763551;26499
11983022269;26500
6599172681;26501
2176276658;26502
8196351433;26503
3598457511;26504
21985937089;26505
11970203560;26506
6798017730;26507
21981117317;26508
24999732339;26509
13997863077;26510
21975748471;26511
4799628620;26512
11943049284;26513
3173448636;26514
13997253885;26515
4197009521;26516
9180361663;26517
4791729140;26518
11984941964;26519
6984006511;26520
9183371293;26521
6281542828;26522
5186407573;26523
11979767325;26524
8496690377;26525
11981276801;26526
5,60E+11;26527
11997042707;26528
11984641839;26529
4899971023;26530
4898474917;26531
19981806243;26532
11951482603;26533
3184975555;26534
12981173959;26535
7381459442;26536
3588259809;26537
3384363212;26538
11984459079;26539
21981296908;26540
4488228075;26541
14991480511;26542
27981825075;26543
11999458419;26544
21976410786;26545
3291479466;26546
4396964071;26547
5184785228;26548
5191215418;26549
4188838552;26550
4896460353;26551
11952718585;26552
11983122195;26553
14998242752;26554
3591979993;26555
11994386583;26556
7398083226;26557
3193492065;26558
5182017707;26559
21995189958;26560
19982340988;26561
17992460358;26562
3175005053;26563
6881090564;26564
27996343820;26565
21975943309;26566
13997110282;26567
21976314333;26568
6384480810;26569
9281937193;26570
21979051003;26571
8198275697;26572
19998379425;26573
4191068780;26574
11994610592;26575
6283285300;26576
11950767928;26577
6592341231;26578
8186983909;26579
6292052679;26580
21987375580;26581
5197117166;26582
3193339015;26583
4988131248;26584
6293165379;26585
3192817441;26586
6699054256;26587
11959289339;26588
11980603407;26589
16991022240;26590
31991371047;26591
27999288109;26592
3197827949;26593
17991412842;26594
3491455448;26595
61 33234499;26596
9991690247;26597
19995149877;26598
8588880770;26599
11989385854;26600
11999710675;26601
21995248324;26602
11989796361;26603
8281678828;26604
12981082956;26605
11963594709;26606
11991428696;26607
11985578493;26608
18996154645;26609
12996444836;26610
5199347535;26611
7581711163;26612
11965450001;26613
19998904987;26614
11992600574;26615
12981506369;26616
11987403404;26617
6182555088;26618
16991197638;26619
12988543893;26620
11959662885;26621
9981018218;26622
11964283280;26623
6492337039;26624
11960610705;26625
6899571515;26626
1981282973;26627
19984373487;26628
27997340272;26629
11994744846;26630
14998013331;26631
4698762918;26632
5481225175;26633
5198346557;26634
21985610106;26635
3188739209;26636
11996615685;26637
4784351355;26638
18981782910;26639
12997989436;26640
6291696966;26641
7381959400;26642
5181547689;26643
19993517215;26644
6293877457;26645
18997329525;26646
11941435544;26647
17996211086;26648
9981151394;26649
8299441079;26650
19998152453;26651
3173243088;26652
5195434365;26653
5,54E+11;26654
13991533928;26655
19981828816;26656
5,58E+11;26657
27999703577;26658
6182937577;26659
6984151661;26660
6899861806;26661
6798282564;26662
11952332863;26663
8481133148;26664
11975824239;26665
6899754838;26666
4699239161;26667
8191056604;26668
27999879248;26669
16981814095;26670
27981012612;26671
6296687973;26672
15988173439;26673
5184803890;26674
21971830573;26675
12991831145;26676
1581340111;26677
19998584558;26678
21980129742;26679
15991310192;26680
4384016048;26681
11974110140;26682
11981257497;26683
4991583372;26684
16981660627;26685
3788517846;26686
6798149563;26687
8184545314;26688
8188297953;26689
11998433235;26690
6292034124;26691
18996691098;26692
8197644669;26693
7599110716;26694
15996951769;26695
5199717187;26696
11968289189;26697
4197132489;26698
4184608937;26699
5184330564;26700
11983923822;26701
11968413354;26702
11970906142;26703
1491764648;26704
5,54E+11;26705
7581223088;26706
4388435952;26707
5198963751;26708
8399107070;26709
27993099460;26710
13981246076;26711
8299336950;26712
11986990218;26713
8499517011;26714
14997979326;26715
11952707942;26716
19984010796;26717
11971503119;26718
21985152618;26719
22998489842;26720
3496561187;26721
11973206260;26722
1147296904;26723
8299937562;26724
8296089880;26725
9888670036;26726
6184563642;26727
8488039931;26728
2174840588;26729
6796985794;26730
11965312850;26731
6798524540;26732
71985394334;26733
4788688957;26734
8186139251;26735
9991395094;26736
1930394808;26737
4896671597;26738
6792665569;26739
8892846308;26740
7491997094;26741
9481081930;26742
12988419030;26743
11997364541;26744
6792041150;26745
15997288571;26746
21993791617;26747
19981096982;26748
19981402067;26749
11964690835;26750
21974433235;26751
11961727981;26752
2199882480;26753
6781098692;26754
6285018734;26755
11993836260;26756
4199566527;26757
8491667758;26758
11953537994;26759
8396271387;26760
11954402523;26761
2181768303;26762
21974660930;26763
11994012390;26764
4899742236;26765
6193461064;26766
9281192078;26767
16991427430;26768
7388457610;26769
9891041679;26770
7599918201;26771
11985367702;26772
8588408123;26773
11971805202;26774
6184889083;26775
9481743484;26776
7187942546;26777
4196764324;26778
11982613250;26779
8498520464;26780
9183106684;26781
1192080000;26782
5182247106;26783
19997099077;26784
12988694202;26785
11992297411;26786
5182857969;26787
5182857976;26788
6285294406;26789
11968250741;26790
4884800716;26791
21997283236;26792
11955518579;26793
8399059356;26794
19995314993;26795
8791152229;26796
19992101866;26797
27995297012;26798
28999527338;26799
9184280813;26800
9282332138;26801
21985257486;26802
4196523583;26803
5198524979;26804
8288821688;26805
19981324655;26806
9293144260;26807
8281402614;26808
11961834761;26809
7181014254;26810
6299254549;26811
11967134933;26812
9292664675;26813
11987770710;26814
19983394839;26815
11982920226;26816
5199432236;26817
11952265840;26818
3191907885;26819
17997361888;26820
4884114887;26821
14996250934;26822
11996500000;26823
8187910733;26824
4196788565;26825
9481950208;26826
11985142925;26827
5,55E+11;26828
8999856076;26829
6499985635;26830
19997372329;26831
1992969391;26832
11986967329;26833
21999286572;26834
21994475755;26835
21991579219;26836
4396869595;26837
3191184179;26838
1429357280;26839
4199443731;26840
11959141365;26841
27995191683;26842
6792296416;26843
4199382542;26844
6696818901;26845
3188583666;26846
7184100227;26847
5,52E+12;26848
3189667256;26849
8186174352;26850
13996159474;26851
21992544884;26852
11998901795;26853
3189256597;26854
11993740573;26855
11954568379;26856
3898891453;26857
8197286694;26858
8586141362;26859
4797140357;26860
8391233000;26861
5,57E+11;26862
9183335521;26863
6992367832;26864
5,56E+11;26865
11960844815;26866
1791478330;26867
3185404969;26868
4399127474;26869
7399102464;26870
7799813097;26871
5185432363;26872
11967617285;26873
8393961052;26874
11985269212;26875
8183157331;26876
19995170403;26877
11979547423;26878
4584052550;26879
13997231388;26880
11986188734;26881
11982114902;26882
3132428100;26883
27992740559;26884
8196016665;26885
5,53E+12;26886
27995185596;26887
3196209717;26888
1197893391;26889
8487572512;26890
16993967034;26891
11982910709;26892
14997709105;26893
11988395141;26894
3195069136;26895
8491346016;26896
6581014982;26897
3189124970;26898
6184053277;26899
8487559182;26900
11993002412;26901
11985415777;26902
15997963351;26903
19996140666;26904
8185512744;26905
8796192265;26906
21992706414;26907
4498729735;26908
7181816729;26909
6581178270;26910
8994176061;26911
4498967066;26912
11957150010;26913
11983448308;26914
19991658919;26915
5591570933;26916
8281641849;26917
8396245152;26918
19988715354;26919
11981962024;26920
27997318358;26921
27998080245;26922
21982312577;26923
6186053055;26924
27998889499;26925
3192909497;26926
9292344902;26927
1993808538;26928
3588159484;26929
21991313437;26930
8396565834;26931
8694598719;26932
18991107927;26933
8597968342;26934
21971447778;26935
9492356106;26936
6699626670;26937
5181129347;26938
4199598954;26939
16922887733;26940
11983659315;26941
4299719002;26942
9292037980;26943
11942004624;26944
3191123187;26945
8199274297;26946
8387184742;26947
6696803543;26948
6599785250;26949
19998960926;26950
3888493676;26951
5199286311;26952
6181929600;26953
6186111811;26954
13991630208;26955
16981752949;26956
8496160857;26957
1172793576;26958
5192095157;26959
8386504621;26960
11980380064;26961
6493004173;26962
21988654577;26963
13997702425;26964
27996371507;26965
8398640863;26966
8499094591;26967
8487531992;26968
8699392111;26969
11999641462;26970
11977676448;26971
4192053470;26972
4396115412;26973
11960916191;26974
6285252324;26975
13991287066;26976
21986785096;26977
8299454233;26978
19992400927;26979
3284128355;26980
4188293223;26981
6186239239;26982
14991587770;26983
11997780167;26984
18996172865;26985
5185688801;26986
16981112028;26987
6992356683;26988
3188843972;26989
3899159942;26990
7988044828;26991
3194386763;26992
11965885796;26993
12981735822;26994
5384327093;26995
19997962104;26996
11965072504;26997
9891663131;26998
11971752008;26999
4799012962;27000
21975605221;27001
21971045154;27002
24999595269;27003
5,51E+12;27004
21983289952;27005
8589651632;27006
4299627945;27007
4299124046;27008
11964076155;27009
15997716948;27010
6992633742;27011
2175095479;27012
21966204087;27013
8184079188;27014
8994157723;27015
21984091010;27016
19981714521;27017
8888014262;27018
16991574436;27019
6892128786;27020
6999678261;27021
11996394848;27022
21991780582;27023
1781727840;27024
5,55E+11;27025
13997777271;27026
21991383738;27027
6281810930;27028
6281143152;27029
6792542842;27030
11968610748;27031
3187259940;27032
21975386016;27033
11983174186;27034
11971113242;27035
4498484949;27036
11991443188;27037
4187448605;27038
8788546951;27039
5184530245;27040
4791919022;27041
11967292282;27042
1282246687;27043
6599386290;27044
11989000159;27045
16992477988;27046
3391217233;27047
3193040316;27048
22998997265;27049
11952298277;27050
7592718151;27051
3288113022;27052
8199893340;27053
7592369433;27054
3599861637;27055
3791191538;27056
11962654714;27057
21996778639;27058
21985414962;27059
4999195338;27060
9881531228;27061
6781421619;27062
5,57E+11;27063
6186018686;27064
6192667350;27065
4899636071;27066
14997613688;27067
8498288412;27068
21992293271;27069
7998005699;27070
8288852535;27071
8588825295;27072
11974122768;27073
12991887495;27074
11958005531;27075
11984112313;27076
11966243390;27077
15996658095;27078
6281279873;27079
14988042202;27080
11980595616;27081
11967727134;27082
6296209646;27083
4896741280;27084
7999345906;27085
3791001029;27086
11980934764;27087
8695092803;27088
8398385375;27089
12988382186;27090
8499934939;27091
3194579024;27092
8481574831;27093
11970469205;27094
11968050933;27095
21994244125;27096
9591126978;27097
4196544018;27098
21993610579;27099
6185794699;27100
4799071546;27101
7186667903;27102
8796300717;27103
7583230852;27104
5,55E+11;27105
21981275881;27106
3173029791;27107
7999858181;27108
5196497098;27109
3188000023;27110
6191767746;27111
8386007353;27112
11966507365;27113
4884333702;27114
21976205373;27115
7187279152;27116
11957803009;27117
11989781912;27118
21965218109;27119
4199601453;27120
11982081844;27121
7799404729;27122
8596552233;27123
91991510041;27124
6984136197;27125
6993709876;27126
8296279095;27127
3591762383;27128
11973767445;27129
17991989951;27130
11942693802;27131
7599636384;27132
9881205345;27133
3898676835;27134
19994533981;27135
3194415083;27136
6191654150;27137
17981940400;27138
6999354939;27139
22998491935;27140
7191186696;27141
3193359903;27142
5499019090;27143
12981510244;27144
11952436768;27145
6184823532;27146
6499967478;27147
7999575028;27148
4884246828;27149
8386399810;27150
6899787199;27151
11993746873;27152
3588963027;27153
4199819651;27154
24981205626;27155
6899994075;27156
11949600160;27157
7999525457;27158
21980358948;27159
3891250819;27160
6699681853;27161
9188184563;27162
12988500829;27163
11992803249;27164
6193081535;27165
21982125474;27166
7193033377;27167
11970280713;27168
11982117330;27169
19983461042;27170
5384093374;27171
5191315224;27172
21975655715;27173
8585002285;27174
11999599463;27175
5496805757;27176
8688128701;27177
6899946415;27178
3192760101;27179
6992186454;27180
8296403684;27181
4891557107;27182
8387263373;27183
5181058761;27184
6183253633;27185
4198197680;27186
27981322766;27187
13997087488;27188
6798527362;27189
8892866473;27190
8194810713;27191
21988063319;27192
11987908469;27193
12981790013;27194
4791906960;27195
11997037246;27196
11983644868;27197
8387259450;27198
19983326857;27199
4498280825;27200
4891435005;27201
4399814940;27202
4298417123;27203
21993749141;27204
21980866138;27205
11984826687;27206
8896369847;27207
1497144637;27208
4191235650;27209
11994075852;27210
4797608077;27211
7192340011;27212
6999766247;27213
11942137952;27214
6984599622;27215
3188585393;27216
9181247210;27217
7399492196;27218
6286372881;27219
4599124621;27220
6699888401;27221
4191221188;27222
11966852997;27223
6892055192;27224
11997673963;27225
8195808855;27226
21976987491;27227
4792129970;27228
8195157514;27229
3492038575;27230
8393460329;27231
11950403380;27232
5,56E+11;27233
9988492383;27234
21989283197;27235
9391418105;27236
5197717834;27237
5185264512;27238
7183623268;27239
21985845371;27240
13981580856;27241
8388171034;27242
21974182404;27243
6696478269;27244
21988106337;27245
6984643059;27246
4196249592;27247
6899518281;27248
8195081236;27249
7788384435;27250
13996090601;27251
16992326855;27252
3192702722;27253
8184599305;27254
3192723895;27255
3788188420;27256
9481744728;27257
4299401110;27258
6183221624;27259
9180403153;27260
3198212181;27261
8197453302;27262
8591632691;27263
6284964028;27264
6181312552;27265
3491772020;27266
3196656966;27267
3491961787;27268
21975392459;27269
6298338531;27270
18997862570;27271
6581382540;27272
6199097873;27273
3175194731;27274
4799600788;27275
6191271106;27276
6198115769;27277
22999101061;27278
6492136778;27279
11983969130;27280
6282733146;27281
6984344241;27282
1187929317;27283
4299433745;27284
4796424157;27285
5198213695;27286
11987869465;27287
3194096735;27288
5,58E+11;27289
8587765036;27290
11992618923;27291
7599413830;27292
9991652292;27293
3193606093;27294
3492418364;27295
4896280630;27296
11999628476;27297
4299653326;27298
11982741282;27299
21988233898;27300
8487843599;27301
3491366636;27302
6592562090;27303
16981592777;27304
8586309569;27305
3186980015;27306
18997396658;27307
13997001945;27308
1792076948;27309
7191110750;27310
3194213996;27311
1171404228;27312
4499368570;27313
16981591914;27314
7199016357;27315
16981340555;27316
8296634599;27317
3191508722;27318
21991320339;27319
6291396694;27320
11968330977;27321
6798488362;27322
3193139763;27323
19981795756;27324
21979608101;27325
4784312551;27326
27996469179;27327
21982734123;27328
4198850139;27329
17991514616;27330
21974622687;27331
16997067463;27332
16992781032;27333
6384718581;27334
8487766533;27335
22992699113;27336
21982060303;27337
6185869493;27338
7188911376;27339
5499722348;27340
9180873709;27341
8695806767;27342
6182867282;27343
11989017947;27344
6195564899;27345
5499834123;27346
8187607716;27347
7999401984;27348
11996670262;27349
24999537712;27350
11969636969;27351
5481286245;27352
6296488319;27353
8298087456;27354
21968181452;27355
8488606916;27356
1184898536;27357
15996277625;27358
4796689870;27359
8195480805;27360
7188036110;27361
11963579003;27362
7381266816;27363
11983401420;27364
11998019176;27365
8198211007;27366
21974804405;27367
9189600076;27368
9187460999;27369
3591774484;27370
6581590170;27371
6596311843;27372
1177660430;27373
11988683468;27374
5199961799;27375
4896584508;27376
18996418968;27377
11988890843;27378
6899680715;27379
3291226541;27380
5,57E+11;27381
6284224230;27382
5196593875;27383
6784027485;27384
8299256017;27385
4398180304;27386
5198162659;27387
6696167046;27388
1993503048;27389
8494567327;27390
21965539675;27391
5192438295;27392
3384362135;27393
12996445761;27394
8488465741;27395
7191413284;27396
15981372393;27397
13988408254;27398
8186131131;27399
8481095067;27400
4488137980;27401
3192450005;27402
11971153389;27403
11953170181;27404
9189765968;27405
21994713446;27406
21984378856;27407
11985569049;27408
11971316699;27409
8896234229;27410
11964023189;27411
4195442824;27412
3192337980;27413
11966944661;27414
3187760475;27415
8896480454;27416
1157008991;27417
21985976343;27418
21967322963;27419
6181168152;27420
11958321137;27421
11959057187;27422
5,51E+12;27423
4188433285;27424
5,58E+11;27425
11956378109;27426
6196221225;27427
7388575987;27428
8393509750;27429
22992610584;27430
7591209631;27431
6492586164;27432
7591020413;27433
6184041406;27434
4299105029;27435
11982881481;27436
21968188019;27437
8199465232;27438
11952406971;27439
8188149956;27440
9691401044;27441
6999914298;27442
4196058878;27443
4299429609;27444
3492212036;27445
4896685436;27446
4999296520;27447
1151471460;27448
21975466917;27449
4999000806;27450
11966688139;27451
4296154639;27452
6781160354;27453
8698750412;27454
6292652588;27455
11998810953;27456
11986771416;27457
6699844331;27458
11993908228;27459
11975782951;27460
19997597442;27461
6196221030;27462
12981536146;27463
6993682522;27464
11952484077;27465
6285860662;27466
13997232655;27467
6185213488;27468
8381696644;27469
5,51E+12;27470
11951084441;27471
3191656155;27472
16997266672;27473
5,53E+12;27474
15997870717;27475
5181484197;27476
4196874864;27477
3186040114;27478
11987040037;27479
1198434365;27480
7381513172;27481
8299508111;27482
21982979080;27483
11980873525;27484
7186882251;27485
5194029494;27486
8288650329;27487
7381427426;27488
3192076108;27489
11995039975;27490
5,51E+12;27491
11942535377;27492
4188570457;27493
4891559760;27494
11974814691;27495
9185119643;27496
4799003676;27497
17997464242;27498
7581370745;27499
21997753560;27500
15996069493;27501
4191953444;27502
11941712164;27503
11959105141;27504
6292118531;27505
3191529630;27506
11947279121;27507
24992834620;27508
11992153168;27509
11972882726;27510
21974908319;27511
18996242626;27512
1997274875;27513
19999314567;27514
8893122372;27515
1984382615;27516
7388231102;27517
11994025501;27518
8588450514;27519
7388333333;27520
7991521514;27521
21983947191;27522
11995517211;27523
4899248859;27524
27999956995;27525
12991073417;27526
5,57E+11;27527
11989657368;27528
11969742484;27529
4784359497;27530
6696274973;27531
17992021469;27532
5198785846;27533
19997030325;27534
21979555893;27535
3791727382;27536
3488499787;27537
21994456007;27538
8699589038;27539
14997105941;27540
13981232257;27541
4799129668;27542
6298443157;27543
4884799607;27544
3191132464;27545
8299479409;27546
7999662474;27547
21971726559;27548
19983975315;27549
11967644091;27550
2798555792;27551
4784678470;27552
8199330469;27553
4988310696;27554
9181337576;27555
5184439684;27556
8188974770;27557
8199281557;27558
21969791577;27559
4388086865;27560
3799088482;27561
3291221266;27562
4598478582;27563
11953859617;27564
6181855663;27565
11941236467;27566
11967259145;27567
8396860805;27568
3193835783;27569
5199526536;27570
16981185166;27571
6198604032;27572
3191258516;27573
6596194551;27574
9391325135;27575
8197220872;27576
6681060987;27577
6181386668;27578
4899891174;27579
19992367739;27580
3196947811;27581
8396609971;27582
11942041211;27583
9282591577;27584
11997725380;27585
21973757898;27586
13997830686;27587
11970808338;27588
11985145970;27589
6984665979;27590
3198926436;27591
16992882780;27592
11954405320;27593
8198375514;27594
11967390187;27595
4198898393;27596
9882933281;27597
27992230383;27598
5399951405;27599
21986836707;27600
21967130372;27601
11952795793;27602
27996231129;27603
27998703575;27604
8586116519;27605
1995390015;27606
14996866945;27607
11997128261;27608
11948425188;27609
6298020013;27610
11959350568;27611
4791651503;27612
6299553894;27613
9291734838;27614
4688015374;27615
28999084114;27616
11986161106;27617
9391980348;27618
11989693831;27619
5,59E+11;27620
8299162983;27621
6392832186;27622
8187122313;27623
12982314507;27624
22981075837;27625
21982189736;27626
6281102434;27627
7196636676;27628
6181975034;27629
11949820858;27630
13991773267;27631
3194129788;27632
3199625066;27633
6699434000;27634
3384302220;27635
1166902016;27636
6799072670;27637
21982661965;27638
19991525032;27639
8896226740;27640
14996519910;27641
4896333893;27642
6296384458;27643
6496053588;27644
4199194703;27645
3196380485;27646
11998101660;27647
6981022638;27648
11967616265;27649
6299652547;27650
6195658747;27651
6195322234;27652
11961759795;27653
6285580019;27654
6198525874;27655
5,59E+11;27656
1199852569;27657
6798272350;27658
6198524478;27659
1198524478;27660
6285475698;27661
6198547411;27662
1198524587;27663
6298562523;27664
1198599658;27665
8398545874;27666
7398548547;27667
19981920830;27668
6198546658;27669
11982254481;27670
92981473208;27671
6195186751;27672
8396460306;27673
11949402566;27674
11971571364;27675
19982828215;27676
6799573886;27677
6791453160;27678
21966077710;27679
3184744388;27680
7182722729;27681
9691546922;27682
9291806462;27683
6292736681;27684
8387452599;27685
27996527877;27686
6599235299;27687
6596849126;27688
11965032011;27689
4491474117;27690
6599235730;27691
6185101767;27692
6492414249;27693
11957001135;27694
19982164599;27695
6186083989;27696
8199926818;27697
18996835558;27698
7193405278;27699
1282048779;27700
11979649217;27701
3388725972;27702
3185116279;27703
8195348115;27704
16992212574;27705
7591919590;27706
11998362084;27707
5197101939;27708
21979537237;27709
11981458032;27710
9294768567;27711
7398243307;27712
2795081009;27713
6581043146;27714
6182110201;27715
8589046352;27716
4792193543;27717
8589433243;27718
3493007844;27719
6198558258;27720
6195826985;27721
6295854787;27722
8888413887;27723
5198547874;27724
1198526587;27725
7396582547;27726
8589459213;27727
11996522589;27728
8398541478;27729
2196325658;27730
2195858747;27731
4796268654;27732
2199854858;27733
3193855170;27734
8596598544;27735
6185534774;27736
6295996525;27737
6791572047;27738
8181835743;27739
7399854874;27740
8598548748;27741
2188569632;27742
9298584548;27743
3498587484;27744
2192365898;27745
2196585963;27746
3598653265;27747
6196322326;27748
3191579261;27749
6291580160;27750
11975424309;27751
21965483334;27752
12981237158;27753
5581215865;27754
6182061510;27755
3199343357;27756
3193169747;27757
4198278941;27758
6291318500;27759
4299613992;27760
19984375419;27761
4188607834;27762
21982586791;27763
6282730267;27764
3588909009;27765
4888249970;27766
24988314260;27767
27998231476;27768
5199416837;27769
27992946455;27770
8186567762;27771
8396432270;27772
22999617927;27773
6599747536;27774
11963205528;27775
11968415800;27776
27992432995;27777
3284369257;27778
11971254413;27779
11982892255;27780
6899619277;27781
8498002460;27782
4184997413;27783
11951379100;27784
8699404423;27785
11967245833;27786
8481174903;27787
4196545573;27788
11997536140;27789
18991688641;27790
7991110053;27791
19993020404;27792
6196462522;27793
6791401261;27794
21974463384;27795
27998450476;27796
3388869161;27797
6195325613;27798
11966470895;27799
4396461430;27800
5,57E+11;27801
6592926393;27802
22992677320;27803
11986174596;27804
4799355364;27805
24992861140;27806
17997779297;27807
9899716991;27808
3491839381;27809
27999087295;27810
6699050238;27811
1164786373;27812
11951943704;27813
8584057434;27814
8488390346;27815
21981842605;27816
7381113198;27817
21982788760;27818
11962717558;27819
11979881868;27820
21980553945;27821
6981290915;27822
11981454678;27823
4797126688;27824
27999224016;27825
12996181014;27826
21975559811;27827
4884972369;27828
21998046479;27829
6899885783;27830
9281659120;27831
11952514373;27832
11973602577;27833
8491684036;27834
11983052493;27835
14998240038;27836
21988758554;27837
4299511810;27838
19981888594;27839
9292598494;27840
18997843384;27841
8199383380;27842
6292065790;27843
6592299278;27844
17996074788;27845
17981288972;27846
9691683800;27847
11969064656;27848
21983508442;27849
6294124159;27850
17991765035;27851
8694717902;27852
8184146143;27853
8587967954;27854
11954329014;27855
11997326882;27856
6196871929;27857
7134820092;27858
4896127455;27859
11994500500;27860
11982302670;27861
3791112766;27862
9882080595;27863
6298587487;27864
6198655898;27865
1199855478;27866
6295652587;27867
17991801092;27868
1195658547;27869
13991274993;27870
4188206006;27871
3188138252;27872
6392289722;27873
6195874545;27874
1199525854;27875
6296325658;27876
6296365855;27877
3891707736;27878
6199855522;27879
6299851121;27880
6299659922;27881
6199632565;27882
6192154414;27883
24999557209;27884
9296525874;27885
4199472741;27886
6191528031;27887
11972064632;27888
4796732583;27889
27997808239;27890
3175679017;27891
11980890249;27892
19996026262;27893
3183344003;27894
6799412255;27895
18981628226;27896
12996493790;27897
21997805052;27898
11986669441;27899
11951694684;27900
3193999987;27901
4891087554;27902
7588596369;27903
6298113340;27904
4784049400;27905
22981438321;27906
3799981451;27907
15996541654;27908
4799314320;27909
11963453090;27910
8788149773;27911
55992719991;27912
8187880610;27913
6193914178;27914
8796336939;27915
6199652587;27916
6199584787;27917
6296523258;27918
1199852585;27919
8597570919;27920
21981860788;27921
6298565855;27922
9298547874;27923
6392458585;27924
11982622145;27925
6796234989;27926
3891348668;27927
8798087594;27928
21994607445;27929
6799955992;27930
16991826712;27931
11948657643;27932
11982586958;27933
3588231545;27934
11967581409;27935
6282267192;27936
3492130330;27937
4299131007;27938
2199051451;27939
4199095234;27940
3492401732;27941
7581806242;27942
11973085851;27943
13996475965;27944
4196886038;27945
11981818781;27946
21983844528;27947
3492792222;27948
19992729055;27949
8186497279;27950
5,51E+12;27951
19981223797;27952
4792317975;27953
6184256201;27954
6596863525;27955
4184606722;27956
3184594836;27957
21995639133;27958
21969630515;27959
4792082055;27960
9181162211;27961
6596343131;27962
6192505001;27963
11991154715;27964
3194896641;27965
7999164064;27966
4896024337;27967
3189519832;27968
21969199008;27969
11995760123;27970
9281114508;27971
6196487131;27972
6291841034;27973
3891169705;27974
11941387488;27975
12997544546;27976
6198117458;27977
4391730623;27978
11972218821;27979
21975705579;27980
11968583784;27981
4291418760;27982
11954707818;27983
11962109802;27984
4988800114;27985
6581236614;27986
7599349754;27987
15975740124;27988
5,56E+11;27989
5197480592;27990
9981362889;27991
8587281238;27992
8388745896;27993
8291084657;27994
8897245251;27995
9887668458;27996
2183520159;27997
27998522199;27998
4199230536;27999
6283020155;28000
