5517981320241
5517981320261
5517981320299
5517981320339
5517981320628
5517981320662
5517981320844
5517981321015
5517981321174
5517981321212
5517981321963
5517981322273
5517981322487
5517981322758
5517981322776
5517981323050
5517981323560
5517981323852
5517981324021
5517981324513
5517981324726
5517981325010
5517981325032
5517981325099
5517981325128
5517981325215
5517981325529
5517981325571
5517981325709
5517981325759
5517981325856
5517981325873
5517981325904
5517981325940
5517981326003
5517981326058
5517981326121
5517981326166
5517981326260
5517981326416
5517981326598
5517981326604
5517981326607
5517981326699
5517981326714
5517981326790
5517981327105
5517981327168
5517981327200
5517981327521
5517981327697
5517981327706
5517981327733
5517981327785
5517981327809
5517981327866
5517981327868
5517981328021
5517981328028
5517981328173
5517981328232
5517981328307
5517981328353
5517981328402
5517981328473
5517981328540
5517981328653
5517981328701
5517981328714
5517981328737
5517981328907
5517981329032
5517981329082
5517981329091
5517981329146
5517981329291
5517981329322
5517981329456
5517981329521
5517981329584
5517981329613
5517981329616
5517981329636
5517981329689
5517981329877
5517981329962
5517981330004
5517981330153
5517981330261
5517981330451
5517981330789
5517981331005
5517981331394
5517981331499
5517981331616
5517981331627
5517981331919
5517981332250
5517981332394
5517981332560
5517981332616
5517981332680
5517981332895
5517981332974
5517981333218
5517981333346
5517981333612
5517981333654
5517981333661
5517981333763
5517981333770
5517981333771
5517981333793
5517981334034
5517981334265
5517981334477
5517981334504
5517981334595
5517981334765
5517981335081
5517981335099
5517981335398
5517981335507
5517981335532
5517981335608
5517981335821
5517981335826
5517981335976
5517981336199
5517981336585
5517981336606
5517981336648
5517981336752
5517981336900
5517981336999
5517981337068
5517981337110
5517981337119
5517981337209
5517981337360
5517981337488
5517981337490
5517981337535
5517981337552
5517981337622
5517981337624
5517981337652
5517981337783
5517981337955
5517981338008
5517981338129
5517981338285
5517981338417
5517981338446
5517981338659
5517981338928
5517981339000
5517981339329
5517981339451
5517981339452
5517981339453
5517981339617
5517981339697
5517981340008
5517981340222
5517981340223
5517981340228
5517981340233
5517981340237
5517981340829
5517981340862
5517981341014
5517981341139
5517981341404
5517981341474
5517981342120
5517981342131
5517981342429
5517981342586
5517981342622
5517981342715
5517981343374
5517981343650
5517981343653
5517981343779
5517981343780
5517981344035
5517981344039
5517981344501
5517981344541
5517981344544
5517981344695
5517981344721
5517981344733
5517981344963
5517981344979
5517981345033
5517981345052
5517981345083
5517981345129
5517981345169
5517981345171
5517981345257
5517981345359
5517981345426
5517981345437
5517981345597
5517981345644
5517981345645
5517981345766
5517981345890
5517981345901
5517981346398
5517981346712
5517981346800
5517981346952
5517981347000
5517981347296
5517981347422
5517981347637
5517981347953
5517981348259
5517981348325
5517981348705
5517981348937
5517981348944
5517981349000
5517981349315
5517981349632
5517981349682
5517981349698
5517981349734
5517981349764
5517981349772
5517981349842
5517981349854
5517981349933
5517981349973
5517981349975
5517981350020
5517981350301
5517981350535
5517981350557
5517981350585
5517981350608
5517981350611
5517981350635
5517981350717
5517981350979
5517981351135
5517981351229
5517981351233
5517981351249
5517981351323
5517981351324
5517981351334
5517981351336
5517981351352
5517981351365
5517981351369
5517981351378
5517981351536
5517981351667
5517981351756
5517981351899
5517981352468
5517981353140
5517981353205
5517981353650
5517981353805
5517981353923
5517981353983
5517981354112
5517981354139
5517981354174
5517981354586
5517981354639
5517981354678
5517981354724
5517981355343
5517981355346
5517981355357
5517981355389
5517981355472
5517981355690
5517981355925
5517981356164
5517981356550
5517981356763
5517981356872
5517981356975
5517981356977
5517981357057
5517981357150
5517981357780
5517981357852
5517981358041
5517981358135
5517981358284
5517981358403
5517981358432
5517981358663
5517981359629
5517981359634
5517981359796
5517981359893
5517981360046
5517981360166
5517981360216
5517981360230
5517981360286
5517981360440
5517981360468
5517981360469
5517981360706
5517981360745
5517981360753
5517981360843
5517981360846
5517981360848
5517981360865
5517981360932
5517981361099
5517981361146
5517981361147
5517981362050
5517981362614
5517981362668
5517981362726
5517981362845
5517981362858
5517981362859
5517981362860
5517981363039
5517981363055
5517981363204
5517981363220
5517981363246
5517981363284
5517981363307
5517981363443
5517981363446
5517981363544
5517981363548
5517981363565
5517981363618
5517981363762
5517981363851
5517981364024
5517981364151
5517981365151
5517981365168
5517981365277
5517981366005
5517981366010
5517981366078
5517981366358
5517981366373
5517981366381
5517981366388
5517981366411
5517981366436
5517981366477
5517981366478
5517981366603
5517981366686
5517981366801
5517981366804
5517981366811
5517981366846
5517981366936
5517981366974
5517981366976
5517981367004
5517981367037
5517981367050
5517981367083
5517981367125
5517981367127
5517981367130
5517981367276
5517981367491
5517981367609
5517981367646
5517981367667
5517981367886
5517981368559
5517981368755
5517981369405
5517981370363
5517981370662
5517981370827
5517981371086
5517981371272
5517981371391
5517981371414
5517981371433
5517981371642
5517981371681
5517981371714
5517981371917
5517981372030
5517981372201
5517981372350
5517981372370
5517981372730
5517981372822
5517981373229
5517981373397
5517981373681
5517981374091
5517981374094
5517981374102
5517981374255
5517981374257
5517981374261
5517981374560
5517981374595
5517981374774
5517981375107
5517981375576
5517981375855
5517981376243
5517981376263
5517981376289
5517981377092
5517981377689
5517981378000
5517981378001
5517981378111
5517981378386
5517981378459
5517981378461
5517981378480
5517981378544
5517981378584
5517981378587
5517981378800
5517981378870
5517981379012
5517981379119
5517981379197
5517981379313
5517981379347
5517981379353
5517981379621
5517981379623
5517981379878
5517981380197
5517981380225
5517981380367
5517981380454
5517981380528
5517981380809
5517981381071
5517981381111
5517981381480
5517981381512
5517981382191
5517981382208
5517981382212
5517981382405
5517981382676
5517981382759
5517981382768
5517981382799
5517981383005
5517981383180
5517981383210
5517981383249
5517981384708
5517981385256
5517981385301
5517981385529
5517981385818
5517981385819
5517981385822
5517981385868
5517981386056
5517981386190
5517981386202
5517981386623
5517981386626
5517981386639
5517981386659
5517981386691
5517981386716
5517981386766
5517981387032
5517981387058
5517981387158
5517981387244
5517981387269
5517981387356
5517981387801
5517981387890
5517981387918
5517981388048
5517981388049
5517981388052
5517981388258
5517981388275
5517981388304
5517981388338
5517981388387
5517981388455
5517981388504
5517981388568
5517981389567
5517981389683
5517981389856
5517981389979
5517981389998
5517981390020
5517981390039
5517981390261
5517981390473
5517981390478
5517981390739
5517981390800
5517981390805
5517981390947
5517981390964
5517981391093
5517981391242
5517981391272
5517981391289
5517981391433
5517981391782
5517981392106
5517981392337
5517981392549
5517981392851
5517981393394
5517981393934
5517981393938
5517981393955
5517981393965
5517981394034
5517981394094
5517981394273
5517981394548
5517981395247
5517981395402
5517981395413
5517981395416
5517981395436
5517981395437
5517981395458
5517981395476
5517981395629
5517981395890
5517981395960
5517981396007
5517981396021
5517981396116
5517981397728
5517981397807
5517981398454
5517981399044
5517981399130
5517981399135
5517981399534
5517981399878
5517981399902
5517981399909
5517981399910
5517981399928
5517981400098
5517981400266
5517981400831
5517981401010
5517981401289
5517981401356
5517981401447
5517981402508
5517981403796
5517981404446
5517981405000
5517981405173
5517981405211
5517981405254
5517981405530
5517981405532
5517981406146
5517981406400
5517981407823
5517981407824
5517981407869
5517981408035
5517981408383
5517981408585
5517981408988
5517981409235
5517981409588
5517981409641
5517981409998
5517981410434
5517981410882
5517981410908
5517981411019
5517981411422
5517981411854
5517981411858
5517981411905
5517981411919
5517981411927
5517981412233
5517981412603
5517981412769
5517981412880
5517981413631
5517981414160
5517981414163
5517981414477
5517981414481
5517981414803
5517981414976
5517981415225
5517981415355
5517981415391
5517981415408
5517981415752
5517981415838
5517981416149
5517981416424
5517981416443
5517981416566
5517981416660
5517981416688
5517981417494
5517981417681
5517981418070
5517981418076
5517981418121
5517981418256
5517981418297
5517981419172
5517981419839
5517981420145
5517981420169
5517981420285
5517981420388
5517981420498
5517981420829
5517981420858
5517981420950
5517981421015
5517981421224
5517981421227
5517981421312
5517981421553
5517981421605
5517981421706
5517981421752
5517981422001
5517981422241
5517981422480
5517981422485
5517981422787
5517981422844
5517981423437
5517981423492
5517981423649
5517981423829
5517981424289
5517981424309
5517981424313
5517981424337
5517981424342
5517981424352
5517981424440
5517981424700
5517981424711
5517981425423
5517981425623
5517981425677
5517981425785
5517981425793
5517981425996
5517981426224
5517981426358
5517981426411
5517981426420
5517981426733
5517981426951
5517981427196
5517981427199
5517981427237
5517981427288
5517981427340
5517981427353
5517981427631
5517981427666
5517981428086
5517981428140
5517981428160
5517981428171
5517981428177
5517981428542
5517981428591
5517981428999
5517981429229
5517981429250
5517981429414
5517981429458
5517981429539
5517981429562
5517981429629
5517981429882
5517981430148
5517981430209
5517981430390
5517981430620
5517981431216
5517981431681
5517981431688
5517981431799
5517981432164
5517981432406
5517981432644
5517981433102
5517981435325
5517981435397
5517981435601
5517981435792
5517981436498
5517981437007
5517981437441
5517981437643
5517981437644
5517981437671
5517981437992
5517981438041
5517981438232
5517981439242
5517981439290
5517981439310
5517981440724
5517981440857
5517981441122
5517981441444
5517981441452
5517981441601
5517981441781
5517981441882
5517981442337
5517981442426
5517981442428
5517981442858
5517981442880
5517981442890
5517981443000
5517981443083
5517981443533
5517981443534
5517981443550
5517981443591
5517981443627
5517981443825
5517981443912
5517981444034
5517981444368
5517981444443
5517981445010
5517981445555
5517981445918
5517981446036
5517981446286
5517981446566
5517981446888
5517981447121
5517981447775
5517981447878
5517981448284
5517981448400
5517981448444
5517981448468
5517981448565
5517981448718
5517981448798
5517981448864
5517981449381
5517981449399
5517981449455
5517981449718
5517981449903
5517981449909
5517981449942
5517981450395
5517981450440
5517981450581
5517981450600
5517981450621
5517981451509
5517981451517
5517981451932
5517981451987
5517981452300
5517981452423
5517981452467
5517981452565
5517981452644
5517981453174
5517981453404
5517981453446
5517981453746
5517981454106
5517981454189
5517981454205
5517981454231
5517981454493
5517981454511
5517981454514
5517981454595
5517981454678
5517981454766
5517981454933
5517981455022
5517981455096
5517981455233
5517981455251
5517981455309
5517981455452
5517981455514
5517981456265
5517981456651
5517981457171
5517981457191
5517981457605
5517981457831
5517981458044
5517981458406
5517981458638
5517981458692
5517981459374
5517981459475
5517981459499
5517981459983
5517981460867
5517981461302
5517981461703
5517981461766
5517981461802
5517981461868
5517981463075
5517981463077
5517981463132
5517981463299
5517981463472
5517981463553
5517981463800
5517981463833
5517981463865
5517981464303
5517981464331
5517981464548
5517981464633
5517981464687
5517981464720
5517981464987
5517981464998
5517981465006
5517981465203
5517981465204
5517981465225
5517981466185
5517981466638
5517981466640
5517981466650
5517981466711
5517981466717
5517981466917
5517981466969
5517981466977
5517981467020
5517981467053
5517981467062
5517981467494
5517981467640
5517981467789
5517981467953
5517981468399
5517981468407
5517981468415
5517981468694
5517981469250
5517981469357
5517981470397
5517981470440
5517981470485
5517981470778
5517981470808
5517981471000
5517981471203
5517981471204
5517981471313
5517981471441
5517981472027
5517981472029
5517981472043
5517981472100
5517981472333
5517981472445
5517981472484
5517981472516
5517981472644
5517981472728
5517981472887
5517981472940
5517981472975
5517981473108
5517981473109
5517981473114
5517981474039
5517981474127
5517981474708
5517981475454
5517981475588
5517981476420
5517981476473
5517981476485
5517981476486
5517981476500
5517981476682
5517981476876
5517981476882
5517981477166
5517981478146
5517981478377
5517981478484
5517981478596
5517981478660
5517981478889
5517981479190
5517981479228
5517981479592
5517981479686
5517981479779
5517981479954
5517981479995
5517981480009
5517981480233
5517981480641
5517981480646
5517981481066
5517981481111
5517981481140
5517981481156
5517981481167
5517981481220
5517981481590
5517981481969
5517981482033
5517981482057
5517981482229
5517981482305
5517981482787
5517981482955
5517981483154
5517981483331
5517981483332
5517981483608
5517981484015
5517981484071
5517981484168
5517981484232
5517981484243
5517981484410
5517981484836
5517981484919
5517981484920
5517981484928
5517981485178
5517981485234
5517981488158
5517981488665
5517981488777
5517981488788
5517981489066
5517981489259
5517981489526
5517981490323
5517981490504
5517981491130
5517981491164
5517981491575
5517981492143
5517981492517
5517981492524
5517981492847
5517981492949
5517981493100
5517981493113
5517981493474
5517981494452
5517981494923
5517981495252
5517981495353
5517981495526
5517981495573
5517981496050
5517981496204
5517981496353
5517981496913
5517981496938
5517981497255
5517981497476
5517981497506
5517981497570
5517981497725
5517981497991
5517981498678
5517981499538
5517981500246
5517981500406
5517981500887
5517981501000
5517981501037
5517981502290
5517981502364
5517981504445
5517981504500
5517981504985
5517981505222
5517981505552
5517981505777
5517981506565
5517981507654
5517981508880
5517981510904
5517981511200
5517981511300
5517981511312
5517981511392
5517981511450
5517981511590
5517981511606
5517981511646
5517981511809
5517981512040
5517981512127
5517981512370
5517981513000
5517981515327
5517981515464
5517981516423
5517981517123
5517981517624
5517981517738
5517981517904
5517981518076
5517981518318
5517981518585
5517981518663
5517981518714
5517981518967
5517981519197
5517981519265
5517981519986
5517981520065
5517981520069
5517981520950
5517981521122
5517981521161
5517981521420
5517981521613
5517981521770
5517981521991
5517981522261
5517981522779
5517981522948
5517981523047
5517981523334
5517981523452
5517981523738
5517981523876
5517981524145
5517981524446
5517981524548
5517981524561
5517981524727
5517981524931
5517981525298
5517981525559
5517981525810
5517981525957
5517981525997
5517981526100
5517981526246
5517981526688
5517981527207
5517981527212
5517981527222
5517981527251
5517981527297
5517981527667
5517981527744
5517981527822
5517981527915
5517981528228
5517981528449
5517981530302
5517981530430
5517981530934
5517981531177
5517981531213
5517981531219
5517981531530
5517981532400
5517981532473
5517981532500
5517981533130
5517981533146
5517981533213
5517981533336
5517981533728
5517981533816
5517981534000
5517981534111
5517981534270
5517981534300
5517981534792
5517981534859
5517981535200
5517981535540
5517981535562
5517981535586
5517981535700
5517981535727
5517981535880
5517981535994
5517981536454
5517981536633
5517981537475
5517981537685
5517981538189
5517981538191
5517981538375
5517981538427
5517981538511
5517981539006
5517981539089
5517981539492
5517981539507
5517981539776
5517981540266
5517981540432
5517981540807
5517981541211
5517981542406
5517981543519
5517981543893
5517981543993
5517981544384
5517981544746
5517981544758
5517981544782
5517981545054
5517981545076
5517981545959
5517981546159
5517981546900
5517981547214
5517981547286
5517981547572
5517981547641
5517981547774
5517981547870
5517981547945
5517981548328
5517981548500
5517981548714
5517981549060
5517981549407
5517981549638
5517981549709
5517981549917
5517981550086
5517981550120
5517981550202
5517981550587
5517981550638
5517981550825
5517981550827
5517981550859
5517981551276
5517981551475
5517981551523
5517981551579
5517981552225
5517981552936
5517981552944
5517981552990
5517981553000
5517981553003
5517981553815
5517981553828
5517981553926
5517981555659
5517981557531
5517981558216
5517981558899
5517981559417
5517981560326
5517981560344
5517981560417
5517981560505
5517981560607
5517981560984
5517981562121
5517981562222
5517981562508
5517981562892
5517981563333
5517981563426
5517981563700
5517981564017
5517981564382
5517981564436
5517981564550
5517981564608
5517981564641
5517981564659
5517981564690
5517981565145
5517981565213
5517981565214
5517981565324
5517981565805
5517981565997
5517981566013
5517981566112
5517981566564
5517981566999
5517981567129
5517981567149
5517981567917
5517981568000
5517981568182
5517981568786
5517981568898
5517981569041
5517981569042
5517981569150
5517981569266
5517981572255
5517981572853
5517981573611
5517981573899
5517981574173
5517981575313
5517981575535
5517981575822
5517981576084
5517981576130
5517981576620
5517981576723
5517981576729
5517981576908
5517981577160
5517981577211
5517981577250
5517981577265
5517981577267
5517981577275
5517981578560
5517981578989
5517981579804
5517981580149
5517981580599
5517981580621
5517981581000
5517981581819
5517981582492
5517981583380
5517981583482
5517981583518
5517981583628
5517981584064
5517981584221
5517981585835
5517981588484
5517981589034
5517981589035
5517981589924
5517981589945
5517981589959
5517981589973
5517981590313
5517981590425
5517981590427
5517981590860
5517981591165
5517981591861
5517981591979
5517981592755
5517981592963
5517981593596
5517981593635
5517981594242
5517981594873
5517981594887
5517981595309
5517981595359
5517981595557
5517981595666
5517981595997
5517981596819
5517981597000
5517981597081
5517981597290
5517981597390
5517981598897
5517981600203
5517981600440
5517981601179
5517981601251
5517981602222
5517981602229
5517981602589
5517981603503
5517981604704
5517981604966
5517981604984
5517981605464
5517981605904
5517981605915
5517981606062
5517981606091
5517981606627
5517981606630
5517981606885
5517981607557
5517981607932
5517981608030
5517981609100
5517981609193
5517981609205
5517981609243
5517981609727
5517981609941
5517981610151
5517981610227
5517981610614
5517981610921
5517981611456
5517981611788
5517981613333
5517981614696
5517981615209
5517981615288
5517981615308
5517981616767
5517981616798
5517981617458
5517981617648
5517981617981
5517981618019
5517981618066
5517981619188
5517981620209
5517981620277
5517981621340
5517981624477
5517981624758
5517981625496
5517981625711
5517981626000
5517981626180
5517981626812
5517981627262
5517981627305
5517981628012
5517981629059
5517981629482
5517981630126
5517981630494
5517981630742
5517981631000
5517981632269
5517981632426
5517981633050
5517981633306
5517981633649
5517981634335
5517981634423
5517981634443
5517981634665
5517981635261
5517981635577
5517981636216
5517981636408
5517981637088
5517981637141
5517981637158
5517981637183
5517981637491
5517981638378
5517981638585
5517981638751
5517981638939
5517981639376
5517981639785
5517981640190
5517981641485
5517981641818
5517981642020
5517981642123
5517981642431
5517981643080
5517981643185
5517981643633
5517981643954
5517981643973
5517981643996
5517981644079
5517981644239
5517981644261
5517981644266
5517981644348
5517981644580
5517981644642
5517981644645
5517981644930
5517981645027
5517981645078
5517981645104
5517981645209
5517981645405
5517981645510
5517981645990
5517981646416
5517981646547
5517981646740
5517981646767
5517981646789
5517981646868
5517981647000
5517981647333
5517981647477
5517981650098
5517981650759
5517981652195
5517981652920
5517981653210
5517981653675
5517981654440
5517981655953
5517981656242
5517981656449
5517981656788
5517981658833
5517981659080
5517981659156
5517981660500
5517981661122
5517981661773
5517981661918
5517981663050
5517981663052
5517981663360
5517981664151
5517981664243
5517981667200
5517981667203
5517981668206
5517981668338
5517981668478
5517981669015
5517981670531
5517981670689
5517981670716
5517981670749
5517981670930
5517981671233
5517981673000
5517981673230
5517981673759
5517981673813
5517981673909
5517981673944
5517981673947
5517981675858
5517981677373
5517981677684
5517981680258
5517981680293
5517981680329
5517981680344
5517981680549
5517981680576
5517981681333
5517981681876
5517981682413
5517981683919
5517981683959
5517981684694
5517981686663
5517981687291
5517981688299
5517981688998
5517981689458
5517981689520
5517981690228
5517981690638
5517981690721
5517981690766
5517981693112
5517981693942
5517981694266
5517981694466
5517981695900
5517981698392
5517981698464
5517981698494
5517981698559
5517981698564
5517981698662
5517981698670
5517981698683
5517981698707
5517981698735
5517981698753
5517981699264
5517981699271
5517981699310
5517981699321
5517981699387
5517981699926
5517981702309
5517981702366
5517981702445
5517981702448
5517981703285
5517981703333
5517981704000
5517981704348
5517981704553
5517981705145
5517981705373
5517981706762
5517981707129
5517981707390
5517981707675
5517981708113
5517981708328
5517981708585
5517981708893
5517981711281
5517981711967
5517981713478
5517981714225
5517981714382
5517981714758
5517981714784
5517981715691
5517981716129
5517981717182
5517981718474
5517981719129
5517981720111
5517981722321
5517981726922
5517981728563
5517981730007
5517981730008
5517981731065
5517981735056
5517981736270
5517981736969
5517981737010
5517981737015
5517981737130
5517981739288
5517981739813
5517981740047
5517981741799
5517981742448
5517981742772
5517981742774
5517981743385
5517981743566
5517981743999
5517981744009
5517981744413
5517981745814
5517981746333
5517981746843
5517981746906
5517981750227
5517981750304
5517981750405
5517981751157
5517981752667
5517981754985
5517981757475
5517981759898
5517981759977
5517981761117
5517981764537
5517981764994
5517981765657
5517981767000
5517981767700
5517981768000
5517981769000
5517981769495
5517981770033
5517981770314
5517981770488
5517981771716
5517981774746
5517981775678
5517981775859
5517981777377
5517981778885
5517981779119
5517981782787
5517981784858
5517981790224
5517981791543
5517981791580
5517981791712
5517981791989
5517981793214
5517981793224
5517981793325
5517981793334
5517981793405
5517981793421
5517981793422
5517981793423
5517981793442
5517981793839
5517981793884
5517981794215
5517981794219
5517981799608
5517981799705
5517981799725
5517981799775
5517981799784
5517981801413
5517981803174
5517981804554
5517981804999
5517981805401
5517981805422
5517981806151
5517981806170
5517981807773
5517981808655
5517981809695
5517981809928
5517981811777
5517981812255
5517981813055
5517981813136
5517981813141
5517981813994
5517981815822
5517981815996
5517981817237
5517981817243
5517981817646
5517981818443
5517981819296
5517981819299
5517981820252
5517981823470
5517981824271
5517981827291
5517981827322
5517981831234
5517981831644
5517981833983
5517981839590
5517981840910
5517981841994
5517981842000
5517981842633
5517981843013
5517981844877
5517981845586
5517981847005
5517981848119
5517981848152
5517981848885
5517981849279
5517981849504
5517981850695
5517981851313
5517981853074
5517981853773
5517981856512
5517981857548
5517981859331
5517981859951
5517981860286
5517981863331
5517981866129
5517981866573
5517981866958
5517981867077
5517981867101
5517981867281
5517981867309
5517981868325
5517981870278
5517981870283
5517981870391
5517981871777
5517981874156
5517981876083
5517981877207
5517981877980
5517981878307
5517981878340
5517981880091
5517981880555
5517981882160
5517981884401
5517981885186
5517981885743
5517981886226
5517981887819
5517981888281
5517981888544
5517981888934
5517981889797
5517981889898
5517981889977
5517981890202
5517981893433
5517981893469
5517981894596
5517981894773
5517981895528
5517981899994
5517981901066
5517981901189
5517981901220
5517981901248
5517981901386
5517981901923
5517981903295
5517981906201
5517981911491
5517981911757
5517981911964
5517981912797
5517981913070
5517981913818
5517981914109
5517981914463
5517981915537
5517981915659
5517981915871
5517981915876
5517981916707
5517981917443
5517981920282
5517981920655
5517981921646
5517981923257
5517981923300
5517981924242
5517981924245
5517981924896
5517981925361
5517981925690
5517981925726
5517981926108
5517981926341
5517981926385
5517981926604
5517981930624
5517981931351
5517981931853
5517981931905
5517981932877
5517981933355
5517981933366
5517981933834
5517981933884
5517981934000
5517981934902
5517981938534
5517981938543
5517981939280
5517981943138
5517981943584
5517981945567
5517981954194
5517981954621
5517981954941
5517981958758
5517981969990
5517981973307
5517981973386
5517981974179
5517981974441
5517981976636
5517981976664
5517981976992
5517981977083
5517981977122
5517981978873
5517981979937
5517981985004
5517981985354
5517981986694
5517981989281
5517981989705
5517981990098
5517981992697
5517981994957
5517981994999
5517981996362
5517981997773
5517981998118
5517982002013
5517982004476
5517982004551
5517982005499
5517982005523
5517982010912
5517982012414
5517982015970
5517982016499
5517982018546
5517982018728
5517982019539
5517982019882
5517982020194
5517982021550
5517982023682
5517982023869
5517982024160
5517982024864
5517982027618
5517982030008
5517982032666
5517982032700
5517982034140
5517982035848
5517982041250
5517982041441
5517982041951
5517982044500
5517982046868
5517982050003
5517982051474
5517982055861
5517982063683
5517982065921
5517982067776
5517982067799
5517982073110
5517982073317
5517982073411
5517982075436
5517982075437
5517982075863
5517982081599
5517982081970
5517982084013
5517982087304
5517982087701
5517982089990
5517982089997
5517982091633
5517982091919
5517982092140
5517982093111
5517982094738
5517982096204
5517982099190
5517982099922
5517982100013
5517982100699
5517982101740
5517982103323
5517982104598
5517982104627
5517982106110
5517982110286
5517982113469
5517982120967
5517982121248
5517982121706
5517982123021
5517982124611
5517982125416
5517982125731
5517982126661
5517982128246
5517982135556
5517982136277
5517982137742
5517982137833
5517982137907
5517982139233
5517982143423
5517982143774
5517982149233
5517982149779
5517982153568
5517982155192
5517982156660
5517982158762
5517982161982
5517982162886
5517982163832
5517982168634
5517982173078
5517982173293
5517982177282
5517982178603
5517982181651
5517982182848
5517982182886
5517982182987
5517982182988
5517982184885
5517982187998
5517982188516
5517982199584
5517982200360
5517982200938
5517982205978
5517982206688
5517982209699
5517982219367
5517982229999
5517982235722
5517982237770
5517982238001
5517982238852
5517982242110
5517982242366
5517982242863
5517982251138
5517982254499
5517982259110
5517982262030
5517982270413
5517982270414
5517982271000
5517982290007
5517982290617
5517982294988
5517982297600
5517982297976
5517982298784
5517982300094
5517982300605
5517982308388
5517982310024
5517982310045
5517982796476
5517982834700
5517982855237
5517982964066
5517983213326
5517983213546
5517983300039
5517983313620
5517983411440
5517983572530
5517983572600
5517983675000
5517983738428
5517983811780
5517983912200
5517983961070
5517983972730
5517984345640
5517984427779
5517984674180
5517984772900
5517985433270
5517985691927
5517985705822
5517985788922
5517985792542
5517985917172
5517986100292
5517986383941
5517986440633
5517986626754
5517987200000
5517987216827
5517987248724
5517987255414
5517987430340
5517987451245
5517988000069
5517988000228
