5511993121985
5511993121988
5511993121993
5511993122001
5511993122004
5511993122005
5511993122014
5511993122016
5511993122039
5511993122041
5511993122052
5511993122060
5511993122064
5511993122092
5511993122110
5511993122126
5511993122138
5511993122165
5511993122171
5511993122172
5511993122173
5511993122193
5511993122195
5511993122201
5511993122207
5511993122216
5511993122218
5511993122247
5511993122252
5511993122264
5511993122268
5511993122273
5511993122274
5511993122288
5511993122290
5511993122299
5511993122308
5511993122309
5511993122329
5511993122338
5511993122339
5511993122341
5511993122342
5511993122344
5511993122359
5511993122376
5511993122401
5511993122403
5511993122407
5511993122409
5511993122424
5511993122439
5511993122448
5511993122451
5511993122453
5511993122454
5511993122459
5511993122465
5511993122466
5511993122474
5511993122485
5511993122486
5511993122498
5511993122507
5511993122511
5511993122517
5511993122520
5511993122525
5511993122526
5511993122529
5511993122534
5511993122550
5511993122554
5511993122560
5511993122566
5511993122570
5511993122574
5511993122576
5511993122577
5511993122594
5511993122596
5511993122600
5511993122602
5511993122605
5511993122606
5511993122619
5511993122633
5511993122635
5511993122658
5511993122663
5511993122665
5511993122667
5511993122687
5511993122689
5511993122709
5511993122718
5511993122731
5511993122741
5511993122755
5511993122767
5511993122777
5511993122793
5511993122805
5511993122806
5511993122811
5511993122815
5511993122832
5511993122836
5511993122847
5511993122857
5511993122859
5511993122861
5511993122870
5511993122877
5511993122881
5511993122890
5511993122900
5511993122908
5511993122911
5511993122927
5511993122969
5511993122976
5511993122988
5511993122991
5511993122993
5511993123000
5511993123026
5511993123040
5511993123060
5511993123066
5511993123080
5511993123082
5511993123084
5511993123085
5511993123092
5511993123094
5511993123116
5511993123134
5511993123136
5511993123143
5511993123154
5511993123156
5511993123164
5511993123173
5511993123179
5511993123187
5511993123196
5511993123198
5511993123204
5511993123209
5511993123210
5511993123214
5511993123217
5511993123230
5511993123234
5511993123243
5511993123249
5511993123250
5511993123257
5511993123265
5511993123272
5511993123275
5511993123276
5511993123282
5511993123307
5511993123317
5511993123320
5511993123328
5511993123329
5511993123332
5511993123336
5511993123369
5511993123373
5511993123385
5511993123407
5511993123422
5511993123434
5511993123439
5511993123455
5511993123469
5511993123474
5511993123483
5511993123502
5511993123517
5511993123524
5511993123527
5511993123528
5511993123531
5511993123540
5511993123554
5511993123575
5511993123578
5511993123580
5511993123589
5511993123597
5511993123616
5511993123617
5511993123626
5511993123628
5511993123633
5511993123649
5511993123667
5511993123677
5511993123699
5511993123706
5511993123709
5511993123712
5511993123717
5511993123727
5511993123728
5511993123729
5511993123732
5511993123736
5511993123738
5511993123745
5511993123747
5511993123754
5511993123755
5511993123759
5511993123785
5511993123787
5511993123790
5511993123820
5511993123840
5511993123848
5511993123851
5511993123853
5511993123860
5511993123882
5511993123889
5511993123898
5511993123906
5511993123919
5511993123921
5511993123944
5511993123945
5511993123948
5511993124022
5511993124025
5511993124027
5511993124036
5511993124045
5511993124053
5511993124055
5511993124059
5511993124068
5511993124075
5511993124084
5511993124087
5511993124110
5511993124167
5511993124169
5511993124191
5511993124192
5511993124210
5511993124214
5511993124216
5511993124255
5511993124259
5511993124260
5511993124263
5511993124264
5511993124266
5511993124277
5511993124285
5511993124289
5511993124291
5511993124293
5511993124294
5511993124302
5511993124309
5511993124312
5511993124315
5511993124316
5511993124338
5511993124339
5511993124342
5511993124350
5511993124362
5511993124371
5511993124406
5511993124417
5511993124427
5511993124441
5511993124457
5511993124469
5511993124486
5511993124496
5511993124497
5511993124504
5511993124517
5511993124538
5511993124548
5511993124570
5511993124572
5511993124579
5511993124588
5511993124590
5511993124600
5511993124611
5511993124617
5511993124622
5511993124630
5511993124635
5511993124636
5511993124637
5511993124641
5511993124650
5511993124651
5511993124656
5511993124659
5511993124661
5511993124672
5511993124691
5511993124700
5511993124702
5511993124703
5511993124725
5511993124726
5511993124748
5511993124751
5511993124752
5511993124762
5511993124764
5511993124775
5511993124778
5511993124795
5511993124810
5511993124820
5511993124824
5511993124833
5511993124835
5511993124842
5511993124848
5511993124874
5511993124883
5511993124887
5511993124902
5511993124910
5511993124916
5511993124925
5511993124936
5511993124937
5511993124940
5511993124941
5511993124946
5511993124988
5511993124992
5511993124999
5511993125002
5511993125007
5511993125013
5511993125021
5511993125022
5511993125034
5511993125039
5511993125047
5511993125049
5511993125059
5511993125066
5511993125087
5511993125095
5511993125121
5511993125128
5511993125133
5511993125138
5511993125154
5511993125161
5511993125184
5511993125186
5511993125216
5511993125231
5511993125249
5511993125251
5511993125252
5511993125258
5511993125261
5511993125262
5511993125269
5511993125273
5511993125274
5511993125291
5511993125293
5511993125302
5511993125308
5511993125361
5511993125366
5511993125370
5511993125375
5511993125380
5511993125420
5511993125422
5511993125441
5511993125444
5511993125462
5511993125469
5511993125471
5511993125486
5511993125492
5511993125494
5511993125514
5511993125529
5511993125536
5511993125549
5511993125563
5511993125567
5511993125570
5511993125573
5511993125580
5511993125590
5511993125599
5511993125602
5511993125605
5511993125609
5511993125622
5511993125629
5511993125630
5511993125635
5511993125640
5511993125642
5511993125644
5511993125658
5511993125659
5511993125678
5511993125681
5511993125732
5511993125736
5511993125737
5511993125740
5511993125747
5511993125767
5511993125778
5511993125781
5511993125791
5511993125802
5511993125803
5511993125831
5511993125858
5511993125861
5511993125871
5511993125872
5511993125883
5511993125891
5511993125899
5511993125909
5511993125914
5511993125925
5511993125930
5511993125934
5511993125943
5511993125955
5511993125957
5511993125959
5511993125964
5511993125965
5511993125968
5511993125971
5511993125980
5511993125986
5511993125988
5511993126029
5511993126036
5511993126040
5511993126047
5511993126062
5511993126063
5511993126064
5511993126066
5511993126072
5511993126080
5511993126081
5511993126097
5511993126098
5511993126103
5511993126105
5511993126109
5511993126119
5511993126137
5511993126159
5511993126161
5511993126162
5511993126170
5511993126183
5511993126187
5511993126203
5511993126208
5511993126218
5511993126244
5511993126266
5511993126288
5511993126293
5511993126330
5511993126334
5511993126341
5511993126348
5511993126355
5511993126358
5511993126361
5511993126372
5511993126383
5511993126393
5511993126395
5511993126396
5511993126421
5511993126438
5511993126446
5511993126455
5511993126460
5511993126462
5511993126472
5511993126477
5511993126497
5511993126509
5511993126512
5511993126514
5511993126519
5511993126524
5511993126534
5511993126563
5511993126568
5511993126575
5511993126582
5511993126601
5511993126612
5511993126621
5511993126628
5511993126634
5511993126643
5511993126651
5511993126653
5511993126665
5511993126666
5511993126676
5511993126678
5511993126686
5511993126712
5511993126715
5511993126721
5511993126722
5511993126728
5511993126751
5511993126791
5511993126807
5511993126822
5511993126845
5511993126846
5511993126850
5511993126859
5511993126864
5511993126866
5511993126885
5511993126886
5511993126893
5511993126902
5511993126907
5511993126909
5511993126912
5511993126920
5511993126925
5511993126930
5511993126939
5511993126941
5511993126945
5511993126949
5511993126952
5511993126960
5511993126981
5511993126986
5511993126992
5511993126993
5511993127034
5511993127042
5511993127049
5511993127052
5511993127058
5511993127059
5511993127080
5511993127081
5511993127083
5511993127087
5511993127090
5511993127093
5511993127103
5511993127108
5511993127155
5511993127158
5511993127178
5511993127193
5511993127207
5511993127211
5511993127230
5511993127231
5511993127239
5511993127256
5511993127259
5511993127271
5511993127280
5511993127283
5511993127290
5511993127293
5511993127321
5511993127331
5511993127339
5511993127355
5511993127359
5511993127366
5511993127376
5511993127377
5511993127381
5511993127383
5511993127425
5511993127431
5511993127432
5511993127433
5511993127436
5511993127448
5511993127479
5511993127486
5511993127491
5511993127509
5511993127510
5511993127516
5511993127517
5511993127528
5511993127560
5511993127561
5511993127576
5511993127605
5511993127624
5511993127627
5511993127639
5511993127644
5511993127651
5511993127657
5511993127684
5511993127701
5511993127702
5511993127707
5511993127714
5511993127723
5511993127724
5511993127725
5511993127741
5511993127744
5511993127751
5511993127752
5511993127757
5511993127760
5511993127764
5511993127766
5511993127780
5511993127781
5511993127783
5511993127792
5511993127795
5511993127797
5511993127809
5511993127837
5511993127841
5511993127845
5511993127859
5511993127862
5511993127863
5511993127873
5511993127876
5511993127880
5511993127892
5511993127895
5511993127899
5511993127903
5511993127906
5511993127916
5511993127918
5511993127932
5511993127936
5511993127946
5511993127948
5511993127955
5511993127958
5511993127960
5511993127985
5511993127997
5511993128015
5511993128053
5511993128060
5511993128064
5511993128071
5511993128076
5511993128095
5511993128098
5511993128117
5511993128124
5511993128125
5511993128127
5511993128129
5511993128136
5511993128153
5511993128177
5511993128179
5511993128184
5511993128193
5511993128198
5511993128230
5511993128231
5511993128240
5511993128257
5511993128269
5511993128278
5511993128289
5511993128293
5511993128294
5511993128301
5511993128304
5511993128327
5511993128329
5511993128351
5511993128359
5511993128360
5511993128363
5511993128384
5511993128396
5511993128403
5511993128408
5511993128415
5511993128433
5511993128448
5511993128463
5511993128523
5511993128542
5511993128546
5511993128549
5511993128575
5511993128583
5511993128584
5511993128595
5511993128596
5511993128601
5511993128614
5511993128624
5511993128627
5511993128643
5511993128646
5511993128650
5511993128653
5511993128657
5511993128659
5511993128666
5511993128690
5511993128692
5511993128699
5511993128714
5511993128731
5511993128740
5511993128746
5511993128770
5511993128774
5511993128788
5511993128790
5511993128793
5511993128794
5511993128809
5511993128812
5511993128821
5511993128823
5511993128836
5511993128843
5511993128846
5511993128879
5511993128897
5511993128908
5511993128925
5511993128931
5511993128933
5511993128940
5511993128946
5511993128950
5511993128954
5511993128956
5511993128957
5511993128958
5511993128963
5511993128964
5511993128973
5511993128998
5511993129000
5511993129026
5511993129029
5511993129031
5511993129032
5511993129039
5511993129061
5511993129065
5511993129066
5511993129073
5511993129078
5511993129081
5511993129086
5511993129090
5511993129091
5511993129094
5511993129096
5511993129104
5511993129108
5511993129113
5511993129114
5511993129122
5511993129127
5511993129129
5511993129139
5511993129140
5511993129152
5511993129154
5511993129161
5511993129180
5511993129184
5511993129188
5511993129192
5511993129196
5511993129206
5511993129211
5511993129215
5511993129225
5511993129229
5511993129234
5511993129237
5511993129243
5511993129267
5511993129274
5511993129280
5511993129290
5511993129301
5511993129303
5511993129305
5511993129308
5511993129309
5511993129313
5511993129316
5511993129331
5511993129349
5511993129359
5511993129362
5511993129365
5511993129371
5511993129392
5511993129400
5511993129410
5511993129418
5511993129433
5511993129436
5511993129439
5511993129447
5511993129483
5511993129504
5511993129516
5511993129521
5511993129527
5511993129529
5511993129558
5511993129563
5511993129570
5511993129575
5511993129578
5511993129601
5511993129609
5511993129626
5511993129635
5511993129642
5511993129698
5511993129706
5511993129707
5511993129712
5511993129715
5511993129720
5511993129722
5511993129728
5511993129740
5511993129758
5511993129775
5511993129792
5511993129793
5511993129794
5511993129804
5511993129818
5511993129831
5511993129838
5511993129848
5511993129857
5511993129868
5511993129875
5511993129878
5511993129894
5511993129895
5511993129898
5511993129902
5511993129905
5511993129907
5511993129911
5511993129912
5511993129917
5511993129920
5511993129927
5511993129933
5511993129934
5511993129943
5511993129950
5511993129963
5511993129973
5511993129974
5511993129990
5511993129995
5511993130001
5511993130008
5511993130009
5511993130022
5511993130023
5511993130030
5511993130038
5511993130049
5511993130055
5511993130066
5511993130072
5511993130077
5511993130084
5511993130087
5511993130089
5511993130092
5511993130095
5511993130114
5511993130126
5511993130130
5511993130142
5511993130151
5511993130155
5511993130192
5511993130225
5511993130236
5511993130245
5511993130249
5511993130255
5511993130258
5511993130259
5511993130281
5511993130284
5511993130295
5511993130311
5511993130338
5511993130339
5511993130341
5511993130354
5511993130362
5511993130365
5511993130384
5511993130400
5511993130408
5511993130418
5511993130435
5511993130445
5511993130447
5511993130448
5511993130466
5511993130468
5511993130480
5511993130487
5511993130492
5511993130498
5511993130499
5511993130522
5511993130526
5511993130535
5511993130537
5511993130550
5511993130556
5511993130557
5511993130565
5511993130584
5511993130587
5511993130605
5511993130630
5511993130635
5511993130636
5511993130651
5511993130662
5511993130668
5511993130678
5511993130686
5511993130719
5511993130736
5511993130742
5511993130746
5511993130758
5511993130759
5511993130763
5511993130767
5511993130774
5511993130779
5511993130784
5511993130804
5511993130805
5511993130819
5511993130824
5511993130831
5511993130832
5511993130844
5511993130847
5511993130863
5511993130866
5511993130876
5511993130879
5511993130891
5511993130898
5511993130901
5511993130902
5511993130937
5511993130942
5511993130987
5511993131001
5511993131018
5511993131023
5511993131038
5511993131048
5511993131053
5511993131056
5511993131077
5511993131080
5511993131085
5511993131104
5511993131112
5511993131114
5511993131118
5511993131119
5511993131124
5511993131187
5511993131194
5511993131220
5511993131222
5511993131226
5511993131238
5511993131240
5511993131245
5511993131250
5511993131256
5511993131261
5511993131264
5511993131265
5511993131270
5511993131280
5511993131281
5511993131283
5511993131302
5511993131311
5511993131317
5511993131320
5511993131324
5511993131329
5511993131330
5511993131338
5511993131348
5511993131356
5511993131357
5511993131363
5511993131365
5511993131379
5511993131384
5511993131394
5511993131398
5511993131452
5511993131476
5511993131481
5511993131496
5511993131511
5511993131526
5511993131528
5511993131530
5511993131532
5511993131535
5511993131537
5511993131540
5511993131549
5511993131554
5511993131560
5511993131569
5511993131587
5511993131608
5511993131615
5511993131632
5511993131639
5511993131643
5511993131656
5511993131659
5511993131661
5511993131676
5511993131697
5511993131699
5511993131728
5511993131732
5511993131742
5511993131787
5511993131788
5511993131791
5511993131828
5511993131830
5511993131835
5511993131845
5511993131849
5511993131861
5511993131870
5511993131897
5511993131900
5511993131909
5511993131920
5511993131924
5511993131943
5511993131945
5511993131947
5511993131952
5511993131954
5511993131967
5511993131970
5511993131972
5511993131978
5511993131984
5511993131987
5511993131990
5511993132013
5511993132018
5511993132019
5511993132021
5511993132024
5511993132039
5511993132042
5511993132050
5511993132052
5511993132059
5511993132069
5511993132070
5511993132097
5511993132098
5511993132104
5511993132110
5511993132124
5511993132131
5511993132144
5511993132149
5511993132155
5511993132167
5511993132168
5511993132195
5511993132221
5511993132227
5511993132235
5511993132238
5511993132241
5511993132264
5511993132284
5511993132302
5511993132303
5511993132327
5511993132330
5511993132341
5511993132344
5511993132347
5511993132355
5511993132356
5511993132365
5511993132367
5511993132380
5511993132392
5511993132403
5511993132405
5511993132406
5511993132421
5511993132425
5511993132431
5511993132451
5511993132456
5511993132458
5511993132479
5511993132540
5511993132544
5511993132547
5511993132558
5511993132569
5511993132578
5511993132584
5511993132585
5511993132599
5511993132604
5511993132610
5511993132616
5511993132621
5511993132630
5511993132633
5511993132638
5511993132641
5511993132643
5511993132661
5511993132669
5511993132679
5511993132699
5511993132707
5511993132713
5511993132733
5511993132749
5511993132762
5511993132766
5511993132771
5511993132787
5511993132795
5511993132812
5511993132821
5511993132824
5511993132843
5511993132853
5511993132859
5511993132861
5511993132880
5511993132887
5511993132888
5511993132896
5511993132902
5511993132907
5511993132908
5511993132927
5511993132929
5511993132935
5511993132955
5511993132962
5511993132965
5511993132977
5511993132992
5511993132997
5511993133001
5511993133018
5511993133029
5511993133050
5511993133061
5511993133072
5511993133073
5511993133096
5511993133102
5511993133103
5511993133106
5511993133128
5511993133132
5511993133136
5511993133139
5511993133150
5511993133155
5511993133156
5511993133157
5511993133160
5511993133161
5511993133170
5511993133178
5511993133181
5511993133184
5511993133185
5511993133188
5511993133201
5511993133204
5511993133205
5511993133212
5511993133226
5511993133241
5511993133244
5511993133246
5511993133264
5511993133281
5511993133303
5511993133309
5511993133311
5511993133322
5511993133327
5511993133330
5511993133331
5511993133333
5511993133339
5511993133354
5511993133355
5511993133356
5511993133373
5511993133382
5511993133384
5511993133390
5511993133396
5511993133427
5511993133435
5511993133459
5511993133471
5511993133474
5511993133486
5511993133487
5511993133492
5511993133496
5511993133503
5511993133507
5511993133528
5511993133534
5511993133535
5511993133536
5511993133545
5511993133547
5511993133601
5511993133622
5511993133626
5511993133634
5511993133638
5511993133667
5511993133671
5511993133680
5511993133692
5511993133699
5511993133704
5511993133708
5511993133711
5511993133716
5511993133718
5511993133726
5511993133727
5511993133729
5511993133740
5511993133743
5511993133744
5511993133745
5511993133750
5511993133758
5511993133759
5511993133764
5511993133769
5511993133771
5511993133783
5511993133789
5511993133793
5511993133800
5511993133803
5511993133804
5511993133828
5511993133858
5511993133871
5511993133872
5511993133877
5511993133904
5511993133934
5511993133958
5511993133974
5511993133979
5511993133981
5511993133983
5511993133986
5511993133990
5511993133994
5511993134002
5511993134015
5511993134020
5511993134021
5511993134028
5511993134031
5511993134040
5511993134041
5511993134050
5511993134077
5511993134080
5511993134099
5511993134100
5511993134123
5511993134128
5511993134129
5511993134133
5511993134136
5511993134154
5511993134155
5511993134168
5511993134180
5511993134203
5511993134223
5511993134226
5511993134228
5511993134241
5511993134246
5511993134250
5511993134257
5511993134262
5511993134278
5511993134284
5511993134286
5511993134288
5511993134289
5511993134299
5511993134312
5511993134337
5511993134362
5511993134363
5511993134379
5511993134381
5511993134383
5511993134387
5511993134393
5511993134396
5511993134400
5511993134406
5511993134409
5511993134417
5511993134429
5511993134431
5511993134432
5511993134442
5511993134449
5511993134460
5511993134465
5511993134475
5511993134478
5511993134495
5511993134509
5511993134511
5511993134512
5511993134515
5511993134518
5511993134524
5511993134540
5511993134541
5511993134545
5511993134567
5511993134568
5511993134570
5511993134572
5511993134580
5511993134581
5511993134604
5511993134610
5511993134614
5511993134617
5511993134618
5511993134621
5511993134678
5511993134693
5511993134703
5511993134706
5511993134728
5511993134732
5511993134763
5511993134764
5511993134765
5511993134769
5511993134771
5511993134777
5511993134780
5511993134793
5511993134807
5511993134831
5511993134837
5511993134844
5511993134846
5511993134853
5511993134855
5511993134863
5511993134865
5511993134874
5511993134875
5511993134902
5511993134914
5511993134930
5511993134931
5511993134934
5511993134938
5511993134939
5511993134940
5511993134946
5511993134951
5511993134957
5511993134966
5511993134978
5511993134983
5511993134984
5511993134987
5511993135002
5511993135019
5511993135046
5511993135048
5511993135065
5511993135067
5511993135079
5511993135086
5511993135090
5511993135098
5511993135145
5511993135153
5511993135161
5511993135172
5511993135176
5511993135177
5511993135180
5511993135184
5511993135186
5511993135200
5511993135210
5511993135220
5511993135225
5511993135230
5511993135233
5511993135234
5511993135237
5511993135241
5511993135248
5511993135257
5511993135259
5511993135280
5511993135317
5511993135319
5511993135321
5511993135327
5511993135329
5511993135340
5511993135361
5511993135365
5511993135376
5511993135393
5511993135406
5511993135409
5511993135413
5511993135416
5511993135434
5511993135437
5511993135438
5511993135467
5511993135474
5511993135483
5511993135509
5511993135512
5511993135532
5511993135539
5511993135540
5511993135542
5511993135554
5511993135556
5511993135561
5511993135575
5511993135579
5511993135583
5511993135597
5511993135612
5511993135613
5511993135628
5511993135634
5511993135663
5511993135677
5511993135691
5511993135692
5511993135714
5511993135731
5511993135740
5511993135748
5511993135770
5511993135779
5511993135795
5511993135808
5511993135810
5511993135814
5511993135824
5511993135826
5511993135831
5511993135843
5511993135862
5511993135863
5511993135878
5511993135881
5511993135884
5511993135912
5511993135914
5511993135937
5511993135944
5511993135945
5511993135948
5511993135949
5511993135968
5511993135969
5511993135972
5511993135982
5511993135983
5511993135993
5511993136004
5511993136009
5511993136015
5511993136029
5511993136030
5511993136031
5511993136044
5511993136059
5511993136061
5511993136086
5511993136090
5511993136115
5511993136131
5511993136146
5511993136150
5511993136158
5511993136184
5511993136223
5511993136246
5511993136248
5511993136269
5511993136271
5511993136274
5511993136277
5511993136295
5511993136338
5511993136341
5511993136348
5511993136362
5511993136365
5511993136386
5511993136407
5511993136408
5511993136410
5511993136414
5511993136419
5511993136424
5511993136471
5511993136477
5511993136481
5511993136486
5511993136499
5511993136507
5511993136508
5511993136509
5511993136511
5511993136539
5511993136554
5511993136565
5511993136581
5511993136612
5511993136617
5511993136623
5511993136637
5511993136640
5511993136667
5511993136682
5511993136695
5511993136698
5511993136704
5511993136714
5511993136716
5511993136723
5511993136729
5511993136736
5511993136743
5511993136761
5511993136765
5511993136773
5511993136775
5511993136782
5511993136784
5511993136785
5511993136796
5511993136808
5511993136823
5511993136829
5511993136834
5511993136851
5511993136855
5511993136857
5511993136860
5511993136861
5511993136879
5511993136885
5511993136887
5511993136903
5511993136911
5511993136929
5511993136934
5511993136951
5511993136967
5511993136979
5511993136996
5511993137015
5511993137021
5511993137055
5511993137066
5511993137069
5511993137078
5511993137082
5511993137086
5511993137088
5511993137094
5511993137110
5511993137114
5511993137115
5511993137127
5511993137146
5511993137149
5511993137155
5511993137166
5511993137190
5511993137195
5511993137199
5511993137209
5511993137215
5511993137219
5511993137224
5511993137238
5511993137245
5511993137248
5511993137255
5511993137257
5511993137262
5511993137281
5511993137307
5511993137316
5511993137319
5511993137321
5511993137324
5511993137343
5511993137344
5511993137348
5511993137351
5511993137370
5511993137377
5511993137379
5511993137401
5511993137403
5511993137410
5511993137413
5511993137426
5511993137435
5511993137438
5511993137440
5511993137450
5511993137455
5511993137495
5511993137501
5511993137509
5511993137531
5511993137535
5511993137536
5511993137544
5511993137550
5511993137560
5511993137561
5511993137562
5511993137588
5511993137604
5511993137608
5511993137611
5511993137620
5511993137637
5511993137642
5511993137644
5511993137647
5511993137665
5511993137669
5511993137689
5511993137699
5511993137700
5511993137701
5511993137705
5511993137707
5511993137711
5511993137712
5511993137720
5511993137726
5511993137734
5511993137739
5511993137751
5511993137758
5511993137759
5511993137765
5511993137780
5511993137789
5511993137797
5511993137800
5511993137801
5511993137811
5511993137812
5511993137817
5511993137830
5511993137831
5511993137844
5511993137845
5511993137849
5511993137851
5511993137853
5511993137856
5511993137863
5511993137870
5511993137875
5511993137885
5511993137896
5511993137904
5511993137920
5511993137924
5511993137935
5511993137946
5511993137958
5511993137961
5511993137963
5511993137980
5511993138006
5511993138036
5511993138042
5511993138053
5511993138075
5511993138077
5511993138085
5511993138114
5511993138131
5511993138132
5511993138171
5511993138172
5511993138179
5511993138186
5511993138192
5511993138211
5511993138221
5511993138224
5511993138231
5511993138239
5511993138259
5511993138269
5511993138272
5511993138279
5511993138291
5511993138293
5511993138297
5511993138301
5511993138302
5511993138305
5511993138313
5511993138317
5511993138334
5511993138338
5511993138350
5511993138359
5511993138392
5511993138407
5511993138446
5511993138459
5511993138462
5511993138463
5511993138488
5511993138513
5511993138519
5511993138522
5511993138523
5511993138547
5511993138549
5511993138555
5511993138566
5511993138577
5511993138586
5511993138600
5511993138634
5511993138637
5511993138640
5511993138649
5511993138682
5511993138687
5511993138714
5511993138719
5511993138732
5511993138745
5511993138750
5511993138752
5511993138754
5511993138755
5511993138758
5511993138788
5511993138803
5511993138811
5511993138814
5511993138816
5511993138821
5511993138832
5511993138838
5511993138843
5511993138850
5511993138872
5511993138873
5511993138886
5511993138889
5511993138890
5511993138893
5511993138894
5511993138905
5511993138922
5511993138930
5511993138938
5511993138965
5511993138975
5511993138991
5511993138996
5511993139000
5511993139027
5511993139034
5511993139038
5511993139040
5511993139049
5511993139053
5511993139057
5511993139066
5511993139068
5511993139076
5511993139080
5511993139089
5511993139093
5511993139106
5511993139114
5511993139117
5511993139119
5511993139120
5511993139129
5511993139131
5511993139134
5511993139135
5511993139139
5511993139154
5511993139159
5511993139173
5511993139174
5511993139175
5511993139181
5511993139182
5511993139185
5511993139210
5511993139211
5511993139216
5511993139217
5511993139225
5511993139239
5511993139242
5511993139254
5511993139256
5511993139259
5511993139262
5511993139265
5511993139270
5511993139282
5511993139285
5511993139287
5511993139289
5511993139293
5511993139307
5511993139308
5511993139313
5511993139324
5511993139326
5511993139350
5511993139352
5511993139366
5511993139367
5511993139376
5511993139378
5511993139384
5511993139400
5511993139402
5511993139407
5511993139413
5511993139423
5511993139435
5511993139451
5511993139454
5511993139474
5511993139479
5511993139497
5511993139508
5511993139511
5511993139528
5511993139544
5511993139546
5511993139553
5511993139557
5511993139572
5511993139582
5511993139588
5511993139596
5511993139613
5511993139624
5511993139642
5511993139687
5511993139696
5511993139700
5511993139714
5511993139728
5511993139739
5511993139747
5511993139754
5511993139755
5511993139765
5511993139782
5511993139788
5511993139797
5511993139799
5511993139801
5511993139812
5511993139815
5511993139819
5511993139821
5511993139822
5511993139823
5511993139841
5511993139843
5511993139848
