5511992310693
5511992310696
5511992310707
5511992310720
5511992310735
5511992310736
5511992310759
5511992310763
5511992310772
5511992310774
5511992310791
5511992310823
5511992310840
5511992310858
5511992310886
5511992310898
5511992310927
5511992310931
5511992310937
5511992310955
5511992310967
5511992310974
5511992310979
5511992310992
5511992311013
5511992311028
5511992311029
5511992311046
5511992311054
5511992311055
5511992311078
5511992311085
5511992311086
5511992311110
5511992311127
5511992311128
5511992311144
5511992311148
5511992311149
5511992311157
5511992311165
5511992311194
5511992311206
5511992311210
5511992311215
5511992311236
5511992311251
5511992311262
5511992311264
5511992311274
5511992311292
5511992311315
5511992311328
5511992311333
5511992311336
5511992311368
5511992311414
5511992311428
5511992311432
5511992311468
5511992311472
5511992311484
5511992311486
5511992311490
5511992311497
5511992311504
5511992311510
5511992311516
5511992311535
5511992311536
5511992311537
5511992311547
5511992311566
5511992311585
5511992311607
5511992311608
5511992311629
5511992311636
5511992311646
5511992311648
5511992311658
5511992311676
5511992311678
5511992311681
5511992311682
5511992311689
5511992311704
5511992311715
5511992311739
5511992311741
5511992311765
5511992311783
5511992311786
5511992311796
5511992311803
5511992311871
5511992311888
5511992311897
5511992311898
5511992311915
5511992311928
5511992311932
5511992311933
5511992311953
5511992311977
5511992311982
5511992311989
5511992312005
5511992312007
5511992312043
5511992312055
5511992312058
5511992312063
5511992312068
5511992312069
5511992312103
5511992312104
5511992312115
5511992312116
5511992312120
5511992312131
5511992312134
5511992312142
5511992312146
5511992312149
5511992312159
5511992312161
5511992312172
5511992312173
5511992312174
5511992312198
5511992312203
5511992312206
5511992312252
5511992312257
5511992312264
5511992312270
5511992312272
5511992312281
5511992312282
5511992312301
5511992312304
5511992312308
5511992312325
5511992312340
5511992312344
5511992312346
5511992312348
5511992312382
5511992312383
5511992312385
5511992312394
5511992312400
5511992312420
5511992312439
5511992312456
5511992312459
5511992312472
5511992312480
5511992312486
5511992312514
5511992312519
5511992312522
5511992312557
5511992312565
5511992312577
5511992312601
5511992312605
5511992312607
5511992312627
5511992312637
5511992312664
5511992312670
5511992312672
5511992312683
5511992312687
5511992312703
5511992312711
5511992312717
5511992312731
5511992312735
5511992312743
5511992312746
5511992312755
5511992312770
5511992312772
5511992312776
5511992312784
5511992312791
5511992312796
5511992312832
5511992312835
5511992312844
5511992312846
5511992312853
5511992312865
5511992312874
5511992312886
5511992312894
5511992312914
5511992312927
5511992312932
5511992312937
5511992312960
5511992312974
5511992312980
5511992312999
5511992313006
5511992313017
5511992313044
5511992313047
5511992313060
5511992313066
5511992313072
5511992313089
5511992313100
5511992313109
5511992313113
5511992313124
5511992313130
5511992313132
5511992313136
5511992313144
5511992313148
5511992313149
5511992313163
5511992313174
5511992313179
5511992313187
5511992313206
5511992313211
5511992313217
5511992313233
5511992313241
5511992313252
5511992313262
5511992313265
5511992313268
5511992313275
5511992313297
5511992313298
5511992313330
5511992313333
5511992313362
5511992313403
5511992313430
5511992313431
5511992313435
5511992313438
5511992313449
5511992313459
5511992313472
5511992313474
5511992313490
5511992313492
5511992313494
5511992313520
5511992313550
5511992313556
5511992313571
5511992313606
5511992313609
5511992313614
5511992313621
5511992313638
5511992313651
5511992313653
5511992313655
5511992313679
5511992313681
5511992313690
5511992313691
5511992313701
5511992313718
5511992313719
5511992313723
5511992313728
5511992313739
5511992313748
5511992313756
5511992313771
5511992313777
5511992313786
5511992313788
5511992313794
5511992313795
5511992313801
5511992313813
5511992313814
5511992313826
5511992313831
5511992313857
5511992313881
5511992313885
5511992313890
5511992313895
5511992313906
5511992313913
5511992313961
5511992313970
5511992313978
5511992314000
5511992314003
5511992314010
5511992314023
5511992314030
5511992314043
5511992314058
5511992314062
5511992314086
5511992314101
5511992314116
5511992314131
5511992314134
5511992314135
5511992314148
5511992314150
5511992314162
5511992314173
5511992314209
5511992314215
5511992314217
5511992314223
5511992314232
5511992314257
5511992314264
5511992314282
5511992314288
5511992314307
5511992314331
5511992314347
5511992314353
5511992314368
5511992314369
5511992314377
5511992314383
5511992314386
5511992314388
5511992314394
5511992314401
5511992314406
5511992314407
5511992314411
5511992314440
5511992314444
5511992314492
5511992314518
5511992314520
5511992314523
5511992314556
5511992314559
5511992314565
5511992314566
5511992314581
5511992314586
5511992314591
5511992314597
5511992314599
5511992314607
5511992314644
5511992314656
5511992314662
5511992314668
5511992314676
5511992314694
5511992314708
5511992314713
5511992314731
5511992314733
5511992314736
5511992314745
5511992314762
5511992314769
5511992314770
5511992314777
5511992314798
5511992314803
5511992314809
5511992314818
5511992314820
5511992314822
5511992314830
5511992314848
5511992314887
5511992314899
5511992314913
5511992314919
5511992314921
5511992314924
5511992314932
5511992314937
5511992314948
5511992314959
5511992314962
5511992314976
5511992314977
5511992314986
5511992314988
5511992314990
5511992314993
5511992314996
5511992315001
5511992315005
5511992315025
5511992315029
5511992315030
5511992315048
5511992315050
5511992315056
5511992315065
5511992315070
5511992315085
5511992315087
5511992315093
5511992315097
5511992315104
5511992315106
5511992315144
5511992315146
5511992315147
5511992315160
5511992315168
5511992315175
5511992315177
5511992315178
5511992315211
5511992315219
5511992315248
5511992315255
5511992315266
5511992315273
5511992315280
5511992315285
5511992315325
5511992315386
5511992315387
5511992315393
5511992315408
5511992315418
5511992315426
5511992315431
5511992315439
5511992315450
5511992315469
5511992315474
5511992315493
5511992315495
5511992315497
5511992315517
5511992315518
5511992315536
5511992315542
5511992315566
5511992315581
5511992315586
5511992315605
5511992315619
5511992315662
5511992315669
5511992315674
5511992315731
5511992315732
5511992315740
5511992315743
5511992315757
5511992315763
5511992315769
5511992315791
5511992315793
5511992315809
5511992315828
5511992315851
5511992315853
5511992315889
5511992315906
5511992315922
5511992315939
5511992315943
5511992315958
5511992315959
5511992315961
5511992315971
5511992315981
5511992315988
5511992316007
5511992316077
5511992316078
5511992316082
5511992316106
5511992316112
5511992316115
5511992316128
5511992316134
5511992316179
5511992316194
5511992316198
5511992316209
5511992316212
5511992316213
5511992316221
5511992316226
5511992316229
5511992316230
5511992316249
5511992316252
5511992316269
5511992316271
5511992316272
5511992316299
5511992316311
5511992316314
5511992316315
5511992316331
5511992316340
5511992316361
5511992316363
5511992316373
5511992316402
5511992316433
5511992316438
5511992316512
5511992316525
5511992316533
5511992316549
5511992316564
5511992316607
5511992316613
5511992316627
5511992316645
5511992316665
5511992316673
5511992316688
5511992316708
5511992316713
5511992316720
5511992316728
5511992316730
5511992316764
5511992316788
5511992316789
5511992316830
5511992316831
5511992316840
5511992316855
5511992316867
5511992316872
5511992316873
5511992316879
5511992316897
5511992316919
5511992316921
5511992316927
5511992316938
5511992316939
5511992316951
5511992316958
5511992316962
5511992316970
5511992316977
5511992316985
5511992316990
5511992316997
5511992317013
5511992317021
5511992317029
5511992317047
5511992317054
5511992317059
5511992317070
5511992317090
5511992317092
5511992317097
5511992317111
5511992317128
5511992317152
5511992317163
5511992317178
5511992317193
5511992317212
5511992317214
5511992317222
5511992317228
5511992317232
5511992317257
5511992317263
5511992317266
5511992317271
5511992317278
5511992317299
5511992317312
5511992317314
5511992317328
5511992317335
5511992317342
5511992317355
5511992317357
5511992317379
5511992317381
5511992317382
5511992317384
5511992317388
5511992317390
5511992317400
5511992317406
5511992317416
5511992317426
5511992317427
5511992317433
5511992317442
5511992317446
5511992317455
5511992317460
5511992317461
5511992317463
5511992317464
5511992317469
5511992317471
5511992317475
5511992317497
5511992317499
5511992317503
5511992317512
5511992317523
5511992317535
5511992317587
5511992317598
5511992317611
5511992317616
5511992317618
5511992317638
5511992317653
5511992317668
5511992317672
5511992317688
5511992317691
5511992317700
5511992317710
5511992317723
5511992317746
5511992317748
5511992317751
5511992317764
5511992317771
5511992317786
5511992317815
5511992317826
5511992317831
5511992317844
5511992317862
5511992317873
5511992317887
5511992317897
5511992317898
5511992317901
5511992317904
5511992317915
5511992317923
5511992317930
5511992317934
5511992317949
5511992317951
5511992317952
5511992317959
5511992317980
5511992317992
5511992317997
5511992318003
5511992318009
5511992318012
5511992318019
5511992318029
5511992318040
5511992318049
5511992318056
5511992318058
5511992318068
5511992318073
5511992318075
5511992318082
5511992318086
5511992318097
5511992318112
5511992318115
5511992318121
5511992318123
5511992318147
5511992318150
5511992318158
5511992318161
5511992318163
5511992318171
5511992318211
5511992318228
5511992318236
5511992318269
5511992318288
5511992318292
5511992318323
5511992318328
5511992318370
5511992318380
5511992318382
5511992318383
5511992318393
5511992318426
5511992318428
5511992318429
5511992318457
5511992318472
5511992318500
5511992318507
5511992318519
5511992318526
5511992318528
5511992318541
5511992318554
5511992318558
5511992318565
5511992318590
5511992318596
5511992318614
5511992318620
5511992318625
5511992318627
5511992318638
5511992318642
5511992318677
5511992318708
5511992318709
5511992318711
5511992318713
5511992318715
5511992318728
5511992318758
5511992318765
5511992318790
5511992318804
5511992318809
5511992318831
5511992318836
5511992318844
5511992318850
5511992318855
5511992318859
5511992318860
5511992318861
5511992318873
5511992318885
5511992318897
5511992318910
5511992318920
5511992318937
5511992318960
5511992318999
5511992319004
5511992319015
5511992319024
5511992319027
5511992319030
5511992319037
5511992319067
5511992319079
5511992319092
5511992319093
5511992319106
5511992319121
5511992319124
5511992319147
5511992319172
5511992319195
5511992319206
5511992319214
5511992319225
5511992319227
5511992319235
5511992319262
5511992319272
5511992319274
5511992319288
5511992319291
5511992319326
5511992319331
5511992319339
5511992319354
5511992319383
5511992319388
5511992319403
5511992319412
5511992319451
5511992319454
5511992319463
5511992319475
5511992319486
5511992319498
5511992319499
5511992319502
5511992319515
5511992319539
5511992319573
5511992319579
5511992319624
5511992319650
5511992319655
5511992319667
5511992319671
5511992319679
5511992319687
5511992319746
5511992319748
5511992319749
5511992319750
5511992319759
5511992319761
5511992319763
5511992319770
5511992319776
5511992319801
5511992319808
5511992319809
5511992319812
5511992319814
5511992319830
5511992319846
5511992319859
5511992319865
5511992319873
5511992319890
5511992319915
5511992319917
5511992319918
5511992319920
5511992319921
5511992319932
5511992319935
5511992319976
5511992320000
5511992320006
5511992320014
5511992320021
5511992320025
5511992320034
5511992320035
5511992320049
5511992320050
5511992320056
5511992320060
5511992320061
5511992320064
5511992320065
5511992320066
5511992320085
5511992320089
5511992320109
5511992320114
5511992320119
5511992320126
5511992320131
5511992320133
5511992320135
5511992320137
5511992320139
5511992320141
5511992320148
5511992320151
5511992320154
5511992320156
5511992320164
5511992320177
5511992320182
5511992320185
5511992320197
5511992320210
5511992320215
5511992320220
5511992320228
5511992320231
5511992320245
5511992320246
5511992320252
5511992320254
5511992320261
5511992320262
5511992320264
5511992320267
5511992320271
5511992320273
5511992320278
5511992320280
5511992320291
5511992320293
5511992320305
5511992320323
5511992320328
5511992320334
5511992320338
5511992320351
5511992320355
5511992320363
5511992320374
5511992320378
5511992320379
5511992320390
5511992320396
5511992320404
5511992320406
5511992320421
5511992320426
5511992320429
5511992320453
5511992320455
5511992320456
5511992320490
5511992320494
5511992320498
5511992320516
5511992320519
5511992320522
5511992320535
5511992320544
5511992320574
5511992320588
5511992320599
5511992320616
5511992320636
5511992320641
5511992320644
5511992320663
5511992320664
5511992320676
5511992320706
5511992320710
5511992320726
5511992320730
5511992320737
5511992320742
5511992320762
5511992320777
5511992320783
5511992320785
5511992320787
5511992320826
5511992320860
5511992320862
5511992320879
5511992320905
5511992320926
5511992320935
5511992320960
5511992320994
5511992320996
5511992321024
5511992321026
5511992321030
5511992321060
5511992321061
5511992321072
5511992321108
5511992321112
5511992321113
5511992321117
5511992321127
5511992321132
5511992321142
5511992321146
5511992321148
5511992321154
5511992321158
5511992321174
5511992321175
5511992321187
5511992321190
5511992321197
5511992321212
5511992321226
5511992321245
5511992321254
5511992321282
5511992321289
5511992321297
5511992321305
5511992321326
5511992321339
5511992321341
5511992321342
5511992321421
5511992321427
5511992321446
5511992321500
5511992321502
5511992321513
5511992321558
5511992321635
5511992321643
5511992321661
5511992321664
5511992321667
5511992321675
5511992321677
5511992321689
5511992321708
5511992321732
5511992321739
5511992321758
5511992321764
5511992321796
5511992321812
5511992321817
5511992321822
5511992321831
5511992321860
5511992321873
5511992321915
5511992321919
5511992321932
5511992321979
5511992321987
5511992321989
5511992321990
5511992322005
5511992322038
5511992322042
5511992322049
5511992322051
5511992322065
5511992322066
5511992322085
5511992322141
5511992322143
5511992322157
5511992322165
5511992322178
5511992322179
5511992322184
5511992322222
5511992322249
5511992322288
5511992322299
5511992322310
5511992322349
5511992322361
5511992322425
5511992322429
5511992322434
5511992322441
5511992322452
5511992322455
5511992322460
5511992322490
5511992322513
5511992322519
5511992322551
5511992322557
5511992322560
5511992322586
5511992322599
5511992322639
5511992322662
5511992322701
5511992322702
5511992322730
5511992322736
5511992322743
5511992322753
5511992322761
5511992322779
5511992322781
5511992322788
5511992322797
5511992322815
5511992322818
5511992322823
5511992322828
5511992322836
5511992322837
5511992322840
5511992322854
5511992322867
5511992322911
5511992322929
5511992322939
5511992322940
5511992322959
5511992322975
5511992322985
5511992322997
5511992323002
5511992323016
5511992323036
5511992323050
5511992323055
5511992323058
5511992323095
5511992323107
5511992323118
5511992323126
5511992323152
5511992323179
5511992323184
5511992323208
5511992323226
5511992323244
5511992323246
5511992323249
5511992323262
5511992323266
5511992323294
5511992323324
5511992323363
5511992323384
5511992323411
5511992323439
5511992323440
5511992323470
5511992323496
5511992323521
5511992323536
5511992323539
5511992323543
5511992323544
5511992323547
5511992323552
5511992323556
5511992323571
5511992323595
5511992323599
5511992323604
5511992323629
5511992323648
5511992323671
5511992323672
5511992323674
5511992323685
5511992323694
5511992323700
5511992323711
5511992323717
5511992323726
5511992323730
5511992323740
5511992323762
5511992323765
5511992323782
5511992323800
5511992323821
5511992323822
5511992323825
5511992323829
5511992323845
5511992323872
5511992323873
5511992323886
5511992323888
5511992323894
5511992323905
5511992323933
5511992323946
5511992323957
5511992323970
5511992323973
5511992323989
5511992323994
5511992324025
5511992324036
5511992324041
5511992324048
5511992324078
5511992324109
5511992324114
5511992324123
5511992324134
5511992324135
5511992324138
5511992324141
5511992324143
5511992324161
5511992324163
5511992324183
5511992324189
5511992324194
5511992324199
5511992324212
5511992324249
5511992324283
5511992324368
5511992324408
5511992324413
5511992324458
5511992324461
5511992324468
5511992324475
5511992324476
5511992324490
5511992324498
5511992324503
5511992324507
5511992324512
5511992324520
5511992324527
5511992324532
5511992324553
5511992324577
5511992324593
5511992324597
5511992324604
5511992324622
5511992324637
5511992324673
5511992324747
5511992324748
5511992324766
5511992324801
5511992324804
5511992324805
5511992324812
5511992324826
5511992324840
5511992324894
5511992324919
5511992325008
5511992325009
5511992325036
5511992325049
5511992325051
5511992325052
5511992325057
5511992325068
5511992325087
5511992325100
5511992325102
5511992325110
5511992325136
5511992325143
5511992325150
5511992325171
5511992325197
5511992325202
5511992325214
5511992325216
5511992325236
5511992325237
5511992325254
5511992325257
5511992325258
5511992325268
5511992325283
5511992325316
5511992325326
5511992325345
5511992325370
5511992325373
5511992325385
5511992325391
5511992325410
5511992325419
5511992325428
5511992325430
5511992325437
5511992325438
5511992325440
5511992325441
5511992325475
5511992325502
5511992325518
5511992325523
5511992325565
5511992325566
5511992325567
5511992325580
5511992325605
5511992325607
5511992325614
5511992325627
5511992325644
5511992325663
5511992325664
5511992325669
5511992325675
5511992325680
5511992325684
5511992325696
5511992325723
5511992325746
5511992325761
5511992325762
5511992325764
5511992325765
5511992325804
5511992325823
5511992325846
5511992325878
5511992325886
5511992325888
5511992325890
5511992325894
5511992325905
5511992325909
5511992325927
5511992325940
5511992325944
5511992325946
5511992325967
5511992325976
5511992326003
5511992326050
5511992326058
5511992326063
5511992326064
5511992326088
5511992326102
5511992326103
5511992326110
5511992326144
5511992326147
5511992326168
5511992326200
5511992326204
5511992326208
5511992326209
5511992326212
5511992326220
5511992326225
5511992326233
5511992326249
5511992326254
5511992326258
5511992326268
5511992326285
5511992326295
5511992326369
5511992326385
5511992326450
5511992326452
5511992326463
5511992326482
5511992326485
5511992326497
5511992326584
5511992326591
5511992326617
5511992326660
5511992326667
5511992326678
5511992326694
5511992326703
5511992326710
5511992326715
5511992326745
5511992326754
5511992326776
5511992326789
5511992326790
5511992326797
5511992326804
5511992326806
5511992326815
5511992326822
5511992326823
5511992326835
5511992326845
5511992326870
5511992326899
5511992326902
5511992326912
5511992326942
5511992326945
5511992326952
5511992326960
5511992326966
5511992326967
5511992326989
5511992327010
5511992327011
5511992327013
5511992327022
5511992327030
5511992327037
5511992327050
5511992327051
5511992327052
5511992327067
5511992327077
5511992327095
5511992327096
5511992327100
5511992327129
5511992327133
5511992327176
5511992327182
5511992327200
5511992327201
5511992327205
5511992327211
5511992327212
5511992327234
5511992327259
5511992327261
5511992327263
5511992327322
5511992327333
5511992327354
5511992327357
5511992327360
5511992327365
5511992327383
5511992327386
5511992327390
5511992327410
5511992327413
5511992327426
5511992327449
5511992327456
5511992327498
5511992327500
5511992327508
5511992327534
5511992327553
5511992327565
5511992327600
5511992327618
5511992327626
5511992327641
5511992327648
5511992327654
5511992327661
5511992327678
5511992327683
5511992327686
5511992327737
5511992327743
5511992327754
5511992327766
5511992327779
5511992327785
5511992327799
5511992327805
5511992327813
5511992327814
5511992327836
5511992327837
5511992327862
5511992327863
5511992327864
5511992327865
5511992327922
5511992327933
5511992327938
5511992327949
5511992327950
5511992327951
5511992327971
5511992327988
5511992327999
5511992328002
5511992328004
5511992328007
5511992328021
5511992328024
5511992328030
5511992328070
5511992328073
5511992328112
5511992328124
5511992328144
5511992328153
5511992328220
5511992328260
5511992328278
5511992328286
5511992328303
5511992328312
5511992328315
5511992328320
5511992328332
5511992328335
5511992328347
5511992328361
5511992328376
5511992328390
5511992328399
5511992328411
5511992328416
5511992328420
5511992328427
5511992328437
5511992328443
5511992328481
5511992328487
5511992328495
5511992328508
5511992328530
5511992328532
5511992328542
5511992328555
5511992328556
5511992328571
5511992328572
5511992328598
5511992328602
5511992328610
5511992328636
5511992328637
5511992328639
5511992328641
5511992328649
5511992328652
5511992328670
5511992328693
5511992328714
5511992328727
5511992328739
5511992328786
5511992328809
5511992328867
5511992328870
5511992328876
5511992328887
5511992328901
5511992328925
5511992328938
5511992328946
5511992328952
5511992328966
5511992328975
5511992328977
5511992328980
5511992329007
5511992329011
5511992329034
5511992329061
5511992329068
5511992329103
5511992329119
5511992329128
5511992329136
5511992329137
5511992329147
5511992329153
5511992329173
5511992329176
5511992329184
5511992329189
5511992329201
5511992329209
5511992329211
5511992329217
5511992329247
5511992329256
5511992329258
5511992329271
5511992329279
5511992329282
5511992329285
5511992329287
5511992329288
5511992329295
5511992329299
5511992329308
5511992329327
5511992329337
5511992329348
5511992329354
5511992329364
5511992329423
5511992329437
5511992329439
5511992329444
5511992329446
5511992329453
5511992329463
5511992329467
5511992329471
5511992329478
5511992329484
5511992329486
5511992329533
5511992329535
5511992329562
5511992329567
5511992329577
5511992329601
5511992329606
5511992329635
5511992329645
5511992329657
5511992329658
5511992329696
5511992329706
5511992329708
5511992329716
5511992329721
5511992329732
5511992329734
5511992329738
5511992329746
5511992329758
5511992329759
5511992329763
5511992329789
5511992329816
5511992329828
5511992329833
5511992329837
5511992329845
5511992329868
5511992329881
5511992329891
5511992329895
5511992329898
5511992329909
5511992329920
5511992329941
5511992329975
5511992329989
5511992329992
5511992330000
5511992330005
5511992330024
5511992330029
5511992330052
5511992330057
5511992330058
5511992330083
5511992330106
5511992330121
5511992330123
5511992330129
5511992330132
5511992330142
5511992330164
5511992330182
5511992330183
5511992330199
5511992330212
5511992330221
5511992330266
5511992330269
5511992330275
5511992330284
5511992330301
5511992330318
5511992330319
5511992330333
5511992330350
5511992330372
5511992330386
5511992330387
5511992330390
5511992330392
5511992330395
5511992330426
5511992330429
5511992330436
5511992330452
5511992330479
5511992330489
5511992330490
5511992330494
5511992330522
5511992330540
5511992330542
5511992330544
5511992330550
5511992330573
5511992330581
5511992330598
5511992330609
5511992330619
5511992330634
5511992330636
5511992330651
5511992330663
5511992330702
5511992330705
5511992330714
5511992330736
5511992330742
5511992330751
5511992330757
5511992330779
5511992330818
5511992330831
5511992330854
5511992330869
5511992330879
5511992330882
5511992330927
5511992330934
5511992330954
5511992330960
5511992330977
5511992330984
5511992330993
5511992331007
5511992331013
5511992331016
5511992331022
5511992331036
5511992331045
5511992331046
5511992331048
5511992331070
5511992331115
5511992331136
5511992331141
5511992331154
5511992331157
5511992331162
5511992331164
5511992331217
5511992331228
5511992331239
5511992331251
5511992331259
5511992331273
5511992331293
5511992331302
5511992331303
5511992331338
5511992331346
5511992331349
5511992331352
5511992331402
5511992331417
5511992331460
5511992331483
5511992331517
5511992331523
5511992331524
5511992331553
5511992331573
5511992331580
5511992331607
5511992331616
5511992331621
5511992331660
5511992331664
5511992331677
5511992331679
5511992331692
5511992331696
5511992331703
5511992331747
5511992331759
5511992331769
5511992331798
5511992331815
5511992331818
5511992331832
5511992331844
5511992331856
5511992331874
5511992331877
5511992331882
5511992331888
5511992331895
5511992331907
5511992331918
5511992331921
5511992331922
5511992331933
5511992331975
5511992331977
5511992331980
5511992331982
5511992332011
5511992332039
5511992332040
5511992332071
5511992332099
5511992332101
5511992332111
5511992332142
5511992332149
5511992332160
5511992332174
5511992332181
5511992332206
5511992332209
5511992332218
5511992332230
5511992332245
5511992332246
5511992332253
5511992332265
5511992332269
5511992332279
5511992332281
5511992332303
5511992332309
5511992332320
5511992332328
5511992332336
5511992332337
5511992332352
5511992332382
5511992332421
5511992332434
5511992332494
5511992332518
5511992332522
5511992332529
5511992332530
5511992332547
5511992332548
5511992332549
5511992332550
5511992332554
5511992332562
5511992332564
5511992332613
5511992332618
5511992332630
5511992332649
5511992332664
5511992332671
5511992332676
5511992332736
5511992332740
5511992332768
5511992332817
5511992332849
5511992332872
5511992332878
5511992332887
5511992332914
5511992332921
5511992332927
5511992332933
5511992332948
5511992332951
5511992332954
5511992332975
5511992332984
5511992332988
5511992332992
5511992332995
5511992333030
5511992333034
5511992333035
5511992333064
5511992333094
5511992333097
5511992333129
5511992333155
5511992333175
5511992333202
5511992333206
5511992333215
5511992333219
5511992333251
5511992333256
5511992333272
5511992333276
5511992333278
5511992333281
5511992333286
5511992333294
5511992333348
5511992333354
5511992333356
5511992333363
5511992333401
5511992333416
5511992333417
5511992333420
5511992333432
5511992333443
5511992333458
5511992333463
5511992333468
5511992333471
5511992333491
5511992333497
5511992333498
5511992333535
5511992333539
5511992333546
5511992333556
5511992333590
5511992333600
5511992333603
5511992333613
5511992333616
5511992333625
5511992333641
5511992333652
5511992333653
5511992333700
5511992333703
5511992333732
5511992333743
5511992333744
5511992333759
5511992333783
5511992333788
5511992333826
5511992333828
5511992333918
5511992333940
5511992333948
5511992333950
5511992333951
5511992333989
5511992333995
5511992334006
5511992334021
5511992334025
5511992334026
5511992334032
5511992334068
5511992334075
5511992334085
5511992334086
5511992334088
5511992334096
5511992334099
5511992334118
5511992334136
5511992334143
5511992334145
5511992334148
5511992334152
5511992334161
5511992334176
5511992334207
5511992334222
5511992334231
5511992334247
5511992334265
5511992334266
5511992334277
5511992334292
5511992334304
5511992334311
5511992334319
5511992334342
5511992334351
5511992334362
5511992334383
5511992334422
5511992334436
5511992334455
5511992334461
5511992334492
5511992334504
5511992334506
5511992334510
5511992334512
5511992334522
5511992334547
5511992334557
5511992334570
5511992334624
5511992334636
5511992334643
5511992334650
5511992334656
5511992334660
5511992334667
5511992334685
5511992334695
5511992334700
5511992334720
5511992334726
5511992334764
5511992334789
5511992334798
5511992334832
5511992334838
5511992334856
5511992334858
5511992334901
5511992334915
5511992334957
5511992334991
5511992335000
5511992335007
5511992335030
5511992335058
5511992335065
5511992335112
5511992335126
5511992335138
5511992335154
5511992335187
5511992335199
5511992335242
5511992335319
5511992335348
5511992335380
5511992335388
5511992335397
5511992335406
5511992335420
5511992335465
5511992335467
5511992335473
5511992335530
5511992335535
5511992335536
