5531992448547
5531992448556
5531992448631
5531992448639
5531992448683
5531992448798
5531992448805
5531992448858
5531992449049
5531992449055
5531992449078
5531992449113
5531992449135
5531992449178
5531992449191
5531992449198
5531992449201
5531992449220
5531992449262
5531992449264
5531992449291
5531992449295
5531992449304
5531992449397
5531992449408
5531992449454
5531992449495
5531992449516
5531992449565
5531992449578
5531992449599
5531992449677
5531992449701
5531992449713
5531992449742
5531992449761
5531992449777
5531992449783
5531992449830
5531992449831
5531992449898
5531992449907
5531992449989
5531992450012
5531992450023
5531992450035
5531992450064
5531992450096
5531992450105
5531992450112
5531992450162
5531992450276
5531992450313
5531992450321
5531992450329
5531992450339
5531992450373
5531992450416
5531992450440
5531992450454
5531992450471
5531992450534
5531992450560
5531992450589
5531992450615
5531992450626
5531992450633
5531992450656
5531992450685
5531992450701
5531992450709
5531992450728
5531992450749
5531992450801
5531992450824
5531992450832
5531992450910
5531992450951
5531992450953
5531992451014
5531992451052
5531992451060
5531992451070
5531992451104
5531992451119
5531992451120
5531992451220
5531992451230
5531992451238
5531992451266
5531992451291
5531992451297
5531992451303
5531992451309
5531992451349
5531992451357
5531992451396
5531992451412
5531992451434
5531992451439
5531992451445
5531992451470
5531992451590
5531992451600
5531992451616
5531992451624
5531992451700
5531992451718
5531992451734
5531992451750
5531992451768
5531992451808
5531992451813
5531992451819
5531992451820
5531992451942
5531992451963
5531992451972
5531992451987
5531992452024
5531992452025
5531992452070
5531992452075
5531992452080
5531992452102
5531992452111
5531992452117
5531992452171
5531992452271
5531992452280
5531992452284
5531992452338
5531992452374
5531992452397
5531992452464
5531992452479
5531992452586
5531992452638
5531992452674
5531992452738
5531992452774
5531992452784
5531992452795
5531992452804
5531992452808
5531992452816
5531992452825
5531992452839
5531992452863
5531992452883
5531992452912
5531992452931
5531992452994
5531992452995
5531992452999
5531992453000
5531992453017
5531992453022
5531992453030
5531992453040
5531992453049
5531992453072
5531992453102
5531992453116
5531992453134
5531992453151
5531992453175
5531992453195
5531992453226
5531992453297
5531992453318
5531992453342
5531992453390
5531992453422
5531992453435
5531992453442
5531992453448
5531992453485
5531992453519
5531992453548
5531992453664
5531992453735
5531992453768
5531992453782
5531992453793
5531992453797
5531992453817
5531992453828
5531992453832
5531992453894
5531992453912
5531992453924
5531992453973
5531992454019
5531992454040
5531992454079
5531992454085
5531992454117
5531992454137
5531992454212
5531992454232
5531992454235
5531992454252
5531992454277
5531992454278
5531992454304
5531992454325
5531992454344
5531992454352
5531992454372
5531992454459
5531992454464
5531992454473
5531992454523
5531992454546
5531992454548
5531992454641
5531992454790
5531992454804
5531992454820
5531992454880
5531992454886
5531992454941
5531992454979
5531992454990
5531992455000
5531992455024
5531992455081
5531992455088
5531992455091
5531992455125
5531992455153
5531992455220
5531992455245
5531992455264
5531992455319
5531992455323
5531992455357
5531992455407
5531992455440
5531992455491
5531992455551
5531992455560
5531992455601
5531992455610
5531992455655
5531992455661
5531992455743
5531992455755
5531992455800
5531992455876
5531992455935
5531992456018
5531992456039
5531992456068
5531992456125
5531992456137
5531992456150
5531992456151
5531992456170
5531992456184
5531992456224
5531992456285
5531992456301
5531992456327
5531992456341
5531992456376
5531992456385
5531992456386
5531992456405
5531992456416
5531992456437
5531992456439
5531992456450
5531992456460
5531992456464
5531992456465
5531992456467
5531992456475
5531992456509
5531992456511
5531992456514
5531992456584
5531992456611
5531992456642
5531992456662
5531992456666
5531992456670
5531992456714
5531992456810
5531992456825
5531992456860
5531992456912
5531992456921
5531992457025
5531992457054
5531992457061
5531992457089
5531992457120
5531992457148
5531992457180
5531992457187
5531992457206
5531992457218
5531992457224
5531992457302
5531992457311
5531992457350
5531992457362
5531992457367
5531992457369
5531992457373
5531992457389
5531992457390
5531992457416
5531992457455
5531992457477
5531992457491
5531992457533
5531992457616
5531992457676
5531992457727
5531992457746
5531992457778
5531992457809
5531992457831
5531992457864
5531992457869
5531992457977
5531992458004
5531992458076
5531992458081
5531992458148
5531992458156
5531992458230
5531992458245
5531992458247
5531992458290
5531992458350
5531992458398
5531992458450
5531992458475
5531992458485
5531992458516
5531992458547
5531992458568
5531992458581
5531992458614
5531992458619
5531992458624
5531992458700
5531992458731
5531992458741
5531992458747
5531992458754
5531992458773
5531992458847
5531992458856
5531992458867
5531992459030
5531992459034
5531992459037
5531992459049
5531992459085
5531992459128
5531992459204
5531992459246
5531992459262
5531992459377
5531992459418
5531992459424
5531992459428
5531992459432
5531992459454
5531992459510
5531992459547
5531992459615
5531992459687
5531992459704
5531992459709
5531992459710
5531992459728
5531992459785
5531992459787
5531992459822
5531992459882
5531992459895
5531992459941
5531992459979
5531992460040
5531992460065
5531992460066
5531992460082
5531992460102
5531992460108
5531992460130
5531992460150
5531992460295
5531992460312
5531992460325
5531992460344
5531992460347
5531992460404
5531992460418
5531992460468
5531992460514
5531992460523
5531992460561
5531992460568
5531992460598
5531992460630
5531992460664
5531992460777
5531992460820
5531992460826
5531992460899
5531992460968
5531992460994
5531992461000
5531992461030
5531992461092
5531992461158
5531992461190
5531992461242
5531992461260
5531992461263
5531992461328
5531992461379
5531992461383
5531992461423
5531992461435
5531992461545
5531992461565
5531992461614
5531992461630
5531992461640
5531992461690
5531992461693
5531992461696
5531992461765
5531992461767
5531992461774
5531992461827
5531992461864
5531992461884
5531992461891
5531992461932
5531992461960
5531992462021
5531992462051
5531992462071
5531992462090
5531992462170
5531992462200
5531992462236
5531992462249
5531992462260
5531992462336
5531992462354
5531992462389
5531992462444
5531992462463
5531992462501
5531992462546
5531992462606
5531992462612
5531992462632
5531992462680
5531992462737
5531992462746
5531992462791
5531992462805
5531992462812
5531992462840
5531992462878
5531992462934
5531992463032
5531992463053
5531992463061
5531992463070
5531992463097
5531992463099
5531992463195
5531992463215
5531992463222
5531992463232
5531992463400
5531992463424
5531992463448
5531992463517
5531992463529
5531992463552
5531992463576
5531992463595
5531992463599
5531992463630
5531992463633
5531992463655
5531992463658
5531992463659
5531992463731
5531992463757
5531992463857
5531992463888
5531992463899
5531992463911
5531992463960
5531992463981
5531992464035
5531992464074
5531992464077
5531992464088
5531992464099
5531992464136
5531992464162
5531992464193
5531992464202
5531992464204
5531992464215
5531992464218
5531992464269
5531992464340
5531992464376
5531992464404
5531992464438
5531992464459
5531992464475
5531992464558
5531992464576
5531992464577
5531992464608
5531992464628
5531992464687
5531992464726
5531992464754
5531992464810
5531992464815
5531992464939
5531992464965
5531992464978
5531992464995
5531992465068
5531992465075
5531992465111
5531992465199
5531992465255
5531992465278
5531992465284
5531992465419
5531992465456
5531992465467
5531992465515
5531992465569
5531992465605
5531992465646
5531992465669
5531992465706
5531992465712
5531992465739
5531992465856
5531992465894
5531992465895
5531992465960
5531992465984
5531992466007
5531992466141
5531992466202
5531992466225
5531992466226
5531992466289
5531992466300
5531992466385
5531992466392
5531992466433
5531992466460
5531992466476
5531992466507
5531992466595
5531992466605
5531992466642
5531992466651
5531992466725
5531992466857
5531992466977
5531992467030
5531992467041
5531992467058
5531992467079
5531992467080
5531992467106
5531992467136
5531992467225
5531992467228
5531992467239
5531992467293
5531992467310
5531992467458
5531992467541
5531992467557
5531992467565
5531992467650
5531992467687
5531992467709
5531992467769
5531992467780
5531992467872
5531992467874
5531992467881
5531992467905
5531992467961
5531992467969
5531992468057
5531992468114
5531992468138
5531992468142
5531992468152
5531992468172
5531992468205
5531992468225
5531992468244
5531992468260
5531992468287
5531992468313
5531992468315
5531992468372
5531992468390
5531992468398
5531992468411
5531992468417
5531992468431
5531992468444
5531992468448
5531992468462
5531992468465
5531992468539
5531992468622
5531992468636
5531992468637
5531992468669
5531992468685
5531992468722
5531992468725
5531992468731
5531992468800
5531992468843
5531992468857
5531992468875
5531992468889
5531992468936
5531992468977
5531992469011
5531992469040
5531992469060
5531992469092
5531992469150
5531992469175
5531992469221
5531992469234
5531992469240
5531992469249
5531992469279
5531992469288
5531992469354
5531992469461
5531992469482
5531992469489
5531992469564
5531992469591
5531992469633
5531992469725
5531992469738
5531992469765
5531992469852
5531992469867
5531992469899
5531992469900
5531992469916
5531992469952
5531992469983
5531992469993
5531992470013
5531992470036
5531992470048
5531992470057
5531992470061
5531992470074
5531992470085
5531992470105
5531992470124
5531992470138
5531992470180
5531992470252
5531992470254
5531992470345
5531992470392
5531992470449
5531992470453
5531992470460
5531992470486
5531992470495
5531992470518
5531992470608
5531992470618
5531992470635
5531992470647
5531992470658
5531992470668
5531992470673
5531992470675
5531992470700
5531992470714
5531992470730
5531992470737
5531992470747
5531992470774
5531992470784
5531992470790
5531992470795
5531992470840
5531992470859
5531992470884
5531992470898
5531992470929
5531992470964
5531992470979
5531992471029
5531992471034
5531992471052
5531992471132
5531992471154
5531992471216
5531992471217
5531992471219
5531992471232
5531992471250
5531992471284
5531992471285
5531992471315
5531992471387
5531992471443
5531992471448
5531992471490
5531992471516
5531992471544
5531992471568
5531992471575
5531992471608
5531992471661
5531992471669
5531992471705
5531992471723
5531992471756
5531992471789
5531992471859
5531992471963
5531992471978
5531992472015
5531992472058
5531992472128
5531992472241
5531992472288
5531992472368
5531992472395
5531992472518
5531992472674
5531992472720
5531992472742
5531992472776
5531992472794
5531992472819
5531992472860
5531992472930
5531992472970
5531992473002
5531992473038
5531992473042
5531992473080
5531992473130
5531992473141
5531992473178
5531992473183
5531992473248
5531992473250
5531992473260
5531992473261
5531992473351
5531992473357
5531992473369
5531992473382
5531992473409
5531992473444
5531992473462
5531992473474
5531992473487
5531992473561
5531992473593
5531992473632
5531992473692
5531992473754
5531992473757
5531992473798
5531992473803
5531992473832
5531992473849
5531992473903
5531992473958
5531992473992
5531992473998
5531992474000
5531992474012
5531992474014
5531992474022
5531992474079
5531992474089
5531992474111
5531992474154
5531992474172
5531992474175
5531992474176
5531992474178
5531992474188
5531992474240
5531992474243
5531992474249
5531992474272
5531992474341
5531992474410
5531992474457
5531992474474
5531992474524
5531992474539
5531992474541
5531992474600
5531992474614
5531992474685
5531992474702
5531992474718
5531992474722
5531992474756
5531992474761
5531992474818
5531992474850
5531992474912
5531992474917
5531992474948
5531992474976
5531992474979
5531992474988
5531992475013
5531992475094
5531992475118
5531992475143
5531992475166
5531992475168
5531992475206
5531992475222
5531992475245
5531992475265
5531992475277
5531992475327
5531992475383
5531992475391
5531992475428
5531992475536
5531992475544
5531992475550
5531992475618
5531992475726
5531992475758
5531992475759
5531992475792
5531992475922
5531992475941
5531992475989
5531992475992
5531992475995
5531992475996
5531992476036
5531992476052
5531992476101
5531992476129
5531992476189
5531992476201
5531992476207
5531992476219
5531992476231
5531992476246
5531992476253
5531992476287
5531992476316
5531992476321
5531992476351
5531992476422
5531992476522
5531992476540
5531992476556
5531992476602
5531992476688
5531992476707
5531992476718
5531992476750
5531992476788
5531992476810
5531992476859
5531992476874
5531992476892
5531992477009
5531992477018
5531992477028
5531992477070
5531992477138
5531992477161
5531992477168
5531992477184
5531992477186
5531992477187
5531992477196
5531992477259
5531992477269
5531992477280
5531992477324
5531992477353
5531992477477
5531992477479
5531992477489
5531992477497
5531992477561
5531992477562
5531992477573
5531992477626
5531992477636
5531992477668
5531992477670
5531992477681
5531992477704
5531992477705
5531992477745
5531992477748
5531992477750
5531992477754
5531992477757
5531992477806
5531992477819
5531992477832
5531992477836
5531992477851
5531992477920
5531992478005
5531992478103
5531992478112
5531992478141
5531992478172
5531992478181
5531992478212
5531992478231
5531992478258
5531992478311
5531992478324
5531992478336
5531992478360
5531992478362
5531992478387
5531992478395
5531992478402
5531992478404
5531992478416
5531992478423
5531992478457
5531992478465
5531992478491
5531992478530
5531992478678
5531992478704
5531992478739
5531992478742
5531992478783
5531992478837
5531992478843
5531992478906
5531992478950
5531992478959
5531992478967
5531992479007
5531992479196
5531992479222
5531992479224
5531992479263
5531992479386
5531992479394
5531992479419
5531992479430
5531992479443
5531992479449
5531992479460
5531992479480
5531992479492
5531992479494
5531992479496
5531992479511
5531992479516
5531992479561
5531992479621
5531992479626
5531992479628
5531992479693
5531992479695
5531992479705
5531992479747
5531992479757
5531992479769
5531992479778
5531992479789
5531992479798
5531992479819
5531992479836
5531992479876
5531992479903
5531992479910
5531992479925
5531992479965
5531992480003
5531992480014
5531992480029
5531992480044
5531992480049
5531992480060
5531992480075
5531992480089
5531992480102
5531992480116
5531992480150
5531992480152
5531992480174
5531992480221
5531992480271
5531992480286
5531992480287
5531992480301
5531992480303
5531992480318
5531992480360
5531992480394
5531992480430
5531992480440
5531992480456
5531992480503
5531992480515
5531992480530
5531992480565
5531992480566
5531992480572
5531992480574
5531992480591
5531992480597
5531992480618
5531992480621
5531992480649
5531992480654
5531992480675
5531992480689
5531992480801
5531992480843
5531992480844
5531992480858
5531992480862
5531992480876
5531992480886
5531992480890
5531992480895
5531992480900
5531992480901
5531992480909
5531992480913
5531992480921
5531992480947
5531992480958
5531992480974
5531992480995
5531992481020
5531992481049
5531992481136
5531992481206
5531992481229
5531992481249
5531992481301
5531992481311
5531992481313
5531992481377
5531992481400
5531992481417
5531992481607
5531992481612
5531992481613
5531992481663
5531992481711
5531992481716
5531992481768
5531992481885
5531992481901
5531992481960
5531992482041
5531992482061
5531992482080
5531992482090
5531992482101
5531992482151
5531992482174
5531992482193
5531992482198
5531992482232
5531992482279
5531992482303
5531992482326
5531992482344
5531992482354
5531992482454
5531992482540
5531992482570
5531992482584
5531992482601
5531992482606
5531992482631
5531992482663
5531992482672
5531992482677
5531992482695
5531992482728
5531992482773
5531992482779
5531992482811
5531992482826
5531992482870
5531992482876
5531992482912
5531992482932
5531992483020
5531992483051
5531992483072
5531992483111
5531992483218
5531992483279
5531992483289
5531992483302
5531992483316
5531992483335
5531992483358
5531992483366
5531992483368
5531992483387
5531992483516
5531992483541
5531992483596
5531992483616
5531992483638
5531992483709
5531992483716
5531992483724
5531992483732
5531992483754
5531992483764
5531992483938
5531992483960
5531992483968
5531992483980
5531992484067
5531992484085
5531992484092
5531992484117
5531992484158
5531992484178
5531992484208
5531992484209
5531992484221
5531992484266
5531992484288
5531992484294
5531992484317
5531992484399
5531992484478
5531992484531
5531992484541
5531992484576
5531992484664
5531992484733
5531992484783
5531992484804
5531992484817
5531992484830
5531992484887
5531992484990
5531992484999
5531992485061
5531992485067
5531992485122
5531992485201
5531992485211
5531992485216
5531992485226
5531992485297
5531992485299
5531992485305
5531992485311
5531992485492
5531992485571
5531992485746
5531992485759
5531992485762
5531992485787
5531992485789
5531992485842
5531992485843
5531992485846
5531992485870
5531992485911
5531992485955
5531992486005
5531992486056
5531992486079
5531992486080
5531992486138
5531992486188
5531992486244
5531992486279
5531992486323
5531992486348
5531992486368
5531992486449
5531992486502
5531992486711
5531992486750
5531992486751
5531992486807
5531992486834
5531992486885
5531992486948
5531992487007
5531992487015
5531992487023
5531992487141
5531992487213
5531992487235
5531992487237
5531992487282
5531992487331
5531992487352
5531992487392
5531992487401
5531992487407
5531992487450
5531992487507
5531992487566
5531992487568
5531992487570
5531992487572
5531992487611
5531992487704
5531992487729
5531992487748
5531992487961
5531992487963
5531992488020
5531992488056
5531992488074
5531992488142
5531992488163
5531992488308
5531992488317
5531992488362
5531992488380
5531992488385
5531992488462
5531992488466
5531992488493
5531992488504
5531992488526
5531992488540
5531992488578
5531992488605
5531992488621
5531992488649
5531992488672
5531992488683
5531992488687
5531992488688
5531992488744
5531992488816
5531992488828
5531992488861
5531992488884
5531992488910
5531992488918
5531992488938
5531992488996
5531992489098
5531992489128
5531992489173
5531992489191
5531992489203
5531992489234
5531992489253
5531992489289
5531992489318
5531992489339
5531992489375
5531992489385
5531992489397
5531992489405
5531992489413
5531992489436
5531992489440
5531992489455
5531992489456
5531992489523
5531992489550
5531992489563
5531992489572
5531992489618
5531992489621
5531992489680
5531992489682
5531992489785
5531992489794
5531992489913
5531992489923
5531992490020
5531992490030
5531992490037
5531992490054
5531992490061
5531992490120
5531992490182
5531992490183
5531992490187
5531992490255
5531992490286
5531992490291
5531992490295
5531992490305
5531992490311
5531992490313
5531992490334
5531992490459
5531992490472
5531992490477
5531992490491
5531992490530
5531992490535
5531992490551
5531992490559
5531992490569
5531992490587
5531992490595
5531992490613
5531992490615
5531992490627
5531992490645
5531992490648
5531992490660
5531992490680
5531992490710
5531992490726
5531992490764
5531992490782
5531992490828
5531992490848
5531992490888
5531992490924
5531992490933
5531992490958
5531992490967
5531992491118
5531992491167
5531992491217
5531992491294
5531992491313
5531992491371
5531992491401
5531992491403
5531992491415
5531992491440
5531992491459
5531992491525
5531992491542
5531992491546
5531992491637
5531992491688
5531992491725
5531992491764
5531992491806
5531992491833
5531992491835
5531992491840
5531992491858
5531992491871
5531992491943
5531992491979
5531992491983
5531992492003
5531992492014
5531992492029
5531992492038
5531992492120
5531992492143
5531992492158
5531992492163
5531992492267
5531992492335
5531992492351
5531992492365
5531992492402
5531992492417
5531992492422
5531992492449
5531992492523
5531992492538
5531992492547
5531992492575
5531992492593
5531992492613
5531992492633
5531992492657
5531992492720
5531992492772
5531992492792
5531992492819
5531992492860
5531992492861
5531992492889
5531992492957
5531992492969
5531992492972
5531992493018
5531992493082
5531992493240
5531992493266
5531992493270
5531992493273
5531992493311
5531992493329
5531992493330
5531992493331
5531992493341
5531992493407
5531992493448
5531992493469
5531992493511
5531992493525
5531992493620
5531992493655
5531992493675
5531992493762
5531992493778
5531992493792
5531992493813
5531992493818
5531992493826
5531992493889
5531992494013
5531992494086
5531992494138
5531992494152
5531992494159
5531992494162
5531992494191
5531992494202
5531992494217
5531992494241
5531992494250
5531992494257
5531992494297
5531992494356
5531992494415
5531992494448
5531992494449
5531992494515
5531992494647
5531992494769
5531992494786
5531992494810
5531992494821
5531992494854
5531992494961
5531992494994
5531992495057
5531992495237
5531992495293
5531992495322
5531992495332
5531992495336
5531992495345
5531992495348
5531992495368
5531992495480
5531992495528
5531992495531
5531992495550
5531992495649
5531992495735
5531992495764
5531992495766
5531992495791
5531992495823
5531992495827
5531992495972
5531992495982
5531992496014
5531992496024
5531992496073
5531992496111
5531992496126
5531992496376
5531992496393
5531992496396
5531992496402
5531992496409
5531992496435
5531992496439
5531992496445
5531992496453
5531992496454
5531992496479
5531992496490
5531992496502
5531992496530
5531992496589
5531992496626
5531992496659
5531992496665
5531992496669
5531992496745
5531992496763
5531992496777
5531992496848
5531992496888
5531992496898
5531992496929
5531992497007
5531992497146
5531992497179
5531992497211
5531992497224
5531992497329
5531992497348
5531992497361
5531992497369
5531992497394
5531992497422
5531992497447
5531992497453
5531992497519
5531992497524
5531992497553
5531992497564
5531992497608
5531992497663
5531992497688
5531992497725
5531992497726
5531992497784
5531992497794
5531992497848
5531992497856
5531992497858
5531992497859
5531992497887
5531992497914
5531992497942
5531992497971
5531992498005
5531992498010
5531992498098
5531992498127
5531992498186
5531992498213
5531992498227
5531992498278
5531992498310
5531992498330
5531992498363
5531992498434
5531992498447
5531992498452
5531992498475
5531992498485
5531992498493
5531992498546
5531992498588
5531992498610
5531992498680
5531992498698
5531992498699
5531992498745
5531992498767
5531992498775
5531992498799
5531992498805
5531992498829
5531992498844
5531992498845
5531992498859
5531992498885
5531992498912
5531992498922
5531992498979
5531992498992
5531992499029
5531992499037
5531992499118
5531992499132
5531992499146
5531992499228
5531992499256
5531992499266
5531992499267
5531992499346
5531992499370
5531992499371
5531992499397
5531992499410
5531992499462
5531992499479
5531992499484
5531992499531
5531992499548
5531992499613
5531992499647
5531992499656
5531992499691
5531992499752
5531992499790
5531992499807
5531992499836
5531992499849
5531992499876
5531992499948
5531992499980
5531992500025
5531992500040
5531992500054
5531992500069
5531992500158
5531992500232
5531992500251
5531992500353
5531992500398
5531992500403
5531992500481
5531992500558
5531992500576
5531992500581
5531992500599
5531992500627
5531992500654
5531992500731
5531992500861
5531992500949
5531992501094
5531992501107
5531992501111
5531992501140
5531992501151
5531992501357
5531992501374
5531992501397
5531992501400
5531992501418
5531992501597
5531992501651
5531992501805
5531992501842
5531992501885
5531992501922
5531992501924
5531992502106
5531992502205
5531992502313
5531992502371
5531992502373
5531992502451
5531992502458
5531992502471
5531992502494
5531992502496
5531992502497
5531992502518
5531992502519
5531992502638
5531992502652
5531992502673
5531992502674
5531992502707
5531992502772
5531992502874
5531992502915
5531992502931
5531992502953
5531992502970
5531992502971
5531992503008
5531992503030
5531992503032
5531992503049
5531992503061
5531992503088
5531992503114
5531992503131
5531992503135
5531992503215
5531992503337
5531992503346
5531992503459
5531992503469
5531992503495
5531992503513
5531992503551
5531992503593
5531992503621
5531992503649
5531992503775
5531992503828
5531992503940
5531992503987
5531992504021
5531992504024
5531992504077
5531992504114
5531992504170
5531992504179
5531992504193
5531992504225
5531992504313
5531992504330
5531992504501
5531992504653
5531992504717
5531992504778
5531992504878
5531992504886
5531992504973
5531992505000
5531992505050
5531992505103
5531992505212
5531992505250
5531992505253
5531992505275
5531992505314
5531992505317
5531992505332
5531992505373
5531992505534
5531992505552
5531992505558
5531992505588
5531992505644
5531992505646
5531992505717
5531992505721
5531992505726
5531992505740
5531992505797
5531992505883
5531992505903
5531992506011
5531992506131
5531992506159
5531992506195
5531992506205
5531992506217
5531992506221
5531992506296
5531992506298
5531992506318
5531992506336
5531992506467
5531992506531
5531992506554
5531992506567
5531992506614
5531992506648
5531992506838
5531992506846
5531992506955
5531992506962
5531992507011
5531992507074
5531992507080
5531992507104
5531992507185
5531992507190
5531992507209
5531992507218
5531992507284
5531992507300
5531992507319
5531992507400
5531992507424
5531992507455
5531992507461
5531992507463
5531992507498
5531992507661
5531992507669
5531992507729
5531992507734
5531992507844
5531992507870
5531992507910
5531992507967
5531992507970
5531992508048
5531992508060
5531992508066
5531992508190
5531992508204
5531992508225
5531992508236
5531992508487
5531992508506
5531992508512
5531992508517
5531992508534
5531992508610
5531992508645
5531992508888
5531992508890
5531992508891
5531992509012
5531992509014
5531992509113
5531992509204
5531992509246
5531992509289
5531992509319
5531992509444
5531992509569
5531992509609
5531992509612
5531992509621
5531992509714
5531992510006
5531992510013
5531992510017
5531992510033
5531992510042
5531992510081
5531992510107
5531992510113
5531992510124
5531992510127
5531992510129
5531992510153
5531992510164
5531992510175
5531992510202
5531992510204
5531992510245
5531992510247
5531992510269
5531992510290
5531992510294
5531992510298
5531992510346
5531992510374
5531992510382
5531992510397
5531992510412
5531992510428
5531992510457
5531992510458
5531992510489
5531992510507
5531992510564
5531992510584
5531992510592
5531992510646
5531992510659
5531992510661
5531992510675
5531992510681
5531992510682
5531992510686
5531992510708
5531992510713
5531992510766
5531992510786
5531992510794
5531992510824
5531992510825
5531992510826
5531992510838
5531992510872
5531992510896
5531992510916
5531992510947
5531992510955
5531992510994
5531992511000
5531992511005
5531992511042
5531992511043
5531992511056
5531992511104
5531992511130
5531992511132
5531992511135
5531992511162
5531992511215
5531992511229
5531992511238
5531992511241
5531992511256
5531992511331
5531992511336
5531992511343
5531992511384
5531992511439
5531992511484
5531992511582
5531992511618
5531992511684
5531992511706
5531992511717
5531992511800
5531992511810
5531992511818
5531992511898
5531992511907
5531992511971
5531992511973
5531992511975
5531992511980
5531992512084
5531992512097
5531992512142
5531992512159
5531992512189
5531992512192
5531992512206
5531992512232
5531992512245
5531992512256
5531992512296
5531992512336
5531992512382
5531992512394
5531992512407
5531992512435
5531992512444
5531992512480
5531992512517
5531992512560
5531992512566
5531992512575
5531992512590
5531992512640
5531992512662
5531992512692
5531992512717
5531992512727
5531992512793
5531992512822
5531992512879
5531992512888
5531992512914
5531992512948
5531992512956
5531992512980
5531992513013
5531992513020
5531992513024
5531992513038
5531992513063
5531992513067
5531992513076
5531992513196
5531992513218
5531992513232
5531992513308
5531992513385
5531992513426
5531992513498
5531992513587
5531992513621
5531992513660
5531992513672
5531992513686
5531992513694
5531992513708
5531992513731
5531992513736
5531992513765
5531992513777
5531992513821
5531992513902
5531992513967
5531992514023
5531992514108
5531992514115
5531992514116
