5511971590929
5511971590963
5511971590989
5511971591019
5511971591057
5511971591073
5511971591080
5511971591085
5511971591093
5511971591113
5511971591131
5511971591153
5511971591185
5511971591194
5511971591198
5511971591227
5511971591229
5511971591248
5511971591275
5511971591279
5511971591316
5511971591359
5511971591380
5511971591388
5511971591458
5511971591498
5511971591511
5511971591527
5511971591534
5511971591585
5511971591629
5511971591696
5511971591697
5511971591709
5511971591741
5511971591751
5511971591758
5511971591791
5511971591794
5511971591803
5511971591834
5511971591843
5511971591848
5511971591863
5511971591974
5511971591991
5511971592010
5511971592017
5511971592020
5511971592021
5511971592028
5511971592031
5511971592042
5511971592077
5511971592099
5511971592111
5511971592130
5511971592164
5511971592174
5511971592218
5511971592224
5511971592229
5511971592289
5511971592294
5511971592301
5511971592326
5511971592331
5511971592338
5511971592344
5511971592404
5511971592434
5511971592503
5511971592520
5511971592550
5511971592568
5511971592593
5511971592623
5511971592626
5511971592670
5511971592735
5511971592741
5511971592743
5511971592749
5511971592773
5511971592781
5511971592790
5511971592820
5511971592845
5511971592933
5511971592947
5511971592953
5511971593005
5511971593030
5511971593120
5511971593142
5511971593178
5511971593207
5511971593221
5511971593227
5511971593259
5511971593272
5511971593274
5511971593314
5511971593324
5511971593366
5511971593406
5511971593434
5511971593500
5511971593511
5511971593546
5511971593571
5511971593605
5511971593627
5511971593651
5511971593662
5511971593678
5511971593719
5511971593746
5511971593766
5511971593773
5511971593787
5511971593799
5511971593807
5511971593808
5511971593822
5511971593825
5511971593866
5511971593867
5511971593868
5511971593891
5511971593897
5511971593905
5511971593912
5511971593919
5511971593988
5511971593996
5511971594002
5511971594015
5511971594018
5511971594019
5511971594021
5511971594064
5511971594072
5511971594091
5511971594098
5511971594105
5511971594126
5511971594151
5511971594184
5511971594201
5511971594205
5511971594221
5511971594263
5511971594264
5511971594273
5511971594288
5511971594307
5511971594308
5511971594329
5511971594345
5511971594346
5511971594379
5511971594392
5511971594415
5511971594419
5511971594422
5511971594476
5511971594482
5511971594522
5511971594538
5511971594561
5511971594569
5511971594570
5511971594594
5511971594600
5511971594605
5511971594613
5511971594616
5511971594645
5511971594649
5511971594671
5511971594683
5511971594725
5511971594730
5511971594733
5511971594741
5511971594760
5511971594798
5511971594800
5511971594836
5511971594860
5511971594894
5511971594911
5511971594912
5511971594920
5511971594943
5511971594959
5511971595016
5511971595042
5511971595065
5511971595066
5511971595095
5511971595126
5511971595140
5511971595171
5511971595180
5511971595182
5511971595194
5511971595201
5511971595204
5511971595219
5511971595257
5511971595325
5511971595362
5511971595370
5511971595377
5511971595400
5511971595405
5511971595411
5511971595432
5511971595447
5511971595460
5511971595487
5511971595514
5511971595523
5511971595532
5511971595565
5511971595566
5511971595612
5511971595613
5511971595625
5511971595644
5511971595651
5511971595685
5511971595711
5511971595733
5511971595741
5511971595746
5511971595754
5511971595784
5511971595816
5511971595820
5511971595831
5511971595869
5511971595883
5511971595889
5511971595893
5511971595901
5511971595902
5511971595905
5511971595907
5511971595916
5511971595940
5511971595948
5511971595958
5511971595968
5511971595977
5511971595980
5511971596039
5511971596041
5511971596098
5511971596126
5511971596162
5511971596175
5511971596198
5511971596211
5511971596218
5511971596238
5511971596263
5511971596276
5511971596308
5511971596330
5511971596358
5511971596365
5511971596399
5511971596400
5511971596416
5511971596425
5511971596436
5511971596444
5511971596455
5511971596456
5511971596457
5511971596460
5511971596487
5511971596528
5511971596546
5511971596591
5511971596604
5511971596623
5511971596629
5511971596645
5511971596652
5511971596659
5511971596660
5511971596668
5511971596686
5511971596713
5511971596723
5511971596727
5511971596746
5511971596748
5511971596770
5511971596784
5511971596833
5511971596874
5511971596884
5511971596894
5511971596903
5511971596911
5511971596923
5511971596938
5511971596953
5511971596963
5511971596965
5511971596978
5511971596986
5511971597064
5511971597075
5511971597093
5511971597106
5511971597109
5511971597137
5511971597141
5511971597161
5511971597163
5511971597166
5511971597216
5511971597230
5511971597233
5511971597259
5511971597279
5511971597308
5511971597366
5511971597377
5511971597404
5511971597452
5511971597462
5511971597493
5511971597500
5511971597502
5511971597507
5511971597510
5511971597525
5511971597542
5511971597549
5511971597551
5511971597563
5511971597593
5511971597597
5511971597624
5511971597626
5511971597629
5511971597633
5511971597651
5511971597658
5511971597672
5511971597699
5511971597720
5511971597746
5511971597759
5511971597766
5511971597770
5511971597777
5511971597796
5511971597819
5511971597821
5511971597835
5511971597847
5511971597867
5511971597879
5511971597931
5511971597952
5511971598052
5511971598061
5511971598072
5511971598091
5511971598119
5511971598131
5511971598242
5511971598265
5511971598275
5511971598285
5511971598296
5511971598353
5511971598354
5511971598396
5511971598399
5511971598402
5511971598411
5511971598419
5511971598461
5511971598473
5511971598489
5511971598503
5511971598625
5511971598626
5511971598661
5511971598719
5511971598722
5511971598742
5511971598758
5511971598776
5511971598785
5511971598805
5511971598817
5511971598833
5511971598838
5511971598873
5511971598878
5511971598880
5511971598885
5511971598904
5511971598929
5511971598941
5511971598951
5511971598952
5511971598961
5511971598970
5511971598983
5511971598986
5511971599007
5511971599012
5511971599043
5511971599059
5511971599071
5511971599076
5511971599095
5511971599104
5511971599130
5511971599141
5511971599148
5511971599152
5511971599172
5511971599175
5511971599177
5511971599225
5511971599253
5511971599255
5511971599290
5511971599334
5511971599359
5511971599362
5511971599366
5511971599377
5511971599384
5511971599385
5511971599391
5511971599398
5511971599405
5511971599414
5511971599422
5511971599441
5511971599445
5511971599494
5511971599520
5511971599550
5511971599557
5511971599564
5511971599567
5511971599570
5511971599580
5511971599590
5511971599621
5511971599642
5511971599659
5511971599699
5511971599705
5511971599729
5511971599756
5511971599760
5511971599770
5511971599772
5511971599791
5511971599803
5511971599808
5511971599819
5511971599829
5511971599830
5511971599834
5511971599858
5511971599903
5511971599917
5511971599933
5511971599941
5511971599949
5511971599958
5511971599959
5511971599970
5511971599971
5511971599985
5511971599998
5511971600006
5511971600060
5511971600094
5511971600201
5511971600274
5511971600310
5511971600327
5511971600332
5511971600354
5511971600443
5511971600451
5511971600478
5511971600501
5511971600525
5511971600675
5511971600684
5511971600685
5511971600694
5511971600719
5511971600766
5511971600970
5511971601065
5511971601136
5511971601210
5511971601240
5511971601286
5511971601301
5511971601383
5511971601395
5511971601462
5511971601486
5511971601497
5511971601683
5511971601687
5511971601777
5511971601907
5511971601924
5511971601934
5511971601960
5511971602089
5511971602120
5511971602199
5511971602215
5511971602255
5511971602370
5511971602411
5511971602419
5511971602528
5511971602672
5511971602680
5511971602869
5511971602888
5511971602937
5511971603067
5511971603070
5511971603080
5511971603085
5511971603091
5511971603119
5511971603136
5511971603171
5511971603193
5511971603209
5511971603231
5511971603439
5511971603579
5511971603656
5511971603830
5511971603837
5511971603884
5511971603892
5511971603955
5511971604033
5511971604106
5511971604117
5511971604118
5511971604163
5511971604178
5511971604207
5511971604226
5511971604245
5511971604283
5511971604287
5511971604318
5511971604431
5511971604453
5511971604454
5511971604553
5511971604591
5511971604679
5511971604843
5511971604988
5511971605022
5511971605077
5511971605108
5511971605123
5511971605142
5511971605330
5511971605369
5511971605477
5511971605570
5511971605676
5511971605679
5511971605774
5511971605777
5511971605793
5511971605803
5511971605833
5511971605839
5511971605872
5511971605964
5511971606073
5511971606112
5511971606254
5511971606340
5511971606420
5511971606421
5511971606461
5511971606554
5511971606557
5511971606563
5511971606696
5511971606760
5511971606779
5511971606800
5511971606869
5511971606876
5511971606920
5511971606927
5511971607011
5511971607031
5511971607060
5511971607148
5511971607150
5511971607275
5511971607355
5511971607361
5511971607378
5511971607438
5511971607453
5511971607478
5511971607484
5511971607656
5511971607734
5511971607751
5511971607752
5511971607758
5511971607772
5511971607850
5511971607938
5511971607977
5511971608093
5511971608104
5511971608169
5511971608224
5511971608266
5511971608333
5511971608389
5511971608420
5511971608444
5511971608520
5511971608669
5511971608693
5511971608702
5511971608749
5511971608755
5511971608807
5511971608818
5511971608959
5511971608973
5511971608995
5511971609087
5511971609095
5511971609105
5511971609106
5511971609185
5511971609221
5511971609296
5511971609391
5511971609419
5511971609467
5511971609489
5511971609584
5511971609650
5511971609655
5511971609668
5511971609679
5511971609702
5511971609735
5511971609777
5511971609778
5511971609953
5511971609990
5511971610016
5511971610051
5511971610052
5511971610062
5511971610089
5511971610116
5511971610126
5511971610136
5511971610145
5511971610147
5511971610150
5511971610160
5511971610194
5511971610222
5511971610230
5511971610256
5511971610265
5511971610286
5511971610302
5511971610307
5511971610348
5511971610357
5511971610371
5511971610382
5511971610383
5511971610408
5511971610463
5511971610466
5511971610474
5511971610477
5511971610508
5511971610509
5511971610520
5511971610521
5511971610528
5511971610541
5511971610544
5511971610549
5511971610551
5511971610558
5511971610559
5511971610584
5511971610635
5511971610646
5511971610661
5511971610683
5511971610714
5511971610717
5511971610743
5511971610771
5511971610776
5511971610780
5511971610797
5511971610801
5511971610810
5511971610844
5511971610845
5511971610853
5511971610860
5511971610877
5511971610883
5511971610884
5511971610899
5511971610928
5511971610974
5511971611006
5511971611018
5511971611046
5511971611056
5511971611073
5511971611096
5511971611114
5511971611134
5511971611143
5511971611186
5511971611203
5511971611211
5511971611288
5511971611328
5511971611336
5511971611347
5511971611391
5511971611421
5511971611431
5511971611483
5511971611484
5511971611503
5511971611509
5511971611530
5511971611582
5511971611591
5511971611607
5511971611610
5511971611629
5511971611639
5511971611676
5511971611684
5511971611695
5511971611698
5511971611705
5511971611738
5511971611744
5511971611773
5511971611802
5511971611810
5511971611817
5511971611820
5511971611884
5511971611900
5511971611933
5511971611936
5511971611948
5511971611963
5511971611964
5511971612002
5511971612022
5511971612054
5511971612060
5511971612073
5511971612078
5511971612079
5511971612080
5511971612082
5511971612111
5511971612139
5511971612140
5511971612159
5511971612215
5511971612216
5511971612267
5511971612289
5511971612312
5511971612339
5511971612358
5511971612425
5511971612440
5511971612442
5511971612449
5511971612464
5511971612514
5511971612522
5511971612530
5511971612536
5511971612540
5511971612584
5511971612601
5511971612642
5511971612680
5511971612685
5511971612689
5511971612690
5511971612718
5511971612719
5511971612732
5511971612735
5511971612742
5511971612750
5511971612760
5511971612841
5511971612842
5511971612875
5511971612886
5511971612890
5511971612915
5511971612945
5511971612955
5511971612965
5511971612983
5511971612988
5511971613005
5511971613015
5511971613023
5511971613041
5511971613064
5511971613071
5511971613072
5511971613074
5511971613075
5511971613077
5511971613082
5511971613131
5511971613139
5511971613147
5511971613180
5511971613198
5511971613220
5511971613235
5511971613241
5511971613245
5511971613252
5511971613267
5511971613308
5511971613319
5511971613325
5511971613401
5511971613426
5511971613450
5511971613507
5511971613509
5511971613511
5511971613531
5511971613554
5511971613575
5511971613657
5511971613698
5511971613700
5511971613715
5511971613803
5511971613827
5511971613840
5511971613856
5511971613879
5511971613887
5511971613919
5511971613920
5511971613922
5511971613936
5511971613939
5511971613940
5511971613952
5511971613997
5511971614007
5511971614037
5511971614061
5511971614070
5511971614106
5511971614110
5511971614129
5511971614141
5511971614157
5511971614170
5511971614178
5511971614183
5511971614188
5511971614201
5511971614211
5511971614247
5511971614280
5511971614282
5511971614345
5511971614363
5511971614374
5511971614388
5511971614389
5511971614441
5511971614508
5511971614542
5511971614546
5511971614608
5511971614625
5511971614631
5511971614710
5511971614713
5511971614753
5511971614757
5511971614774
5511971614794
5511971614802
5511971614807
5511971614827
5511971614895
5511971614902
5511971614903
5511971614911
5511971614922
5511971614924
5511971614927
5511971614976
5511971615018
5511971615045
5511971615067
5511971615073
5511971615074
5511971615115
5511971615133
5511971615135
5511971615144
5511971615145
5511971615153
5511971615167
5511971615169
5511971615209
5511971615224
5511971615253
5511971615320
5511971615330
5511971615344
5511971615370
5511971615373
5511971615391
5511971615404
5511971615407
5511971615421
5511971615424
5511971615433
5511971615436
5511971615439
5511971615465
5511971615474
5511971615486
5511971615494
5511971615511
5511971615512
5511971615515
5511971615535
5511971615577
5511971615666
5511971615695
5511971615713
5511971615734
5511971615760
5511971615787
5511971615813
5511971615855
5511971615881
5511971615886
5511971615937
5511971615971
5511971616010
5511971616015
5511971616025
5511971616036
5511971616042
5511971616044
5511971616059
5511971616069
5511971616104
5511971616105
5511971616110
5511971616118
5511971616127
5511971616133
5511971616141
5511971616151
5511971616161
5511971616188
5511971616194
5511971616213
5511971616214
5511971616222
5511971616237
5511971616238
5511971616252
5511971616255
5511971616256
5511971616257
5511971616264
5511971616267
5511971616270
5511971616284
5511971616294
5511971616313
5511971616324
5511971616335
5511971616354
5511971616358
5511971616380
5511971616385
5511971616391
5511971616392
5511971616400
5511971616403
5511971616430
5511971616454
5511971616466
5511971616486
5511971616505
5511971616523
5511971616613
5511971616655
5511971616656
5511971616666
5511971616668
5511971616673
5511971616688
5511971616704
5511971616705
5511971616731
5511971616751
5511971616766
5511971616769
5511971616785
5511971616808
5511971616818
5511971616870
5511971616881
5511971616884
5511971616904
5511971616920
5511971616951
5511971616959
5511971616964
5511971617007
5511971617046
5511971617067
5511971617078
5511971617081
5511971617110
5511971617118
5511971617132
5511971617147
5511971617152
5511971617156
5511971617195
5511971617213
5511971617225
5511971617246
5511971617298
5511971617322
5511971617335
5511971617355
5511971617400
5511971617423
5511971617446
5511971617484
5511971617487
5511971617507
5511971617535
5511971617539
5511971617548
5511971617550
5511971617592
5511971617618
5511971617638
5511971617681
5511971617684
5511971617690
5511971617729
5511971617730
5511971617741
5511971617746
5511971617755
5511971617766
5511971617772
5511971617820
5511971617839
5511971617882
5511971617887
5511971617891
5511971617894
5511971617898
5511971617901
5511971617925
5511971617939
5511971617957
5511971618013
5511971618044
5511971618046
5511971618054
5511971618057
5511971618061
5511971618065
5511971618067
5511971618100
5511971618137
5511971618138
5511971618141
5511971618142
5511971618153
5511971618160
5511971618169
5511971618176
5511971618217
5511971618220
5511971618228
5511971618297
5511971618308
5511971618316
5511971618379
5511971618390
5511971618402
5511971618430
5511971618434
5511971618438
5511971618464
5511971618488
5511971618504
5511971618578
5511971618591
5511971618595
5511971618599
5511971618629
5511971618660
5511971618665
5511971618696
5511971618717
5511971618725
5511971618727
5511971618759
5511971618763
5511971618878
5511971618886
5511971618888
5511971618898
5511971618910
5511971618989
5511971619007
5511971619016
5511971619020
5511971619023
5511971619031
5511971619047
5511971619078
5511971619088
5511971619128
5511971619158
5511971619284
5511971619304
5511971619335
5511971619350
5511971619375
5511971619506
5511971619512
5511971619755
5511971619769
5511971619912
5511971619924
5511971619942
5511971619945
5511971619981
5511971620004
5511971620022
5511971620064
5511971620080
5511971620200
5511971620294
5511971620322
5511971620338
5511971620341
5511971620353
5511971620361
5511971620394
5511971620417
5511971620421
5511971620429
5511971620433
5511971620438
5511971620440
5511971620441
5511971620442
5511971620464
5511971620507
5511971620522
5511971620547
5511971620589
5511971620620
5511971620627
5511971620671
5511971620722
5511971620748
5511971620764
5511971620774
5511971620793
5511971620796
5511971620831
5511971620840
5511971620858
5511971620885
5511971620918
5511971620939
5511971620940
5511971620974
5511971620976
5511971620988
5511971621052
5511971621075
5511971621082
5511971621089
5511971621110
5511971621112
5511971621122
5511971621131
5511971621159
5511971621165
5511971621186
5511971621203
5511971621243
5511971621268
5511971621288
5511971621310
5511971621331
5511971621359
5511971621364
5511971621367
5511971621374
5511971621384
5511971621403
5511971621448
5511971621461
5511971621465
5511971621485
5511971621494
5511971621495
5511971621512
5511971621531
5511971621583
5511971621595
5511971621620
5511971621638
5511971621649
5511971621692
5511971621709
5511971621733
5511971621788
5511971621810
5511971621839
5511971621852
5511971621861
5511971621868
5511971621871
5511971621929
5511971621931
5511971621952
5511971621962
5511971621997
5511971622007
5511971622027
5511971622034
5511971622059
5511971622064
5511971622165
5511971622189
5511971622192
5511971622194
5511971622222
5511971622227
5511971622237
5511971622290
5511971622299
5511971622303
5511971622389
5511971622414
5511971622434
5511971622436
5511971622448
5511971622475
5511971622516
5511971622532
5511971622552
5511971622602
5511971622638
5511971622663
5511971622664
5511971622692
5511971622708
5511971622721
5511971622768
5511971622801
5511971622840
5511971622847
5511971622858
5511971622861
5511971622881
5511971622891
5511971622902
5511971622908
5511971622951
5511971622955
5511971622958
5511971622966
5511971622983
5511971622990
5511971623030
5511971623054
5511971623075
5511971623078
5511971623104
5511971623116
5511971623132
5511971623139
5511971623145
5511971623167
5511971623169
5511971623189
5511971623240
5511971623244
5511971623269
5511971623287
5511971623306
5511971623311
5511971623322
5511971623346
5511971623362
5511971623382
5511971623389
5511971623405
5511971623430
5511971623456
5511971623458
5511971623475
5511971623599
5511971623629
5511971623632
5511971623720
5511971623721
5511971623725
5511971623731
5511971623741
5511971623753
5511971623782
5511971623832
5511971623845
5511971623860
5511971623870
5511971623885
5511971623921
5511971623926
5511971623961
5511971623980
5511971623989
5511971624025
5511971624030
5511971624039
5511971624048
5511971624049
5511971624066
5511971624092
5511971624104
5511971624127
5511971624128
5511971624143
5511971624164
5511971624182
5511971624266
5511971624285
5511971624303
5511971624337
5511971624352
5511971624363
5511971624390
5511971624395
5511971624420
5511971624433
5511971624449
5511971624466
5511971624483
5511971624497
5511971624503
5511971624514
5511971624533
5511971624539
5511971624605
5511971624609
5511971624624
5511971624652
5511971624684
5511971624691
5511971624717
5511971624732
5511971624744
5511971624790
5511971624795
5511971624800
5511971624823
5511971624837
5511971624858
5511971624928
5511971624932
5511971625012
5511971625039
5511971625063
5511971625068
5511971625151
5511971625233
5511971625283
5511971625328
5511971625340
5511971625373
5511971625383
5511971625388
5511971625442
5511971625452
5511971625483
5511971625488
5511971625510
5511971625511
5511971625521
5511971625540
5511971625551
5511971625555
5511971625614
5511971625618
5511971625620
5511971625629
5511971625653
5511971625656
5511971625673
5511971625675
5511971625688
5511971625695
5511971625696
5511971625774
5511971625817
5511971625823
5511971625840
5511971625850
5511971625915
5511971625947
5511971625951
5511971625952
5511971626002
5511971626009
5511971626011
5511971626027
5511971626120
5511971626243
5511971626354
5511971626376
5511971626482
5511971626517
5511971626533
5511971626610
5511971626630
5511971626641
5511971626645
5511971626647
5511971626649
5511971626691
5511971626703
5511971626771
5511971626807
5511971626841
5511971626845
5511971626857
5511971626897
5511971626902
5511971626906
5511971626929
5511971626982
5511971627070
5511971627081
5511971627095
5511971627099
5511971627105
5511971627109
5511971627130
5511971627136
5511971627151
5511971627253
5511971627270
5511971627279
5511971627295
5511971627309
5511971627457
5511971627496
5511971627500
5511971627504
5511971627508
5511971627510
5511971627512
5511971627514
5511971627518
5511971627539
5511971627543
5511971627545
5511971627577
5511971627604
5511971627681
5511971627720
5511971627725
5511971627777
5511971627781
5511971627796
5511971627835
5511971627851
5511971627852
5511971627899
5511971627931
5511971627935
5511971627965
5511971628018
5511971628022
5511971628040
5511971628057
5511971628081
5511971628089
5511971628113
5511971628115
5511971628119
5511971628121
5511971628128
5511971628148
5511971628163
5511971628198
5511971628222
5511971628259
5511971628272
5511971628273
5511971628275
5511971628305
5511971628311
5511971628330
5511971628353
5511971628386
5511971628398
5511971628407
5511971628438
5511971628447
5511971628460
5511971628482
5511971628491
5511971628539
5511971628683
5511971628687
5511971628692
5511971628746
5511971628753
5511971628777
5511971628778
5511971628801
5511971628803
5511971628814
5511971628960
5511971629023
5511971629043
5511971629045
5511971629051
5511971629061
5511971629096
5511971629098
5511971629102
5511971629110
5511971629115
5511971629129
5511971629135
5511971629177
5511971629193
5511971629213
5511971629218
5511971629222
5511971629250
5511971629284
5511971629293
5511971629354
5511971629369
5511971629421
5511971629450
5511971629464
5511971629474
5511971629555
5511971629581
5511971629584
5511971629592
5511971629614
5511971629628
5511971629651
5511971629680
5511971629711
5511971629745
5511971629750
5511971629755
5511971629762
5511971629778
5511971629790
5511971629796
5511971629811
5511971629833
5511971629863
5511971629866
5511971629867
5511971629868
5511971629891
5511971629902
5511971629922
5511971629935
5511971629966
5511971629983
5511971629992
5511971630005
5511971630039
5511971630054
5511971630063
5511971630066
5511971630078
5511971630090
5511971630108
5511971630112
5511971630115
5511971630145
5511971630160
5511971630164
5511971630205
5511971630271
5511971630277
5511971630297
5511971630303
5511971630318
5511971630341
5511971630349
5511971630413
5511971630424
5511971630441
5511971630447
5511971630460
5511971630462
5511971630467
5511971630472
5511971630483
5511971630486
5511971630500
5511971630502
5511971630508
5511971630531
5511971630536
5511971630550
5511971630553
5511971630556
5511971630568
5511971630578
5511971630591
5511971630617
5511971630644
5511971630673
5511971630678
5511971630690
5511971630750
5511971630757
5511971630761
5511971630771
5511971630788
5511971630808
5511971630836
5511971630857
5511971630887
5511971630901
5511971630905
5511971630912
5511971630951
5511971630963
5511971631001
5511971631005
5511971631032
5511971631047
5511971631055
5511971631057
5511971631069
5511971631110
5511971631143
5511971631208
5511971631215
5511971631221
5511971631226
5511971631236
5511971631319
5511971631351
5511971631361
5511971631373
5511971631397
5511971631491
5511971631501
5511971631519
5511971631549
5511971631565
5511971631572
5511971631594
5511971631619
5511971631669
5511971631680
5511971631702
5511971631705
5511971631712
5511971631733
5511971631769
5511971631773
5511971631807
5511971631817
5511971631851
5511971631856
5511971631857
5511971631858
5511971631894
5511971631948
5511971631958
5511971631966
5511971631983
5511971631993
5511971632019
5511971632037
5511971632040
5511971632071
5511971632079
5511971632086
5511971632091
5511971632107
5511971632157
5511971632162
5511971632165
5511971632168
5511971632221
5511971632222
5511971632294
5511971632308
5511971632330
5511971632335
5511971632341
5511971632377
5511971632400
5511971632462
5511971632487
5511971632519
5511971632535
5511971632582
5511971632606
5511971632620
5511971632653
5511971632671
5511971632678
5511971632694
5511971632698
5511971632714
5511971632775
5511971632777
5511971632810
5511971632836
5511971632860
5511971633015
5511971633032
5511971633046
5511971633065
5511971633081
5511971633112
5511971633116
5511971633188
5511971633194
5511971633238
5511971633246
5511971633250
5511971633269
5511971633292
5511971633337
5511971633356
5511971633365
5511971633393
5511971633397
5511971633407
5511971633408
5511971633498
5511971633500
5511971633505
5511971633521
5511971633540
5511971633594
5511971633600
5511971633604
5511971633611
5511971633628
5511971633657
5511971633672
5511971633729
5511971633734
5511971633758
5511971633771
5511971633787
5511971633790
5511971633808
5511971633846
5511971633881
5511971633917
5511971633918
5511971633950
5511971633962
5511971633966
5511971634046
5511971634051
5511971634062
5511971634104
5511971634108
5511971634117
5511971634137
5511971634150
5511971634198
5511971634214
5511971634235
5511971634249
5511971634251
5511971634270
5511971634279
5511971634305
5511971634319
5511971634330
5511971634338
5511971634362
5511971634381
5511971634395
5511971634401
5511971634435
5511971634437
5511971634438
5511971634444
5511971634480
5511971634481
5511971634498
5511971634514
5511971634518
5511971634558
5511971634575
5511971634581
5511971634598
5511971634621
5511971634629
5511971634673
5511971634680
5511971634714
5511971634742
5511971634755
5511971634762
5511971634796
5511971634805
5511971634820
5511971634852
5511971634868
5511971634877
5511971634899
5511971634931
5511971634936
5511971634954
5511971634962
5511971635013
5511971635100
5511971635193
5511971635222
5511971635230
5511971635292
5511971635294
5511971635325
5511971635350
5511971635372
5511971635384
5511971635399
5511971635424
5511971635505
5511971635525
5511971635560
5511971635574
5511971635588
5511971635610
5511971635634
5511971635638
5511971635675
5511971635700
5511971635730
5511971635731
5511971635748
5511971635774
5511971635780
5511971635784
5511971635800
5511971635821
5511971635874
5511971635877
5511971635878
5511971635916
5511971635920
5511971635946
5511971635967
5511971635973
5511971635979
5511971635998
5511971636008
5511971636062
5511971636070
5511971636077
5511971636159
5511971636169
5511971636175
5511971636239
5511971636324
5511971636327
5511971636357
5511971636375
5511971636391
5511971636410
5511971636417
5511971636433
5511971636496
5511971636529
5511971636542
5511971636549
5511971636562
5511971636570
5511971636604
5511971636608
5511971636636
5511971636657
5511971636670
5511971636699
5511971636702
5511971636770
5511971636844
5511971636878
5511971636914
5511971636964
5511971637063
5511971637131
5511971637162
5511971637240
5511971637244
5511971637256
5511971637316
5511971637338
5511971637381
5511971637420
5511971637491
5511971637517
5511971637546
5511971637555
5511971637562
5511971637596
5511971637760
5511971637761
5511971637776
5511971637794
5511971637830
5511971637851
5511971637867
