5531992911537
5531992911570
5531992911574
5531992911604
5531992911631
5531992911697
5531992911718
5531992911750
5531992911771
5531992911798
5531992911806
5531992911882
5531992911906
5531992911956
5531992911979
5531992911993
5531992911996
5531992912015
5531992912039
5531992912046
5531992912118
5531992912171
5531992912192
5531992912202
5531992912217
5531992912221
5531992912270
5531992912277
5531992912301
5531992912308
5531992912327
5531992912351
5531992912369
5531992912391
5531992912394
5531992912402
5531992912431
5531992912437
5531992912441
5531992912494
5531992912499
5531992912529
5531992912604
5531992912614
5531992912707
5531992912708
5531992912725
5531992912745
5531992912795
5531992913000
5531992913095
5531992913164
5531992913167
5531992913206
5531992913229
5531992913258
5531992913280
5531992913288
5531992913292
5531992913299
5531992913355
5531992913444
5531992913452
5531992913478
5531992913494
5531992913566
5531992913600
5531992913609
5531992913610
5531992913621
5531992913638
5531992913662
5531992913668
5531992913723
5531992913796
5531992913799
5531992913847
5531992913887
5531992913896
5531992913963
5531992913969
5531992913975
5531992913977
5531992914002
5531992914045
5531992914062
5531992914073
5531992914074
5531992914081
5531992914094
5531992914109
5531992914129
5531992914141
5531992914147
5531992914149
5531992914152
5531992914188
5531992914197
5531992914198
5531992914205
5531992914226
5531992914235
5531992914272
5531992914276
5531992914335
5531992914418
5531992914446
5531992914455
5531992914462
5531992914520
5531992914534
5531992914624
5531992914632
5531992914636
5531992914648
5531992914651
5531992914669
5531992914709
5531992914750
5531992914849
5531992914870
5531992914890
5531992914900
5531992914926
5531992914967
5531992915046
5531992915102
5531992915112
5531992915146
5531992915151
5531992915193
5531992915229
5531992915260
5531992915292
5531992915306
5531992915421
5531992915424
5531992915448
5531992915474
5531992915489
5531992915600
5531992915604
5531992915605
5531992915615
5531992915647
5531992915697
5531992915712
5531992915735
5531992915739
5531992915787
5531992915871
5531992915873
5531992915939
5531992915957
5531992915974
5531992915995
5531992915997
5531992916001
5531992916044
5531992916054
5531992916064
5531992916119
5531992916155
5531992916172
5531992916189
5531992916209
5531992916212
5531992916285
5531992916307
5531992916341
5531992916360
5531992916363
5531992916370
5531992916466
5531992916538
5531992916617
5531992916623
5531992916663
5531992916676
5531992916755
5531992916765
5531992916788
5531992916825
5531992916834
5531992916839
5531992916840
5531992916957
5531992917002
5531992917019
5531992917093
5531992917148
5531992917177
5531992917178
5531992917233
5531992917234
5531992917279
5531992917301
5531992917402
5531992917447
5531992917489
5531992917502
5531992917523
5531992917529
5531992917540
5531992917553
5531992917567
5531992917568
5531992917571
5531992917578
5531992917726
5531992917743
5531992917769
5531992917781
5531992917834
5531992917836
5531992917898
5531992917900
5531992917904
5531992917953
5531992917991
5531992918104
5531992918117
5531992918124
5531992918149
5531992918164
5531992918167
5531992918171
5531992918181
5531992918212
5531992918227
5531992918244
5531992918269
5531992918304
5531992918317
5531992918469
5531992918470
5531992918475
5531992918479
5531992918511
5531992918570
5531992918666
5531992918714
5531992918774
5531992918849
5531992918874
5531992918876
5531992918913
5531992918918
5531992919049
5531992919088
5531992919094
5531992919104
5531992919131
5531992919185
5531992919205
5531992919249
5531992919291
5531992919336
5531992919365
5531992919393
5531992919400
5531992919441
5531992919447
5531992919552
5531992919555
5531992919574
5531992919611
5531992919655
5531992919676
5531992919872
5531992919975
5531992920006
5531992920012
5531992920057
5531992920068
5531992920071
5531992920080
5531992920082
5531992920138
5531992920141
5531992920149
5531992920152
5531992920170
5531992920184
5531992920197
5531992920204
5531992920208
5531992920209
5531992920212
5531992920220
5531992920250
5531992920266
5531992920274
5531992920277
5531992920310
5531992920319
5531992920398
5531992920505
5531992920507
5531992920510
5531992920525
5531992920526
5531992920529
5531992920557
5531992920564
5531992920592
5531992920595
5531992920601
5531992920632
5531992920653
5531992920684
5531992920702
5531992920704
5531992920706
5531992920735
5531992920749
5531992920779
5531992920795
5531992920808
5531992920821
5531992920837
5531992920853
5531992920866
5531992920939
5531992920942
5531992920949
5531992920965
5531992920982
5531992920997
5531992921023
5531992921024
5531992921027
5531992921055
5531992921095
5531992921099
5531992921118
5531992921122
5531992921131
5531992921146
5531992921147
5531992921151
5531992921157
5531992921163
5531992921188
5531992921291
5531992921300
5531992921312
5531992921315
5531992921330
5531992921382
5531992921394
5531992921406
5531992921411
5531992921417
5531992921427
5531992921428
5531992921463
5531992921477
5531992921515
5531992921528
5531992921542
5531992921566
5531992921576
5531992921577
5531992921578
5531992921598
5531992921612
5531992921639
5531992921644
5531992921652
5531992921664
5531992921687
5531992921695
5531992921716
5531992921780
5531992921798
5531992921808
5531992921824
5531992921832
5531992921848
5531992921857
5531992921879
5531992921881
5531992921924
5531992921962
5531992921986
5531992921989
5531992922005
5531992922076
5531992922088
5531992922095
5531992922115
5531992922119
5531992922129
5531992922143
5531992922193
5531992922218
5531992922243
5531992922247
5531992922266
5531992922287
5531992922296
5531992922342
5531992922343
5531992922391
5531992922415
5531992922428
5531992922436
5531992922447
5531992922463
5531992922479
5531992922494
5531992922530
5531992922535
5531992922561
5531992922562
5531992922592
5531992922594
5531992922622
5531992922708
5531992922845
5531992922854
5531992922889
5531992922906
5531992922913
5531992922924
5531992922927
5531992922935
5531992922957
5531992922968
5531992922999
5531992923029
5531992923035
5531992923054
5531992923073
5531992923121
5531992923136
5531992923140
5531992923155
5531992923158
5531992923177
5531992923196
5531992923229
5531992923257
5531992923279
5531992923329
5531992923346
5531992923358
5531992923391
5531992923408
5531992923427
5531992923430
5531992923435
5531992923437
5531992923479
5531992923484
5531992923508
5531992923537
5531992923557
5531992923569
5531992923575
5531992923581
5531992923587
5531992923589
5531992923593
5531992923598
5531992923650
5531992923714
5531992923735
5531992923741
5531992923765
5531992923870
5531992923884
5531992923893
5531992923933
5531992923958
5531992924003
5531992924075
5531992924099
5531992924146
5531992924157
5531992924183
5531992924186
5531992924190
5531992924198
5531992924224
5531992924251
5531992924262
5531992924266
5531992924319
5531992924324
5531992924340
5531992924343
5531992924358
5531992924376
5531992924414
5531992924433
5531992924437
5531992924448
5531992924504
5531992924507
5531992924545
5531992924628
5531992924694
5531992924759
5531992924770
5531992924776
5531992924783
5531992924806
5531992924808
5531992924830
5531992924848
5531992924849
5531992924870
5531992924879
5531992924899
5531992924960
5531992924966
5531992925010
5531992925014
5531992925070
5531992925094
5531992925097
5531992925113
5531992925146
5531992925179
5531992925188
5531992925193
5531992925228
5531992925273
5531992925286
5531992925323
5531992925333
5531992925346
5531992925367
5531992925383
5531992925400
5531992925434
5531992925512
5531992925523
5531992925633
5531992925666
5531992925694
5531992925714
5531992925748
5531992925817
5531992925854
5531992925907
5531992925954
5531992925985
5531992926030
5531992926142
5531992926161
5531992926179
5531992926187
5531992926207
5531992926273
5531992926294
5531992926368
5531992926402
5531992926463
5531992926483
5531992926496
5531992926520
5531992926567
5531992926584
5531992926616
5531992926637
5531992926666
5531992926681
5531992926699
5531992926700
5531992926755
5531992926823
5531992926879
5531992926925
5531992926944
5531992926966
5531992926972
5531992926990
5531992926991
5531992927003
5531992927022
5531992927048
5531992927066
5531992927097
5531992927104
5531992927166
5531992927185
5531992927223
5531992927232
5531992927255
5531992927268
5531992927276
5531992927311
5531992927347
5531992927352
5531992927368
5531992927377
5531992927424
5531992927430
5531992927444
5531992927506
5531992927508
5531992927537
5531992927645
5531992927663
5531992927696
5531992927751
5531992927753
5531992927795
5531992927846
5531992927952
5531992928009
5531992928027
5531992928042
5531992928063
5531992928091
5531992928112
5531992928127
5531992928139
5531992928161
5531992928233
5531992928275
5531992928336
5531992928373
5531992928374
5531992928384
5531992928400
5531992928429
5531992928444
5531992928454
5531992928486
5531992928501
5531992928568
5531992928581
5531992928614
5531992928626
5531992928660
5531992928697
5531992928724
5531992928802
5531992928840
5531992928857
5531992928918
5531992928921
5531992928989
5531992929019
5531992929031
5531992929072
5531992929078
5531992929101
5531992929143
5531992929166
5531992929172
5531992929187
5531992929188
5531992929205
5531992929222
5531992929241
5531992929255
5531992929267
5531992929271
5531992929292
5531992929293
5531992929299
5531992929309
5531992929312
5531992929344
5531992929387
5531992929390
5531992929402
5531992929412
5531992929449
5531992929452
5531992929478
5531992929484
5531992929491
5531992929522
5531992929530
5531992929551
5531992929556
5531992929613
5531992929670
5531992929717
5531992929722
5531992929728
5531992929743
5531992929746
5531992929748
5531992929766
5531992929768
5531992929787
5531992929805
5531992929809
5531992929827
5531992929844
5531992929847
5531992929873
5531992929881
5531992929886
5531992929903
5531992929907
5531992929933
5531992929962
5531992929985
5531992930001
5531992930002
5531992930046
5531992930058
5531992930074
5531992930089
5531992930094
5531992930110
5531992930127
5531992930145
5531992930199
5531992930226
5531992930255
5531992930286
5531992930311
5531992930327
5531992930333
5531992930356
5531992930397
5531992930418
5531992930451
5531992930463
5531992930489
5531992930494
5531992930508
5531992930612
5531992930619
5531992930622
5531992930630
5531992930670
5531992930687
5531992930708
5531992930716
5531992930727
5531992930774
5531992930828
5531992930858
5531992930870
5531992930874
5531992930894
5531992930958
5531992930981
5531992931000
5531992931023
5531992931026
5531992931047
5531992931105
5531992931112
5531992931123
5531992931144
5531992931161
5531992931165
5531992931181
5531992931230
5531992931332
5531992931385
5531992931397
5531992931399
5531992931459
5531992931465
5531992931490
5531992931511
5531992931513
5531992931523
5531992931557
5531992931594
5531992931609
5531992931671
5531992931689
5531992931696
5531992931723
5531992931766
5531992931787
5531992931827
5531992931864
5531992931942
5531992931990
5531992931995
5531992932015
5531992932086
5531992932192
5531992932211
5531992932244
5531992932303
5531992932323
5531992932339
5531992932400
5531992932423
5531992932498
5531992932502
5531992932517
5531992932584
5531992932614
5531992932640
5531992932679
5531992932684
5531992932746
5531992932817
5531992932824
5531992933035
5531992933047
5531992933083
5531992933110
5531992933127
5531992933145
5531992933168
5531992933179
5531992933203
5531992933205
5531992933218
5531992933264
5531992933308
5531992933312
5531992933340
5531992933356
5531992933361
5531992933420
5531992933430
5531992933449
5531992933545
5531992933557
5531992933558
5531992933727
5531992933774
5531992933780
5531992933803
5531992933907
5531992933910
5531992933932
5531992933941
5531992933944
5531992933958
5531992934014
5531992934016
5531992934038
5531992934072
5531992934137
5531992934140
5531992934159
5531992934160
5531992934240
5531992934259
5531992934314
5531992934322
5531992934328
5531992934332
5531992934393
5531992934405
5531992934431
5531992934537
5531992934560
5531992934590
5531992934599
5531992934628
5531992934640
5531992934652
5531992934693
5531992934776
5531992934800
5531992934829
5531992934900
5531992934904
5531992934921
5531992934974
5531992934978
5531992935013
5531992935061
5531992935080
5531992935098
5531992935108
5531992935146
5531992935172
5531992935239
5531992935300
5531992935375
5531992935457
5531992935462
5531992935464
5531992935481
5531992935559
5531992935673
5531992935719
5531992935800
5531992935803
5531992935811
5531992935839
5531992935847
5531992935889
5531992935916
5531992935923
5531992935929
5531992935972
5531992935994
5531992936003
5531992936097
5531992936223
5531992936237
5531992936239
5531992936281
5531992936290
5531992936291
5531992936304
5531992936306
5531992936385
5531992936412
5531992936429
5531992936443
5531992936450
5531992936494
5531992936522
5531992936550
5531992936551
5531992936570
5531992936598
5531992936646
5531992936651
5531992936672
5531992936678
5531992936690
5531992936731
5531992936732
5531992936765
5531992936800
5531992936805
5531992936878
5531992936894
5531992937008
5531992937087
5531992937100
5531992937106
5531992937134
5531992937172
5531992937196
5531992937221
5531992937252
5531992937255
5531992937259
5531992937340
5531992937380
5531992937445
5531992937478
5531992937501
5531992937564
5531992937577
5531992937578
5531992937582
5531992937624
5531992937646
5531992937648
5531992937672
5531992937679
5531992937710
5531992937729
5531992937740
5531992937754
5531992937793
5531992937797
5531992937800
5531992937843
5531992937857
5531992937888
5531992937918
5531992937972
5531992938017
5531992938134
5531992938302
5531992938348
5531992938370
5531992938372
5531992938417
5531992938468
5531992938566
5531992938611
5531992938729
5531992938734
5531992938746
5531992938812
5531992938857
5531992938860
5531992938878
5531992938895
5531992938907
5531992938913
5531992938959
5531992938969
5531992938976
5531992939007
5531992939012
5531992939020
5531992939130
5531992939164
5531992939220
5531992939237
5531992939310
5531992939339
5531992939343
5531992939355
5531992939396
5531992939415
5531992939443
5531992939445
5531992939455
5531992939484
5531992939493
5531992939495
5531992939519
5531992939575
5531992939579
5531992939631
5531992939774
5531992939781
5531992939797
5531992939813
5531992939840
5531992939857
5531992939864
5531992939876
5531992939877
5531992939909
5531992939934
5531992939980
5531992939985
5531992940026
5531992940028
5531992940044
5531992940071
5531992940076
5531992940085
5531992940100
5531992940101
5531992940111
5531992940159
5531992940164
5531992940170
5531992940191
5531992940222
5531992940249
5531992940268
5531992940276
5531992940283
5531992940341
5531992940342
5531992940352
5531992940368
5531992940406
5531992940418
5531992940420
5531992940425
5531992940435
5531992940464
5531992940476
5531992940481
5531992940494
5531992940498
5531992940502
5531992940522
5531992940551
5531992940570
5531992940641
5531992940645
5531992940655
5531992940660
5531992940692
5531992940710
5531992940718
5531992940722
5531992940757
5531992940818
5531992940847
5531992940851
5531992940890
5531992940898
5531992940955
5531992941004
5531992941017
5531992941097
5531992941102
5531992941109
5531992941148
5531992941207
5531992941220
5531992941229
5531992941252
5531992941284
5531992941328
5531992941330
5531992941344
5531992941352
5531992941355
5531992941376
5531992941396
5531992941402
5531992941491
5531992941512
5531992941576
5531992941644
5531992941646
5531992941664
5531992941703
5531992941764
5531992941839
5531992941854
5531992941857
5531992941895
5531992941910
5531992941937
5531992941955
5531992941959
5531992942001
5531992942063
5531992942073
5531992942100
5531992942139
5531992942224
5531992942243
5531992942293
5531992942306
5531992942331
5531992942339
5531992942394
5531992942414
5531992942451
5531992942498
5531992942522
5531992942548
5531992942555
5531992942567
5531992942602
5531992942629
5531992942663
5531992942669
5531992942670
5531992942702
5531992942736
5531992942825
5531992942929
5531992942940
5531992942953
5531992942961
5531992942969
5531992942978
5531992942984
5531992943009
5531992943024
5531992943030
5531992943037
5531992943074
5531992943131
5531992943143
5531992943221
5531992943225
5531992943264
5531992943266
5531992943284
5531992943297
5531992943338
5531992943339
5531992943357
5531992943415
5531992943431
5531992943465
5531992943475
5531992943477
5531992943479
5531992943520
5531992943534
5531992943536
5531992943602
5531992943606
5531992943628
5531992943631
5531992943649
5531992943662
5531992943668
5531992943698
5531992943707
5531992943714
5531992943750
5531992943781
5531992943788
5531992943814
5531992943874
5531992943886
5531992943905
5531992943944
5531992943971
5531992944214
5531992944245
5531992944259
5531992944292
5531992944332
5531992944337
5531992944341
5531992944382
5531992944402
5531992944448
5531992944481
5531992944509
5531992944520
5531992944533
5531992944544
5531992944593
5531992944600
5531992944616
5531992944623
5531992944655
5531992944673
5531992944693
5531992944725
5531992944737
5531992944738
5531992944739
5531992944747
5531992944748
5531992944831
5531992944889
5531992945010
5531992945027
5531992945048
5531992945058
5531992945139
5531992945160
5531992945163
5531992945178
5531992945215
5531992945234
5531992945256
5531992945415
5531992945513
5531992945522
5531992945606
5531992945610
5531992945626
5531992945681
5531992945686
5531992945712
5531992945783
5531992945809
5531992945811
5531992945916
5531992945922
5531992945938
5531992945939
5531992945947
5531992945999
5531992946020
5531992946069
5531992946111
5531992946163
5531992946192
5531992946202
5531992946225
5531992946268
5531992946271
5531992946285
5531992946290
5531992946322
5531992946341
5531992946363
5531992946450
5531992946468
5531992946493
5531992946496
5531992946515
5531992946517
5531992946519
5531992946523
5531992946550
5531992946619
5531992946627
5531992946649
5531992946680
5531992946689
5531992946710
5531992946720
5531992946726
5531992946737
5531992946739
5531992946780
5531992946886
5531992946902
5531992946960
5531992946977
5531992947026
5531992947066
5531992947087
5531992947127
5531992947179
5531992947219
5531992947223
5531992947296
5531992947339
5531992947413
5531992947497
5531992947578
5531992947585
5531992947604
5531992947606
5531992947634
5531992947636
5531992947663
5531992947678
5531992947682
5531992947693
5531992947709
5531992947715
5531992947736
5531992947749
5531992947752
5531992947772
5531992947779
5531992947816
5531992947820
5531992947874
5531992947932
5531992947960
5531992947972
5531992948014
5531992948019
5531992948041
5531992948066
5531992948109
5531992948118
5531992948145
5531992948155
5531992948156
5531992948194
5531992948250
5531992948258
5531992948275
5531992948279
5531992948332
5531992948391
5531992948409
5531992948416
5531992948475
5531992948483
5531992948509
5531992948527
5531992948544
5531992948546
5531992948566
5531992948585
5531992948595
5531992948608
5531992948610
5531992948613
5531992948627
5531992948631
5531992948653
5531992948659
5531992948692
5531992948779
5531992948800
5531992948817
5531992948831
5531992948891
5531992948892
5531992948909
5531992948946
5531992948983
5531992948985
5531992948989
5531992948998
5531992949005
5531992949010
5531992949017
5531992949034
5531992949056
5531992949057
5531992949070
5531992949074
5531992949095
5531992949106
5531992949125
5531992949126
5531992949134
5531992949181
5531992949211
5531992949243
5531992949277
5531992949317
5531992949333
5531992949348
5531992949371
5531992949373
5531992949384
5531992949398
5531992949429
5531992949434
5531992949439
5531992949453
5531992949474
5531992949488
5531992949503
5531992949514
5531992949522
5531992949534
5531992949559
5531992949672
5531992949681
5531992949686
5531992949693
5531992949705
5531992949718
5531992949744
5531992949750
5531992949772
5531992949790
5531992949836
5531992949837
5531992949893
5531992949968
5531992949996
5531992950013
5531992950017
5531992950054
5531992950060
5531992950068
5531992950072
5531992950074
5531992950086
5531992950091
5531992950095
5531992950147
5531992950185
5531992950197
5531992950206
5531992950217
5531992950219
5531992950233
5531992950251
5531992950318
5531992950432
5531992950456
5531992950524
5531992950540
5531992950605
5531992950643
5531992950650
5531992950669
5531992950682
5531992950696
5531992950735
5531992950738
5531992950747
5531992950764
5531992950773
5531992950793
5531992950795
5531992950796
5531992950823
5531992950825
5531992950826
5531992950909
5531992950927
5531992950942
5531992950956
5531992950991
5531992951004
5531992951011
5531992951035
5531992951136
5531992951152
5531992951279
5531992951315
5531992951316
5531992951322
5531992951331
5531992951388
5531992951409
5531992951447
5531992951459
5531992951479
5531992951498
5531992951535
5531992951538
5531992951577
5531992951603
5531992951648
5531992951651
5531992951674
5531992951691
5531992951703
5531992951717
5531992951734
5531992951739
5531992951764
5531992951785
5531992951804
5531992951807
5531992951885
5531992951892
5531992951893
5531992951897
5531992951901
5531992951942
5531992951963
5531992951978
5531992952014
5531992952021
5531992952064
5531992952216
5531992952273
5531992952351
5531992952364
5531992952369
5531992952405
5531992952411
5531992952450
5531992952456
5531992952481
5531992952497
5531992952506
5531992952576
5531992952590
5531992952603
5531992952655
5531992952657
5531992952826
5531992952853
5531992952875
5531992952919
5531992952967
5531992952969
5531992952990
5531992953021
5531992953034
5531992953082
5531992953087
5531992953088
5531992953120
5531992953203
5531992953207
5531992953277
5531992953285
5531992953290
5531992953323
5531992953352
5531992953428
5531992953450
5531992953514
5531992953554
5531992953571
5531992953579
5531992953607
5531992953612
5531992953671
5531992953691
5531992953707
5531992953730
5531992953743
5531992953749
5531992953772
5531992953802
5531992953806
5531992953930
5531992953979
5531992954008
5531992954018
5531992954042
5531992954053
5531992954094
5531992954102
5531992954140
5531992954164
5531992954175
5531992954269
5531992954303
5531992954313
5531992954315
5531992954386
5531992954424
5531992954448
5531992954463
5531992954487
5531992954507
5531992954522
5531992954537
5531992954558
5531992954611
5531992954623
5531992954662
5531992954781
5531992954796
5531992954802
5531992954847
5531992954887
5531992954915
5531992954923
5531992954940
5531992954941
5531992954971
5531992954973
5531992954986
5531992954987
5531992954998
5531992955000
5531992955007
5531992955112
5531992955150
5531992955159
5531992955220
5531992955251
5531992955256
5531992955267
5531992955276
5531992955319
5531992955321
5531992955375
5531992955435
5531992955444
5531992955445
5531992955446
5531992955453
5531992955464
5531992955477
5531992955479
5531992955488
5531992955500
5531992955551
5531992955589
5531992955592
5531992955635
5531992955636
5531992955651
5531992955707
5531992955754
5531992955776
5531992955781
5531992955798
5531992955812
5531992955822
5531992955837
5531992955855
5531992955892
5531992955905
5531992955910
5531992955947
5531992956018
5531992956060
5531992956092
5531992956102
5531992956140
5531992956160
5531992956197
5531992956225
5531992956259
5531992956344
5531992956389
5531992956394
5531992956395
5531992956415
5531992956417
5531992956457
5531992956463
5531992956514
5531992956574
5531992956585
5531992956587
5531992956609
5531992956644
5531992956655
5531992956660
5531992956700
5531992956776
5531992956813
5531992956816
5531992956925
5531992956930
5531992956936
5531992956968
5531992956982
5531992956983
5531992956997
5531992957008
5531992957011
5531992957020
5531992957057
5531992957075
5531992957087
5531992957114
5531992957152
5531992957194
5531992957219
5531992957242
5531992957265
5531992957294
5531992957330
5531992957377
5531992957454
5531992957457
5531992957556
5531992957570
5531992957588
5531992957596
5531992957658
5531992957670
5531992957671
5531992957689
5531992957729
5531992957757
5531992957802
5531992957832
5531992957833
5531992957846
5531992957849
5531992957865
5531992957890
5531992957901
5531992957929
5531992958011
5531992958016
5531992958018
5531992958039
5531992958130
5531992958150
5531992958157
5531992958173
5531992958209
5531992958211
5531992958240
5531992958284
5531992958291
5531992958307
5531992958315
5531992958339
5531992958340
5531992958371
5531992958396
5531992958407
5531992958449
5531992958521
5531992958532
5531992958564
5531992958568
5531992958571
5531992958610
5531992958620
5531992958628
5531992958689
5531992958719
5531992958772
5531992958786
5531992958812
5531992958816
5531992958838
5531992958843
5531992958870
5531992958910
5531992958993
5531992959018
5531992959046
5531992959050
5531992959106
5531992959124
5531992959156
5531992959164
5531992959218
5531992959220
5531992959267
5531992959283
5531992959316
5531992959409
5531992959432
5531992959433
5531992959434
5531992959443
5531992959461
5531992959466
5531992959503
5531992959509
5531992959549
5531992959555
5531992959601
5531992959605
5531992959661
5531992959670
5531992959759
5531992959823
5531992959863
5531992959867
5531992960048
5531992960066
5531992960081
5531992960082
5531992960090
5531992960112
5531992960115
5531992960120
5531992960127
5531992960138
5531992960218
5531992960243
5531992960261
5531992960265
5531992960303
5531992960308
5531992960345
5531992960400
5531992960402
5531992960439
5531992960444
5531992960523
5531992960533
5531992960560
5531992960583
5531992960599
5531992960608
5531992960672
5531992960681
5531992960685
5531992960779
5531992960781
5531992960788
5531992960800
5531992960816
5531992960826
5531992960847
5531992960861
5531992960877
5531992960969
5531992960985
5531992960993
5531992961001
5531992961005
5531992961020
5531992961040
5531992961041
5531992961048
5531992961055
5531992961142
5531992961195
5531992961202
5531992961230
5531992961240
5531992961283
5531992961293
5531992961300
5531992961306
5531992961343
5531992961371
5531992961386
5531992961401
5531992961403
5531992961406
5531992961409
5531992961411
5531992961426
5531992961473
5531992961481
5531992961493
5531992961519
5531992961542
5531992961556
5531992961560
5531992961588
5531992961615
5531992961617
5531992961645
5531992961693
5531992961723
5531992961765
5531992961777
5531992961798
5531992961803
5531992961805
5531992961814
5531992961833
5531992961859
5531992961874
5531992961887
5531992961893
5531992962002
5531992962011
5531992962028
5531992962037
5531992962044
5531992962062
5531992962134
5531992962145
5531992962147
5531992962155
5531992962173
5531992962200
5531992962365
5531992962383
5531992962424
5531992962452
5531992962458
5531992962463
5531992962472
5531992962476
5531992962484
5531992962533
5531992962535
5531992962536
5531992962554
5531992962574
5531992962595
5531992962633
5531992962643
5531992962650
5531992962662
5531992962668
5531992962687
5531992962691
5531992962694
5531992962701
5531992962706
5531992962726
5531992962727
5531992962762
5531992962784
5531992962789
5531992962832
5531992962876
5531992962917
5531992962920
5531992962941
5531992962956
5531992962964
5531992962969
5531992962976
5531992963019
5531992963020
5531992963032
5531992963051
5531992963055
5531992963095
5531992963098
5531992963111
5531992963121
5531992963129
5531992963158
5531992963162
5531992963174
5531992963187
5531992963200
5531992963258
5531992963276
5531992963288
5531992963301
5531992963307
5531992963309
5531992963335
5531992963344
5531992963379
5531992963432
5531992963437
5531992963440
5531992963441
5531992963445
5531992963463
5531992963530
5531992963533
5531992963536
5531992963598
5531992963621
5531992963624
5531992963663
5531992963671
5531992963690
5531992963747
5531992963787
5531992963811
5531992963864
5531992963894
5531992963913
5531992963960
5531992963965
5531992963974
5531992963978
5531992963985
5531992963994
5531992963996
5531992964000
5531992964029
5531992964031
5531992964035
5531992964037
5531992964038
5531992964050
5531992964057
5531992964076
5531992964102
5531992964131
5531992964132
5531992964147
5531992964174
5531992964177
5531992964179
5531992964191
5531992964199
