5511991816381
5511991816389
5511991816397
5511991816398
5511991816405
5511991816427
5511991816440
5511991816452
5511991816478
5511991816481
5511991816496
5511991816520
5511991816521
5511991816522
5511991816547
5511991816550
5511991816577
5511991816609
5511991816617
5511991816636
5511991816637
5511991816653
5511991816688
5511991816721
5511991816723
5511991816736
5511991816775
5511991816780
5511991816782
5511991816809
5511991816861
5511991816869
5511991816888
5511991816896
5511991816907
5511991816947
5511991816951
5511991816969
5511991816989
5511991816997
5511991817009
5511991817019
5511991817025
5511991817026
5511991817033
5511991817059
5511991817060
5511991817068
5511991817077
5511991817083
5511991817118
5511991817124
5511991817170
5511991817185
5511991817220
5511991817229
5511991817241
5511991817255
5511991817271
5511991817272
5511991817280
5511991817294
5511991817318
5511991817322
5511991817355
5511991817364
5511991817383
5511991817475
5511991817478
5511991817488
5511991817491
5511991817503
5511991817519
5511991817523
5511991817561
5511991817581
5511991817592
5511991817604
5511991817615
5511991817640
5511991817655
5511991817671
5511991817680
5511991817682
5511991817714
5511991817723
5511991817737
5511991817749
5511991817756
5511991817758
5511991817760
5511991817774
5511991817781
5511991817792
5511991817795
5511991817799
5511991817814
5511991817820
5511991817827
5511991817828
5511991817836
5511991817847
5511991817848
5511991817851
5511991817869
5511991817873
5511991817881
5511991817883
5511991817884
5511991817890
5511991817891
5511991817925
5511991817927
5511991817960
5511991817964
5511991817967
5511991817977
5511991818002
5511991818004
5511991818010
5511991818012
5511991818017
5511991818020
5511991818026
5511991818033
5511991818047
5511991818061
5511991818063
5511991818076
5511991818077
5511991818105
5511991818107
5511991818148
5511991818179
5511991818188
5511991818195
5511991818200
5511991818216
5511991818231
5511991818249
5511991818263
5511991818289
5511991818290
5511991818332
5511991818348
5511991818362
5511991818374
5511991818395
5511991818398
5511991818422
5511991818425
5511991818430
5511991818447
5511991818452
5511991818476
5511991818477
5511991818478
5511991818520
5511991818521
5511991818546
5511991818561
5511991818565
5511991818567
5511991818573
5511991818592
5511991818600
5511991818606
5511991818622
5511991818642
5511991818647
5511991818656
5511991818749
5511991818798
5511991818806
5511991818817
5511991818833
5511991818848
5511991818866
5511991818872
5511991818891
5511991818956
5511991818966
5511991818971
5511991818982
5511991819003
5511991819009
5511991819021
5511991819023
5511991819035
5511991819036
5511991819062
5511991819083
5511991819107
5511991819110
5511991819144
5511991819153
5511991819160
5511991819164
5511991819171
5511991819173
5511991819177
5511991819180
5511991819181
5511991819192
5511991819199
5511991819203
5511991819207
5511991819213
5511991819221
5511991819235
5511991819241
5511991819244
5511991819270
5511991819274
5511991819311
5511991819321
5511991819327
5511991819330
5511991819340
5511991819355
5511991819398
5511991819401
5511991819406
5511991819441
5511991819452
5511991819459
5511991819474
5511991819482
5511991819513
5511991819516
5511991819527
5511991819556
5511991819587
5511991819605
5511991819609
5511991819617
5511991819642
5511991819657
5511991819666
5511991819685
5511991819686
5511991819702
5511991819708
5511991819730
5511991819739
5511991819751
5511991819765
5511991819791
5511991819806
5511991819837
5511991819854
5511991819872
5511991819878
5511991819882
5511991819886
5511991819892
5511991819900
5511991819901
5511991819906
5511991819909
5511991819912
5511991819923
5511991819933
5511991819935
5511991819957
5511991819961
5511991819964
5511991819965
5511991819966
5511991820058
5511991820060
5511991820073
5511991820087
5511991820088
5511991820101
5511991820123
5511991820134
5511991820150
5511991820165
5511991820194
5511991820213
5511991820219
5511991820226
5511991820243
5511991820297
5511991820301
5511991820310
5511991820315
5511991820342
5511991820351
5511991820357
5511991820360
5511991820368
5511991820440
5511991820478
5511991820517
5511991820530
5511991820540
5511991820547
5511991820548
5511991820556
5511991820558
5511991820565
5511991820574
5511991820576
5511991820589
5511991820592
5511991820602
5511991820613
5511991820614
5511991820638
5511991820671
5511991820682
5511991820718
5511991820726
5511991820729
5511991820733
5511991820738
5511991820739
5511991820780
5511991820799
5511991820800
5511991820846
5511991820855
5511991820864
5511991820888
5511991820891
5511991820894
5511991820899
5511991820901
5511991820921
5511991820923
5511991820968
5511991820975
5511991820976
5511991820977
5511991820979
5511991821014
5511991821020
5511991821036
5511991821044
5511991821068
5511991821075
5511991821098
5511991821110
5511991821118
5511991821123
5511991821126
5511991821135
5511991821144
5511991821157
5511991821158
5511991821165
5511991821172
5511991821183
5511991821218
5511991821226
5511991821227
5511991821230
5511991821236
5511991821240
5511991821244
5511991821261
5511991821265
5511991821280
5511991821281
5511991821282
5511991821304
5511991821314
5511991821319
5511991821321
5511991821322
5511991821333
5511991821342
5511991821365
5511991821375
5511991821394
5511991821397
5511991821412
5511991821415
5511991821424
5511991821433
5511991821436
5511991821456
5511991821461
5511991821503
5511991821513
5511991821525
5511991821533
5511991821536
5511991821572
5511991821579
5511991821582
5511991821591
5511991821602
5511991821619
5511991821674
5511991821684
5511991821724
5511991821742
5511991821744
5511991821751
5511991821757
5511991821795
5511991821807
5511991821813
5511991821818
5511991821832
5511991821839
5511991821851
5511991821882
5511991821891
5511991821892
5511991821899
5511991821919
5511991821945
5511991821957
5511991821986
5511991821987
5511991822000
5511991822014
5511991822020
5511991822047
5511991822066
5511991822067
5511991822077
5511991822082
5511991822093
5511991822106
5511991822149
5511991822182
5511991822192
5511991822205
5511991822208
5511991822219
5511991822228
5511991822252
5511991822259
5511991822262
5511991822264
5511991822277
5511991822294
5511991822336
5511991822337
5511991822345
5511991822347
5511991822348
5511991822354
5511991822370
5511991822377
5511991822379
5511991822387
5511991822391
5511991822397
5511991822406
5511991822436
5511991822440
5511991822461
5511991822497
5511991822518
5511991822529
5511991822532
5511991822537
5511991822549
5511991822551
5511991822555
5511991822561
5511991822577
5511991822593
5511991822601
5511991822639
5511991822650
5511991822677
5511991822678
5511991822692
5511991822693
5511991822716
5511991822721
5511991822727
5511991822730
5511991822744
5511991822761
5511991822779
5511991822792
5511991822793
5511991822811
5511991822814
5511991822817
5511991822822
5511991822839
5511991822860
5511991822872
5511991822875
5511991822880
5511991822887
5511991822889
5511991822891
5511991822908
5511991822930
5511991822946
5511991822962
5511991822967
5511991822996
5511991822997
5511991823014
5511991823021
5511991823048
5511991823050
5511991823052
5511991823065
5511991823077
5511991823084
5511991823089
5511991823103
5511991823116
5511991823120
5511991823158
5511991823165
5511991823171
5511991823178
5511991823193
5511991823205
5511991823224
5511991823247
5511991823291
5511991823295
5511991823298
5511991823315
5511991823324
5511991823328
5511991823346
5511991823348
5511991823349
5511991823352
5511991823366
5511991823375
5511991823380
5511991823388
5511991823405
5511991823410
5511991823422
5511991823435
5511991823442
5511991823449
5511991823461
5511991823470
5511991823480
5511991823491
5511991823494
5511991823499
5511991823501
5511991823509
5511991823529
5511991823530
5511991823534
5511991823536
5511991823551
5511991823552
5511991823597
5511991823649
5511991823654
5511991823659
5511991823670
5511991823719
5511991823723
5511991823727
5511991823738
5511991823741
5511991823756
5511991823757
5511991823761
5511991823769
5511991823778
5511991823812
5511991823814
5511991823820
5511991823840
5511991823843
5511991823852
5511991823881
5511991823888
5511991823894
5511991823900
5511991823919
5511991823939
5511991823942
5511991823943
5511991823954
5511991823955
5511991823987
5511991823998
5511991824011
5511991824015
5511991824019
5511991824043
5511991824053
5511991824070
5511991824080
5511991824088
5511991824162
5511991824163
5511991824167
5511991824168
5511991824170
5511991824173
5511991824175
5511991824205
5511991824206
5511991824211
5511991824214
5511991824218
5511991824240
5511991824310
5511991824314
5511991824329
5511991824332
5511991824334
5511991824337
5511991824370
5511991824412
5511991824434
5511991824436
5511991824437
5511991824452
5511991824458
5511991824472
5511991824494
5511991824515
5511991824516
5511991824544
5511991824557
5511991824559
5511991824560
5511991824583
5511991824588
5511991824591
5511991824598
5511991824615
5511991824623
5511991824643
5511991824645
5511991824668
5511991824682
5511991824695
5511991824709
5511991824735
5511991824744
5511991824749
5511991824750
5511991824756
5511991824763
5511991824769
5511991824780
5511991824781
5511991824792
5511991824829
5511991824833
5511991824834
5511991824836
5511991824858
5511991824861
5511991824866
5511991824867
5511991824883
5511991824911
5511991824928
5511991824929
5511991824945
5511991824953
5511991825000
5511991825034
5511991825037
5511991825075
5511991825084
5511991825097
5511991825110
5511991825135
5511991825148
5511991825152
5511991825180
5511991825183
5511991825202
5511991825203
5511991825219
5511991825222
5511991825225
5511991825228
5511991825244
5511991825256
5511991825267
5511991825271
5511991825277
5511991825290
5511991825301
5511991825332
5511991825337
5511991825338
5511991825339
5511991825353
5511991825357
5511991825360
5511991825366
5511991825380
5511991825423
5511991825435
5511991825447
5511991825472
5511991825512
5511991825539
5511991825577
5511991825623
5511991825656
5511991825673
5511991825692
5511991825719
5511991825739
5511991825759
5511991825761
5511991825766
5511991825801
5511991825802
5511991825817
5511991825819
5511991825823
5511991825849
5511991825857
5511991825858
5511991825888
5511991825932
5511991825979
5511991825984
5511991825994
5511991826003
5511991826052
5511991826053
5511991826054
5511991826064
5511991826070
5511991826114
5511991826118
5511991826129
5511991826134
5511991826159
5511991826177
5511991826190
5511991826204
5511991826215
5511991826241
5511991826256
5511991826257
5511991826261
5511991826262
5511991826267
5511991826278
5511991826286
5511991826306
5511991826308
5511991826309
5511991826312
5511991826319
5511991826322
5511991826326
5511991826327
5511991826329
5511991826332
5511991826340
5511991826369
5511991826370
5511991826393
5511991826400
5511991826401
5511991826417
5511991826421
5511991826434
5511991826436
5511991826449
5511991826483
5511991826488
5511991826515
5511991826531
5511991826534
5511991826555
5511991826582
5511991826595
5511991826602
5511991826627
5511991826630
5511991826640
5511991826655
5511991826666
5511991826669
5511991826678
5511991826702
5511991826711
5511991826715
5511991826725
5511991826734
5511991826758
5511991826765
5511991826771
5511991826787
5511991826795
5511991826804
5511991826809
5511991826814
5511991826837
5511991826841
5511991826843
5511991826851
5511991826856
5511991826858
5511991826861
5511991826863
5511991826881
5511991826891
5511991826903
5511991826908
5511991826929
5511991826944
5511991826962
5511991826978
5511991826999
5511991827007
5511991827048
5511991827049
5511991827056
5511991827088
5511991827125
5511991827139
5511991827141
5511991827164
5511991827166
5511991827174
5511991827184
5511991827205
5511991827207
5511991827208
5511991827215
5511991827220
5511991827231
5511991827243
5511991827256
5511991827280
5511991827282
5511991827283
5511991827301
5511991827321
5511991827333
5511991827334
5511991827351
5511991827355
5511991827358
5511991827363
5511991827372
5511991827378
5511991827389
5511991827394
5511991827404
5511991827427
5511991827434
5511991827456
5511991827462
5511991827468
5511991827471
5511991827474
5511991827482
5511991827484
5511991827486
5511991827498
5511991827502
5511991827503
5511991827514
5511991827515
5511991827530
5511991827535
5511991827542
5511991827557
5511991827563
5511991827589
5511991827593
5511991827601
5511991827620
5511991827638
5511991827657
5511991827661
5511991827672
5511991827673
5511991827685
5511991827687
5511991827722
5511991827727
5511991827757
5511991827760
5511991827764
5511991827770
5511991827781
5511991827784
5511991827795
5511991827803
5511991827808
5511991827833
5511991827841
5511991827852
5511991827856
5511991827857
5511991827880
5511991827883
5511991827892
5511991827896
5511991827902
5511991827954
5511991828002
5511991828010
5511991828037
5511991828056
5511991828067
5511991828072
5511991828119
5511991828160
5511991828182
5511991828205
5511991828219
5511991828233
5511991828235
5511991828250
5511991828258
5511991828262
5511991828275
5511991828278
5511991828283
5511991828285
5511991828294
5511991828299
5511991828300
5511991828307
5511991828314
5511991828323
5511991828334
5511991828337
5511991828342
5511991828350
5511991828356
5511991828359
5511991828366
5511991828373
5511991828379
5511991828383
5511991828387
5511991828395
5511991828401
5511991828404
5511991828409
5511991828415
5511991828423
5511991828426
5511991828429
5511991828431
5511991828439
5511991828470
5511991828476
5511991828480
5511991828484
5511991828488
5511991828499
5511991828511
5511991828514
5511991828519
5511991828525
5511991828554
5511991828562
5511991828571
5511991828587
5511991828590
5511991828591
5511991828595
5511991828610
5511991828630
5511991828658
5511991828669
5511991828673
5511991828681
5511991828721
5511991828729
5511991828735
5511991828747
5511991828756
5511991828758
5511991828763
5511991828774
5511991828780
5511991828785
5511991828805
5511991828816
5511991828856
5511991828857
5511991828864
5511991828870
5511991828890
5511991828891
5511991828902
5511991828960
5511991828965
5511991828976
5511991828979
5511991828980
5511991828981
5511991829012
5511991829017
5511991829040
5511991829044
5511991829046
5511991829057
5511991829083
5511991829087
5511991829116
5511991829124
5511991829125
5511991829149
5511991829165
5511991829219
5511991829221
5511991829236
5511991829247
5511991829249
5511991829251
5511991829310
5511991829327
5511991829348
5511991829359
5511991829373
5511991829397
5511991829399
5511991829412
5511991829420
5511991829421
5511991829425
5511991829440
5511991829455
5511991829457
5511991829474
5511991829475
5511991829481
5511991829497
5511991829505
5511991829533
5511991829549
5511991829553
5511991829554
5511991829566
5511991829584
5511991829597
5511991829623
5511991829633
5511991829651
5511991829655
5511991829656
5511991829663
5511991829674
5511991829703
5511991829711
5511991829717
5511991829735
5511991829747
5511991829755
5511991829756
5511991829775
5511991829777
5511991829780
5511991829787
5511991829805
5511991829810
5511991829822
5511991829848
5511991829849
5511991829852
5511991829878
5511991829891
5511991829894
5511991829935
5511991829949
5511991829950
5511991829965
5511991829966
5511991829971
5511991830000
5511991830002
5511991830020
5511991830033
5511991830034
5511991830039
5511991830049
5511991830052
5511991830061
5511991830119
5511991830133
5511991830147
5511991830150
5511991830181
5511991830184
5511991830216
5511991830222
5511991830285
5511991830303
5511991830306
5511991830348
5511991830361
5511991830368
5511991830377
5511991830383
5511991830427
5511991830453
5511991830486
5511991830488
5511991830509
5511991830536
5511991830558
5511991830571
5511991830583
5511991830585
5511991830607
5511991830639
5511991830657
5511991830658
5511991830667
5511991830674
5511991830680
5511991830684
5511991830703
5511991830718
5511991830721
5511991830738
5511991830759
5511991830792
5511991830794
5511991830797
5511991830798
5511991830801
5511991830808
5511991830820
5511991830831
5511991830832
5511991830837
5511991830892
5511991830917
5511991830930
5511991830947
5511991830952
5511991830954
5511991830980
5511991830989
5511991831039
5511991831064
5511991831066
5511991831113
5511991831116
5511991831166
5511991831167
5511991831173
5511991831195
5511991831213
5511991831263
5511991831272
5511991831299
5511991831312
5511991831318
5511991831347
5511991831354
5511991831383
5511991831399
5511991831408
5511991831414
5511991831455
5511991831466
5511991831477
5511991831485
5511991831501
5511991831509
5511991831520
5511991831532
5511991831539
5511991831540
5511991831545
5511991831554
5511991831577
5511991831601
5511991831611
5511991831618
5511991831622
5511991831632
5511991831635
5511991831668
5511991831673
5511991831713
5511991831714
5511991831715
5511991831720
5511991831736
5511991831759
5511991831767
5511991831788
5511991831796
5511991831823
5511991831833
5511991831863
5511991831866
5511991831893
5511991831923
5511991831926
5511991831958
5511991831962
5511991831972
5511991832013
5511991832021
5511991832022
5511991832030
5511991832039
5511991832042
5511991832061
5511991832073
5511991832074
5511991832101
5511991832110
5511991832130
5511991832133
5511991832167
5511991832170
5511991832171
5511991832173
5511991832191
5511991832207
5511991832245
5511991832263
5511991832311
5511991832321
5511991832353
5511991832368
5511991832390
5511991832397
5511991832403
5511991832412
5511991832450
5511991832452
5511991832466
5511991832482
5511991832509
5511991832512
5511991832521
5511991832524
5511991832528
5511991832531
5511991832537
5511991832570
5511991832573
5511991832580
5511991832587
5511991832603
5511991832604
5511991832608
5511991832620
5511991832632
5511991832648
5511991832657
5511991832667
5511991832668
5511991832692
5511991832700
5511991832710
5511991832717
5511991832722
5511991832736
5511991832737
5511991832756
5511991832760
5511991832769
5511991832777
5511991832807
5511991832816
5511991832831
5511991832834
5511991832866
5511991832868
5511991832877
5511991832897
5511991832901
5511991832914
5511991832929
5511991832930
5511991832931
5511991832952
5511991832985
5511991832997
5511991832999
5511991833038
5511991833045
5511991833071
5511991833077
5511991833084
5511991833100
5511991833108
5511991833134
5511991833140
5511991833145
5511991833146
5511991833170
5511991833184
5511991833187
5511991833194
5511991833196
5511991833230
5511991833235
5511991833252
5511991833256
5511991833257
5511991833259
5511991833274
5511991833295
5511991833307
5511991833316
5511991833331
5511991833333
5511991833357
5511991833395
5511991833400
5511991833401
5511991833402
5511991833418
5511991833446
5511991833453
5511991833459
5511991833473
5511991833478
5511991833499
5511991833514
5511991833515
5511991833527
5511991833528
5511991833535
5511991833551
5511991833576
5511991833596
5511991833597
5511991833616
5511991833618
5511991833619
5511991833629
5511991833650
5511991833655
5511991833671
5511991833680
5511991833695
5511991833698
5511991833708
5511991833725
5511991833732
5511991833738
5511991833760
5511991833772
5511991833805
5511991833806
5511991833830
5511991833844
5511991833852
5511991833856
5511991833858
5511991833862
5511991833866
5511991833875
5511991833884
5511991833890
5511991833909
5511991833917
5511991833926
5511991833927
5511991833929
5511991833950
5511991833972
5511991833979
5511991833988
5511991833989
5511991833994
5511991834008
5511991834010
5511991834021
5511991834057
5511991834066
5511991834067
5511991834091
5511991834101
5511991834113
5511991834120
5511991834152
5511991834179
5511991834184
5511991834198
5511991834221
5511991834267
5511991834285
5511991834322
5511991834331
5511991834356
5511991834357
5511991834390
5511991834407
5511991834418
5511991834421
5511991834422
5511991834429
5511991834430
5511991834436
5511991834450
5511991834508
5511991834510
5511991834546
5511991834550
5511991834552
5511991834568
5511991834576
5511991834599
5511991834629
5511991834636
5511991834669
5511991834674
5511991834730
5511991834733
5511991834777
5511991834788
5511991834803
5511991834807
5511991834814
5511991834879
5511991834886
5511991834904
5511991834906
5511991834937
5511991834940
5511991834942
5511991834966
5511991834973
5511991834979
5511991834990
5511991835019
5511991835028
5511991835049
5511991835052
5511991835054
5511991835057
5511991835086
5511991835096
5511991835187
5511991835203
5511991835212
5511991835217
5511991835220
5511991835227
5511991835228
5511991835229
5511991835247
5511991835260
5511991835266
5511991835283
5511991835310
5511991835319
5511991835343
5511991835347
5511991835358
5511991835377
5511991835409
5511991835414
5511991835427
5511991835452
5511991835511
5511991835517
5511991835538
5511991835552
5511991835569
5511991835577
5511991835590
5511991835603
5511991835613
5511991835626
5511991835634
5511991835636
5511991835644
5511991835646
5511991835647
5511991835652
5511991835653
5511991835655
5511991835714
5511991835715
5511991835718
5511991835722
5511991835723
5511991835728
5511991835733
5511991835734
5511991835736
5511991835772
5511991835783
5511991835788
5511991835789
5511991835805
5511991835827
5511991835829
5511991835855
5511991835864
5511991835878
5511991835880
5511991835885
5511991835910
5511991835947
5511991835954
5511991835956
5511991835957
5511991835958
5511991835973
5511991835997
5511991836000
5511991836001
5511991836004
5511991836035
5511991836037
5511991836041
5511991836054
5511991836058
5511991836067
5511991836070
5511991836078
5511991836087
5511991836104
5511991836120
5511991836122
5511991836127
5511991836128
5511991836130
5511991836132
5511991836134
5511991836148
5511991836158
5511991836206
5511991836210
5511991836225
5511991836227
5511991836246
5511991836300
5511991836314
5511991836316
5511991836335
5511991836341
5511991836362
5511991836370
5511991836374
5511991836401
5511991836423
5511991836428
5511991836443
5511991836451
5511991836470
5511991836475
5511991836479
5511991836481
5511991836530
5511991836550
5511991836575
5511991836576
5511991836579
5511991836590
5511991836618
5511991836623
5511991836636
5511991836642
5511991836658
5511991836675
5511991836699
5511991836778
5511991836782
5511991836785
5511991836838
5511991836846
5511991836868
5511991836886
5511991836905
5511991836910
5511991836939
5511991836948
5511991836961
5511991836982
5511991836987
5511991837019
5511991837044
5511991837045
5511991837050
5511991837055
5511991837068
5511991837070
5511991837130
5511991837168
5511991837183
5511991837199
5511991837214
5511991837234
5511991837261
5511991837288
5511991837289
5511991837297
5511991837338
5511991837358
5511991837359
5511991837377
5511991837385
5511991837391
5511991837400
5511991837404
5511991837414
5511991837439
5511991837441
5511991837446
5511991837476
5511991837487
5511991837491
5511991837492
5511991837503
5511991837544
5511991837566
5511991837571
5511991837573
5511991837614
5511991837626
5511991837631
5511991837641
5511991837649
5511991837666
5511991837720
5511991837725
5511991837726
5511991837736
5511991837740
5511991837747
5511991837748
5511991837756
5511991837772
5511991837782
5511991837784
5511991837820
5511991837822
5511991837826
5511991837830
5511991837835
5511991837839
5511991837887
5511991837891
5511991837892
5511991837903
5511991837907
5511991837921
5511991837924
5511991837926
5511991837928
5511991837937
5511991837942
5511991837966
5511991837970
5511991837985
5511991838000
5511991838013
5511991838016
5511991838031
5511991838052
5511991838062
5511991838063
5511991838084
5511991838086
5511991838097
5511991838101
5511991838128
5511991838143
5511991838154
5511991838159
5511991838164
5511991838171
5511991838174
5511991838192
5511991838194
5511991838195
5511991838212
5511991838223
5511991838231
5511991838255
5511991838256
5511991838267
5511991838273
5511991838277
5511991838300
5511991838305
5511991838336
5511991838339
5511991838343
5511991838363
5511991838366
5511991838376
5511991838437
5511991838442
5511991838457
5511991838459
5511991838488
5511991838514
5511991838525
5511991838563
5511991838576
5511991838592
5511991838596
5511991838618
5511991838634
5511991838639
5511991838642
5511991838692
5511991838694
5511991838704
5511991838707
5511991838729
5511991838743
5511991838765
5511991838788
5511991838795
5511991838838
5511991838859
5511991838864
5511991838868
5511991838878
5511991838893
5511991838897
5511991838910
5511991838913
5511991838915
5511991838918
5511991838940
5511991838949
5511991838973
5511991838979
5511991838987
5511991839023
5511991839051
5511991839066
5511991839069
5511991839075
5511991839077
5511991839082
5511991839086
5511991839093
5511991839112
5511991839116
5511991839161
5511991839173
5511991839175
5511991839187
5511991839193
5511991839218
5511991839221
5511991839222
5511991839225
5511991839253
5511991839300
5511991839307
5511991839316
5511991839321
5511991839338
5511991839350
5511991839356
5511991839389
5511991839391
5511991839440
5511991839487
5511991839496
5511991839497
5511991839519
5511991839557
5511991839567
5511991839583
5511991839584
5511991839604
5511991839605
5511991839669
5511991839684
5511991839685
5511991839686
5511991839696
5511991839717
5511991839739
5511991839761
5511991839796
5511991839803
5511991839829
5511991839835
5511991839864
5511991839869
5511991839892
5511991839899
5511991839900
5511991839908
5511991839915
5511991839936
5511991839948
5511991839956
5511991839958
5511991839963
5511991839967
5511991839990
5511991840008
5511991840017
5511991840025
5511991840060
5511991840062
5511991840084
5511991840093
5511991840099
5511991840106
5511991840119
5511991840131
5511991840141
5511991840142
5511991840145
5511991840158
5511991840162
5511991840170
5511991840171
5511991840173
5511991840174
5511991840181
5511991840193
5511991840206
5511991840223
5511991840247
5511991840250
5511991840255
5511991840263
5511991840291
5511991840298
5511991840322
5511991840327
5511991840352
5511991840379
5511991840442
5511991840448
5511991840453
5511991840480
5511991840508
5511991840514
5511991840517
5511991840554
5511991840559
5511991840565
5511991840576
5511991840581
5511991840586
5511991840591
5511991840596
5511991840597
5511991840609
5511991840629
5511991840634
5511991840639
5511991840640
5511991840641
5511991840653
5511991840666
5511991840674
5511991840686
5511991840693
5511991840729
5511991840740
5511991840788
5511991840790
5511991840839
5511991840843
5511991840846
5511991840856
5511991840863
5511991840873
5511991840875
5511991840878
5511991840904
5511991840924
5511991840932
5511991840939
5511991840962
5511991840966
5511991840982
5511991841000
5511991841018
5511991841020
5511991841041
5511991841043
5511991841057
5511991841096
5511991841103
5511991841117
5511991841122
5511991841136
5511991841147
5511991841152
5511991841161
5511991841174
5511991841198
5511991841201
5511991841231
5511991841261
5511991841266
5511991841269
5511991841270
5511991841271
5511991841276
5511991841295
5511991841320
5511991841333
5511991841359
5511991841378
5511991841420
5511991841423
5511991841439
5511991841447
5511991841458
5511991841470
5511991841497
5511991841515
5511991841521
5511991841532
5511991841536
5511991841548
5511991841565
5511991841580
5511991841626
5511991841641
5511991841651
5511991841656
5511991841658
5511991841683
5511991841710
5511991841711
5511991841723
5511991841742
5511991841761
5511991841781
5511991841822
5511991841827
5511991841846
5511991841877
5511991841880
5511991841888
5511991841891
5511991841926
5511991841931
5511991841932
5511991841935
5511991841942
5511991841960
5511991841970
5511991841973
5511991841975
5511991841980
5511991842014
5511991842020
5511991842029
5511991842048
5511991842070
5511991842074
5511991842082
5511991842118
5511991842128
5511991842130
5511991842138
5511991842139
5511991842146
5511991842155
5511991842179
5511991842193
5511991842207
5511991842218
5511991842222
5511991842229
5511991842265
5511991842269
5511991842270
5511991842288
5511991842289
5511991842292
5511991842303
5511991842330
5511991842340
5511991842344
5511991842366
5511991842368
5511991842383
5511991842389
5511991842398
5511991842407
5511991842413
5511991842418
5511991842429
5511991842430
5511991842436
