5511993982390
5511993982391
5511993982395
5511993982399
5511993982413
5511993982449
5511993982458
5511993982521
5511993982547
5511993982565
5511993982567
5511993982569
5511993982582
5511993982592
5511993982600
5511993982605
5511993982606
5511993982608
5511993982630
5511993982649
5511993982651
5511993982661
5511993982734
5511993982740
5511993982759
5511993982777
5511993982784
5511993982815
5511993982821
5511993982825
5511993982836
5511993982842
5511993982871
5511993982877
5511993982903
5511993982904
5511993982937
5511993982965
5511993982972
5511993983004
5511993983012
5511993983034
5511993983038
5511993983039
5511993983041
5511993983058
5511993983084
5511993983088
5511993983092
5511993983107
5511993983114
5511993983115
5511993983117
5511993983118
5511993983121
5511993983125
5511993983137
5511993983152
5511993983155
5511993983163
5511993983165
5511993983166
5511993983211
5511993983219
5511993983225
5511993983231
5511993983232
5511993983244
5511993983251
5511993983268
5511993983300
5511993983306
5511993983319
5511993983340
5511993983353
5511993983419
5511993983434
5511993983466
5511993983470
5511993983478
5511993983495
5511993983498
5511993983535
5511993983560
5511993983587
5511993983591
5511993983604
5511993983630
5511993983632
5511993983645
5511993983661
5511993983681
5511993983682
5511993983764
5511993983784
5511993983794
5511993983817
5511993983876
5511993983917
5511993983932
5511993983972
5511993983979
5511993983982
5511993983983
5511993983988
5511993983991
5511993983993
5511993984002
5511993984005
5511993984007
5511993984014
5511993984020
5511993984031
5511993984039
5511993984042
5511993984059
5511993984062
5511993984063
5511993984080
5511993984088
5511993984091
5511993984094
5511993984098
5511993984134
5511993984153
5511993984181
5511993984202
5511993984204
5511993984208
5511993984211
5511993984215
5511993984234
5511993984308
5511993984352
5511993984359
5511993984395
5511993984428
5511993984430
5511993984438
5511993984446
5511993984459
5511993984461
5511993984467
5511993984488
5511993984504
5511993984507
5511993984512
5511993984524
5511993984532
5511993984553
5511993984554
5511993984560
5511993984562
5511993984563
5511993984586
5511993984590
5511993984592
5511993984594
5511993984606
5511993984632
5511993984633
5511993984638
5511993984648
5511993984659
5511993984679
5511993984692
5511993984715
5511993984727
5511993984728
5511993984735
5511993984737
5511993984740
5511993984750
5511993984760
5511993984765
5511993984775
5511993984776
5511993984785
5511993984788
5511993984809
5511993984812
5511993984816
5511993984821
5511993984828
5511993984846
5511993984858
5511993984860
5511993984888
5511993984930
5511993984943
5511993984946
5511993984972
5511993984975
5511993984988
5511993984999
5511993985003
5511993985005
5511993985017
5511993985021
5511993985023
5511993985036
5511993985057
5511993985117
5511993985119
5511993985124
5511993985133
5511993985167
5511993985170
5511993985174
5511993985185
5511993985197
5511993985201
5511993985234
5511993985252
5511993985268
5511993985270
5511993985277
5511993985280
5511993985282
5511993985284
5511993985286
5511993985302
5511993985303
5511993985306
5511993985313
5511993985314
5511993985320
5511993985322
5511993985324
5511993985325
5511993985330
5511993985343
5511993985345
5511993985354
5511993985382
5511993985388
5511993985392
5511993985407
5511993985435
5511993985443
5511993985477
5511993985517
5511993985540
5511993985548
5511993985553
5511993985579
5511993985618
5511993985654
5511993985672
5511993985674
5511993985726
5511993985734
5511993985740
5511993985750
5511993985753
5511993985763
5511993985786
5511993985793
5511993985797
5511993985830
5511993985850
5511993985916
5511993985946
5511993985977
5511993985984
5511993985989
5511993985991
5511993985996
5511993985999
5511993986007
5511993986022
5511993986068
5511993986070
5511993986079
5511993986138
5511993986153
5511993986179
5511993986247
5511993986265
5511993986274
5511993986277
5511993986364
5511993986386
5511993986400
5511993986404
5511993986420
5511993986424
5511993986439
5511993986463
5511993986467
5511993986484
5511993986526
5511993986530
5511993986536
5511993986545
5511993986578
5511993986596
5511993986630
5511993986642
5511993986644
5511993986661
5511993986674
5511993986684
5511993986824
5511993986877
5511993986882
5511993986885
5511993986897
5511993986907
5511993986924
5511993986947
5511993986955
5511993986969
5511993986970
5511993986987
5511993986989
5511993986990
5511993986993
5511993986994
5511993987008
5511993987010
5511993987022
5511993987029
5511993987043
5511993987045
5511993987081
5511993987093
5511993987094
5511993987095
5511993987126
5511993987129
5511993987141
5511993987146
5511993987149
5511993987176
5511993987195
5511993987258
5511993987265
5511993987276
5511993987306
5511993987309
5511993987334
5511993987338
5511993987345
5511993987373
5511993987375
5511993987376
5511993987378
5511993987380
5511993987397
5511993987445
5511993987461
5511993987526
5511993987535
5511993987551
5511993987557
5511993987562
5511993987596
5511993987617
5511993987659
5511993987673
5511993987694
5511993987730
5511993987766
5511993987777
5511993987798
5511993987802
5511993987807
5511993987815
5511993987817
5511993987824
5511993987826
5511993987829
5511993987842
5511993987846
5511993987849
5511993987853
5511993987856
5511993987865
5511993987897
5511993987921
5511993987940
5511993987949
5511993987951
5511993987955
5511993987959
5511993987982
5511993988010
5511993988035
5511993988130
5511993988174
5511993988195
5511993988225
5511993988238
5511993988240
5511993988249
5511993988263
5511993988272
5511993988274
5511993988279
5511993988310
5511993988334
5511993988337
5511993988350
5511993988355
5511993988356
5511993988374
5511993988382
5511993988387
5511993988397
5511993988408
5511993988416
5511993988428
5511993988435
5511993988440
5511993988462
5511993988499
5511993988519
5511993988537
5511993988552
5511993988558
5511993988573
5511993988582
5511993988586
5511993988619
5511993988620
5511993988655
5511993988690
5511993988714
5511993988716
5511993988725
5511993988741
5511993988746
5511993988751
5511993988759
5511993988770
5511993988780
5511993988784
5511993988803
5511993988834
5511993988866
5511993988876
5511993988941
5511993988949
5511993988962
5511993988964
5511993988973
5511993988977
5511993988978
5511993988980
5511993988995
5511993989030
5511993989045
5511993989073
5511993989097
5511993989104
5511993989110
5511993989123
5511993989141
5511993989153
5511993989177
5511993989202
5511993989213
5511993989253
5511993989255
5511993989276
5511993989285
5511993989355
5511993989362
5511993989364
5511993989368
5511993989381
5511993989421
5511993989447
5511993989448
5511993989469
5511993989479
5511993989482
5511993989487
5511993989495
5511993989503
5511993989512
5511993989532
5511993989574
5511993989599
5511993989607
5511993989659
5511993989720
5511993989730
5511993989734
5511993989754
5511993989774
5511993989793
5511993989807
5511993989814
5511993989820
5511993989857
5511993989859
5511993989861
5511993989900
5511993989932
5511993989946
5511993989963
5511993989964
5511993989969
5511993989986
5511993989991
5511993990000
5511993990018
5511993990047
5511993990075
5511993990099
5511993990110
5511993990115
5511993990121
5511993990147
5511993990148
5511993990169
5511993990173
5511993990174
5511993990196
5511993990207
5511993990211
5511993990216
5511993990219
5511993990232
5511993990238
5511993990254
5511993990271
5511993990294
5511993990300
5511993990317
5511993990325
5511993990366
5511993990383
5511993990388
5511993990408
5511993990419
5511993990431
5511993990465
5511993990476
5511993990508
5511993990512
5511993990541
5511993990542
5511993990596
5511993990603
5511993990628
5511993990630
5511993990660
5511993990718
5511993990737
5511993990746
5511993990764
5511993990782
5511993990790
5511993990850
5511993990858
5511993990873
5511993990883
5511993990885
5511993990905
5511993990917
5511993990934
5511993990944
5511993990950
5511993990951
5511993990956
5511993990974
5511993991006
5511993991012
5511993991041
5511993991055
5511993991059
5511993991100
5511993991101
5511993991110
5511993991129
5511993991143
5511993991153
5511993991160
5511993991171
5511993991176
5511993991179
5511993991209
5511993991217
5511993991222
5511993991223
5511993991224
5511993991234
5511993991251
5511993991291
5511993991305
5511993991311
5511993991316
5511993991317
5511993991340
5511993991379
5511993991380
5511993991390
5511993991391
5511993991396
5511993991398
5511993991404
5511993991427
5511993991445
5511993991449
5511993991454
5511993991467
5511993991488
5511993991492
5511993991498
5511993991508
5511993991511
5511993991566
5511993991581
5511993991603
5511993991605
5511993991607
5511993991608
5511993991609
5511993991636
5511993991647
5511993991648
5511993991656
5511993991668
5511993991675
5511993991680
5511993991698
5511993991699
5511993991718
5511993991723
5511993991757
5511993991771
5511993991774
5511993991778
5511993991795
5511993991806
5511993991807
5511993991819
5511993991826
5511993991866
5511993991920
5511993991942
5511993991947
5511993991958
5511993991962
5511993991975
5511993991990
5511993991998
5511993992005
5511993992013
5511993992021
5511993992038
5511993992055
5511993992058
5511993992064
5511993992077
5511993992080
5511993992081
5511993992104
5511993992123
5511993992128
5511993992133
5511993992140
5511993992166
5511993992173
5511993992174
5511993992198
5511993992226
5511993992231
5511993992256
5511993992260
5511993992262
5511993992267
5511993992276
5511993992304
5511993992356
5511993992368
5511993992369
5511993992372
5511993992379
5511993992382
5511993992388
5511993992390
5511993992397
5511993992402
5511993992411
5511993992412
5511993992438
5511993992440
5511993992444
5511993992464
5511993992468
5511993992469
5511993992471
5511993992488
5511993992504
5511993992515
5511993992517
5511993992522
5511993992523
5511993992532
5511993992573
5511993992590
5511993992592
5511993992614
5511993992615
5511993992616
5511993992631
5511993992646
5511993992675
5511993992698
5511993992756
5511993992760
5511993992780
5511993992808
5511993992819
5511993992825
5511993992838
5511993992848
5511993992855
5511993992879
5511993992888
5511993992900
5511993992912
5511993992918
5511993992927
5511993992934
5511993992955
5511993992966
5511993992984
5511993993001
5511993993002
5511993993014
5511993993023
5511993993034
5511993993049
5511993993054
5511993993066
5511993993075
5511993993086
5511993993109
5511993993125
5511993993149
5511993993171
5511993993177
5511993993187
5511993993199
5511993993214
5511993993231
5511993993257
5511993993258
5511993993263
5511993993269
5511993993287
5511993993294
5511993993297
5511993993309
5511993993315
5511993993319
5511993993323
5511993993324
5511993993338
5511993993341
5511993993342
5511993993346
5511993993357
5511993993368
5511993993400
5511993993405
5511993993406
5511993993428
5511993993433
5511993993435
5511993993438
5511993993454
5511993993465
5511993993473
5511993993474
5511993993478
5511993993479
5511993993481
5511993993482
5511993993486
5511993993497
5511993993501
5511993993509
5511993993510
5511993993545
5511993993550
5511993993551
5511993993575
5511993993578
5511993993580
5511993993595
5511993993609
5511993993614
5511993993615
5511993993616
5511993993647
5511993993648
5511993993674
5511993993693
5511993993714
5511993993740
5511993993753
5511993993791
5511993993802
5511993993837
5511993993850
5511993993861
5511993993877
5511993993879
5511993993896
5511993993913
5511993993946
5511993993950
5511993993952
5511993993988
5511993993991
5511993994000
5511993994001
5511993994020
5511993994028
5511993994031
5511993994054
5511993994075
5511993994078
5511993994083
5511993994101
5511993994119
5511993994122
5511993994145
5511993994151
5511993994172
5511993994186
5511993994188
5511993994200
5511993994201
5511993994210
5511993994213
5511993994255
5511993994272
5511993994291
5511993994292
5511993994297
5511993994298
5511993994332
5511993994357
5511993994368
5511993994393
5511993994455
5511993994457
5511993994481
5511993994502
5511993994535
5511993994569
5511993994573
5511993994591
5511993994594
5511993994601
5511993994617
5511993994620
5511993994646
5511993994654
5511993994683
5511993994693
5511993994704
5511993994734
5511993994735
5511993994758
5511993994767
5511993994769
5511993994783
5511993994784
5511993994791
5511993994826
5511993994834
5511993994837
5511993994840
5511993994851
5511993994905
5511993994917
5511993994968
5511993994985
5511993994996
5511993995020
5511993995022
5511993995031
5511993995057
5511993995064
5511993995075
5511993995093
5511993995115
5511993995138
5511993995144
5511993995161
5511993995180
5511993995244
5511993995279
5511993995282
5511993995296
5511993995330
5511993995346
5511993995352
5511993995360
5511993995372
5511993995425
5511993995485
5511993995490
5511993995547
5511993995551
5511993995558
5511993995568
5511993995594
5511993995645
5511993995653
5511993995655
5511993995734
5511993995735
5511993995750
5511993995763
5511993995775
5511993995779
5511993995796
5511993995812
5511993995848
5511993995857
5511993995869
5511993995871
5511993995877
5511993995891
5511993995950
5511993995972
5511993995981
5511993995986
5511993995991
5511993996021
5511993996036
5511993996037
5511993996047
5511993996053
5511993996062
5511993996076
5511993996079
5511993996085
5511993996091
5511993996092
5511993996093
5511993996118
5511993996125
5511993996132
5511993996137
5511993996165
5511993996169
5511993996177
5511993996182
5511993996238
5511993996255
5511993996266
5511993996280
5511993996302
5511993996305
5511993996317
5511993996351
5511993996357
5511993996361
5511993996383
5511993996387
5511993996393
5511993996396
5511993996407
5511993996413
5511993996434
5511993996453
5511993996460
5511993996465
5511993996467
5511993996488
5511993996528
5511993996565
5511993996602
5511993996612
5511993996635
5511993996636
5511993996642
5511993996661
5511993996681
5511993996688
5511993996705
5511993996714
5511993996735
5511993996779
5511993996782
5511993996787
5511993996789
5511993996815
5511993996828
5511993996856
5511993996859
5511993996865
5511993996900
5511993996903
5511993996928
5511993996934
5511993996973
5511993996979
5511993996998
5511993997015
5511993997030
5511993997044
5511993997050
5511993997065
5511993997086
5511993997094
5511993997102
5511993997128
5511993997129
5511993997134
5511993997161
5511993997166
5511993997168
5511993997176
5511993997180
5511993997197
5511993997200
5511993997213
5511993997215
5511993997226
5511993997265
5511993997301
5511993997302
5511993997313
5511993997317
5511993997428
5511993997432
5511993997440
5511993997443
5511993997457
5511993997468
5511993997487
5511993997503
5511993997506
5511993997511
5511993997537
5511993997555
5511993997564
5511993997598
5511993997600
5511993997607
5511993997608
5511993997650
5511993997656
5511993997664
5511993997705
5511993997769
5511993997776
5511993997786
5511993997819
5511993997841
5511993997850
5511993997855
5511993997863
5511993997898
5511993997912
5511993997948
5511993997951
5511993997985
5511993997998
5511993998012
5511993998055
5511993998077
5511993998086
5511993998098
5511993998100
5511993998119
5511993998120
5511993998129
5511993998138
5511993998145
5511993998154
5511993998158
5511993998191
5511993998194
5511993998195
5511993998216
5511993998291
5511993998303
5511993998397
5511993998443
5511993998448
5511993998469
5511993998483
5511993998502
5511993998522
5511993998527
5511993998555
5511993998563
5511993998586
5511993998593
5511993998640
5511993998647
5511993998685
5511993998725
5511993998726
5511993998734
5511993998771
5511993998801
5511993998834
5511993998850
5511993998852
5511993998859
5511993998869
5511993998898
5511993998907
5511993998928
5511993998940
5511993998942
5511993998947
5511993998975
5511993998995
5511993999008
5511993999023
5511993999032
5511993999057
5511993999079
5511993999081
5511993999110
5511993999147
5511993999151
5511993999152
5511993999159
5511993999174
5511993999176
5511993999200
5511993999238
5511993999256
5511993999281
5511993999283
5511993999292
5511993999295
5511993999302
5511993999335
5511993999347
5511993999361
5511993999367
5511993999380
5511993999393
5511993999407
5511993999408
5511993999428
5511993999469
5511993999472
5511993999538
5511993999543
5511993999590
5511993999600
5511993999612
5511993999619
5511993999635
5511993999644
5511993999658
5511993999672
5511993999675
5511993999703
5511993999722
5511993999727
5511993999741
5511993999752
5511993999775
5511993999804
5511993999828
5511993999849
5511993999856
5511993999860
5511993999907
5511993999915
5511993999921
5511993999923
5511993999950
5511993999954
5511993999995
5511993999999
5511994000093
5511994000116
5511994000181
5511994000269
5511994000350
5511994000358
5511994000372
5511994000478
5511994000540
5511994000560
5511994000568
5511994000570
5511994000705
5511994000724
5511994000759
5511994000800
5511994000946
5511994000988
5511994001000
5511994001036
5511994001045
5511994001065
5511994001169
5511994001280
5511994001381
5511994001423
5511994001538
5511994001579
5511994001603
5511994001665
5511994001736
5511994001771
5511994001777
5511994001846
5511994001860
5511994001988
5511994001993
5511994002030
5511994002036
5511994002068
5511994002082
5511994002096
5511994002137
5511994002234
5511994002244
5511994002251
5511994002286
5511994002394
5511994002420
5511994002518
5511994002543
5511994002567
5511994002776
5511994003109
5511994003151
5511994003160
5511994003164
5511994003241
5511994003256
5511994003335
5511994003482
5511994003495
5511994003702
5511994003731
5511994003799
5511994004112
5511994004151
5511994004158
5511994004218
5511994004308
5511994004342
5511994004353
5511994004525
5511994004554
5511994004609
5511994004887
5511994004893
5511994004978
5511994004988
5511994005026
5511994005073
5511994005083
5511994005178
5511994005278
5511994005386
5511994005415
5511994005425
5511994005434
5511994005469
5511994005481
5511994005560
5511994005654
5511994005911
5511994005937
5511994006000
5511994006154
5511994006174
5511994006247
5511994006249
5511994006271
5511994006367
5511994006464
5511994006479
5511994006644
5511994006679
5511994006704
5511994006810
5511994006828
5511994006867
5511994006913
5511994007167
5511994007189
5511994007285
5511994007520
5511994007556
5511994007565
5511994007663
5511994007684
5511994007850
5511994007905
5511994007926
5511994007936
5511994007987
5511994007988
5511994008037
5511994008066
5511994008124
5511994008130
5511994008138
5511994008269
5511994008304
5511994008637
5511994008812
5511994008833
5511994009010
5511994009091
5511994009294
5511994009336
5511994009479
5511994009537
5511994009559
5511994009611
5511994009799
5511994009807
5511994009810
5511994009858
5511994010019
5511994010024
5511994010039
5511994010134
5511994010165
5511994010194
5511994010264
5511994010305
5511994010353
5511994010361
5511994010469
5511994010810
5511994010977
5511994011014
5511994011038
5511994011045
5511994011111
5511994011137
5511994011158
5511994011181
5511994011186
5511994011260
5511994011268
5511994011278
5511994011279
5511994011300
5511994011314
5511994011317
5511994011325
5511994011330
5511994011342
5511994011355
5511994011399
5511994011407
5511994011415
5511994011421
5511994011438
5511994011452
5511994011455
5511994011494
5511994011508
5511994011522
5511994011535
5511994011537
5511994011539
5511994011542
5511994011544
5511994011545
5511994011548
5511994011554
5511994011556
5511994011557
5511994011639
5511994011641
5511994011652
5511994011656
5511994011663
5511994011672
5511994011681
5511994011703
5511994011770
5511994011800
5511994011808
5511994011812
5511994011820
5511994011840
5511994011884
5511994011909
5511994011922
5511994011939
5511994011949
5511994011993
5511994012001
5511994012002
5511994012057
5511994012082
5511994012169
5511994012202
5511994012212
5511994012249
5511994012263
5511994012302
5511994012355
5511994012431
5511994012447
5511994012454
5511994012466
5511994012487
5511994012527
5511994012550
5511994012558
5511994012560
5511994012570
5511994012578
5511994012601
5511994012629
5511994012681
5511994012688
5511994012733
5511994012755
5511994012762
5511994012840
5511994012872
5511994012907
5511994012926
5511994012953
5511994012957
5511994012988
5511994013016
5511994013026
5511994013029
5511994013041
5511994013107
5511994013110
5511994013119
5511994013121
5511994013151
5511994013200
5511994013233
5511994013326
5511994013366
5511994013371
5511994013385
5511994013387
5511994013401
5511994013417
5511994013441
5511994013449
5511994013494
5511994013525
5511994013536
5511994013563
5511994013564
5511994013662
5511994013693
5511994013696
5511994013709
5511994013727
5511994013745
5511994013797
5511994013801
5511994013808
5511994013848
5511994013855
5511994013913
5511994013958
5511994013960
5511994013982
5511994013985
5511994014003
5511994014014
5511994014035
5511994014053
5511994014166
5511994014175
5511994014241
5511994014255
5511994014284
5511994014311
5511994014345
5511994014385
5511994014399
5511994014408
5511994014410
5511994014411
5511994014430
5511994014442
5511994014492
5511994014549
5511994014595
5511994014621
5511994014642
5511994014644
5511994014645
5511994014657
5511994014664
5511994014677
5511994014680
5511994014699
5511994014779
5511994014782
5511994014789
5511994014793
5511994014799
5511994014821
5511994014835
5511994014854
5511994014856
5511994014871
5511994015010
5511994015019
5511994015132
5511994015151
5511994015193
5511994015202
5511994015238
5511994015245
5511994015253
5511994015259
5511994015287
5511994015307
5511994015364
5511994015374
5511994015404
5511994015411
5511994015441
5511994015454
5511994015472
5511994015494
5511994015520
5511994015537
5511994015581
5511994015596
5511994015606
5511994015630
5511994015635
5511994015767
5511994015779
5511994015851
5511994015903
5511994015976
5511994015988
5511994016005
5511994016018
5511994016032
5511994016078
5511994016084
5511994016112
5511994016141
5511994016188
5511994016249
5511994016251
5511994016252
5511994016254
5511994016260
5511994016290
5511994016331
5511994016341
5511994016392
5511994016399
5511994016409
5511994016410
5511994016411
5511994016422
5511994016429
5511994016433
5511994016465
5511994016482
5511994016587
5511994016597
5511994016619
5511994016656
5511994016666
5511994016768
5511994016801
5511994016833
5511994016916
5511994016931
5511994016933
5511994016952
5511994016957
5511994016993
5511994017000
5511994017003
5511994017004
5511994017085
5511994017139
5511994017331
5511994017386
5511994017425
5511994017433
5511994017439
5511994017499
5511994017545
5511994017602
5511994017621
5511994017727
5511994017747
5511994017753
5511994017812
5511994017824
5511994017868
5511994017936
5511994018027
5511994018092
5511994018219
5511994018330
5511994018335
5511994018442
5511994018491
5511994018494
5511994018534
5511994018602
5511994018665
5511994018743
5511994018780
5511994018875
5511994018973
5511994019000
5511994019001
5511994019011
5511994019029
5511994019035
5511994019097
5511994019122
5511994019161
5511994019214
5511994019243
5511994019256
5511994019348
5511994019357
5511994019462
5511994019465
5511994019477
5511994019536
5511994019537
5511994019595
5511994019670
5511994019671
5511994019686
5511994019717
5511994019739
5511994019771
5511994019796
5511994019799
5511994019807
5511994019847
5511994019999
5511994020014
5511994020019
5511994020020
5511994020027
5511994020063
5511994020073
5511994020101
5511994020229
5511994020270
5511994020277
5511994020352
5511994020374
5511994020390
5511994020453
5511994020477
5511994020505
5511994020516
5511994020558
5511994020566
5511994020616
5511994020622
5511994020629
5511994020635
5511994020726
5511994020728
5511994020736
5511994020791
5511994020798
5511994020808
5511994020868
5511994020910
5511994020930
5511994020944
5511994020947
5511994021047
5511994021065
5511994021085
5511994021088
5511994021089
5511994021098
5511994021138
5511994021157
5511994021169
5511994021170
5511994021171
5511994021172
5511994021183
5511994021190
5511994021192
5511994021196
5511994021217
5511994021220
5511994021236
5511994021261
5511994021283
5511994021297
5511994021303
5511994021342
5511994021367
5511994021460
5511994021491
5511994021525
5511994021540
5511994021575
5511994021577
5511994021678
5511994021683
5511994021688
5511994021698
5511994021740
5511994021749
5511994021795
5511994021813
5511994021839
5511994021882
5511994021884
5511994021915
5511994021926
5511994021966
5511994021969
5511994021972
5511994021978
5511994022002
5511994022012
5511994022013
5511994022015
5511994022020
5511994022028
5511994022031
5511994022044
5511994022050
5511994022070
5511994022071
5511994022073
5511994022105
5511994022114
5511994022129
5511994022167
5511994022168
5511994022180
5511994022212
5511994022247
5511994022258
5511994022261
5511994022286
5511994022316
5511994022326
5511994022335
5511994022379
5511994022466
5511994022533
5511994022562
5511994022591
5511994022652
5511994022656
5511994022662
5511994022688
5511994022690
5511994022707
5511994022710
5511994022716
5511994022722
5511994022725
5511994022740
5511994022741
5511994022786
5511994022795
5511994022813
5511994022837
5511994022841
5511994022888
5511994022916
5511994022937
5511994022953
5511994022957
5511994022999
5511994023007
5511994023010
5511994023017
5511994023034
5511994023054
5511994023059
5511994023082
5511994023131
5511994023145
5511994023156
5511994023253
5511994023280
5511994023316
5511994023347
5511994023474
5511994023574
5511994023604
5511994023669
5511994023715
5511994023723
5511994023733
5511994023744
5511994023779
5511994023784
5511994023798
5511994023806
5511994023838
5511994023859
5511994023875
5511994023884
5511994023960
5511994023962
5511994023977
5511994024011
5511994024030
5511994024055
5511994024070
5511994024094
5511994024114
5511994024123
5511994024124
5511994024146
5511994024171
5511994024174
5511994024181
5511994024191
5511994024264
5511994024305
5511994024317
5511994024377
5511994024396
5511994024410
5511994024421
5511994024422
5511994024427
5511994024442
5511994024670
5511994024671
5511994024713
5511994024784
5511994024789
5511994024790
5511994024804
5511994024840
5511994024885
5511994024892
5511994024912
5511994024956
5511994024999
5511994025000
5511994025021
5511994025039
5511994025066
5511994025104
5511994025120
5511994025186
5511994025200
5511994025222
5511994025262
5511994025277
5511994025282
5511994025341
5511994025345
5511994025359
5511994025394
5511994025572
5511994025587
5511994025614
5511994025645
5511994025761
5511994025785
5511994025787
5511994025814
5511994025867
5511994025892
5511994025896
5511994025990
5511994025993
5511994026015
5511994026018
5511994026039
5511994026045
5511994026107
5511994026151
5511994026166
5511994026181
5511994026233
5511994026240
5511994026265
5511994026282
5511994026292
5511994026441
5511994026499
5511994026553
5511994026618
5511994026638
5511994026684
5511994026701
5511994026705
5511994026726
5511994026771
5511994026777
5511994026846
5511994026863
5511994026896
5511994026933
5511994027079
5511994027120
5511994027137
5511994027175
5511994027211
5511994027241
5511994027245
5511994027264
5511994027331
5511994027337
5511994027339
5511994027345
5511994027373
5511994027377
5511994027380
5511994027383
5511994027458
5511994027464
5511994027473
5511994027488
5511994027493
5511994027511
5511994027514
5511994027557
5511994027586
5511994027669
5511994027676
5511994027693
5511994027708
5511994027724
5511994027735
5511994027750
5511994027773
5511994027790
5511994027817
5511994027818
5511994027829
5511994027840
5511994027848
5511994027855
5511994027864
5511994027868
5511994027878
5511994027901
5511994027904
5511994027922
5511994027927
5511994027947
5511994027948
5511994027953
5511994027956
5511994027979
5511994027983
5511994027994
5511994028000
5511994028052
5511994028062
5511994028077
5511994028100
5511994028103
5511994028104
5511994028111
5511994028148
5511994028153
5511994028202
5511994028214
5511994028224
5511994028250
5511994028252
5511994028286
5511994028344
5511994028420
5511994028438
5511994028460
5511994028470
5511994028486
5511994028502
5511994028552
5511994028569
5511994028589
