5511992186554
5511992186567
5511992186571
5511992186594
5511992186610
5511992186613
5511992186647
5511992186708
5511992186710
5511992186722
5511992186734
5511992186737
5511992186749
5511992186750
5511992186767
5511992186791
5511992186792
5511992186795
5511992186802
5511992186806
5511992186812
5511992186822
5511992186837
5511992186843
5511992186847
5511992186851
5511992186864
5511992186865
5511992186880
5511992186902
5511992186923
5511992186933
5511992186943
5511992186963
5511992187022
5511992187027
5511992187032
5511992187038
5511992187046
5511992187059
5511992187060
5511992187063
5511992187079
5511992187082
5511992187092
5511992187093
5511992187107
5511992187115
5511992187117
5511992187130
5511992187136
5511992187140
5511992187141
5511992187165
5511992187167
5511992187173
5511992187194
5511992187215
5511992187224
5511992187244
5511992187276
5511992187292
5511992187313
5511992187329
5511992187337
5511992187340
5511992187361
5511992187376
5511992187397
5511992187399
5511992187402
5511992187404
5511992187422
5511992187424
5511992187436
5511992187437
5511992187452
5511992187477
5511992187483
5511992187490
5511992187501
5511992187504
5511992187506
5511992187518
5511992187526
5511992187570
5511992187572
5511992187597
5511992187610
5511992187613
5511992187623
5511992187634
5511992187662
5511992187700
5511992187702
5511992187727
5511992187751
5511992187756
5511992187760
5511992187768
5511992187770
5511992187778
5511992187790
5511992187811
5511992187825
5511992187832
5511992187847
5511992187885
5511992187893
5511992187900
5511992187911
5511992187919
5511992187928
5511992187957
5511992187960
5511992187977
5511992187984
5511992187992
5511992187996
5511992188001
5511992188011
5511992188016
5511992188017
5511992188019
5511992188027
5511992188046
5511992188052
5511992188053
5511992188094
5511992188115
5511992188121
5511992188133
5511992188167
5511992188168
5511992188207
5511992188213
5511992188219
5511992188230
5511992188253
5511992188255
5511992188260
5511992188264
5511992188270
5511992188272
5511992188277
5511992188287
5511992188294
5511992188300
5511992188326
5511992188327
5511992188337
5511992188340
5511992188348
5511992188354
5511992188365
5511992188369
5511992188387
5511992188400
5511992188405
5511992188408
5511992188412
5511992188413
5511992188447
5511992188451
5511992188453
5511992188454
5511992188459
5511992188507
5511992188514
5511992188534
5511992188545
5511992188559
5511992188568
5511992188575
5511992188607
5511992188609
5511992188612
5511992188615
5511992188622
5511992188629
5511992188643
5511992188658
5511992188664
5511992188674
5511992188680
5511992188682
5511992188692
5511992188736
5511992188763
5511992188765
5511992188809
5511992188862
5511992188876
5511992188899
5511992188903
5511992188905
5511992188907
5511992188935
5511992188946
5511992188953
5511992188960
5511992188984
5511992188989
5511992189041
5511992189057
5511992189090
5511992189093
5511992189134
5511992189184
5511992189204
5511992189218
5511992189231
5511992189253
5511992189265
5511992189270
5511992189284
5511992189285
5511992189305
5511992189309
5511992189318
5511992189327
5511992189350
5511992189352
5511992189369
5511992189380
5511992189412
5511992189425
5511992189428
5511992189436
5511992189442
5511992189443
5511992189444
5511992189453
5511992189455
5511992189465
5511992189487
5511992189493
5511992189501
5511992189506
5511992189508
5511992189510
5511992189522
5511992189533
5511992189541
5511992189554
5511992189624
5511992189634
5511992189685
5511992189808
5511992189812
5511992189816
5511992189823
5511992189830
5511992189855
5511992189896
5511992189901
5511992189905
5511992189920
5511992189971
5511992189977
5511992189992
5511992190003
5511992190011
5511992190013
5511992190021
5511992190039
5511992190042
5511992190044
5511992190049
5511992190080
5511992190088
5511992190135
5511992190187
5511992190192
5511992190196
5511992190199
5511992190207
5511992190220
5511992190223
5511992190226
5511992190239
5511992190264
5511992190265
5511992190277
5511992190299
5511992190301
5511992190316
5511992190317
5511992190323
5511992190345
5511992190362
5511992190375
5511992190392
5511992190393
5511992190425
5511992190434
5511992190435
5511992190443
5511992190469
5511992190484
5511992190548
5511992190569
5511992190585
5511992190589
5511992190597
5511992190605
5511992190621
5511992190648
5511992190671
5511992190673
5511992190675
5511992190685
5511992190688
5511992190697
5511992190727
5511992190739
5511992190740
5511992190753
5511992190757
5511992190770
5511992190772
5511992190774
5511992190817
5511992190851
5511992190878
5511992190881
5511992190883
5511992190884
5511992190888
5511992190912
5511992190918
5511992190924
5511992190936
5511992190939
5511992190945
5511992190971
5511992190976
5511992191031
5511992191062
5511992191068
5511992191086
5511992191113
5511992191169
5511992191251
5511992191261
5511992191263
5511992191313
5511992191339
5511992191386
5511992191412
5511992191414
5511992191436
5511992191458
5511992191460
5511992191476
5511992191496
5511992191523
5511992191541
5511992191549
5511992191620
5511992191631
5511992191648
5511992191651
5511992191677
5511992191713
5511992191731
5511992191797
5511992191819
5511992191847
5511992191958
5511992191971
5511992192000
5511992192018
5511992192019
5511992192030
5511992192036
5511992192072
5511992192074
5511992192109
5511992192118
5511992192125
5511992192126
5511992192130
5511992192131
5511992192138
5511992192187
5511992192195
5511992192208
5511992192210
5511992192219
5511992192230
5511992192242
5511992192246
5511992192252
5511992192259
5511992192272
5511992192276
5511992192277
5511992192278
5511992192297
5511992192308
5511992192318
5511992192327
5511992192328
5511992192336
5511992192340
5511992192352
5511992192362
5511992192377
5511992192383
5511992192402
5511992192404
5511992192417
5511992192420
5511992192430
5511992192432
5511992192450
5511992192452
5511992192456
5511992192459
5511992192465
5511992192467
5511992192483
5511992192495
5511992192518
5511992192526
5511992192531
5511992192536
5511992192538
5511992192542
5511992192550
5511992192562
5511992192567
5511992192579
5511992192585
5511992192586
5511992192589
5511992192614
5511992192620
5511992192654
5511992192659
5511992192665
5511992192685
5511992192686
5511992192694
5511992192699
5511992192707
5511992192719
5511992192729
5511992192744
5511992192751
5511992192765
5511992192839
5511992192858
5511992192892
5511992192895
5511992192918
5511992192939
5511992192944
5511992192968
5511992192972
5511992192983
5511992193016
5511992193033
5511992193042
5511992193058
5511992193073
5511992193083
5511992193096
5511992193106
5511992193116
5511992193135
5511992193137
5511992193146
5511992193152
5511992193157
5511992193160
5511992193163
5511992193172
5511992193203
5511992193205
5511992193212
5511992193231
5511992193253
5511992193255
5511992193257
5511992193258
5511992193259
5511992193277
5511992193287
5511992193297
5511992193308
5511992193329
5511992193336
5511992193338
5511992193350
5511992193365
5511992193367
5511992193388
5511992193397
5511992193402
5511992193439
5511992193446
5511992193453
5511992193458
5511992193470
5511992193493
5511992193505
5511992193517
5511992193521
5511992193539
5511992193542
5511992193544
5511992193545
5511992193559
5511992193595
5511992193617
5511992193641
5511992193646
5511992193668
5511992193686
5511992193717
5511992193721
5511992193755
5511992193777
5511992193785
5511992193809
5511992193810
5511992193823
5511992193838
5511992193855
5511992193869
5511992193880
5511992193887
5511992193920
5511992193976
5511992193978
5511992193988
5511992193995
5511992194001
5511992194016
5511992194043
5511992194055
5511992194060
5511992194070
5511992194072
5511992194073
5511992194074
5511992194090
5511992194091
5511992194109
5511992194140
5511992194150
5511992194161
5511992194162
5511992194177
5511992194180
5511992194189
5511992194202
5511992194208
5511992194229
5511992194232
5511992194248
5511992194262
5511992194276
5511992194284
5511992194289
5511992194307
5511992194369
5511992194376
5511992194380
5511992194383
5511992194386
5511992194388
5511992194390
5511992194392
5511992194411
5511992194418
5511992194438
5511992194442
5511992194451
5511992194502
5511992194513
5511992194520
5511992194526
5511992194530
5511992194534
5511992194539
5511992194550
5511992194560
5511992194563
5511992194567
5511992194600
5511992194611
5511992194624
5511992194639
5511992194643
5511992194647
5511992194669
5511992194687
5511992194695
5511992194699
5511992194723
5511992194753
5511992194761
5511992194764
5511992194766
5511992194767
5511992194771
5511992194774
5511992194821
5511992194847
5511992194849
5511992194883
5511992194888
5511992194895
5511992194963
5511992194980
5511992194981
5511992195003
5511992195010
5511992195023
5511992195033
5511992195049
5511992195054
5511992195065
5511992195072
5511992195074
5511992195082
5511992195083
5511992195095
5511992195097
5511992195100
5511992195101
5511992195104
5511992195111
5511992195159
5511992195189
5511992195224
5511992195233
5511992195237
5511992195238
5511992195252
5511992195289
5511992195303
5511992195307
5511992195314
5511992195315
5511992195319
5511992195327
5511992195335
5511992195343
5511992195344
5511992195345
5511992195346
5511992195349
5511992195352
5511992195366
5511992195370
5511992195379
5511992195383
5511992195413
5511992195419
5511992195454
5511992195462
5511992195475
5511992195477
5511992195479
5511992195484
5511992195491
5511992195504
5511992195518
5511992195523
5511992195532
5511992195534
5511992195535
5511992195569
5511992195581
5511992195587
5511992195602
5511992195622
5511992195625
5511992195628
5511992195647
5511992195663
5511992195665
5511992195677
5511992195685
5511992195688
5511992195720
5511992195746
5511992195778
5511992195780
5511992195812
5511992195822
5511992195838
5511992195843
5511992195849
5511992195874
5511992195880
5511992195897
5511992195923
5511992195925
5511992195931
5511992195937
5511992195955
5511992195962
5511992195985
5511992195994
5511992196011
5511992196023
5511992196033
5511992196038
5511992196043
5511992196064
5511992196068
5511992196080
5511992196083
5511992196134
5511992196155
5511992196157
5511992196162
5511992196192
5511992196205
5511992196207
5511992196241
5511992196254
5511992196260
5511992196268
5511992196278
5511992196288
5511992196289
5511992196305
5511992196306
5511992196344
5511992196359
5511992196365
5511992196377
5511992196401
5511992196410
5511992196426
5511992196453
5511992196462
5511992196471
5511992196517
5511992196519
5511992196525
5511992196556
5511992196613
5511992196628
5511992196640
5511992196655
5511992196669
5511992196679
5511992196695
5511992196699
5511992196708
5511992196724
5511992196748
5511992196751
5511992196760
5511992196763
5511992196768
5511992196773
5511992196779
5511992196781
5511992196792
5511992196799
5511992196802
5511992196832
5511992196851
5511992196864
5511992196872
5511992196878
5511992196897
5511992196910
5511992196914
5511992196915
5511992196917
5511992196921
5511992196939
5511992196951
5511992196967
5511992196974
5511992196975
5511992196989
5511992196994
5511992197008
5511992197009
5511992197012
5511992197014
5511992197024
5511992197027
5511992197028
5511992197029
5511992197039
5511992197050
5511992197058
5511992197060
5511992197063
5511992197121
5511992197140
5511992197144
5511992197163
5511992197169
5511992197182
5511992197183
5511992197196
5511992197200
5511992197216
5511992197224
5511992197273
5511992197275
5511992197282
5511992197283
5511992197287
5511992197318
5511992197327
5511992197357
5511992197371
5511992197378
5511992197431
5511992197471
5511992197495
5511992197506
5511992197516
5511992197527
5511992197534
5511992197544
5511992197551
5511992197552
5511992197638
5511992197664
5511992197693
5511992197723
5511992197727
5511992197738
5511992197748
5511992197762
5511992197784
5511992197807
5511992197857
5511992197869
5511992197874
5511992197888
5511992197895
5511992197896
5511992197908
5511992197909
5511992197921
5511992197922
5511992197957
5511992197971
5511992197975
5511992197976
5511992197982
5511992197988
5511992197991
5511992197995
5511992198060
5511992198062
5511992198067
5511992198100
5511992198103
5511992198116
5511992198125
5511992198131
5511992198135
5511992198141
5511992198145
5511992198188
5511992198216
5511992198218
5511992198226
5511992198229
5511992198230
5511992198231
5511992198232
5511992198237
5511992198256
5511992198278
5511992198279
5511992198295
5511992198321
5511992198325
5511992198327
5511992198329
5511992198333
5511992198352
5511992198373
5511992198383
5511992198406
5511992198471
5511992198480
5511992198481
5511992198507
5511992198518
5511992198545
5511992198563
5511992198571
5511992198583
5511992198587
5511992198590
5511992198600
5511992198607
5511992198632
5511992198664
5511992198699
5511992198719
5511992198720
5511992198724
5511992198726
5511992198727
5511992198759
5511992198771
5511992198775
5511992198778
5511992198788
5511992198795
5511992198829
5511992198836
5511992198844
5511992198849
5511992198876
5511992198878
5511992198886
5511992198917
5511992198922
5511992198925
5511992198941
5511992198943
5511992198970
5511992199018
5511992199033
5511992199037
5511992199056
5511992199058
5511992199060
5511992199073
5511992199103
5511992199120
5511992199132
5511992199149
5511992199154
5511992199181
5511992199189
5511992199197
5511992199207
5511992199224
5511992199234
5511992199238
5511992199243
5511992199258
5511992199282
5511992199308
5511992199328
5511992199329
5511992199355
5511992199362
5511992199376
5511992199391
5511992199433
5511992199447
5511992199476
5511992199545
5511992199563
5511992199564
5511992199566
5511992199610
5511992199611
5511992199629
5511992199639
5511992199644
5511992199645
5511992199659
5511992199662
5511992199675
5511992199678
5511992199680
5511992199691
5511992199702
5511992199703
5511992199714
5511992199739
5511992199744
5511992199772
5511992199775
5511992199794
5511992199812
5511992199823
5511992199827
5511992199829
5511992199841
5511992199852
5511992199854
5511992199878
5511992199907
5511992199924
5511992199927
5511992199941
5511992199960
5511992199962
5511992200028
5511992200079
5511992200080
5511992200097
5511992200104
5511992200132
5511992200227
5511992200286
5511992200308
5511992200365
5511992200379
5511992200381
5511992200434
5511992200439
5511992200500
5511992200559
5511992200621
5511992200646
5511992200733
5511992200744
5511992200748
5511992200749
5511992200759
5511992200813
5511992200857
5511992200906
5511992200939
5511992200971
5511992201265
5511992201343
5511992201352
5511992201358
5511992201520
5511992201526
5511992201551
5511992201584
5511992201656
5511992201660
5511992201835
5511992201964
5511992201973
5511992202064
5511992202074
5511992202076
5511992202213
5511992202238
5511992202252
5511992202255
5511992202295
5511992202774
5511992202794
5511992202895
5511992202973
5511992203116
5511992203135
5511992203215
5511992203224
5511992203239
5511992203256
5511992203310
5511992203317
5511992203340
5511992203361
5511992203616
5511992203664
5511992203720
5511992203766
5511992203773
5511992203881
5511992203954
5511992203980
5511992203995
5511992204031
5511992204059
5511992204066
5511992204071
5511992204074
5511992204139
5511992204297
5511992204309
5511992204416
5511992204431
5511992204469
5511992204490
5511992204555
5511992204631
5511992204735
5511992204745
5511992204830
5511992204857
5511992204972
5511992205133
5511992205135
5511992205167
5511992205208
5511992205303
5511992205323
5511992205337
5511992205340
5511992205359
5511992205368
5511992205397
5511992205408
5511992205410
5511992205496
5511992205680
5511992205688
5511992205788
5511992205790
5511992205855
5511992206021
5511992206037
5511992206038
5511992206091
5511992206138
5511992206220
5511992206296
5511992206589
5511992206627
5511992206806
5511992206822
5511992206992
5511992207004
5511992207078
5511992207093
5511992207249
5511992207266
5511992207284
5511992207297
5511992207301
5511992207310
5511992207313
5511992207344
5511992207359
5511992207455
5511992207637
5511992207820
5511992207842
5511992207881
5511992208008
5511992208039
5511992208079
5511992208093
5511992208116
5511992208158
5511992208164
5511992208393
5511992208399
5511992208466
5511992208483
5511992208523
5511992208588
5511992208591
5511992208772
5511992208790
5511992208805
5511992208827
5511992208889
5511992208965
5511992209026
5511992209093
5511992209115
5511992209137
5511992209154
5511992209254
5511992209296
5511992209313
5511992209371
5511992209391
5511992209396
5511992209595
5511992209638
5511992209646
5511992209651
5511992209677
5511992209723
5511992209787
5511992209802
5511992209896
5511992209959
5511992210004
5511992210019
5511992210043
5511992210053
5511992210054
5511992210081
5511992210091
5511992210107
5511992210108
5511992210109
5511992210114
5511992210121
5511992210134
5511992210148
5511992210149
5511992210153
5511992210157
5511992210198
5511992210217
5511992210226
5511992210232
5511992210234
5511992210265
5511992210295
5511992210311
5511992210348
5511992210351
5511992210379
5511992210381
5511992210395
5511992210409
5511992210410
5511992210412
5511992210416
5511992210422
5511992210426
5511992210480
5511992210513
5511992210515
5511992210523
5511992210539
5511992210541
5511992210556
5511992210571
5511992210580
5511992210586
5511992210589
5511992210595
5511992210601
5511992210606
5511992210611
5511992210613
5511992210628
5511992210630
5511992210631
5511992210643
5511992210650
5511992210672
5511992210693
5511992210700
5511992210702
5511992210713
5511992210717
5511992210743
5511992210749
5511992210753
5511992210760
5511992210762
5511992210770
5511992210777
5511992210793
5511992210797
5511992210805
5511992210806
5511992210852
5511992210879
5511992210914
5511992210927
5511992210955
5511992210976
5511992210977
5511992210994
5511992211004
5511992211016
5511992211019
5511992211050
5511992211063
5511992211083
5511992211097
5511992211100
5511992211105
5511992211111
5511992211114
5511992211142
5511992211175
5511992211176
5511992211194
5511992211197
5511992211204
5511992211207
5511992211208
5511992211231
5511992211233
5511992211237
5511992211240
5511992211265
5511992211272
5511992211281
5511992211293
5511992211295
5511992211297
5511992211308
5511992211322
5511992211370
5511992211374
5511992211379
5511992211382
5511992211405
5511992211415
5511992211427
5511992211430
5511992211446
5511992211447
5511992211460
5511992211469
5511992211486
5511992211499
5511992211521
5511992211541
5511992211554
5511992211584
5511992211594
5511992211595
5511992211598
5511992211600
5511992211601
5511992211611
5511992211613
5511992211620
5511992211637
5511992211652
5511992211668
5511992211672
5511992211673
5511992211683
5511992211696
5511992211698
5511992211716
5511992211722
5511992211731
5511992211750
5511992211766
5511992211796
5511992211801
5511992211816
5511992211817
5511992211818
5511992211843
5511992211867
5511992211904
5511992211917
5511992211924
5511992211927
5511992211967
5511992211991
5511992212001
5511992212002
5511992212030
5511992212057
5511992212079
5511992212093
5511992212096
5511992212098
5511992212100
5511992212104
5511992212105
5511992212110
5511992212111
5511992212112
5511992212116
5511992212123
5511992212146
5511992212154
5511992212155
5511992212165
5511992212166
5511992212168
5511992212170
5511992212178
5511992212180
5511992212190
5511992212199
5511992212209
5511992212214
5511992212224
5511992212229
5511992212233
5511992212241
5511992212257
5511992212260
5511992212262
5511992212305
5511992212319
5511992212340
5511992212345
5511992212346
5511992212358
5511992212370
5511992212388
5511992212395
5511992212402
5511992212415
5511992212423
5511992212427
5511992212442
5511992212443
5511992212460
5511992212462
5511992212484
5511992212489
5511992212509
5511992212510
5511992212522
5511992212523
5511992212529
5511992212539
5511992212544
5511992212556
5511992212563
5511992212572
5511992212574
5511992212577
5511992212611
5511992212613
5511992212615
5511992212667
5511992212678
5511992212695
5511992212697
5511992212704
5511992212708
5511992212713
5511992212715
5511992212717
5511992212745
5511992212746
5511992212758
5511992212797
5511992212808
5511992212819
5511992212821
5511992212828
5511992212838
5511992212873
5511992212881
5511992212887
5511992212899
5511992212907
5511992212919
5511992212921
5511992212935
5511992212952
5511992212959
5511992212973
5511992212999
5511992213009
5511992213021
5511992213022
5511992213049
5511992213060
5511992213063
5511992213071
5511992213079
5511992213088
5511992213099
5511992213139
5511992213145
5511992213146
5511992213151
5511992213164
5511992213166
5511992213168
5511992213173
5511992213174
5511992213195
5511992213199
5511992213219
5511992213230
5511992213244
5511992213258
5511992213264
5511992213278
5511992213281
5511992213283
5511992213300
5511992213303
5511992213306
5511992213312
5511992213340
5511992213341
5511992213360
5511992213367
5511992213385
5511992213404
5511992213462
5511992213478
5511992213502
5511992213503
5511992213526
5511992213528
5511992213549
5511992213550
5511992213560
5511992213603
5511992213610
5511992213613
5511992213620
5511992213631
5511992213636
5511992213637
5511992213639
5511992213642
5511992213648
5511992213659
5511992213665
5511992213672
5511992213706
5511992213725
5511992213740
5511992213793
5511992213795
5511992213810
5511992213852
5511992213859
5511992213879
5511992213883
5511992213953
5511992213992
5511992214017
5511992214046
5511992214054
5511992214057
5511992214061
5511992214085
5511992214089
5511992214103
5511992214143
5511992214157
5511992214161
5511992214168
5511992214171
5511992214185
5511992214187
5511992214197
5511992214206
5511992214212
5511992214225
5511992214232
5511992214234
5511992214261
5511992214265
5511992214268
5511992214269
5511992214290
5511992214315
5511992214341
5511992214344
5511992214352
5511992214355
5511992214357
5511992214360
5511992214374
5511992214377
5511992214385
5511992214397
5511992214406
5511992214441
5511992214453
5511992214454
5511992214457
5511992214462
5511992214490
5511992214492
5511992214509
5511992214528
5511992214533
5511992214552
5511992214576
5511992214597
5511992214599
5511992214602
5511992214619
5511992214623
5511992214642
5511992214662
5511992214665
5511992214668
5511992214669
5511992214675
5511992214682
5511992214686
5511992214710
5511992214719
5511992214734
5511992214775
5511992214785
5511992214786
5511992214789
5511992214790
5511992214793
5511992214839
5511992214840
5511992214842
5511992214859
5511992214861
5511992214876
5511992214880
5511992214887
5511992214904
5511992214915
5511992214923
5511992214932
5511992214949
5511992214950
5511992214984
5511992214988
5511992214991
5511992215001
5511992215006
5511992215019
5511992215021
5511992215037
5511992215040
5511992215067
5511992215071
5511992215073
5511992215075
5511992215118
5511992215143
5511992215149
5511992215165
5511992215179
5511992215211
5511992215213
5511992215215
5511992215221
5511992215228
5511992215251
5511992215289
5511992215321
5511992215323
5511992215370
5511992215380
5511992215385
5511992215390
5511992215398
5511992215407
5511992215453
5511992215468
5511992215484
5511992215498
5511992215499
5511992215500
5511992215511
5511992215516
5511992215519
5511992215520
5511992215525
5511992215543
5511992215547
5511992215558
5511992215575
5511992215583
5511992215601
5511992215604
5511992215637
5511992215645
5511992215656
5511992215672
5511992215677
5511992215689
5511992215703
5511992215772
5511992215778
5511992215782
5511992215787
5511992215790
5511992215794
5511992215800
5511992215822
5511992215823
5511992215849
5511992215874
5511992215878
5511992215880
5511992215883
5511992215887
5511992215893
5511992215896
5511992215898
5511992215899
5511992215906
5511992215923
5511992215939
5511992215976
5511992215983
5511992215989
5511992215993
5511992216066
5511992216070
5511992216073
5511992216083
5511992216084
5511992216098
5511992216108
5511992216109
5511992216113
5511992216118
5511992216125
5511992216127
5511992216147
5511992216162
5511992216166
5511992216177
5511992216186
5511992216197
5511992216201
5511992216224
5511992216225
5511992216235
5511992216255
5511992216261
5511992216264
5511992216284
5511992216289
5511992216296
5511992216299
5511992216303
5511992216334
5511992216337
5511992216340
5511992216351
5511992216353
5511992216361
5511992216368
5511992216372
5511992216384
5511992216393
5511992216404
5511992216412
5511992216424
5511992216431
5511992216433
5511992216438
5511992216444
5511992216445
5511992216446
5511992216450
5511992216465
5511992216485
5511992216490
5511992216509
5511992216522
5511992216524
5511992216525
5511992216528
5511992216530
5511992216548
5511992216558
5511992216568
5511992216622
5511992216652
5511992216661
5511992216679
5511992216712
5511992216728
5511992216756
5511992216781
5511992216782
5511992216788
5511992216789
5511992216793
5511992216798
5511992216801
5511992216804
5511992216808
5511992216820
5511992216851
5511992216862
5511992216863
5511992216866
5511992216899
5511992216919
5511992216935
5511992216974
5511992216988
5511992216990
5511992217044
5511992217050
5511992217057
5511992217068
5511992217096
5511992217099
5511992217101
5511992217102
5511992217124
5511992217129
5511992217140
5511992217210
5511992217225
5511992217231
5511992217235
5511992217254
5511992217265
5511992217269
5511992217272
5511992217273
5511992217274
5511992217297
5511992217314
5511992217322
5511992217330
5511992217331
5511992217332
5511992217335
5511992217338
5511992217351
5511992217371
5511992217375
5511992217382
5511992217395
5511992217396
5511992217399
5511992217414
5511992217430
5511992217448
5511992217451
5511992217452
5511992217453
5511992217472
5511992217492
5511992217503
5511992217511
5511992217512
5511992217514
5511992217564
5511992217573
5511992217592
5511992217638
5511992217639
5511992217651
5511992217654
5511992217655
5511992217657
5511992217688
5511992217726
5511992217738
5511992217754
5511992217793
5511992217797
5511992217799
5511992217824
5511992217828
5511992217829
5511992217833
5511992217860
5511992217862
5511992217922
5511992217930
5511992217937
5511992217960
5511992217966
5511992217995
5511992218002
5511992218005
5511992218021
5511992218029
5511992218030
5511992218045
5511992218047
5511992218050
5511992218061
5511992218069
5511992218073
5511992218078
5511992218083
5511992218085
5511992218086
5511992218089
5511992218100
5511992218124
5511992218135
5511992218137
5511992218144
5511992218149
5511992218151
5511992218182
5511992218188
5511992218210
5511992218213
5511992218221
5511992218223
5511992218251
5511992218277
5511992218293
5511992218303
5511992218321
5511992218322
5511992218336
5511992218337
5511992218354
5511992218394
5511992218400
5511992218404
5511992218419
5511992218434
5511992218438
5511992218443
5511992218448
5511992218452
5511992218461
5511992218469
5511992218485
5511992218491
5511992218509
5511992218531
5511992218532
5511992218542
5511992218554
5511992218572
5511992218577
5511992218578
5511992218581
5511992218583
5511992218601
5511992218608
5511992218617
5511992218624
5511992218655
5511992218657
5511992218659
5511992218693
5511992218698
5511992218748
5511992218763
5511992218776
5511992218778
5511992218786
5511992218802
5511992218814
5511992218819
5511992218827
5511992218839
5511992218858
5511992218877
5511992218892
5511992218894
5511992218903
5511992218940
5511992218948
5511992218955
5511992218974
5511992218998
5511992219003
5511992219004
5511992219013
5511992219025
5511992219034
5511992219041
5511992219044
5511992219052
5511992219101
5511992219108
5511992219149
5511992219159
5511992219161
5511992219174
5511992219188
5511992219191
5511992219194
5511992219196
5511992219227
5511992219238
5511992219242
5511992219247
5511992219248
5511992219251
5511992219281
5511992219289
5511992219318
5511992219336
5511992219371
5511992219376
5511992219380
5511992219391
5511992219414
5511992219434
5511992219440
5511992219454
5511992219465
5511992219466
5511992219467
5511992219470
5511992219479
5511992219494
5511992219503
5511992219512
5511992219529
5511992219542
5511992219556
5511992219573
5511992219589
5511992219611
5511992219617
5511992219639
5511992219667
5511992219693
5511992219721
