5511972300204
5511972300260
5511972300299
5511972300313
5511972300399
5511972300437
5511972300529
5511972300800
5511972300855
5511972300968
5511972301200
5511972301311
5511972301739
5511972301748
5511972301789
5511972301933
5511972302033
5511972302050
5511972302062
5511972302098
5511972302170
5511972302284
5511972302309
5511972302389
5511972302468
5511972302688
5511972302768
5511972303000
5511972303039
5511972303071
5511972303397
5511972303430
5511972303479
5511972303829
5511972303845
5511972304019
5511972304086
5511972304280
5511972304301
5511972304422
5511972304453
5511972304858
5511972304989
5511972305022
5511972305043
5511972305092
5511972305330
5511972305391
5511972305495
5511972305529
5511972305531
5511972305699
5511972305738
5511972305771
5511972305811
5511972305968
5511972306165
5511972306180
5511972306203
5511972306251
5511972306262
5511972306377
5511972306661
5511972306675
5511972306794
5511972306940
5511972306967
5511972307329
5511972307538
5511972307772
5511972307844
5511972307864
5511972307955
5511972308043
5511972308142
5511972308449
5511972308532
5511972308866
5511972308904
5511972308947
5511972309039
5511972309044
5511972309160
5511972309194
5511972309218
5511972309345
5511972309408
5511972309698
5511972309907
5511972310004
5511972310011
5511972310012
5511972310013
5511972310015
5511972310031
5511972310051
5511972310053
5511972310064
5511972310068
5511972310078
5511972310112
5511972310133
5511972310199
5511972310209
5511972310216
5511972310257
5511972310263
5511972310264
5511972310336
5511972310355
5511972310384
5511972310399
5511972310412
5511972310422
5511972310440
5511972310443
5511972310462
5511972310465
5511972310469
5511972310473
5511972310484
5511972310500
5511972310502
5511972310509
5511972310519
5511972310520
5511972310525
5511972310534
5511972310553
5511972310555
5511972310561
5511972310602
5511972310621
5511972310629
5511972310647
5511972310653
5511972310664
5511972310696
5511972310710
5511972310728
5511972310730
5511972310768
5511972310778
5511972310784
5511972310805
5511972310811
5511972310844
5511972310866
5511972310876
5511972310898
5511972310916
5511972310929
5511972310968
5511972310977
5511972310982
5511972311006
5511972311095
5511972311164
5511972311178
5511972311183
5511972311196
5511972311202
5511972311221
5511972311254
5511972311270
5511972311314
5511972311369
5511972311381
5511972311390
5511972311401
5511972311431
5511972311457
5511972311503
5511972311535
5511972311537
5511972311673
5511972311680
5511972311691
5511972311710
5511972311721
5511972311770
5511972311861
5511972311886
5511972311896
5511972311947
5511972311963
5511972311968
5511972311985
5511972311988
5511972312012
5511972312015
5511972312035
5511972312056
5511972312077
5511972312079
5511972312093
5511972312129
5511972312144
5511972312155
5511972312175
5511972312180
5511972312270
5511972312285
5511972312296
5511972312306
5511972312311
5511972312312
5511972312317
5511972312322
5511972312359
5511972312366
5511972312378
5511972312385
5511972312435
5511972312448
5511972312460
5511972312466
5511972312476
5511972312510
5511972312528
5511972312539
5511972312572
5511972312575
5511972312602
5511972312610
5511972312617
5511972312636
5511972312641
5511972312652
5511972312675
5511972312689
5511972312710
5511972312711
5511972312753
5511972312816
5511972312868
5511972312890
5511972312896
5511972312931
5511972312952
5511972312957
5511972312966
5511972313000
5511972313008
5511972313009
5511972313043
5511972313057
5511972313059
5511972313061
5511972313085
5511972313146
5511972313156
5511972313178
5511972313207
5511972313219
5511972313262
5511972313270
5511972313275
5511972313287
5511972313343
5511972313351
5511972313356
5511972313387
5511972313419
5511972313422
5511972313435
5511972313471
5511972313492
5511972313511
5511972313558
5511972313562
5511972313568
5511972313607
5511972313627
5511972313628
5511972313637
5511972313645
5511972313670
5511972313681
5511972313687
5511972313696
5511972313697
5511972313707
5511972313711
5511972313737
5511972313793
5511972313827
5511972313854
5511972313872
5511972313881
5511972313906
5511972313924
5511972313937
5511972313955
5511972313960
5511972313990
5511972313991
5511972314030
5511972314034
5511972314077
5511972314079
5511972314090
5511972314115
5511972314125
5511972314144
5511972314166
5511972314172
5511972314192
5511972314203
5511972314225
5511972314253
5511972314274
5511972314293
5511972314306
5511972314313
5511972314360
5511972314361
5511972314381
5511972314400
5511972314406
5511972314412
5511972314417
5511972314450
5511972314464
5511972314472
5511972314500
5511972314507
5511972314527
5511972314537
5511972314541
5511972314569
5511972314584
5511972314588
5511972314609
5511972314660
5511972314681
5511972314723
5511972314745
5511972314752
5511972314772
5511972314785
5511972314794
5511972314857
5511972314862
5511972314872
5511972314921
5511972314975
5511972315032
5511972315056
5511972315137
5511972315267
5511972315372
5511972315513
5511972315632
5511972315656
5511972315751
5511972315797
5511972315808
5511972315835
5511972315845
5511972315868
5511972315900
5511972315926
5511972315974
5511972316001
5511972316003
5511972316018
5511972316083
5511972316140
5511972316149
5511972316186
5511972316192
5511972316207
5511972316230
5511972316245
5511972316282
5511972316323
5511972316366
5511972316499
5511972316527
5511972316554
5511972316591
5511972316605
5511972316668
5511972316715
5511972316721
5511972316763
5511972316804
5511972316808
5511972316888
5511972316916
5511972316919
5511972316932
5511972316939
5511972316978
5511972317071
5511972317108
5511972317117
5511972317129
5511972317196
5511972317227
5511972317271
5511972317346
5511972317348
5511972317369
5511972317397
5511972317929
5511972317932
5511972318070
5511972318138
5511972318157
5511972318365
5511972318382
5511972318422
5511972318491
5511972318514
5511972318555
5511972318626
5511972318635
5511972318658
5511972318717
5511972318730
5511972318788
5511972318804
5511972318919
5511972318930
5511972319014
5511972319016
5511972319026
5511972319134
5511972319148
5511972319181
5511972319210
5511972319215
5511972319263
5511972319279
5511972319285
5511972319343
5511972319505
5511972319542
5511972319599
5511972319668
5511972319705
5511972319710
5511972319740
5511972319781
5511972319832
5511972319852
5511972319859
5511972319915
5511972319924
5511972319992
5511972320014
5511972320041
5511972320064
5511972320075
5511972320078
5511972320090
5511972320110
5511972320127
5511972320135
5511972320147
5511972320170
5511972320228
5511972320247
5511972320258
5511972320286
5511972320300
5511972320338
5511972320383
5511972320428
5511972320447
5511972320469
5511972320613
5511972320667
5511972320675
5511972320738
5511972320775
5511972320776
5511972320781
5511972320899
5511972320909
5511972320966
5511972320975
5511972321009
5511972321030
5511972321068
5511972321109
5511972321115
5511972321183
5511972321186
5511972321268
5511972321270
5511972321285
5511972321292
5511972321304
5511972321313
5511972321316
5511972321326
5511972321338
5511972321381
5511972321412
5511972321413
5511972321491
5511972321587
5511972321602
5511972321603
5511972321621
5511972321708
5511972321721
5511972321728
5511972321730
5511972321732
5511972321759
5511972321787
5511972321803
5511972321819
5511972321844
5511972321860
5511972321861
5511972321862
5511972321870
5511972321915
5511972321917
5511972321972
5511972322078
5511972322099
5511972322105
5511972322116
5511972322181
5511972322182
5511972322214
5511972322253
5511972322343
5511972322381
5511972322385
5511972322400
5511972322460
5511972322489
5511972322490
5511972322537
5511972322551
5511972322554
5511972322575
5511972322582
5511972322680
5511972322707
5511972322734
5511972322737
5511972322757
5511972322772
5511972322820
5511972322833
5511972322857
5511972322877
5511972322886
5511972322913
5511972322931
5511972322990
5511972322991
5511972322994
5511972323003
5511972323009
5511972323010
5511972323060
5511972323070
5511972323092
5511972323100
5511972323107
5511972323133
5511972323134
5511972323155
5511972323171
5511972323202
5511972323204
5511972323233
5511972323271
5511972323272
5511972323273
5511972323289
5511972323300
5511972323309
5511972323310
5511972323312
5511972323337
5511972323341
5511972323374
5511972323379
5511972323388
5511972323393
5511972323408
5511972323430
5511972323433
5511972323474
5511972323487
5511972323529
5511972323592
5511972323642
5511972323665
5511972323703
5511972323749
5511972323767
5511972323784
5511972323833
5511972323850
5511972323967
5511972324023
5511972324027
5511972324061
5511972324068
5511972324132
5511972324184
5511972324187
5511972324252
5511972324266
5511972324345
5511972324398
5511972324425
5511972324444
5511972324451
5511972324465
5511972324475
5511972324521
5511972324528
5511972324539
5511972324565
5511972324569
5511972324586
5511972324594
5511972324609
5511972324629
5511972324636
5511972324701
5511972324731
5511972324778
5511972324859
5511972324864
5511972324875
5511972324885
5511972324892
5511972324899
5511972324955
5511972324999
5511972325046
5511972325064
5511972325065
5511972325116
5511972325124
5511972325139
5511972325166
5511972325207
5511972325223
5511972325230
5511972325343
5511972325364
5511972325373
5511972325494
5511972325518
5511972325546
5511972325618
5511972325684
5511972325700
5511972325725
5511972325726
5511972325814
5511972325854
5511972325921
5511972325923
5511972325944
5511972325946
5511972325955
5511972325959
5511972326007
5511972326018
5511972326032
5511972326058
5511972326098
5511972326112
5511972326118
5511972326187
5511972326246
5511972326308
5511972326363
5511972326455
5511972326484
5511972326530
5511972326538
5511972326544
5511972326584
5511972326655
5511972326730
5511972326814
5511972326834
5511972326868
5511972326927
5511972326964
5511972326968
5511972326990
5511972327008
5511972327039
5511972327076
5511972327123
5511972327143
5511972327145
5511972327147
5511972327173
5511972327207
5511972327265
5511972327292
5511972327301
5511972327320
5511972327323
5511972327343
5511972327373
5511972327394
5511972327421
5511972327479
5511972327501
5511972327504
5511972327511
5511972327561
5511972327568
5511972327599
5511972327607
5511972327635
5511972327692
5511972327713
5511972327728
5511972327747
5511972327754
5511972327774
5511972327780
5511972327782
5511972327783
5511972327798
5511972327818
5511972327823
5511972327839
5511972327905
5511972327940
5511972327968
5511972327970
5511972327972
5511972327995
5511972328035
5511972328060
5511972328155
5511972328179
5511972328210
5511972328236
5511972328264
5511972328299
5511972328400
5511972328401
5511972328455
5511972328459
5511972328473
5511972328479
5511972328485
5511972328505
5511972328527
5511972328574
5511972328580
5511972328589
5511972328602
5511972328639
5511972328651
5511972328673
5511972328678
5511972328680
5511972328694
5511972328721
5511972328737
5511972328752
5511972328758
5511972328804
5511972328805
5511972328878
5511972328891
5511972328897
5511972328903
5511972328910
5511972328918
5511972329095
5511972329117
5511972329199
5511972329201
5511972329218
5511972329226
5511972329291
5511972329313
5511972329365
5511972329372
5511972329434
5511972329441
5511972329470
5511972329544
5511972329548
5511972329562
5511972329567
5511972329615
5511972329621
5511972329723
5511972329749
5511972329762
5511972329828
5511972329877
5511972329888
5511972329949
5511972329977
5511972329990
5511972330042
5511972330045
5511972330107
5511972330130
5511972330132
5511972330139
5511972330155
5511972330186
5511972330261
5511972330314
5511972330351
5511972330359
5511972330364
5511972330368
5511972330371
5511972330374
5511972330388
5511972330449
5511972330452
5511972330497
5511972330529
5511972330579
5511972330615
5511972330640
5511972330648
5511972330666
5511972330704
5511972330743
5511972330791
5511972330808
5511972330811
5511972330830
5511972330832
5511972330839
5511972330902
5511972330903
5511972330953
5511972330997
5511972331017
5511972331020
5511972331051
5511972331068
5511972331078
5511972331122
5511972331185
5511972331191
5511972331224
5511972331231
5511972331240
5511972331287
5511972331303
5511972331332
5511972331342
5511972331394
5511972331397
5511972331448
5511972331478
5511972331499
5511972331595
5511972331616
5511972331639
5511972331662
5511972331671
5511972331721
5511972331722
5511972331728
5511972331780
5511972331852
5511972331874
5511972331943
5511972331973
5511972331995
5511972332015
5511972332026
5511972332034
5511972332159
5511972332188
5511972332223
5511972332283
5511972332303
5511972332321
5511972332322
5511972332330
5511972332350
5511972332370
5511972332435
5511972332440
5511972332478
5511972332501
5511972332533
5511972332535
5511972332539
5511972332554
5511972332580
5511972332636
5511972332638
5511972332652
5511972332689
5511972332720
5511972332758
5511972332784
5511972332785
5511972332852
5511972332862
5511972332898
5511972332902
5511972332916
5511972333005
5511972333047
5511972333059
5511972333110
5511972333112
5511972333166
5511972333330
5511972333353
5511972333369
5511972333427
5511972333461
5511972333473
5511972333505
5511972333521
5511972333576
5511972333608
5511972333609
5511972333610
5511972333624
5511972333626
5511972333640
5511972333642
5511972333717
5511972333743
5511972333756
5511972333773
5511972333793
5511972333832
5511972333872
5511972333903
5511972333912
5511972333974
5511972334023
5511972334044
5511972334048
5511972334088
5511972334103
5511972334118
5511972334141
5511972334146
5511972334157
5511972334162
5511972334166
5511972334224
5511972334235
5511972334243
5511972334263
5511972334270
5511972334272
5511972334297
5511972334300
5511972334303
5511972334328
5511972334331
5511972334339
5511972334350
5511972334412
5511972334422
5511972334440
5511972334483
5511972334485
5511972334489
5511972334512
5511972334548
5511972334565
5511972334580
5511972334584
5511972334595
5511972334607
5511972334669
5511972334678
5511972334700
5511972334717
5511972334725
5511972334730
5511972334778
5511972334784
5511972334786
5511972334790
5511972334810
5511972334816
5511972334869
5511972334885
5511972334887
5511972334909
5511972334921
5511972334923
5511972334952
5511972335064
5511972335089
5511972335096
5511972335102
5511972335106
5511972335198
5511972335207
5511972335221
5511972335257
5511972335318
5511972335362
5511972335421
5511972335425
5511972335448
5511972335492
5511972335528
5511972335543
5511972335561
5511972335572
5511972335576
5511972335772
5511972335877
5511972335878
5511972335883
5511972335895
5511972335902
5511972335909
5511972335918
5511972335926
5511972335961
5511972335966
5511972335986
5511972335996
5511972336019
5511972336025
5511972336049
5511972336063
5511972336072
5511972336073
5511972336084
5511972336091
5511972336092
5511972336100
5511972336122
5511972336142
5511972336149
5511972336176
5511972336246
5511972336290
5511972336295
5511972336296
5511972336337
5511972336351
5511972336372
5511972336394
5511972336426
5511972336430
5511972336433
5511972336449
5511972336454
5511972336500
5511972336555
5511972336568
5511972336632
5511972336649
5511972336656
5511972336677
5511972336767
5511972336792
5511972336795
5511972336940
5511972336980
5511972336997
5511972337035
5511972337038
5511972337079
5511972337129
5511972337134
5511972337149
5511972337152
5511972337156
5511972337247
5511972337252
5511972337308
5511972337314
5511972337365
5511972337379
5511972337380
5511972337387
5511972337399
5511972337406
5511972337460
5511972337485
5511972337487
5511972337494
5511972337514
5511972337539
5511972337545
5511972337570
5511972337584
5511972337677
5511972337685
5511972337699
5511972337701
5511972337708
5511972337731
5511972337750
5511972337763
5511972337782
5511972337796
5511972337802
5511972337811
5511972337814
5511972337823
5511972337859
5511972337865
5511972337873
5511972337917
5511972337972
5511972337973
5511972338014
5511972338023
5511972338033
5511972338046
5511972338059
5511972338118
5511972338150
5511972338158
5511972338181
5511972338192
5511972338250
5511972338259
5511972338261
5511972338266
5511972338284
5511972338324
5511972338331
5511972338340
5511972338404
5511972338421
5511972338443
5511972338450
5511972338451
5511972338466
5511972338476
5511972338517
5511972338559
5511972338578
5511972338583
5511972338598
5511972338599
5511972338756
5511972338808
5511972338888
5511972338898
5511972338995
5511972339083
5511972339095
5511972339104
5511972339145
5511972339166
5511972339196
5511972339220
5511972339231
5511972339246
5511972339257
5511972339313
5511972339362
5511972339462
5511972339547
5511972339563
5511972339571
5511972339573
5511972339579
5511972339593
5511972339596
5511972339610
5511972339653
5511972339703
5511972339721
5511972339758
5511972339761
5511972339764
5511972339774
5511972339783
5511972339812
5511972339823
5511972339873
5511972339936
5511972339939
5511972339965
5511972339997
5511972340019
5511972340035
5511972340094
5511972340103
5511972340145
5511972340166
5511972340181
5511972340201
5511972340255
5511972340312
5511972340328
5511972340329
5511972340331
5511972340365
5511972340462
5511972340495
5511972340525
5511972340555
5511972340557
5511972340587
5511972340597
5511972340616
5511972340645
5511972340711
5511972340825
5511972340870
5511972340881
5511972340883
5511972340884
5511972340901
5511972340968
5511972340978
5511972340984
5511972341025
5511972341034
5511972341075
5511972341102
5511972341134
5511972341175
5511972341281
5511972341310
5511972341331
5511972341347
5511972341357
5511972341366
5511972341388
5511972341462
5511972341477
5511972341499
5511972341511
5511972341675
5511972341680
5511972341681
5511972341687
5511972341700
5511972341705
5511972341726
5511972341748
5511972341763
5511972341844
5511972341874
5511972341920
5511972342034
5511972342084
5511972342105
5511972342124
5511972342200
5511972342231
5511972342258
5511972342295
5511972342310
5511972342365
5511972342394
5511972342442
5511972342495
5511972342498
5511972342500
5511972342512
5511972342522
5511972342526
5511972342532
5511972342560
5511972342624
5511972342734
5511972342759
5511972342820
5511972342826
5511972342842
5511972342865
5511972342906
5511972342921
5511972343022
5511972343069
5511972343105
5511972343118
5511972343141
5511972343167
5511972343258
5511972343290
5511972343292
5511972343301
5511972343315
5511972343369
5511972343376
5511972343378
5511972343479
5511972343483
5511972343575
5511972343589
5511972343623
5511972343625
5511972343632
5511972343670
5511972343701
5511972343742
5511972343770
5511972343784
5511972343795
5511972343818
5511972343890
5511972343899
5511972343908
5511972343909
5511972343910
5511972343969
5511972344066
5511972344179
5511972344181
5511972344212
5511972344223
5511972344237
5511972344271
5511972344278
5511972344290
5511972344300
5511972344316
5511972344391
5511972344436
5511972344450
5511972344456
5511972344470
5511972344488
5511972344509
5511972344580
5511972344634
5511972344637
5511972344668
5511972344712
5511972344731
5511972344757
5511972344797
5511972344835
5511972344854
5511972344886
5511972344893
5511972344963
5511972344991
5511972345012
5511972345029
5511972345046
5511972345052
5511972345066
5511972345109
5511972345113
5511972345118
5511972345154
5511972345158
5511972345190
5511972345218
5511972345222
5511972345232
5511972345268
5511972345309
5511972345394
5511972345400
5511972345413
5511972345422
5511972345427
5511972345443
5511972345457
5511972345510
5511972345566
5511972345589
5511972345600
5511972345630
5511972345645
5511972345663
5511972345682
5511972345686
5511972345713
5511972345724
5511972345726
5511972345778
5511972345792
5511972345794
5511972345814
5511972345831
5511972345883
5511972345898
5511972345934
5511972345950
5511972345957
5511972345974
5511972345992
5511972346005
5511972346017
5511972346027
5511972346057
5511972346077
5511972346084
5511972346092
5511972346154
5511972346198
5511972346213
5511972346217
5511972346225
5511972346226
5511972346259
5511972346335
5511972346338
5511972346372
5511972346392
5511972346431
5511972346451
5511972346517
5511972346530
5511972346557
5511972346565
5511972346569
5511972346574
5511972346577
5511972346619
5511972346625
5511972346640
5511972346673
5511972346678
5511972346689
5511972346727
5511972346747
5511972346754
5511972346758
5511972346766
5511972346786
5511972346844
5511972346871
5511972346873
5511972346929
5511972346955
5511972346968
5511972346978
5511972347044
5511972347053
5511972347061
5511972347088
5511972347095
5511972347113
5511972347117
5511972347154
5511972347176
5511972347229
5511972347245
5511972347311
5511972347399
5511972347422
5511972347430
5511972347435
5511972347448
5511972347453
5511972347459
5511972347478
5511972347479
5511972347501
5511972347503
5511972347504
5511972347542
5511972347561
5511972347562
5511972347623
5511972347632
5511972347652
5511972347666
5511972347674
5511972347676
5511972347732
5511972347739
5511972347740
5511972347780
5511972347803
5511972347872
5511972347907
5511972347932
5511972347933
5511972347935
5511972347999
5511972348038
5511972348061
5511972348076
5511972348106
5511972348131
5511972348213
5511972348239
5511972348244
5511972348247
5511972348309
5511972348325
5511972348359
5511972348422
5511972348479
5511972348498
5511972348631
5511972348685
5511972348698
5511972348711
5511972348757
5511972348761
5511972348782
5511972348787
5511972348800
5511972348818
5511972348838
5511972348845
5511972348867
5511972348897
5511972348908
5511972348916
5511972348933
5511972348940
5511972348969
5511972348989
5511972349042
5511972349054
5511972349065
5511972349078
5511972349109
5511972349139
5511972349140
5511972349186
5511972349225
5511972349266
5511972349268
5511972349290
5511972349297
5511972349331
5511972349336
5511972349367
5511972349378
5511972349380
5511972349390
5511972349437
5511972349460
5511972349492
5511972349507
5511972349515
5511972349633
5511972349677
5511972349705
5511972349708
5511972349772
5511972349821
5511972349829
5511972349835
5511972349843
5511972349844
5511972349848
5511972349868
5511972349871
5511972349933
5511972349952
5511972349971
5511972349979
5511972349983
5511972350023
5511972350040
5511972350041
5511972350079
5511972350096
5511972350154
5511972350155
5511972350195
5511972350259
5511972350263
5511972350271
5511972350279
5511972350295
5511972350308
5511972350312
5511972350350
5511972350356
5511972350485
5511972350512
5511972350527
5511972350545
5511972350651
5511972350670
5511972350687
5511972350745
5511972350765
5511972350769
5511972350786
5511972350790
5511972350814
5511972350842
5511972350851
5511972350881
5511972350912
5511972350924
5511972350972
5511972350981
5511972351012
5511972351024
5511972351034
5511972351055
5511972351085
5511972351149
5511972351202
5511972351213
5511972351222
5511972351254
5511972351271
5511972351287
5511972351305
5511972351371
5511972351383
5511972351416
5511972351485
5511972351507
5511972351511
5511972351540
5511972351553
5511972351591
5511972351630
5511972351691
5511972351699
5511972351709
5511972351711
5511972351714
5511972351720
5511972351745
5511972351813
5511972351863
5511972351906
5511972351963
5511972352056
5511972352096
5511972352136
5511972352137
5511972352192
5511972352197
5511972352264
5511972352282
5511972352299
5511972352327
5511972352352
5511972352426
5511972352429
5511972352461
5511972352462
5511972352464
5511972352473
5511972352479
5511972352499
5511972352518
5511972352519
5511972352562
5511972352573
5511972352636
5511972352690
5511972352698
5511972352764
5511972352779
5511972352807
5511972352811
5511972352824
5511972352861
5511972352870
5511972352877
5511972352908
5511972352923
5511972352932
5511972352949
5511972352993
5511972352994
5511972353011
5511972353016
5511972353030
5511972353037
5511972353044
5511972353061
5511972353089
5511972353209
5511972353226
5511972353243
5511972353261
5511972353266
5511972353271
5511972353332
5511972353333
5511972353358
5511972353439
5511972353455
5511972353471
5511972353576
5511972353578
5511972353583
5511972353594
5511972353606
5511972353627
5511972353631
5511972353650
5511972353726
5511972353749
5511972353769
5511972353774
5511972353792
5511972353801
5511972353886
5511972353890
5511972353911
5511972353937
5511972353962
5511972353970
5511972354007
5511972354016
5511972354086
5511972354104
5511972354163
5511972354178
5511972354191
5511972354242
5511972354280
5511972354292
5511972354296
5511972354333
5511972354344
5511972354354
5511972354372
5511972354400
5511972354464
5511972354466
5511972354492
5511972354537
5511972354543
5511972354642
5511972354679
5511972354731
5511972354735
5511972354827
5511972354866
5511972354903
5511972354904
5511972354950
5511972354957
5511972354967
5511972354969
5511972354980
5511972355018
5511972355051
5511972355063
5511972355093
5511972355144
5511972355170
5511972355198
5511972355213
5511972355225
5511972355258
5511972355269
5511972355290
5511972355316
5511972355384
5511972355394
5511972355401
5511972355454
5511972355458
5511972355462
5511972355494
5511972355517
5511972355535
5511972355541
5511972355547
5511972355567
5511972355629
5511972355669
5511972355675
5511972355713
5511972355728
5511972355818
5511972355868
5511972355894
5511972355896
5511972355911
5511972355935
5511972355953
5511972355995
5511972356017
5511972356059
5511972356074
5511972356086
5511972356099
5511972356109
5511972356110
5511972356115
5511972356120
5511972356288
5511972356299
5511972356304
5511972356353
5511972356357
5511972356368
5511972356376
5511972356402
5511972356445
5511972356479
5511972356506
5511972356508
5511972356542
5511972356558
5511972356583
5511972356621
5511972356643
5511972356647
5511972356663
5511972356671
5511972356682
5511972356690
5511972356707
5511972356708
5511972356709
5511972356719
5511972356723
5511972356751
5511972356785
5511972356789
5511972356805
5511972356806
5511972356823
5511972356845
5511972356854
5511972356888
5511972356890
5511972356894
5511972356913
5511972356946
5511972356971
5511972357002
5511972357048
5511972357102
5511972357110
5511972357233
5511972357242
5511972357299
5511972357330
5511972357381
5511972357387
5511972357405
5511972357407
5511972357426
5511972357444
5511972357500
5511972357540
5511972357551
5511972357592
5511972357642
5511972357692
5511972357693
5511972357695
5511972357752
5511972357830
5511972357842
5511972357843
5511972357856
5511972357861
5511972357869
5511972357886
5511972357894
5511972357934
5511972357974
5511972357982
5511972358169
5511972358192
5511972358225
5511972358237
5511972358269
5511972358285
5511972358298
5511972358301
5511972358312
5511972358314
5511972358350
5511972358374
5511972358378
5511972358407
5511972358441
5511972358495
5511972358510
5511972358515
5511972358577
5511972358585
5511972358636
5511972358677
5511972358689
5511972358751
5511972358753
5511972358756
5511972358761
5511972358790
5511972358800
5511972358810
5511972358829
5511972358906
5511972358914
5511972358925
5511972358935
5511972358972
5511972358999
5511972359005
5511972359041
5511972359078
5511972359138
5511972359151
5511972359175
5511972359190
5511972359191
5511972359202
5511972359230
5511972359290
5511972359295
5511972359297
5511972359302
5511972359347
5511972359362
5511972359368
5511972359439
5511972359450
5511972359461
5511972359471
5511972359486
5511972359496
5511972359522
5511972359605
5511972359666
5511972359686
5511972359691
5511972359698
5511972359713
5511972359717
5511972359731
5511972359739
5511972359756
5511972359792
5511972359800
5511972359822
5511972359828
5511972359834
5511972359849
5511972359866
5511972359872
5511972359879
5511972359885
5511972359894
5511972359915
5511972359938
5511972359944
5511972359983
5511972359997
5511972360001
5511972360028
5511972360039
5511972360045
5511972360048
5511972360072
5511972360097
5511972360117
5511972360128
5511972360143
5511972360204
5511972360206
5511972360241
5511972360305
5511972360309
5511972360335
5511972360360
5511972360375
5511972360402
5511972360452
5511972360470
5511972360473
5511972360483
5511972360493
5511972360497
5511972360503
5511972360515
5511972360532
5511972360540
5511972360570
5511972360593
5511972360596
5511972360602
5511972360604
5511972360638
5511972360643
5511972360654
5511972360674
