5511993437379
5511993437380
5511993437398
5511993437400
5511993437416
5511993437419
5511993437420
5511993437421
5511993437434
5511993437441
5511993437442
5511993437443
5511993437455
5511993437476
5511993437478
5511993437489
5511993437491
5511993437499
5511993437505
5511993437511
5511993437514
5511993437540
5511993437549
5511993437550
5511993437553
5511993437561
5511993437574
5511993437580
5511993437581
5511993437596
5511993437605
5511993437608
5511993437611
5511993437629
5511993437647
5511993437650
5511993437654
5511993437659
5511993437662
5511993437665
5511993437670
5511993437674
5511993437675
5511993437681
5511993437694
5511993437702
5511993437709
5511993437715
5511993437738
5511993437744
5511993437754
5511993437766
5511993437771
5511993437774
5511993437775
5511993437777
5511993437782
5511993437797
5511993437815
5511993437826
5511993437861
5511993437880
5511993437886
5511993437890
5511993437903
5511993437905
5511993437908
5511993437912
5511993437915
5511993437918
5511993437934
5511993437963
5511993437972
5511993437975
5511993437979
5511993437981
5511993438002
5511993438012
5511993438025
5511993438040
5511993438062
5511993438067
5511993438089
5511993438097
5511993438099
5511993438116
5511993438120
5511993438124
5511993438128
5511993438130
5511993438132
5511993438135
5511993438140
5511993438155
5511993438157
5511993438168
5511993438178
5511993438184
5511993438185
5511993438188
5511993438206
5511993438219
5511993438229
5511993438231
5511993438234
5511993438240
5511993438243
5511993438255
5511993438262
5511993438272
5511993438275
5511993438286
5511993438290
5511993438300
5511993438302
5511993438306
5511993438318
5511993438322
5511993438332
5511993438337
5511993438368
5511993438382
5511993438386
5511993438388
5511993438409
5511993438415
5511993438416
5511993438421
5511993438423
5511993438446
5511993438472
5511993438478
5511993438489
5511993438490
5511993438495
5511993438497
5511993438514
5511993438520
5511993438522
5511993438528
5511993438539
5511993438540
5511993438555
5511993438564
5511993438572
5511993438579
5511993438600
5511993438602
5511993438608
5511993438612
5511993438623
5511993438626
5511993438627
5511993438648
5511993438658
5511993438662
5511993438676
5511993438687
5511993438689
5511993438708
5511993438711
5511993438722
5511993438738
5511993438740
5511993438750
5511993438752
5511993438764
5511993438766
5511993438774
5511993438777
5511993438788
5511993438825
5511993438828
5511993438837
5511993438843
5511993438844
5511993438846
5511993438851
5511993438852
5511993438855
5511993438860
5511993438867
5511993438882
5511993438892
5511993438898
5511993438905
5511993438910
5511993438921
5511993438928
5511993438932
5511993438941
5511993438945
5511993438954
5511993438958
5511993438970
5511993438971
5511993438985
5511993438990
5511993438991
5511993439011
5511993439013
5511993439019
5511993439023
5511993439028
5511993439029
5511993439050
5511993439056
5511993439065
5511993439067
5511993439069
5511993439070
5511993439086
5511993439091
5511993439094
5511993439118
5511993439124
5511993439125
5511993439129
5511993439135
5511993439142
5511993439154
5511993439156
5511993439160
5511993439164
5511993439165
5511993439170
5511993439175
5511993439192
5511993439204
5511993439209
5511993439212
5511993439222
5511993439226
5511993439237
5511993439246
5511993439275
5511993439283
5511993439311
5511993439316
5511993439318
5511993439335
5511993439354
5511993439356
5511993439384
5511993439393
5511993439433
5511993439443
5511993439450
5511993439453
5511993439456
5511993439461
5511993439470
5511993439474
5511993439483
5511993439491
5511993439497
5511993439507
5511993439539
5511993439551
5511993439558
5511993439579
5511993439588
5511993439592
5511993439615
5511993439616
5511993439617
5511993439624
5511993439625
5511993439627
5511993439640
5511993439643
5511993439652
5511993439657
5511993439663
5511993439674
5511993439690
5511993439693
5511993439694
5511993439696
5511993439706
5511993439714
5511993439724
5511993439730
5511993439734
5511993439735
5511993439737
5511993439759
5511993439760
5511993439763
5511993439768
5511993439784
5511993439790
5511993439792
5511993439797
5511993439800
5511993439822
5511993439831
5511993439839
5511993439848
5511993439851
5511993439868
5511993439872
5511993439876
5511993439877
5511993439879
5511993439898
5511993439902
5511993439920
5511993439937
5511993439939
5511993439947
5511993439953
5511993439956
5511993439966
5511993439972
5511993439974
5511993439980
5511993439981
5511993439994
5511993440001
5511993440002
5511993440010
5511993440012
5511993440023
5511993440025
5511993440032
5511993440049
5511993440053
5511993440054
5511993440060
5511993440068
5511993440071
5511993440073
5511993440077
5511993440078
5511993440080
5511993440087
5511993440090
5511993440103
5511993440113
5511993440134
5511993440138
5511993440140
5511993440141
5511993440147
5511993440148
5511993440151
5511993440156
5511993440162
5511993440165
5511993440172
5511993440182
5511993440188
5511993440192
5511993440198
5511993440199
5511993440201
5511993440205
5511993440210
5511993440214
5511993440223
5511993440227
5511993440228
5511993440229
5511993440238
5511993440240
5511993440249
5511993440250
5511993440252
5511993440256
5511993440268
5511993440276
5511993440281
5511993440284
5511993440285
5511993440296
5511993440303
5511993440311
5511993440319
5511993440326
5511993440335
5511993440342
5511993440343
5511993440368
5511993440379
5511993440392
5511993440394
5511993440396
5511993440408
5511993440410
5511993440414
5511993440431
5511993440434
5511993440438
5511993440446
5511993440466
5511993440476
5511993440488
5511993440515
5511993440523
5511993440533
5511993440562
5511993440567
5511993440569
5511993440578
5511993440581
5511993440585
5511993440587
5511993440589
5511993440592
5511993440607
5511993440622
5511993440628
5511993440654
5511993440657
5511993440667
5511993440677
5511993440696
5511993440701
5511993440711
5511993440717
5511993440725
5511993440765
5511993440778
5511993440781
5511993440790
5511993440793
5511993440794
5511993440800
5511993440804
5511993440806
5511993440825
5511993440829
5511993440832
5511993440834
5511993440837
5511993440844
5511993440870
5511993440875
5511993440876
5511993440877
5511993440881
5511993440883
5511993440896
5511993440908
5511993440910
5511993440912
5511993440917
5511993440923
5511993440924
5511993440927
5511993440943
5511993440945
5511993440950
5511993440955
5511993440956
5511993440957
5511993440968
5511993440974
5511993440977
5511993440989
5511993441002
5511993441007
5511993441012
5511993441013
5511993441019
5511993441023
5511993441030
5511993441034
5511993441039
5511993441041
5511993441046
5511993441048
5511993441050
5511993441059
5511993441062
5511993441077
5511993441084
5511993441086
5511993441089
5511993441134
5511993441140
5511993441153
5511993441159
5511993441161
5511993441163
5511993441169
5511993441173
5511993441174
5511993441178
5511993441200
5511993441208
5511993441211
5511993441233
5511993441243
5511993441248
5511993441253
5511993441261
5511993441270
5511993441273
5511993441286
5511993441307
5511993441319
5511993441320
5511993441324
5511993441329
5511993441333
5511993441337
5511993441345
5511993441364
5511993441365
5511993441379
5511993441382
5511993441383
5511993441384
5511993441387
5511993441394
5511993441399
5511993441400
5511993441401
5511993441410
5511993441418
5511993441420
5511993441455
5511993441460
5511993441516
5511993441535
5511993441541
5511993441551
5511993441562
5511993441598
5511993441600
5511993441606
5511993441625
5511993441631
5511993441644
5511993441646
5511993441650
5511993441666
5511993441678
5511993441687
5511993441688
5511993441690
5511993441693
5511993441710
5511993441715
5511993441719
5511993441728
5511993441732
5511993441749
5511993441755
5511993441774
5511993441776
5511993441780
5511993441802
5511993441808
5511993441825
5511993441830
5511993441836
5511993441839
5511993441848
5511993441871
5511993441872
5511993441873
5511993441890
5511993441892
5511993441896
5511993441901
5511993441909
5511993441910
5511993441911
5511993441927
5511993441933
5511993441943
5511993441950
5511993441957
5511993441973
5511993441992
5511993441998
5511993442002
5511993442005
5511993442019
5511993442028
5511993442060
5511993442104
5511993442116
5511993442117
5511993442162
5511993442178
5511993442218
5511993442220
5511993442231
5511993442251
5511993442264
5511993442301
5511993442332
5511993442351
5511993442368
5511993442376
5511993442388
5511993442403
5511993442408
5511993442412
5511993442417
5511993442432
5511993442434
5511993442461
5511993442466
5511993442469
5511993442475
5511993442484
5511993442496
5511993442545
5511993442549
5511993442557
5511993442587
5511993442591
5511993442597
5511993442614
5511993442616
5511993442623
5511993442649
5511993442656
5511993442706
5511993442725
5511993442742
5511993442748
5511993442774
5511993442775
5511993442783
5511993442806
5511993442811
5511993442820
5511993442830
5511993442854
5511993442872
5511993442877
5511993442911
5511993442924
5511993442934
5511993442938
5511993442950
5511993442994
5511993443001
5511993443016
5511993443034
5511993443045
5511993443058
5511993443094
5511993443101
5511993443116
5511993443120
5511993443130
5511993443134
5511993443149
5511993443160
5511993443174
5511993443197
5511993443229
5511993443230
5511993443265
5511993443269
5511993443295
5511993443301
5511993443319
5511993443331
5511993443339
5511993443372
5511993443375
5511993443379
5511993443380
5511993443385
5511993443391
5511993443406
5511993443411
5511993443419
5511993443429
5511993443433
5511993443442
5511993443478
5511993443486
5511993443491
5511993443500
5511993443507
5511993443510
5511993443512
5511993443514
5511993443549
5511993443560
5511993443563
5511993443566
5511993443580
5511993443581
5511993443597
5511993443605
5511993443611
5511993443614
5511993443632
5511993443633
5511993443638
5511993443650
5511993443664
5511993443678
5511993443680
5511993443686
5511993443689
5511993443701
5511993443742
5511993443745
5511993443748
5511993443750
5511993443754
5511993443802
5511993443834
5511993443895
5511993443902
5511993443914
5511993443923
5511993443939
5511993443941
5511993443949
5511993443975
5511993443992
5511993443998
5511993444024
5511993444037
5511993444048
5511993444051
5511993444064
5511993444072
5511993444082
5511993444094
5511993444115
5511993444117
5511993444129
5511993444132
5511993444133
5511993444147
5511993444157
5511993444164
5511993444174
5511993444187
5511993444193
5511993444196
5511993444210
5511993444218
5511993444221
5511993444242
5511993444250
5511993444252
5511993444259
5511993444264
5511993444266
5511993444269
5511993444278
5511993444289
5511993444292
5511993444299
5511993444300
5511993444312
5511993444338
5511993444346
5511993444349
5511993444355
5511993444357
5511993444358
5511993444359
5511993444378
5511993444398
5511993444402
5511993444403
5511993444407
5511993444421
5511993444436
5511993444440
5511993444450
5511993444465
5511993444485
5511993444505
5511993444535
5511993444537
5511993444546
5511993444554
5511993444561
5511993444572
5511993444573
5511993444590
5511993444597
5511993444598
5511993444610
5511993444617
5511993444618
5511993444625
5511993444628
5511993444639
5511993444644
5511993444648
5511993444649
5511993444656
5511993444670
5511993444673
5511993444695
5511993444702
5511993444714
5511993444718
5511993444725
5511993444727
5511993444729
5511993444731
5511993444737
5511993444744
5511993444745
5511993444759
5511993444762
5511993444765
5511993444781
5511993444782
5511993444783
5511993444789
5511993444793
5511993444795
5511993444810
5511993444836
5511993444839
5511993444866
5511993444871
5511993444905
5511993444908
5511993444925
5511993444940
5511993444953
5511993444955
5511993444966
5511993444973
5511993444974
5511993444983
5511993444990
5511993444991
5511993444995
5511993444996
5511993445010
5511993445018
5511993445047
5511993445067
5511993445073
5511993445099
5511993445102
5511993445107
5511993445108
5511993445141
5511993445150
5511993445160
5511993445189
5511993445195
5511993445198
5511993445199
5511993445203
5511993445211
5511993445212
5511993445218
5511993445220
5511993445229
5511993445248
5511993445279
5511993445282
5511993445290
5511993445294
5511993445313
5511993445323
5511993445325
5511993445343
5511993445348
5511993445363
5511993445364
5511993445373
5511993445393
5511993445396
5511993445397
5511993445411
5511993445458
5511993445470
5511993445488
5511993445494
5511993445569
5511993445582
5511993445592
5511993445609
5511993445634
5511993445678
5511993445701
5511993445861
5511993445863
5511993445867
5511993445900
5511993445912
5511993445917
5511993445930
5511993445935
5511993445952
5511993445954
5511993445968
5511993445972
5511993445975
5511993445977
5511993445984
5511993445985
5511993445986
5511993445994
5511993445998
5511993446001
5511993446006
5511993446009
5511993446028
5511993446031
5511993446035
5511993446038
5511993446048
5511993446049
5511993446063
5511993446073
5511993446078
5511993446101
5511993446103
5511993446110
5511993446111
5511993446118
5511993446125
5511993446129
5511993446150
5511993446152
5511993446153
5511993446162
5511993446165
5511993446175
5511993446178
5511993446180
5511993446186
5511993446187
5511993446193
5511993446205
5511993446207
5511993446213
5511993446226
5511993446257
5511993446288
5511993446297
5511993446302
5511993446303
5511993446310
5511993446319
5511993446332
5511993446360
5511993446368
5511993446380
5511993446386
5511993446399
5511993446408
5511993446415
5511993446416
5511993446431
5511993446516
5511993446541
5511993446564
5511993446593
5511993446624
5511993446642
5511993446668
5511993446680
5511993446684
5511993446691
5511993446739
5511993446740
5511993446744
5511993446746
5511993446807
5511993446828
5511993446859
5511993446865
5511993446868
5511993446883
5511993446892
5511993446912
5511993446913
5511993446941
5511993446944
5511993446995
5511993447002
5511993447026
5511993447029
5511993447069
5511993447077
5511993447085
5511993447103
5511993447105
5511993447109
5511993447115
5511993447134
5511993447140
5511993447143
5511993447144
5511993447181
5511993447213
5511993447224
5511993447227
5511993447228
5511993447233
5511993447249
5511993447319
5511993447322
5511993447324
5511993447335
5511993447337
5511993447346
5511993447348
5511993447364
5511993447371
5511993447390
5511993447396
5511993447401
5511993447421
5511993447428
5511993447435
5511993447436
5511993447446
5511993447447
5511993447459
5511993447460
5511993447489
5511993447500
5511993447506
5511993447509
5511993447523
5511993447530
5511993447535
5511993447537
5511993447539
5511993447540
5511993447554
5511993447568
5511993447577
5511993447586
5511993447587
5511993447588
5511993447590
5511993447592
5511993447599
5511993447608
5511993447610
5511993447620
5511993447626
5511993447627
5511993447663
5511993447664
5511993447666
5511993447668
5511993447673
5511993447676
5511993447681
5511993447682
5511993447690
5511993447699
5511993447702
5511993447713
5511993447717
5511993447724
5511993447735
5511993447743
5511993447767
5511993447770
5511993447794
5511993447820
5511993447829
5511993447848
5511993447863
5511993447870
5511993447879
5511993447891
5511993447895
5511993447897
5511993447911
5511993447922
5511993447924
5511993447930
5511993447931
5511993447940
5511993447942
5511993447950
5511993447957
5511993447967
5511993447968
5511993447982
5511993447995
5511993447998
5511993448006
5511993448012
5511993448027
5511993448029
5511993448041
5511993448043
5511993448047
5511993448048
5511993448058
5511993448066
5511993448067
5511993448082
5511993448084
5511993448093
5511993448125
5511993448140
5511993448184
5511993448207
5511993448212
5511993448213
5511993448215
5511993448225
5511993448268
5511993448276
5511993448281
5511993448320
5511993448322
5511993448336
5511993448339
5511993448350
5511993448355
5511993448362
5511993448364
5511993448367
5511993448371
5511993448378
5511993448380
5511993448388
5511993448391
5511993448393
5511993448395
5511993448402
5511993448409
5511993448414
5511993448419
5511993448437
5511993448438
5511993448454
5511993448485
5511993448488
5511993448498
5511993448500
5511993448507
5511993448521
5511993448535
5511993448538
5511993448545
5511993448563
5511993448591
5511993448626
5511993448644
5511993448651
5511993448675
5511993448678
5511993448696
5511993448708
5511993448716
5511993448735
5511993448747
5511993448751
5511993448754
5511993448809
5511993448818
5511993448822
5511993448833
5511993448843
5511993448854
5511993448856
5511993448862
5511993448877
5511993448891
5511993448903
5511993448914
5511993448924
5511993448941
5511993449000
5511993449011
5511993449022
5511993449035
5511993449075
5511993449078
5511993449096
5511993449098
5511993449101
5511993449108
5511993449117
5511993449137
5511993449138
5511993449142
5511993449148
5511993449153
5511993449158
5511993449174
5511993449186
5511993449187
5511993449190
5511993449194
5511993449200
5511993449201
5511993449209
5511993449221
5511993449242
5511993449250
5511993449251
5511993449252
5511993449255
5511993449261
5511993449264
5511993449266
5511993449268
5511993449270
5511993449283
5511993449286
5511993449296
5511993449298
5511993449309
5511993449316
5511993449331
5511993449336
5511993449337
5511993449343
5511993449352
5511993449369
5511993449382
5511993449399
5511993449401
5511993449404
5511993449411
5511993449414
5511993449418
5511993449460
5511993449468
5511993449483
5511993449486
5511993449492
5511993449495
5511993449500
5511993449502
5511993449503
5511993449513
5511993449514
5511993449520
5511993449523
5511993449532
5511993449536
5511993449557
5511993449558
5511993449561
5511993449564
5511993449577
5511993449583
5511993449585
5511993449588
5511993449591
5511993449598
5511993449608
5511993449611
5511993449629
5511993449641
5511993449649
5511993449660
5511993449671
5511993449717
5511993449720
5511993449728
5511993449730
5511993449748
5511993449752
5511993449759
5511993449769
5511993449772
5511993449777
5511993449778
5511993449780
5511993449789
5511993449796
5511993449803
5511993449804
5511993449806
5511993449814
5511993449826
5511993449846
5511993449857
5511993449866
5511993449869
5511993449870
5511993449880
5511993449881
5511993449882
5511993449910
5511993449929
5511993449935
5511993449973
5511993449974
5511993449992
5511993450004
5511993450005
5511993450025
5511993450037
5511993450056
5511993450057
5511993450064
5511993450078
5511993450084
5511993450085
5511993450096
5511993450098
5511993450100
5511993450102
5511993450116
5511993450144
5511993450149
5511993450155
5511993450169
5511993450173
5511993450186
5511993450192
5511993450198
5511993450200
5511993450220
5511993450224
5511993450226
5511993450229
5511993450249
5511993450289
5511993450296
5511993450304
5511993450305
5511993450310
5511993450313
5511993450344
5511993450356
5511993450370
5511993450376
5511993450383
5511993450395
5511993450408
5511993450421
5511993450450
5511993450455
5511993450462
5511993450510
5511993450527
5511993450539
5511993450559
5511993450568
5511993450575
5511993450583
5511993450613
5511993450623
5511993450625
5511993450643
5511993450647
5511993450672
5511993450678
5511993450683
5511993450689
5511993450699
5511993450701
5511993450703
5511993450706
5511993450708
5511993450710
5511993450723
5511993450727
5511993450736
5511993450738
5511993450747
5511993450757
5511993450771
5511993450794
5511993450797
5511993450798
5511993450803
5511993450807
5511993450810
5511993450816
5511993450836
5511993450857
5511993450863
5511993450868
5511993450884
5511993450897
5511993450900
5511993450902
5511993450905
5511993450916
5511993450954
5511993450957
5511993450959
5511993450974
5511993450980
5511993450987
5511993450993
5511993450995
5511993451001
5511993451006
5511993451027
5511993451043
5511993451053
5511993451057
5511993451069
5511993451079
5511993451084
5511993451102
5511993451118
5511993451158
5511993451164
5511993451177
5511993451183
5511993451184
5511993451187
5511993451193
5511993451202
5511993451206
5511993451213
5511993451218
5511993451234
5511993451246
5511993451255
5511993451257
5511993451260
5511993451279
5511993451280
5511993451288
5511993451297
5511993451298
5511993451308
5511993451328
5511993451331
5511993451337
5511993451342
5511993451343
5511993451345
5511993451347
5511993451348
5511993451349
5511993451356
5511993451358
5511993451363
5511993451372
5511993451381
5511993451382
5511993451391
5511993451396
5511993451397
5511993451398
5511993451401
5511993451402
5511993451427
5511993451432
5511993451441
5511993451450
5511993451453
5511993451461
5511993451466
5511993451479
5511993451483
5511993451484
5511993451485
5511993451500
5511993451510
5511993451513
5511993451514
5511993451532
5511993451533
5511993451543
5511993451545
5511993451551
5511993451579
5511993451581
5511993451583
5511993451586
5511993451590
5511993451596
5511993451602
5511993451607
5511993451614
5511993451615
5511993451636
5511993451642
5511993451646
5511993451666
5511993451695
5511993451699
5511993451714
5511993451736
5511993451751
5511993451759
5511993451770
5511993451784
5511993451788
5511993451794
5511993451800
5511993451807
5511993451858
5511993451861
5511993451906
5511993451947
5511993451962
5511993451974
5511993451975
5511993451987
5511993451992
5511993451993
5511993451994
5511993451996
5511993452007
5511993452034
5511993452040
5511993452054
5511993452061
5511993452070
5511993452073
5511993452089
5511993452091
5511993452100
5511993452101
5511993452117
5511993452121
5511993452134
5511993452159
5511993452200
5511993452203
5511993452216
5511993452217
5511993452222
5511993452232
5511993452246
5511993452249
5511993452254
5511993452279
5511993452283
5511993452292
5511993452303
5511993452325
5511993452327
5511993452338
5511993452349
5511993452366
5511993452416
5511993452420
5511993452429
5511993452430
5511993452438
5511993452440
5511993452458
5511993452466
5511993452479
5511993452496
5511993452508
5511993452516
5511993452535
5511993452563
5511993452625
5511993452646
5511993452668
5511993452673
5511993452674
5511993452675
5511993452709
5511993452714
5511993452716
5511993452721
5511993452732
5511993452789
5511993452800
5511993452802
5511993452805
5511993452812
5511993452841
5511993452858
5511993452888
5511993452898
5511993452916
5511993452944
5511993452946
5511993452978
5511993452979
5511993452986
5511993453000
5511993453002
5511993453009
5511993453026
5511993453036
5511993453039
5511993453043
5511993453052
5511993453054
5511993453055
5511993453094
5511993453129
5511993453150
5511993453186
5511993453200
5511993453220
5511993453253
5511993453282
5511993453292
5511993453294
5511993453295
5511993453296
5511993453304
5511993453306
5511993453311
5511993453326
5511993453333
5511993453337
5511993453366
5511993453390
5511993453399
5511993453409
5511993453414
5511993453420
5511993453421
5511993453427
5511993453442
5511993453471
5511993453489
5511993453523
5511993453556
5511993453564
5511993453569
5511993453593
5511993453605
5511993453616
5511993453621
5511993453625
5511993453674
5511993453684
5511993453696
5511993453702
5511993453715
5511993453741
5511993453759
5511993453760
5511993453763
5511993453804
5511993453823
5511993453832
5511993453841
5511993453876
5511993453879
5511993453895
5511993453896
5511993453899
5511993453910
5511993453978
5511993453983
5511993454011
5511993454013
5511993454026
5511993454043
5511993454049
5511993454118
5511993454134
5511993454146
5511993454162
5511993454164
5511993454180
5511993454209
5511993454236
5511993454252
5511993454292
5511993454293
5511993454300
5511993454320
5511993454322
5511993454331
5511993454340
5511993454358
5511993454366
5511993454373
5511993454403
5511993454409
5511993454433
5511993454436
5511993454459
5511993454461
5511993454484
5511993454506
5511993454519
5511993454532
5511993454552
5511993454574
5511993454589
5511993454608
5511993454620
5511993454650
5511993454656
5511993454667
5511993454672
5511993454680
5511993454683
5511993454692
5511993454708
5511993454718
5511993454751
5511993454758
5511993454804
5511993454807
5511993454820
5511993454824
5511993454845
5511993454870
5511993454872
5511993454876
5511993454878
5511993454941
5511993454943
5511993454982
5511993454985
5511993454989
5511993454994
5511993454996
5511993455003
5511993455022
5511993455026
5511993455049
5511993455054
5511993455061
5511993455076
5511993455095
5511993455108
5511993455119
5511993455157
5511993455159
5511993455165
5511993455179
5511993455203
5511993455207
5511993455224
5511993455232
5511993455240
5511993455254
5511993455276
5511993455289
5511993455290
5511993455321
5511993455347
5511993455356
5511993455375
5511993455402
5511993455420
5511993455459
5511993455472
5511993455473
5511993455491
5511993455497
5511993455506
5511993455520
5511993455545
5511993455551
5511993455607
5511993455616
5511993455617
5511993455700
5511993455701
5511993455734
5511993455736
5511993455743
5511993455759
5511993455769
5511993455779
5511993455792
5511993455808
5511993455811
5511993455819
5511993455843
5511993455848
5511993455849
5511993455862
5511993455866
5511993455874
5511993455876
5511993455889
5511993455944
5511993455947
5511993455949
5511993455965
5511993455982
5511993456015
5511993456017
5511993456031
5511993456037
5511993456099
5511993456103
5511993456170
5511993456191
5511993456225
5511993456227
5511993456232
5511993456235
5511993456242
5511993456284
5511993456285
5511993456289
5511993456290
5511993456297
5511993456300
5511993456311
5511993456318
5511993456335
5511993456336
5511993456341
5511993456342
5511993456344
5511993456351
5511993456352
5511993456366
5511993456398
5511993456408
5511993456415
5511993456417
5511993456456
5511993456478
5511993456502
5511993456562
5511993456564
5511993456594
5511993456619
5511993456644
5511993456651
5511993456662
5511993456690
5511993456691
5511993456697
5511993456736
5511993456754
5511993456763
5511993456771
5511993456773
5511993456778
5511993456800
5511993456814
5511993456817
5511993456829
5511993456841
5511993456884
5511993456889
5511993456900
5511993456915
5511993456923
5511993456938
5511993456946
5511993456956
5511993456991
5511993456997
5511993457010
5511993457018
5511993457021
5511993457030
5511993457049
5511993457056
5511993457062
5511993457081
5511993457142
5511993457149
5511993457175
5511993457217
5511993457240
5511993457241
5511993457269
5511993457274
5511993457278
5511993457310
5511993457311
5511993457342
5511993457349
5511993457407
5511993457423
5511993457438
5511993457455
5511993457469
5511993457484
5511993457494
5511993457503
5511993457535
5511993457537
5511993457546
5511993457560
5511993457576
5511993457578
5511993457605
5511993457608
5511993457609
5511993457633
5511993457655
5511993457664
5511993457709
5511993457732
5511993457739
5511993457746
5511993457749
5511993457754
5511993457767
5511993457773
5511993457774
5511993457781
5511993457783
5511993457785
5511993457786
5511993457791
5511993457799
5511993457810
5511993457843
5511993457858
5511993457863
5511993457878
5511993457880
5511993457899
5511993457901
5511993457919
5511993457931
5511993457935
5511993457943
5511993457965
5511993457988
5511993457991
5511993458006
5511993458013
5511993458050
5511993458060
5511993458106
5511993458144
5511993458157
5511993458204
5511993458205
5511993458228
5511993458255
5511993458263
5511993458275
5511993458283
5511993458317
5511993458324
5511993458337
5511993458345
5511993458351
5511993458357
5511993458360
5511993458395
5511993458400
5511993458465
5511993458473
5511993458491
5511993458511
5511993458513
5511993458519
5511993458523
5511993458545
5511993458577
5511993458590
5511993458599
5511993458604
5511993458608
5511993458610
5511993458612
5511993458625
5511993458642
5511993458649
5511993458655
5511993458658
5511993458659
5511993458703
5511993458706
5511993458707
5511993458724
5511993458757
5511993458766
5511993458815
5511993458822
5511993458823
5511993458830
5511993458859
5511993458881
5511993458885
5511993458887
5511993458889
5511993458912
5511993458927
5511993458928
5511993458985
5511993458999
5511993459011
5511993459015
5511993459020
5511993459042
5511993459091
5511993459112
5511993459116
5511993459119
5511993459136
5511993459181
5511993459191
5511993459196
5511993459200
5511993459202
