5511971983473
5511971983533
5511971983561
5511971983568
5511971983576
5511971983600
5511971983633
5511971983649
5511971983665
5511971983682
5511971983751
5511971983756
5511971983799
5511971983833
5511971983872
5511971983922
5511971983974
5511971983984
5511971984031
5511971984040
5511971984045
5511971984080
5511971984090
5511971984105
5511971984128
5511971984129
5511971984142
5511971984177
5511971984218
5511971984242
5511971984278
5511971984426
5511971984478
5511971984495
5511971984539
5511971984549
5511971984552
5511971984637
5511971984665
5511971984670
5511971984701
5511971984726
5511971984751
5511971984764
5511971984797
5511971984800
5511971984813
5511971984818
5511971984833
5511971984841
5511971984848
5511971984858
5511971984907
5511971984972
5511971984984
5511971985001
5511971985028
5511971985054
5511971985132
5511971985145
5511971985178
5511971985209
5511971985263
5511971985278
5511971985280
5511971985295
5511971985315
5511971985322
5511971985324
5511971985333
5511971985361
5511971985368
5511971985397
5511971985421
5511971985425
5511971985428
5511971985464
5511971985466
5511971985472
5511971985495
5511971985510
5511971985512
5511971985536
5511971985546
5511971985555
5511971985582
5511971985588
5511971985591
5511971985616
5511971985652
5511971985653
5511971985669
5511971985672
5511971985711
5511971985722
5511971985813
5511971985823
5511971985833
5511971985854
5511971985900
5511971985903
5511971985930
5511971985942
5511971985944
5511971985959
5511971986000
5511971986028
5511971986055
5511971986092
5511971986121
5511971986206
5511971986214
5511971986219
5511971986330
5511971986334
5511971986365
5511971986366
5511971986393
5511971986447
5511971986452
5511971986471
5511971986478
5511971986483
5511971986486
5511971986490
5511971986505
5511971986521
5511971986551
5511971986597
5511971986606
5511971986609
5511971986619
5511971986626
5511971986637
5511971986642
5511971986655
5511971986659
5511971986662
5511971986665
5511971986674
5511971986679
5511971986721
5511971986729
5511971986733
5511971986753
5511971986762
5511971986840
5511971986878
5511971986892
5511971986898
5511971986934
5511971986977
5511971986990
5511971986996
5511971987085
5511971987135
5511971987168
5511971987225
5511971987255
5511971987257
5511971987260
5511971987316
5511971987386
5511971987404
5511971987473
5511971987508
5511971987518
5511971987528
5511971987537
5511971987551
5511971987559
5511971987574
5511971987579
5511971987709
5511971987724
5511971987731
5511971987757
5511971987767
5511971987786
5511971987820
5511971987826
5511971987897
5511971987948
5511971987970
5511971988099
5511971988106
5511971988122
5511971988127
5511971988196
5511971988357
5511971988360
5511971988388
5511971988427
5511971988438
5511971988447
5511971988487
5511971988564
5511971988589
5511971988626
5511971988696
5511971988705
5511971988768
5511971988778
5511971988804
5511971988857
5511971988914
5511971988957
5511971988962
5511971988976
5511971989005
5511971989066
5511971989077
5511971989127
5511971989154
5511971989241
5511971989279
5511971989287
5511971989310
5511971989316
5511971989320
5511971989338
5511971989344
5511971989345
5511971989400
5511971989451
5511971989455
5511971989485
5511971989491
5511971989501
5511971989507
5511971989518
5511971989592
5511971989598
5511971989688
5511971989767
5511971989770
5511971989775
5511971989883
5511971989952
5511971989977
5511971989978
5511971989988
5511971990042
5511971990049
5511971990086
5511971990175
5511971990219
5511971990232
5511971990308
5511971990373
5511971990375
5511971990379
5511971990454
5511971990491
5511971990495
5511971990517
5511971990520
5511971990524
5511971990529
5511971990545
5511971990556
5511971990581
5511971990595
5511971990617
5511971990645
5511971990679
5511971990719
5511971990755
5511971990819
5511971990855
5511971990890
5511971990943
5511971990967
5511971990986
5511971991015
5511971991030
5511971991044
5511971991070
5511971991095
5511971991150
5511971991178
5511971991190
5511971991201
5511971991233
5511971991289
5511971991290
5511971991298
5511971991325
5511971991441
5511971991486
5511971991492
5511971991548
5511971991587
5511971991601
5511971991636
5511971991651
5511971991656
5511971991699
5511971991701
5511971991710
5511971991718
5511971991728
5511971991745
5511971991751
5511971991766
5511971991801
5511971991805
5511971991807
5511971991812
5511971991816
5511971991877
5511971991900
5511971991945
5511971991974
5511971991985
5511971992002
5511971992007
5511971992019
5511971992029
5511971992064
5511971992076
5511971992109
5511971992216
5511971992231
5511971992304
5511971992318
5511971992330
5511971992380
5511971992388
5511971992394
5511971992400
5511971992410
5511971992413
5511971992452
5511971992474
5511971992526
5511971992528
5511971992591
5511971992604
5511971992618
5511971992653
5511971992673
5511971992697
5511971992727
5511971992747
5511971992764
5511971992798
5511971992827
5511971992828
5511971992831
5511971992858
5511971992859
5511971992869
5511971992897
5511971992911
5511971992917
5511971992923
5511971992930
5511971992938
5511971992942
5511971992989
5511971993011
5511971993060
5511971993081
5511971993100
5511971993101
5511971993114
5511971993132
5511971993137
5511971993154
5511971993160
5511971993214
5511971993244
5511971993270
5511971993276
5511971993316
5511971993331
5511971993342
5511971993375
5511971993404
5511971993410
5511971993476
5511971993506
5511971993515
5511971993526
5511971993531
5511971993546
5511971993565
5511971993574
5511971993579
5511971993602
5511971993611
5511971993618
5511971993642
5511971993673
5511971993713
5511971993729
5511971993817
5511971993830
5511971993838
5511971993868
5511971993871
5511971993896
5511971993915
5511971993920
5511971993949
5511971993954
5511971993975
5511971993985
5511971994003
5511971994080
5511971994113
5511971994137
5511971994218
5511971994225
5511971994247
5511971994259
5511971994280
5511971994302
5511971994339
5511971994342
5511971994374
5511971994382
5511971994445
5511971994455
5511971994459
5511971994470
5511971994471
5511971994474
5511971994497
5511971994513
5511971994528
5511971994565
5511971994580
5511971994588
5511971994595
5511971994596
5511971994601
5511971994616
5511971994622
5511971994634
5511971994644
5511971994654
5511971994704
5511971994737
5511971994739
5511971994740
5511971994764
5511971994765
5511971994780
5511971994816
5511971994830
5511971994852
5511971994862
5511971994886
5511971994922
5511971994934
5511971994964
5511971994971
5511971994989
5511971995028
5511971995072
5511971995075
5511971995093
5511971995106
5511971995109
5511971995111
5511971995141
5511971995142
5511971995172
5511971995198
5511971995216
5511971995221
5511971995263
5511971995292
5511971995296
5511971995309
5511971995313
5511971995314
5511971995348
5511971995358
5511971995365
5511971995407
5511971995423
5511971995441
5511971995442
5511971995443
5511971995469
5511971995482
5511971995542
5511971995549
5511971995590
5511971995610
5511971995659
5511971995720
5511971995744
5511971995760
5511971995769
5511971995770
5511971995803
5511971995851
5511971995857
5511971995869
5511971995870
5511971995873
5511971995882
5511971995892
5511971995942
5511971995944
5511971995970
5511971996011
5511971996019
5511971996029
5511971996067
5511971996090
5511971996111
5511971996113
5511971996168
5511971996185
5511971996220
5511971996243
5511971996244
5511971996250
5511971996280
5511971996285
5511971996294
5511971996302
5511971996362
5511971996363
5511971996414
5511971996457
5511971996458
5511971996461
5511971996468
5511971996474
5511971996526
5511971996532
5511971996566
5511971996579
5511971996590
5511971996632
5511971996711
5511971996726
5511971996753
5511971996764
5511971996772
5511971996815
5511971996821
5511971996888
5511971996939
5511971996966
5511971996969
5511971996971
5511971996975
5511971997006
5511971997008
5511971997009
5511971997059
5511971997066
5511971997068
5511971997078
5511971997082
5511971997177
5511971997206
5511971997210
5511971997246
5511971997279
5511971997285
5511971997293
5511971997338
5511971997381
5511971997390
5511971997432
5511971997445
5511971997459
5511971997492
5511971997524
5511971997528
5511971997541
5511971997544
5511971997570
5511971997587
5511971997588
5511971997656
5511971997660
5511971997725
5511971997742
5511971997751
5511971997755
5511971997780
5511971997802
5511971997813
5511971997834
5511971997850
5511971997859
5511971997890
5511971997897
5511971997915
5511971997921
5511971997992
5511971998001
5511971998026
5511971998028
5511971998034
5511971998045
5511971998118
5511971998151
5511971998162
5511971998173
5511971998192
5511971998196
5511971998231
5511971998288
5511971998293
5511971998309
5511971998318
5511971998349
5511971998377
5511971998386
5511971998395
5511971998398
5511971998399
5511971998442
5511971998447
5511971998467
5511971998495
5511971998553
5511971998557
5511971998562
5511971998565
5511971998577
5511971998635
5511971998648
5511971998659
5511971998781
5511971998798
5511971998823
5511971998827
5511971998857
5511971998862
5511971998871
5511971998889
5511971998895
5511971998955
5511971998957
5511971998989
5511971998996
5511971999007
5511971999029
5511971999065
5511971999085
5511971999110
5511971999145
5511971999180
5511971999183
5511971999194
5511971999199
5511971999209
5511971999216
5511971999267
5511971999278
5511971999292
5511971999310
5511971999321
5511971999333
5511971999359
5511971999369
5511971999387
5511971999416
5511971999433
5511971999473
5511971999475
5511971999485
5511971999573
5511971999576
5511971999577
5511971999610
5511971999663
5511971999673
5511971999680
5511971999700
5511971999733
5511971999750
5511971999775
5511971999786
5511971999795
5511971999807
5511971999817
5511971999822
5511971999836
5511971999935
5511971999952
5511971999957
5511971999964
5511971999966
5511972000006
5511972000477
5511972000582
5511972000938
5511972000967
5511972001043
5511972001083
5511972001095
5511972001180
5511972001232
5511972001583
5511972001642
5511972001750
5511972001780
5511972001877
5511972001894
5511972001994
5511972002357
5511972002418
5511972002494
5511972002514
5511972003000
5511972003236
5511972003404
5511972003547
5511972003554
5511972003852
5511972003868
5511972003949
5511972003996
5511972004157
5511972004197
5511972004596
5511972004679
5511972004719
5511972004909
5511972004912
5511972005448
5511972005484
5511972005770
5511972005826
5511972005833
5511972005899
5511972005970
5511972006516
5511972006546
5511972006885
5511972007134
5511972007295
5511972007407
5511972007610
5511972007656
5511972007657
5511972007666
5511972007696
5511972007911
5511972007951
5511972007953
5511972008032
5511972008057
5511972008098
5511972008140
5511972008767
5511972009000
5511972009008
5511972009189
5511972009260
5511972009317
5511972009851
5511972009880
5511972009946
5511972010001
5511972010002
5511972010010
5511972010017
5511972010023
5511972010033
5511972010034
5511972010038
5511972010041
5511972010044
5511972010045
5511972010047
5511972010050
5511972010053
5511972010060
5511972010063
5511972010065
5511972010078
5511972010082
5511972010090
5511972010093
5511972010098
5511972010105
5511972010107
5511972010109
5511972010116
5511972010121
5511972010141
5511972010144
5511972010145
5511972010149
5511972010158
5511972010159
5511972010173
5511972010176
5511972010180
5511972010181
5511972010183
5511972010185
5511972010186
5511972010190
5511972010192
5511972010195
5511972010197
5511972010198
5511972010201
5511972010203
5511972010204
5511972010205
5511972010206
5511972010207
5511972010222
5511972010225
5511972010226
5511972010231
5511972010237
5511972010261
5511972010263
5511972010266
5511972010267
5511972010272
5511972010283
5511972010284
5511972010286
5511972010289
5511972010295
5511972010303
5511972010304
5511972010305
5511972010306
5511972010313
5511972010314
5511972010315
5511972010317
5511972010331
5511972010332
5511972010334
5511972010335
5511972010343
5511972010344
5511972010346
5511972010351
5511972010358
5511972010367
5511972010368
5511972010369
5511972010370
5511972010371
5511972010373
5511972010374
5511972010376
5511972010381
5511972010385
5511972010388
5511972010400
5511972010401
5511972010402
5511972010403
5511972010406
5511972010407
5511972010408
5511972010410
5511972010416
5511972010417
5511972010420
5511972010429
5511972010431
5511972010433
5511972010436
5511972010439
5511972010441
5511972010442
5511972010445
5511972010447
5511972010449
5511972010451
5511972010452
5511972010457
5511972010465
5511972010468
5511972010470
5511972010474
5511972010478
5511972010482
5511972010485
5511972010493
5511972010495
5511972010498
5511972010500
5511972010501
5511972010502
5511972010505
5511972010508
5511972010511
5511972010512
5511972010513
5511972010515
5511972010523
5511972010526
5511972010528
5511972010529
5511972010533
5511972010535
5511972010536
5511972010537
5511972010538
5511972010539
5511972010544
5511972010549
5511972010551
5511972010552
5511972010555
5511972010556
5511972010558
5511972010563
5511972010569
5511972010571
5511972010572
5511972010575
5511972010582
5511972010586
5511972010595
5511972010598
5511972010603
5511972010604
5511972010606
5511972010607
5511972010608
5511972010611
5511972010614
5511972010615
5511972010618
5511972010620
5511972010622
5511972010626
5511972010641
5511972010643
5511972010644
5511972010645
5511972010649
5511972010655
5511972010657
5511972010662
5511972010663
5511972010664
5511972010667
5511972010669
5511972010670
5511972010671
5511972010673
5511972010674
5511972010677
5511972010678
5511972010683
5511972010684
5511972010686
5511972010687
5511972010689
5511972010693
5511972010694
5511972010700
5511972010705
5511972010718
5511972010721
5511972010725
5511972010727
5511972010728
5511972010730
5511972010732
5511972010733
5511972010735
5511972010737
5511972010738
5511972010739
5511972010741
5511972010742
5511972010746
5511972010747
5511972010749
5511972010753
5511972010754
5511972010755
5511972010757
5511972010764
5511972010767
5511972010769
5511972010773
5511972010776
5511972010783
5511972010786
5511972010787
5511972010788
5511972010790
5511972010794
5511972010804
5511972010810
5511972010812
5511972010816
5511972010817
5511972010818
5511972010821
5511972010822
5511972010826
5511972010828
5511972010830
5511972010831
5511972010833
5511972010837
5511972010839
5511972010841
5511972010843
5511972010845
5511972010847
5511972010849
5511972010850
5511972010851
5511972010857
5511972010859
5511972010860
5511972010861
5511972010866
5511972010867
5511972010873
5511972010874
5511972010876
5511972010880
5511972010885
5511972010887
5511972010888
5511972010891
5511972010895
5511972010901
5511972010904
5511972010905
5511972010912
5511972010916
5511972010921
5511972010922
5511972010923
5511972010924
5511972010933
5511972010935
5511972010937
5511972010938
5511972010944
5511972010946
5511972010948
5511972010950
5511972010952
5511972010955
5511972010957
5511972010966
5511972010968
5511972010971
5511972010972
5511972010973
5511972010974
5511972010981
5511972010983
5511972010985
5511972010987
5511972010991
5511972010994
5511972010995
5511972010997
5511972011000
5511972011006
5511972011007
5511972011008
5511972011011
5511972011012
5511972011017
5511972011019
5511972011021
5511972011022
5511972011023
5511972011028
5511972011030
5511972011031
5511972011041
5511972011042
5511972011050
5511972011055
5511972011056
5511972011057
5511972011060
5511972011063
5511972011064
5511972011065
5511972011074
5511972011076
5511972011084
5511972011085
5511972011087
5511972011101
5511972011107
5511972011108
5511972011110
5511972011114
5511972011120
5511972011122
5511972011123
5511972011124
5511972011125
5511972011128
5511972011130
5511972011133
5511972011138
5511972011139
5511972011140
5511972011141
5511972011144
5511972011147
5511972011150
5511972011151
5511972011152
5511972011153
5511972011154
5511972011155
5511972011157
5511972011169
5511972011172
5511972011174
5511972011175
5511972011176
5511972011182
5511972011190
5511972011194
5511972011195
5511972011197
5511972011200
5511972011201
5511972011206
5511972011207
5511972011214
5511972011215
5511972011220
5511972011230
5511972011236
5511972011241
5511972011249
5511972011250
5511972011251
5511972011252
5511972011257
5511972011261
5511972011262
5511972011264
5511972011266
5511972011272
5511972011274
5511972011283
5511972011284
5511972011290
5511972011291
5511972011292
5511972011294
5511972011301
5511972011304
5511972011306
5511972011308
5511972011309
5511972011310
5511972011317
5511972011320
5511972011321
5511972011323
5511972011327
5511972011329
5511972011333
5511972011338
5511972011345
5511972011346
5511972011353
5511972011358
5511972011360
5511972011363
5511972011368
5511972011381
5511972011382
5511972011386
5511972011387
5511972011392
5511972011393
5511972011394
5511972011397
5511972011399
5511972011400
5511972011401
5511972011403
5511972011408
5511972011413
5511972011416
5511972011420
5511972011423
5511972011425
5511972011427
5511972011429
5511972011432
5511972011446
5511972011449
5511972011452
5511972011454
5511972011455
5511972011460
5511972011468
5511972011472
5511972011474
5511972011479
5511972011484
5511972011493
5511972011506
5511972011512
5511972011513
5511972011514
5511972011515
5511972011522
5511972011524
5511972011529
5511972011530
5511972011531
5511972011536
5511972011537
5511972011540
5511972011544
5511972011550
5511972011551
5511972011552
5511972011559
5511972011566
5511972011567
5511972011568
5511972011569
5511972011571
5511972011572
5511972011577
5511972011579
5511972011581
5511972011583
5511972011587
5511972011589
5511972011590
5511972011592
5511972011598
5511972011604
5511972011613
5511972011618
5511972011622
5511972011624
5511972011626
5511972011631
5511972011632
5511972011633
5511972011634
5511972011636
5511972011642
5511972011645
5511972011648
5511972011655
5511972011657
5511972011658
5511972011660
5511972011665
5511972011668
5511972011671
5511972011673
5511972011674
5511972011675
5511972011678
5511972011679
5511972011691
5511972011693
5511972011698
5511972011699
5511972011701
5511972011702
5511972011704
5511972011708
5511972011711
5511972011715
5511972011717
5511972011719
5511972011720
5511972011721
5511972011723
5511972011724
5511972011726
5511972011727
5511972011730
5511972011734
5511972011737
5511972011739
5511972011744
5511972011747
5511972011753
5511972011760
5511972011762
5511972011767
5511972011772
5511972011774
5511972011777
5511972011788
5511972011796
5511972011797
5511972011801
5511972011807
5511972011824
5511972011833
5511972011839
5511972011840
5511972011848
5511972011850
5511972011858
5511972011859
5511972011864
5511972011865
5511972011866
5511972011867
5511972011870
5511972011873
5511972011875
5511972011887
5511972011889
5511972011897
5511972011904
5511972011909
5511972011915
5511972011920
5511972011924
5511972011930
5511972011944
5511972011957
5511972011960
5511972011961
5511972011962
5511972011970
5511972011975
5511972011977
5511972011978
5511972011979
5511972011980
5511972011982
5511972011988
5511972011993
5511972011994
5511972012004
5511972012007
5511972012008
5511972012012
5511972012017
5511972012020
5511972012021
5511972012026
5511972012028
5511972012031
5511972012038
5511972012044
5511972012046
5511972012048
5511972012049
5511972012051
5511972012055
5511972012056
5511972012057
5511972012059
5511972012061
5511972012063
5511972012076
5511972012083
5511972012084
5511972012086
5511972012088
5511972012091
5511972012104
5511972012106
5511972012109
5511972012112
5511972012115
5511972012120
5511972012123
5511972012124
5511972012126
5511972012127
5511972012130
5511972012131
5511972012135
5511972012136
5511972012139
5511972012140
5511972012148
5511972012157
5511972012160
5511972012166
5511972012170
5511972012182
5511972012187
5511972012188
5511972012196
5511972012197
5511972012199
5511972012200
5511972012208
5511972012209
5511972012212
5511972012214
5511972012215
5511972012232
5511972012234
5511972012235
5511972012239
5511972012242
5511972012265
5511972012271
5511972012274
5511972012275
5511972012276
5511972012286
5511972012288
5511972012291
5511972012292
5511972012293
5511972012294
5511972012305
5511972012314
5511972012319
5511972012321
5511972012324
5511972012326
5511972012330
5511972012332
5511972012341
5511972012345
5511972012352
5511972012356
5511972012362
5511972012363
5511972012370
5511972012374
5511972012375
5511972012376
5511972012377
5511972012384
5511972012385
5511972012387
5511972012388
5511972012389
5511972012390
5511972012393
5511972012394
5511972012395
5511972012398
5511972012400
5511972012402
5511972012403
5511972012405
5511972012406
5511972012415
5511972012416
5511972012427
5511972012431
5511972012432
5511972012439
5511972012440
5511972012446
5511972012449
5511972012450
5511972012451
5511972012460
5511972012463
5511972012465
5511972012468
5511972012471
5511972012473
5511972012474
5511972012480
5511972012486
5511972012487
5511972012491
5511972012493
5511972012511
5511972012512
5511972012514
5511972012515
5511972012518
5511972012525
5511972012528
5511972012535
5511972012538
5511972012540
5511972012541
5511972012551
5511972012558
5511972012560
5511972012588
5511972012595
5511972012604
5511972012613
5511972012618
5511972012623
5511972012627
5511972012648
5511972012666
5511972012667
5511972012677
5511972012678
5511972012679
5511972012701
5511972012715
5511972012719
5511972012721
5511972012722
5511972012740
5511972012765
5511972012783
5511972012792
5511972012801
5511972012827
5511972012849
5511972012856
5511972012860
5511972012867
5511972012883
5511972012897
5511972012900
5511972012906
5511972012931
5511972012932
5511972012943
5511972012950
5511972012969
5511972012983
5511972012993
5511972012995
5511972012996
5511972013004
5511972013005
5511972013032
5511972013034
5511972013064
5511972013067
5511972013093
5511972013097
5511972013108
5511972013109
5511972013111
5511972013112
5511972013114
5511972013150
5511972013152
5511972013153
5511972013154
5511972013179
5511972013204
5511972013207
5511972013221
5511972013231
5511972013233
5511972013237
5511972013258
5511972013277
5511972013280
5511972013285
5511972013289
5511972013304
5511972013312
5511972013319
5511972013351
5511972013353
5511972013364
5511972013371
5511972013383
5511972013390
5511972013400
5511972013433
5511972013438
5511972013448
5511972013454
5511972013460
5511972013473
5511972013482
5511972013488
5511972013494
5511972013509
5511972013510
5511972013514
5511972013517
5511972013518
5511972013523
5511972013527
5511972013538
5511972013570
5511972013575
5511972013587
5511972013592
5511972013640
5511972013644
5511972013657
5511972013666
5511972013683
5511972013689
5511972013706
5511972013709
5511972013717
5511972013724
5511972013742
5511972013770
5511972013777
5511972013780
5511972013782
5511972013795
5511972013797
5511972013802
5511972013809
5511972013839
5511972013856
5511972013867
5511972013908
5511972013912
5511972013930
5511972013936
5511972013939
5511972013996
5511972013998
5511972014001
5511972014043
5511972014045
5511972014052
5511972014053
5511972014061
5511972014066
5511972014068
5511972014084
5511972014091
5511972014098
5511972014124
5511972014126
5511972014129
5511972014145
5511972014150
5511972014152
5511972014159
5511972014160
5511972014164
5511972014168
5511972014173
5511972014226
5511972014238
5511972014244
5511972014271
5511972014287
5511972014288
5511972014310
5511972014312
5511972014333
5511972014352
5511972014384
5511972014386
5511972014423
5511972014426
5511972014443
5511972014444
5511972014445
5511972014447
5511972014460
5511972014472
5511972014473
5511972014474
5511972014479
5511972014490
5511972014492
5511972014500
5511972014522
5511972014533
5511972014535
5511972014547
5511972014555
5511972014568
5511972014581
5511972014589
5511972014601
5511972014604
5511972014612
5511972014620
5511972014625
5511972014630
5511972014631
5511972014638
5511972014652
5511972014653
5511972014665
5511972014685
5511972014698
5511972014724
5511972014725
5511972014742
5511972014745
5511972014754
5511972014767
5511972014771
5511972014788
5511972014808
5511972014822
5511972014823
5511972014833
5511972014848
5511972014850
5511972014854
5511972014872
5511972014884
5511972014890
5511972014892
5511972014896
5511972014898
5511972014911
5511972014927
5511972014946
5511972014970
5511972014976
5511972014977
5511972014991
5511972014998
5511972015002
5511972015011
5511972015014
5511972015020
5511972015029
5511972015036
5511972015039
5511972015042
5511972015047
5511972015051
5511972015055
5511972015060
5511972015064
5511972015070
5511972015078
5511972015079
5511972015087
5511972015089
5511972015098
5511972015110
5511972015129
5511972015131
5511972015156
5511972015158
5511972015165
5511972015168
5511972015192
5511972015196
5511972015198
5511972015199
5511972015211
5511972015237
5511972015248
5511972015249
5511972015253
5511972015284
5511972015285
5511972015287
5511972015289
5511972015292
5511972015317
5511972015328
5511972015336
5511972015341
5511972015357
5511972015361
5511972015368
5511972015369
5511972015370
5511972015371
5511972015388
5511972015390
5511972015409
5511972015414
5511972015416
5511972015423
5511972015449
5511972015454
5511972015455
5511972015458
5511972015463
5511972015470
5511972015473
5511972015481
5511972015496
5511972015500
5511972015501
5511972015510
5511972015511
5511972015514
5511972015517
5511972015520
5511972015522
5511972015528
5511972015530
5511972015535
5511972015539
5511972015544
5511972015547
5511972015560
5511972015569
5511972015572
5511972015580
5511972015590
5511972015600
5511972015602
5511972015629
5511972015630
5511972015632
5511972015638
5511972015639
5511972015641
5511972015658
5511972015664
5511972015667
5511972015674
5511972015694
5511972015698
5511972015700
5511972015722
5511972015726
5511972015752
5511972015764
5511972015796
5511972015797
5511972015842
5511972015848
5511972015857
5511972015859
5511972015861
5511972015889
5511972015890
5511972015917
5511972015954
5511972015959
5511972015962
5511972015979
5511972015980
5511972015984
5511972015990
5511972016000
5511972016009
5511972016035
5511972016044
5511972016060
5511972016061
5511972016065
5511972016070
5511972016072
5511972016091
5511972016098
5511972016125
5511972016128
5511972016133
5511972016166
5511972016174
5511972016180
5511972016189
5511972016212
5511972016217
5511972016230
5511972016231
5511972016239
5511972016259
5511972016305
5511972016319
5511972016320
5511972016333
5511972016339
5511972016363
5511972016364
5511972016385
5511972016417
5511972016422
5511972016435
5511972016440
5511972016487
5511972016489
5511972016494
5511972016499
5511972016526
5511972016534
5511972016538
5511972016545
5511972016546
5511972016572
5511972016601
5511972016604
5511972016615
5511972016623
5511972016642
5511972016646
5511972016656
5511972016660
5511972016667
5511972016686
5511972016688
5511972016699
5511972016706
5511972016715
5511972016729
5511972016730
5511972016733
5511972016749
5511972016773
5511972016779
5511972016790
5511972016794
5511972016805
5511972016820
5511972016828
5511972016833
5511972016837
5511972016842
5511972016844
5511972016860
5511972016862
5511972016865
5511972016880
5511972016883
5511972016887
5511972016889
5511972016900
5511972016916
5511972016921
5511972016928
5511972016931
5511972016934
5511972016935
5511972016976
5511972016980
5511972016989
5511972016995
5511972017027
5511972017030
5511972017040
5511972017053
5511972017072
5511972017087
5511972017090
5511972017094
5511972017098
5511972017109
5511972017112
5511972017116
5511972017117
5511972017132
5511972017136
5511972017143
5511972017145
5511972017157
5511972017166
5511972017174
5511972017178
5511972017190
5511972017222
5511972017224
5511972017230
5511972017236
5511972017237
5511972017239
5511972017251
5511972017279
5511972017289
5511972017301
5511972017303
5511972017304
5511972017339
5511972017341
5511972017355
5511972017391
5511972017402
5511972017404
5511972017422
5511972017437
5511972017444
5511972017470
5511972017480
5511972017493
5511972017537
5511972017545
5511972017551
5511972017553
5511972017560
5511972017579
5511972017583
5511972017613
5511972017624
5511972017631
5511972017635
5511972017638
5511972017676
5511972017680
