5511973921223
5511973921226
5511973921231
5511973921232
5511973921239
5511973921241
5511973921243
5511973921246
5511973921249
5511973921252
5511973921255
5511973921259
5511973921263
5511973921266
5511973921268
5511973921269
5511973921274
5511973921276
5511973921278
5511973921279
5511973921284
5511973921286
5511973921291
5511973921292
5511973921295
5511973921297
5511973921302
5511973921303
5511973921306
5511973921309
5511973921315
5511973921316
5511973921318
5511973921320
5511973921325
5511973921327
5511973921328
5511973921332
5511973921334
5511973921335
5511973921339
5511973921340
5511973921342
5511973921345
5511973921349
5511973921352
5511973921354
5511973921355
5511973921365
5511973921367
5511973921368
5511973921369
5511973921377
5511973921380
5511973921382
5511973921386
5511973921391
5511973921393
5511973921396
5511973921397
5511973921398
5511973921402
5511973921405
5511973921407
5511973921411
5511973921413
5511973921415
5511973921424
5511973921425
5511973921427
5511973921429
5511973921436
5511973921437
5511973921438
5511973921444
5511973921446
5511973921449
5511973921453
5511973921465
5511973921473
5511973921478
5511973921488
5511973921489
5511973921493
5511973921497
5511973921498
5511973921501
5511973921514
5511973921515
5511973921523
5511973921524
5511973921525
5511973921527
5511973921534
5511973921535
5511973921536
5511973921538
5511973921542
5511973921543
5511973921545
5511973921547
5511973921549
5511973921554
5511973921555
5511973921562
5511973921568
5511973921571
5511973921572
5511973921575
5511973921585
5511973921589
5511973921591
5511973921592
5511973921593
5511973921595
5511973921597
5511973921598
5511973921599
5511973921600
5511973921601
5511973921607
5511973921612
5511973921616
5511973921618
5511973921626
5511973921628
5511973921629
5511973921630
5511973921632
5511973921649
5511973921652
5511973921654
5511973921660
5511973921662
5511973921666
5511973921667
5511973921669
5511973921671
5511973921675
5511973921679
5511973921681
5511973921687
5511973921690
5511973921691
5511973921693
5511973921696
5511973921700
5511973921709
5511973921712
5511973921713
5511973921716
5511973921717
5511973921719
5511973921723
5511973921724
5511973921725
5511973921732
5511973921733
5511973921734
5511973921738
5511973921741
5511973921743
5511973921744
5511973921745
5511973921749
5511973921750
5511973921760
5511973921765
5511973921766
5511973921770
5511973921774
5511973921780
5511973921784
5511973921786
5511973921790
5511973921791
5511973921792
5511973921794
5511973921796
5511973921797
5511973921799
5511973921803
5511973921806
5511973921808
5511973921811
5511973921812
5511973921814
5511973921824
5511973921827
5511973921829
5511973921830
5511973921831
5511973921834
5511973921835
5511973921836
5511973921837
5511973921846
5511973921847
5511973921848
5511973921859
5511973921860
5511973921865
5511973921866
5511973921868
5511973921871
5511973921881
5511973921882
5511973921884
5511973921886
5511973921887
5511973921888
5511973921889
5511973921895
5511973921900
5511973921902
5511973921903
5511973921906
5511973921908
5511973921909
5511973921911
5511973921913
5511973921915
5511973921918
5511973921919
5511973921921
5511973921924
5511973921926
5511973921931
5511973921940
5511973921941
5511973921943
5511973921956
5511973921958
5511973921962
5511973921974
5511973921983
5511973921988
5511973921989
5511973921990
5511973921995
5511973921997
5511973921998
5511973921999
5511973922006
5511973922012
5511973922015
5511973922017
5511973922026
5511973922028
5511973922034
5511973922035
5511973922038
5511973922042
5511973922044
5511973922049
5511973922052
5511973922053
5511973922054
5511973922060
5511973922063
5511973922064
5511973922065
5511973922069
5511973922072
5511973922075
5511973922080
5511973922087
5511973922089
5511973922090
5511973922091
5511973922098
5511973922103
5511973922109
5511973922111
5511973922113
5511973922115
5511973922121
5511973922122
5511973922127
5511973922134
5511973922135
5511973922139
5511973922145
5511973922148
5511973922150
5511973922160
5511973922163
5511973922165
5511973922169
5511973922170
5511973922177
5511973922184
5511973922185
5511973922186
5511973922192
5511973922201
5511973922208
5511973922209
5511973922213
5511973922217
5511973922218
5511973922219
5511973922221
5511973922223
5511973922230
5511973922232
5511973922238
5511973922244
5511973922246
5511973922251
5511973922259
5511973922262
5511973922263
5511973922265
5511973922266
5511973922271
5511973922275
5511973922281
5511973922282
5511973922283
5511973922284
5511973922286
5511973922296
5511973922298
5511973922300
5511973922302
5511973922304
5511973922315
5511973922319
5511973922321
5511973922322
5511973922324
5511973922326
5511973922330
5511973922340
5511973922342
5511973922344
5511973922349
5511973922358
5511973922361
5511973922363
5511973922367
5511973922371
5511973922378
5511973922379
5511973922380
5511973922390
5511973922391
5511973922396
5511973922397
5511973922398
5511973922404
5511973922405
5511973922407
5511973922408
5511973922413
5511973922414
5511973922418
5511973922419
5511973922422
5511973922425
5511973922430
5511973922433
5511973922434
5511973922435
5511973922439
5511973922441
5511973922443
5511973922447
5511973922451
5511973922454
5511973922455
5511973922457
5511973922459
5511973922465
5511973922468
5511973922469
5511973922470
5511973922475
5511973922476
5511973922479
5511973922489
5511973922492
5511973922497
5511973922499
5511973922504
5511973922507
5511973922508
5511973922509
5511973922515
5511973922518
5511973922519
5511973922523
5511973922524
5511973922526
5511973922529
5511973922533
5511973922535
5511973922538
5511973922539
5511973922543
5511973922544
5511973922548
5511973922550
5511973922559
5511973922560
5511973922565
5511973922566
5511973922567
5511973922577
5511973922578
5511973922582
5511973922583
5511973922591
5511973922592
5511973922598
5511973922600
5511973922602
5511973922603
5511973922607
5511973922609
5511973922610
5511973922612
5511973922613
5511973922620
5511973922621
5511973922629
5511973922632
5511973922636
5511973922640
5511973922642
5511973922644
5511973922649
5511973922650
5511973922651
5511973922652
5511973922657
5511973922659
5511973922664
5511973922670
5511973922680
5511973922681
5511973922688
5511973922692
5511973922698
5511973922703
5511973922705
5511973922707
5511973922716
5511973922719
5511973922726
5511973922728
5511973922729
5511973922731
5511973922742
5511973922743
5511973922747
5511973922748
5511973922752
5511973922754
5511973922762
5511973922766
5511973922767
5511973922771
5511973922779
5511973922792
5511973922798
5511973922802
5511973922805
5511973922808
5511973922810
5511973922816
5511973922820
5511973922821
5511973922824
5511973922825
5511973922829
5511973922830
5511973922831
5511973922832
5511973922834
5511973922835
5511973922841
5511973922842
5511973922843
5511973922845
5511973922848
5511973922851
5511973922855
5511973922858
5511973922867
5511973922868
5511973922870
5511973922871
5511973922876
5511973922877
5511973922879
5511973922882
5511973922885
5511973922889
5511973922895
5511973922897
5511973922901
5511973922903
5511973922904
5511973922907
5511973922910
5511973922912
5511973922915
5511973922922
5511973922926
5511973922928
5511973922930
5511973922934
5511973922939
5511973922940
5511973922942
5511973922946
5511973922947
5511973922948
5511973922952
5511973922953
5511973922957
5511973922958
5511973922960
5511973922961
5511973922972
5511973922977
5511973922979
5511973922982
5511973922998
5511973922999
5511973923013
5511973923014
5511973923019
5511973923021
5511973923022
5511973923025
5511973923027
5511973923030
5511973923036
5511973923039
5511973923045
5511973923046
5511973923048
5511973923051
5511973923061
5511973923065
5511973923067
5511973923068
5511973923070
5511973923073
5511973923077
5511973923078
5511973923080
5511973923083
5511973923086
5511973923091
5511973923093
5511973923100
5511973923105
5511973923107
5511973923118
5511973923120
5511973923127
5511973923130
5511973923132
5511973923139
5511973923151
5511973923152
5511973923159
5511973923162
5511973923167
5511973923177
5511973923178
5511973923184
5511973923191
5511973923198
5511973923203
5511973923204
5511973923210
5511973923211
5511973923215
5511973923218
5511973923220
5511973923223
5511973923224
5511973923225
5511973923226
5511973923230
5511973923233
5511973923237
5511973923239
5511973923244
5511973923247
5511973923248
5511973923251
5511973923256
5511973923257
5511973923265
5511973923270
5511973923276
5511973923278
5511973923280
5511973923281
5511973923283
5511973923291
5511973923300
5511973923308
5511973923311
5511973923315
5511973923316
5511973923318
5511973923321
5511973923322
5511973923324
5511973923342
5511973923351
5511973923355
5511973923369
5511973923376
5511973923378
5511973923381
5511973923382
5511973923385
5511973923389
5511973923397
5511973923399
5511973923403
5511973923404
5511973923406
5511973923409
5511973923411
5511973923413
5511973923415
5511973923417
5511973923420
5511973923422
5511973923423
5511973923426
5511973923438
5511973923439
5511973923440
5511973923443
5511973923444
5511973923450
5511973923451
5511973923453
5511973923454
5511973923459
5511973923460
5511973923463
5511973923464
5511973923468
5511973923470
5511973923472
5511973923473
5511973923477
5511973923478
5511973923485
5511973923489
5511973923490
5511973923496
5511973923498
5511973923499
5511973923501
5511973923503
5511973923504
5511973923514
5511973923516
5511973923519
5511973923523
5511973923525
5511973923526
5511973923527
5511973923533
5511973923535
5511973923539
5511973923547
5511973923549
5511973923554
5511973923555
5511973923557
5511973923562
5511973923563
5511973923570
5511973923571
5511973923578
5511973923580
5511973923583
5511973923584
5511973923591
5511973923598
5511973923599
5511973923605
5511973923614
5511973923617
5511973923623
5511973923631
5511973923632
5511973923636
5511973923637
5511973923641
5511973923642
5511973923643
5511973923646
5511973923647
5511973923651
5511973923654
5511973923655
5511973923656
5511973923661
5511973923663
5511973923665
5511973923666
5511973923668
5511973923669
5511973923673
5511973923676
5511973923677
5511973923678
5511973923679
5511973923686
5511973923689
5511973923697
5511973923699
5511973923701
5511973923717
5511973923719
5511973923720
5511973923721
5511973923722
5511973923728
5511973923729
5511973923733
5511973923737
5511973923739
5511973923747
5511973923748
5511973923750
5511973923751
5511973923770
5511973923773
5511973923780
5511973923803
5511973923804
5511973923809
5511973923810
5511973923815
5511973923837
5511973923838
5511973923840
5511973923844
5511973923846
5511973923850
5511973923851
5511973923853
5511973923869
5511973923870
5511973923871
5511973923878
5511973923881
5511973923883
5511973923890
5511973923891
5511973923894
5511973923899
5511973923905
5511973923907
5511973923908
5511973923913
5511973923917
5511973923922
5511973923925
5511973923928
5511973923933
5511973923934
5511973923937
5511973923938
5511973923939
5511973923945
5511973923950
5511973923953
5511973923956
5511973923958
5511973923963
5511973923965
5511973923979
5511973923980
5511973923994
5511973923996
5511973924000
5511973924006
5511973924007
5511973924010
5511973924011
5511973924013
5511973924022
5511973924030
5511973924031
5511973924032
5511973924034
5511973924036
5511973924038
5511973924039
5511973924047
5511973924051
5511973924053
5511973924058
5511973924063
5511973924064
5511973924067
5511973924069
5511973924074
5511973924076
5511973924078
5511973924080
5511973924083
5511973924087
5511973924091
5511973924094
5511973924096
5511973924100
5511973924102
5511973924109
5511973924111
5511973924117
5511973924125
5511973924126
5511973924129
5511973924131
5511973924140
5511973924142
5511973924146
5511973924147
5511973924150
5511973924156
5511973924163
5511973924168
5511973924170
5511973924171
5511973924175
5511973924180
5511973924181
5511973924183
5511973924191
5511973924192
5511973924195
5511973924200
5511973924202
5511973924204
5511973924205
5511973924207
5511973924209
5511973924210
5511973924211
5511973924214
5511973924218
5511973924220
5511973924226
5511973924228
5511973924234
5511973924244
5511973924255
5511973924256
5511973924258
5511973924263
5511973924264
5511973924265
5511973924266
5511973924268
5511973924269
5511973924276
5511973924278
5511973924295
5511973924296
5511973924306
5511973924308
5511973924311
5511973924312
5511973924319
5511973924322
5511973924323
5511973924324
5511973924326
5511973924327
5511973924331
5511973924333
5511973924335
5511973924338
5511973924343
5511973924346
5511973924348
5511973924349
5511973924350
5511973924352
5511973924361
5511973924363
5511973924365
5511973924368
5511973924369
5511973924371
5511973924372
5511973924377
5511973924378
5511973924384
5511973924389
5511973924391
5511973924405
5511973924407
5511973924408
5511973924410
5511973924412
5511973924414
5511973924415
5511973924419
5511973924425
5511973924427
5511973924429
5511973924436
5511973924437
5511973924439
5511973924441
5511973924442
5511973924443
5511973924445
5511973924448
5511973924463
5511973924465
5511973924466
5511973924467
5511973924468
5511973924473
5511973924475
5511973924478
5511973924488
5511973924489
5511973924494
5511973924497
5511973924505
5511973924507
5511973924512
5511973924516
5511973924519
5511973924522
5511973924527
5511973924529
5511973924531
5511973924537
5511973924541
5511973924548
5511973924549
5511973924550
5511973924555
5511973924556
5511973924559
5511973924561
5511973924563
5511973924565
5511973924566
5511973924570
5511973924573
5511973924577
5511973924579
5511973924580
5511973924583
5511973924587
5511973924592
5511973924599
5511973924600
5511973924609
5511973924612
5511973924618
5511973924619
5511973924629
5511973924630
5511973924633
5511973924635
5511973924662
5511973924664
5511973924670
5511973924677
5511973924679
5511973924685
5511973924686
5511973924687
5511973924689
5511973924690
5511973924692
5511973924695
5511973924698
5511973924699
5511973924701
5511973924705
5511973924709
5511973924711
5511973924713
5511973924715
5511973924724
5511973924727
5511973924728
5511973924732
5511973924733
5511973924736
5511973924743
5511973924744
5511973924746
5511973924747
5511973924748
5511973924750
5511973924756
5511973924760
5511973924762
5511973924763
5511973924764
5511973924766
5511973924767
5511973924768
5511973924771
5511973924775
5511973924779
5511973924783
5511973924795
5511973924801
5511973924803
5511973924808
5511973924809
5511973924810
5511973924816
5511973924819
5511973924830
5511973924831
5511973924832
5511973924834
5511973924839
5511973924841
5511973924846
5511973924855
5511973924856
5511973924858
5511973924860
5511973924863
5511973924868
5511973924874
5511973924878
5511973924884
5511973924886
5511973924890
5511973924891
5511973924893
5511973924895
5511973924900
5511973924901
5511973924906
5511973924908
5511973924914
5511973924920
5511973924922
5511973924930
5511973924931
5511973924934
5511973924936
5511973924937
5511973924943
5511973924944
5511973924948
5511973924949
5511973924958
5511973924968
5511973924969
5511973924982
5511973924987
5511973924990
5511973925000
5511973925002
5511973925006
5511973925008
5511973925009
5511973925016
5511973925017
5511973925018
5511973925019
5511973925020
5511973925021
5511973925022
5511973925023
5511973925029
5511973925032
5511973925038
5511973925039
5511973925040
5511973925041
5511973925043
5511973925045
5511973925047
5511973925057
5511973925059
5511973925060
5511973925065
5511973925066
5511973925070
5511973925073
5511973925083
5511973925089
5511973925090
5511973925097
5511973925098
5511973925099
5511973925100
5511973925101
5511973925104
5511973925109
5511973925113
5511973925119
5511973925132
5511973925137
5511973925145
5511973925146
5511973925148
5511973925152
5511973925155
5511973925162
5511973925166
5511973925168
5511973925170
5511973925171
5511973925177
5511973925178
5511973925180
5511973925181
5511973925183
5511973925198
5511973925202
5511973925208
5511973925216
5511973925217
5511973925219
5511973925222
5511973925223
5511973925226
5511973925227
5511973925228
5511973925230
5511973925231
5511973925233
5511973925234
5511973925238
5511973925239
5511973925241
5511973925244
5511973925248
5511973925249
5511973925254
5511973925255
5511973925260
5511973925262
5511973925269
5511973925273
5511973925275
5511973925282
5511973925286
5511973925288
5511973925300
5511973925303
5511973925307
5511973925313
5511973925317
5511973925318
5511973925328
5511973925334
5511973925336
5511973925340
5511973925344
5511973925369
5511973925372
5511973925374
5511973925377
5511973925378
5511973925380
5511973925381
5511973925383
5511973925390
5511973925392
5511973925394
5511973925396
5511973925397
5511973925398
5511973925399
5511973925403
5511973925406
5511973925411
5511973925416
5511973925417
5511973925421
5511973925423
5511973925430
5511973925436
5511973925459
5511973925462
5511973925466
5511973925474
5511973925480
5511973925495
5511973925497
5511973925508
5511973925511
5511973925514
5511973925515
5511973925522
5511973925530
5511973925533
5511973925541
5511973925557
5511973925561
5511973925567
5511973925570
5511973925575
5511973925577
5511973925584
5511973925588
5511973925590
5511973925603
5511973925619
5511973925622
5511973925623
5511973925625
5511973925632
5511973925633
5511973925637
5511973925641
5511973925648
5511973925654
5511973925655
5511973925663
5511973925667
5511973925670
5511973925672
5511973925677
5511973925682
5511973925684
5511973925692
5511973925695
5511973925702
5511973925704
5511973925709
5511973925721
5511973925723
5511973925724
5511973925729
5511973925735
5511973925737
5511973925742
5511973925744
5511973925748
5511973925749
5511973925752
5511973925755
5511973925772
5511973925773
5511973925779
5511973925780
5511973925789
5511973925791
5511973925792
5511973925795
5511973925796
5511973925799
5511973925801
5511973925806
5511973925810
5511973925817
5511973925818
5511973925819
5511973925821
5511973925829
5511973925832
5511973925837
5511973925838
5511973925844
5511973925847
5511973925849
5511973925852
5511973925853
5511973925855
5511973925858
5511973925859
5511973925861
5511973925865
5511973925867
5511973925874
5511973925875
5511973925877
5511973925886
5511973925887
5511973925889
5511973925893
5511973925898
5511973925905
5511973925906
5511973925916
5511973925926
5511973925930
5511973925937
5511973925941
5511973925945
5511973925955
5511973925962
5511973925964
5511973925968
5511973925970
5511973925976
5511973925977
5511973925980
5511973925991
5511973926004
5511973926009
5511973926010
5511973926013
5511973926018
5511973926019
5511973926020
5511973926023
5511973926026
5511973926030
5511973926039
5511973926049
5511973926053
5511973926054
5511973926056
5511973926060
5511973926068
5511973926070
5511973926071
5511973926072
5511973926074
5511973926078
5511973926083
5511973926085
5511973926087
5511973926094
5511973926098
5511973926100
5511973926109
5511973926111
5511973926112
5511973926113
5511973926114
5511973926118
5511973926125
5511973926130
5511973926131
5511973926139
5511973926140
5511973926144
5511973926146
5511973926148
5511973926150
5511973926153
5511973926154
5511973926159
5511973926171
5511973926174
5511973926175
5511973926177
5511973926190
5511973926193
5511973926196
5511973926200
5511973926202
5511973926204
5511973926207
5511973926208
5511973926209
5511973926212
5511973926217
5511973926219
5511973926221
5511973926225
5511973926230
5511973926231
5511973926235
5511973926237
5511973926238
5511973926249
5511973926260
5511973926263
5511973926268
5511973926274
5511973926275
5511973926276
5511973926278
5511973926283
5511973926287
5511973926288
5511973926291
5511973926292
5511973926297
5511973926299
5511973926303
5511973926308
5511973926312
5511973926316
5511973926321
5511973926325
5511973926327
5511973926336
5511973926341
5511973926342
5511973926345
5511973926349
5511973926355
5511973926358
5511973926359
5511973926362
5511973926363
5511973926368
5511973926369
5511973926379
5511973926380
5511973926382
5511973926390
5511973926395
5511973926398
5511973926408
5511973926411
5511973926415
5511973926417
5511973926418
5511973926420
5511973926423
5511973926435
5511973926440
5511973926441
5511973926448
5511973926452
5511973926453
5511973926455
5511973926456
5511973926457
5511973926462
5511973926464
5511973926465
5511973926466
5511973926467
5511973926469
5511973926472
5511973926474
5511973926479
5511973926483
5511973926492
5511973926493
5511973926500
5511973926502
5511973926509
5511973926510
5511973926516
5511973926518
5511973926521
5511973926522
5511973926524
5511973926527
5511973926528
5511973926529
5511973926530
5511973926533
5511973926540
5511973926543
5511973926546
5511973926547
5511973926554
5511973926557
5511973926560
5511973926561
5511973926564
5511973926568
5511973926572
5511973926574
5511973926575
5511973926577
5511973926579
5511973926592
5511973926598
5511973926601
5511973926606
5511973926607
5511973926609
5511973926613
5511973926614
5511973926620
5511973926621
5511973926624
5511973926628
5511973926636
5511973926642
5511973926644
5511973926645
5511973926651
5511973926654
5511973926668
5511973926669
5511973926673
5511973926675
5511973926679
5511973926691
5511973926692
5511973926693
5511973926696
5511973926699
5511973926701
5511973926710
5511973926716
5511973926717
5511973926723
5511973926725
5511973926726
5511973926730
5511973926731
5511973926733
5511973926736
5511973926744
5511973926747
5511973926755
5511973926769
5511973926770
5511973926777
5511973926780
5511973926792
5511973926811
5511973926816
5511973926817
5511973926821
5511973926822
5511973926826
5511973926832
5511973926836
5511973926839
5511973926849
5511973926851
5511973926852
5511973926853
5511973926854
5511973926863
5511973926867
5511973926871
5511973926874
5511973926875
5511973926876
5511973926885
5511973926886
5511973926888
5511973926889
5511973926890
5511973926892
5511973926895
5511973926900
5511973926902
5511973926910
5511973926917
5511973926920
5511973926924
5511973926930
5511973926936
5511973926938
5511973926939
5511973926944
5511973926947
5511973926949
5511973926950
5511973926951
5511973926960
5511973926961
5511973926972
5511973926973
5511973926975
5511973926980
5511973926982
5511973926983
5511973926989
5511973926990
5511973926994
5511973926997
5511973926998
5511973926999
5511973927000
5511973927004
5511973927007
5511973927008
5511973927009
5511973927010
5511973927012
5511973927014
5511973927016
5511973927017
5511973927018
5511973927025
5511973927030
5511973927031
5511973927036
5511973927038
5511973927041
5511973927043
5511973927046
5511973927047
5511973927048
5511973927053
5511973927057
5511973927062
5511973927063
5511973927070
5511973927073
5511973927075
5511973927076
5511973927080
5511973927082
5511973927083
5511973927085
5511973927088
5511973927090
5511973927097
5511973927101
5511973927109
5511973927115
5511973927116
5511973927120
5511973927125
5511973927127
5511973927131
5511973927132
5511973927135
5511973927136
5511973927137
5511973927139
5511973927141
5511973927148
5511973927151
5511973927153
5511973927156
5511973927161
5511973927162
5511973927168
5511973927169
5511973927171
5511973927176
5511973927178
5511973927180
5511973927182
5511973927185
5511973927186
5511973927187
5511973927191
5511973927192
5511973927194
5511973927197
5511973927199
5511973927200
5511973927201
5511973927202
5511973927203
5511973927210
5511973927218
5511973927223
5511973927226
5511973927227
5511973927235
5511973927238
5511973927243
5511973927248
5511973927253
5511973927254
5511973927258
5511973927260
5511973927264
5511973927274
5511973927275
5511973927278
5511973927283
5511973927284
5511973927285
5511973927287
5511973927293
5511973927297
5511973927299
5511973927303
5511973927305
5511973927306
5511973927309
5511973927312
5511973927314
5511973927321
5511973927322
5511973927326
5511973927335
5511973927338
5511973927339
5511973927341
5511973927345
5511973927347
5511973927355
5511973927357
5511973927360
5511973927367
5511973927374
5511973927377
5511973927383
5511973927385
5511973927387
5511973927388
5511973927393
5511973927397
5511973927400
5511973927402
5511973927403
5511973927405
5511973927406
5511973927407
5511973927412
5511973927419
5511973927422
5511973927423
5511973927425
5511973927426
5511973927431
5511973927432
5511973927435
5511973927437
5511973927440
5511973927444
5511973927446
5511973927448
5511973927450
5511973927453
5511973927455
5511973927457
5511973927459
5511973927460
5511973927461
5511973927463
5511973927468
5511973927472
5511973927475
5511973927478
5511973927482
5511973927483
5511973927484
5511973927485
5511973927489
5511973927493
5511973927506
5511973927509
5511973927513
5511973927515
5511973927523
5511973927533
5511973927534
5511973927540
5511973927559
5511973927561
5511973927562
5511973927563
5511973927565
5511973927572
5511973927577
5511973927583
5511973927585
5511973927588
5511973927590
5511973927592
5511973927596
5511973927597
5511973927598
5511973927601
5511973927603
5511973927610
5511973927614
5511973927622
5511973927624
5511973927627
5511973927629
5511973927635
5511973927640
5511973927641
5511973927644
5511973927654
5511973927659
5511973927660
5511973927661
5511973927664
5511973927669
5511973927671
5511973927682
5511973927688
5511973927689
5511973927692
5511973927700
5511973927703
5511973927704
5511973927705
5511973927723
5511973927726
5511973927734
5511973927737
5511973927739
5511973927740
5511973927741
5511973927748
5511973927750
5511973927753
5511973927754
5511973927755
5511973927757
5511973927759
5511973927760
5511973927767
5511973927770
5511973927772
5511973927773
5511973927774
5511973927782
5511973927786
5511973927787
5511973927789
5511973927794
5511973927797
5511973927804
5511973927805
5511973927811
5511973927813
5511973927814
5511973927815
5511973927816
5511973927817
5511973927819
5511973927820
5511973927824
5511973927828
5511973927832
5511973927834
5511973927838
5511973927848
5511973927857
5511973927858
5511973927864
5511973927865
5511973927868
5511973927870
5511973927876
5511973927877
5511973927878
5511973927880
5511973927881
5511973927883
5511973927886
5511973927889
5511973927892
5511973927894
5511973927901
5511973927903
5511973927905
5511973927906
5511973927908
5511973927914
5511973927922
5511973927927
5511973927932
5511973927935
5511973927936
5511973927937
5511973927943
5511973927945
5511973927950
5511973927952
5511973927957
5511973927959
5511973927963
5511973927964
5511973927978
5511973927979
5511973927980
5511973927982
5511973927984
5511973927999
5511973928001
5511973928002
5511973928005
5511973928006
5511973928011
5511973928013
5511973928015
5511973928018
5511973928022
5511973928023
5511973928027
5511973928028
5511973928033
5511973928038
5511973928039
5511973928040
5511973928041
5511973928042
5511973928047
5511973928050
5511973928056
5511973928059
5511973928066
5511973928073
5511973928077
5511973928087
5511973928088
5511973928092
5511973928093
5511973928096
5511973928099
5511973928103
5511973928104
5511973928107
5511973928109
5511973928112
5511973928121
5511973928127
5511973928134
5511973928137
5511973928140
5511973928146
5511973928153
5511973928154
5511973928158
5511973928161
5511973928162
5511973928163
5511973928170
5511973928176
5511973928180
5511973928181
5511973928183
5511973928186
5511973928188
5511973928192
5511973928209
5511973928211
5511973928212
5511973928216
5511973928219
5511973928224
5511973928227
5511973928228
5511973928231
5511973928234
5511973928237
5511973928239
5511973928247
5511973928248
5511973928254
5511973928265
5511973928266
5511973928273
5511973928274
5511973928277
5511973928279
5511973928283
5511973928302
5511973928303
5511973928309
5511973928310
5511973928315
5511973928319
5511973928320
5511973928326
5511973928334
5511973928344
5511973928345
5511973928347
5511973928348
5511973928349
5511973928352
5511973928353
5511973928357
5511973928361
5511973928366
5511973928369
5511973928373
5511973928378
5511973928381
5511973928382
5511973928389
5511973928393
5511973928394
5511973928395
5511973928397
5511973928399
5511973928402
5511973928407
5511973928408
5511973928410
5511973928415
5511973928416
5511973928422
5511973928428
5511973928433
5511973928440
5511973928446
