5511991931548
5511991931568
5511991931592
5511991931614
5511991931668
5511991931685
5511991931689
5511991931698
5511991931703
5511991931704
5511991931711
5511991931720
5511991931721
5511991931723
5511991931733
5511991931744
5511991931750
5511991931767
5511991931768
5511991931769
5511991931784
5511991931855
5511991931857
5511991931919
5511991931928
5511991931933
5511991931948
5511991931949
5511991931981
5511991931997
5511991932028
5511991932073
5511991932093
5511991932101
5511991932108
5511991932121
5511991932133
5511991932166
5511991932187
5511991932190
5511991932191
5511991932197
5511991932228
5511991932230
5511991932234
5511991932237
5511991932238
5511991932242
5511991932268
5511991932279
5511991932338
5511991932348
5511991932404
5511991932434
5511991932440
5511991932454
5511991932482
5511991932493
5511991932576
5511991932606
5511991932614
5511991932621
5511991932622
5511991932635
5511991932636
5511991932637
5511991932651
5511991932654
5511991932655
5511991932677
5511991932680
5511991932683
5511991932712
5511991932749
5511991932768
5511991932809
5511991932834
5511991932844
5511991932862
5511991932865
5511991932885
5511991932887
5511991932896
5511991932906
5511991932909
5511991932919
5511991932936
5511991932966
5511991933006
5511991933008
5511991933067
5511991933075
5511991933095
5511991933121
5511991933122
5511991933161
5511991933166
5511991933200
5511991933206
5511991933220
5511991933224
5511991933270
5511991933276
5511991933313
5511991933331
5511991933345
5511991933359
5511991933392
5511991933404
5511991933426
5511991933443
5511991933446
5511991933450
5511991933463
5511991933467
5511991933498
5511991933506
5511991933509
5511991933510
5511991933551
5511991933591
5511991933592
5511991933667
5511991933669
5511991933729
5511991933733
5511991933743
5511991933775
5511991933784
5511991933786
5511991933790
5511991933818
5511991933843
5511991933860
5511991933881
5511991933894
5511991933924
5511991934007
5511991934008
5511991934027
5511991934028
5511991934046
5511991934061
5511991934087
5511991934097
5511991934099
5511991934145
5511991934154
5511991934161
5511991934170
5511991934171
5511991934195
5511991934205
5511991934211
5511991934212
5511991934220
5511991934259
5511991934283
5511991934313
5511991934331
5511991934337
5511991934348
5511991934352
5511991934356
5511991934365
5511991934366
5511991934374
5511991934388
5511991934409
5511991934421
5511991934424
5511991934442
5511991934464
5511991934475
5511991934493
5511991934498
5511991934519
5511991934554
5511991934556
5511991934571
5511991934583
5511991934593
5511991934600
5511991934605
5511991934664
5511991934671
5511991934695
5511991934702
5511991934720
5511991934745
5511991934764
5511991934765
5511991934766
5511991934789
5511991934800
5511991934818
5511991934837
5511991934843
5511991934875
5511991934899
5511991934927
5511991934970
5511991934980
5511991935010
5511991935011
5511991935019
5511991935026
5511991935076
5511991935082
5511991935090
5511991935099
5511991935107
5511991935136
5511991935157
5511991935171
5511991935192
5511991935194
5511991935210
5511991935289
5511991935290
5511991935307
5511991935309
5511991935328
5511991935330
5511991935354
5511991935377
5511991935380
5511991935430
5511991935450
5511991935455
5511991935531
5511991935545
5511991935579
5511991935589
5511991935593
5511991935653
5511991935675
5511991935693
5511991935727
5511991935731
5511991935738
5511991935752
5511991935809
5511991935830
5511991935832
5511991935835
5511991935869
5511991935877
5511991935878
5511991935902
5511991935916
5511991935934
5511991935947
5511991935957
5511991935959
5511991935963
5511991935968
5511991935980
5511991936008
5511991936019
5511991936045
5511991936055
5511991936081
5511991936086
5511991936101
5511991936110
5511991936118
5511991936135
5511991936136
5511991936147
5511991936149
5511991936152
5511991936153
5511991936165
5511991936170
5511991936182
5511991936188
5511991936189
5511991936203
5511991936242
5511991936292
5511991936297
5511991936308
5511991936326
5511991936337
5511991936361
5511991936368
5511991936369
5511991936376
5511991936425
5511991936455
5511991936474
5511991936481
5511991936499
5511991936512
5511991936528
5511991936541
5511991936544
5511991936635
5511991936642
5511991936665
5511991936667
5511991936693
5511991936695
5511991936702
5511991936706
5511991936709
5511991936719
5511991936732
5511991936771
5511991936780
5511991936788
5511991936794
5511991936800
5511991936812
5511991936827
5511991936833
5511991936853
5511991936857
5511991936889
5511991936905
5511991936920
5511991936921
5511991936935
5511991936939
5511991937017
5511991937022
5511991937035
5511991937048
5511991937065
5511991937084
5511991937143
5511991937160
5511991937176
5511991937189
5511991937192
5511991937219
5511991937231
5511991937255
5511991937286
5511991937288
5511991937347
5511991937370
5511991937373
5511991937385
5511991937390
5511991937417
5511991937592
5511991937617
5511991937633
5511991937671
5511991937680
5511991937695
5511991937734
5511991937763
5511991937848
5511991937867
5511991937870
5511991937911
5511991937947
5511991937954
5511991937955
5511991937968
5511991937979
5511991937989
5511991938002
5511991938008
5511991938009
5511991938048
5511991938051
5511991938087
5511991938127
5511991938150
5511991938191
5511991938208
5511991938209
5511991938222
5511991938228
5511991938247
5511991938256
5511991938257
5511991938263
5511991938315
5511991938334
5511991938345
5511991938358
5511991938402
5511991938414
5511991938457
5511991938489
5511991938495
5511991938500
5511991938525
5511991938527
5511991938539
5511991938544
5511991938552
5511991938553
5511991938558
5511991938565
5511991938566
5511991938585
5511991938605
5511991938609
5511991938610
5511991938624
5511991938656
5511991938685
5511991938717
5511991938722
5511991938741
5511991938748
5511991938764
5511991938815
5511991938823
5511991938833
5511991938845
5511991938858
5511991938872
5511991938876
5511991938877
5511991938933
5511991938964
5511991938982
5511991938990
5511991939033
5511991939047
5511991939078
5511991939079
5511991939103
5511991939125
5511991939165
5511991939196
5511991939216
5511991939279
5511991939287
5511991939316
5511991939372
5511991939393
5511991939426
5511991939442
5511991939445
5511991939447
5511991939449
5511991939452
5511991939453
5511991939462
5511991939472
5511991939475
5511991939481
5511991939495
5511991939498
5511991939530
5511991939564
5511991939576
5511991939588
5511991939595
5511991939608
5511991939617
5511991939639
5511991939645
5511991939652
5511991939653
5511991939661
5511991939677
5511991939678
5511991939698
5511991939730
5511991939763
5511991939793
5511991939794
5511991939837
5511991939876
5511991939911
5511991939922
5511991939924
5511991939929
5511991939960
5511991939979
5511991939982
5511991940001
5511991940043
5511991940046
5511991940075
5511991940089
5511991940124
5511991940143
5511991940144
5511991940161
5511991940171
5511991940176
5511991940184
5511991940187
5511991940210
5511991940212
5511991940250
5511991940251
5511991940257
5511991940280
5511991940294
5511991940314
5511991940381
5511991940386
5511991940396
5511991940401
5511991940404
5511991940414
5511991940415
5511991940480
5511991940514
5511991940537
5511991940552
5511991940564
5511991940571
5511991940602
5511991940633
5511991940636
5511991940670
5511991940672
5511991940676
5511991940679
5511991940742
5511991940759
5511991940798
5511991940804
5511991940842
5511991940851
5511991940860
5511991940887
5511991940906
5511991940913
5511991940916
5511991940926
5511991940932
5511991940938
5511991940955
5511991940956
5511991940970
5511991940979
5511991940987
5511991941026
5511991941032
5511991941033
5511991941041
5511991941053
5511991941067
5511991941103
5511991941117
5511991941118
5511991941122
5511991941124
5511991941154
5511991941193
5511991941207
5511991941212
5511991941216
5511991941229
5511991941255
5511991941312
5511991941317
5511991941362
5511991941380
5511991941387
5511991941397
5511991941399
5511991941400
5511991941435
5511991941441
5511991941442
5511991941443
5511991941450
5511991941461
5511991941471
5511991941484
5511991941503
5511991941510
5511991941512
5511991941527
5511991941537
5511991941543
5511991941547
5511991941548
5511991941556
5511991941557
5511991941560
5511991941573
5511991941587
5511991941593
5511991941621
5511991941663
5511991941670
5511991941674
5511991941675
5511991941689
5511991941696
5511991941697
5511991941707
5511991941714
5511991941727
5511991941731
5511991941734
5511991941751
5511991941777
5511991941806
5511991941826
5511991941827
5511991941833
5511991941864
5511991941870
5511991941873
5511991941883
5511991941907
5511991941921
5511991941922
5511991941938
5511991941971
5511991941987
5511991941989
5511991941996
5511991942030
5511991942055
5511991942056
5511991942060
5511991942094
5511991942101
5511991942116
5511991942117
5511991942125
5511991942126
5511991942131
5511991942141
5511991942144
5511991942147
5511991942164
5511991942169
5511991942170
5511991942212
5511991942237
5511991942250
5511991942255
5511991942274
5511991942276
5511991942286
5511991942307
5511991942329
5511991942339
5511991942352
5511991942377
5511991942387
5511991942400
5511991942403
5511991942423
5511991942438
5511991942440
5511991942445
5511991942448
5511991942464
5511991942470
5511991942506
5511991942509
5511991942513
5511991942515
5511991942523
5511991942527
5511991942530
5511991942534
5511991942572
5511991942574
5511991942578
5511991942587
5511991942589
5511991942590
5511991942595
5511991942598
5511991942603
5511991942611
5511991942622
5511991942627
5511991942649
5511991942659
5511991942667
5511991942675
5511991942698
5511991942704
5511991942707
5511991942727
5511991942739
5511991942758
5511991942782
5511991942791
5511991942808
5511991942822
5511991942828
5511991942846
5511991942858
5511991942861
5511991942878
5511991942885
5511991942901
5511991942906
5511991942935
5511991942936
5511991942939
5511991942952
5511991942960
5511991942968
5511991942969
5511991942977
5511991942978
5511991942983
5511991942993
5511991942994
5511991943026
5511991943053
5511991943119
5511991943127
5511991943143
5511991943144
5511991943212
5511991943216
5511991943228
5511991943237
5511991943246
5511991943250
5511991943290
5511991943306
5511991943311
5511991943312
5511991943319
5511991943320
5511991943330
5511991943345
5511991943346
5511991943349
5511991943353
5511991943366
5511991943394
5511991943398
5511991943416
5511991943419
5511991943433
5511991943437
5511991943440
5511991943444
5511991943482
5511991943531
5511991943539
5511991943553
5511991943554
5511991943557
5511991943575
5511991943583
5511991943599
5511991943601
5511991943611
5511991943616
5511991943625
5511991943657
5511991943661
5511991943670
5511991943686
5511991943688
5511991943696
5511991943702
5511991943723
5511991943727
5511991943733
5511991943757
5511991943769
5511991943789
5511991943821
5511991943834
5511991943861
5511991943865
5511991943869
5511991943917
5511991943924
5511991943956
5511991943958
5511991943961
5511991943967
5511991943970
5511991943986
5511991943992
5511991943998
5511991944007
5511991944011
5511991944016
5511991944050
5511991944059
5511991944061
5511991944077
5511991944086
5511991944100
5511991944110
5511991944130
5511991944156
5511991944176
5511991944197
5511991944198
5511991944211
5511991944213
5511991944220
5511991944305
5511991944308
5511991944338
5511991944368
5511991944378
5511991944381
5511991944384
5511991944387
5511991944426
5511991944429
5511991944440
5511991944441
5511991944445
5511991944450
5511991944452
5511991944462
5511991944468
5511991944518
5511991944532
5511991944535
5511991944562
5511991944564
5511991944581
5511991944612
5511991944619
5511991944622
5511991944632
5511991944638
5511991944674
5511991944680
5511991944682
5511991944684
5511991944713
5511991944722
5511991944727
5511991944764
5511991944768
5511991944772
5511991944778
5511991944785
5511991944787
5511991944799
5511991944803
5511991944835
5511991944837
5511991944846
5511991944854
5511991944857
5511991944860
5511991944861
5511991944872
5511991944908
5511991944951
5511991945002
5511991945011
5511991945045
5511991945055
5511991945056
5511991945062
5511991945066
5511991945068
5511991945087
5511991945107
5511991945112
5511991945164
5511991945173
5511991945178
5511991945213
5511991945236
5511991945249
5511991945259
5511991945279
5511991945290
5511991945310
5511991945320
5511991945328
5511991945352
5511991945368
5511991945371
5511991945385
5511991945392
5511991945393
5511991945398
5511991945413
5511991945435
5511991945440
5511991945450
5511991945457
5511991945462
5511991945468
5511991945476
5511991945508
5511991945518
5511991945554
5511991945581
5511991945590
5511991945624
5511991945626
5511991945638
5511991945641
5511991945643
5511991945646
5511991945653
5511991945668
5511991945670
5511991945680
5511991945685
5511991945686
5511991945690
5511991945718
5511991945721
5511991945775
5511991945802
5511991945815
5511991945820
5511991945902
5511991945911
5511991945951
5511991945967
5511991945987
5511991946017
5511991946023
5511991946042
5511991946055
5511991946085
5511991946108
5511991946118
5511991946121
5511991946143
5511991946146
5511991946152
5511991946155
5511991946161
5511991946175
5511991946177
5511991946185
5511991946189
5511991946192
5511991946210
5511991946213
5511991946224
5511991946226
5511991946254
5511991946256
5511991946259
5511991946260
5511991946270
5511991946277
5511991946302
5511991946304
5511991946305
5511991946347
5511991946355
5511991946397
5511991946430
5511991946431
5511991946444
5511991946454
5511991946467
5511991946468
5511991946488
5511991946495
5511991946512
5511991946518
5511991946519
5511991946525
5511991946528
5511991946555
5511991946558
5511991946593
5511991946596
5511991946615
5511991946619
5511991946626
5511991946639
5511991946661
5511991946679
5511991946681
5511991946720
5511991946724
5511991946725
5511991946729
5511991946738
5511991946744
5511991946750
5511991946753
5511991946773
5511991946786
5511991946788
5511991946827
5511991946830
5511991946882
5511991946889
5511991946905
5511991946959
5511991946963
5511991946973
5511991946981
5511991947009
5511991947025
5511991947029
5511991947040
5511991947066
5511991947084
5511991947095
5511991947104
5511991947112
5511991947133
5511991947134
5511991947150
5511991947152
5511991947188
5511991947207
5511991947215
5511991947217
5511991947220
5511991947232
5511991947233
5511991947256
5511991947276
5511991947280
5511991947309
5511991947315
5511991947321
5511991947336
5511991947361
5511991947365
5511991947370
5511991947379
5511991947382
5511991947385
5511991947389
5511991947392
5511991947393
5511991947452
5511991947455
5511991947466
5511991947467
5511991947470
5511991947480
5511991947493
5511991947501
5511991947505
5511991947519
5511991947523
5511991947557
5511991947575
5511991947614
5511991947623
5511991947643
5511991947649
5511991947674
5511991947694
5511991947714
5511991947726
5511991947734
5511991947742
5511991947748
5511991947752
5511991947760
5511991947783
5511991947841
5511991947844
5511991947852
5511991947853
5511991947854
5511991947857
5511991947863
5511991947875
5511991947878
5511991947900
5511991947905
5511991947920
5511991947944
5511991947978
5511991947980
5511991947982
5511991947997
5511991948008
5511991948065
5511991948071
5511991948076
5511991948094
5511991948125
5511991948128
5511991948174
5511991948197
5511991948208
5511991948278
5511991948293
5511991948305
5511991948317
5511991948320
5511991948342
5511991948366
5511991948373
5511991948380
5511991948386
5511991948393
5511991948399
5511991948405
5511991948420
5511991948422
5511991948441
5511991948460
5511991948464
5511991948467
5511991948478
5511991948485
5511991948487
5511991948496
5511991948505
5511991948524
5511991948528
5511991948530
5511991948537
5511991948554
5511991948600
5511991948602
5511991948611
5511991948617
5511991948668
5511991948687
5511991948702
5511991948705
5511991948708
5511991948718
5511991948724
5511991948742
5511991948762
5511991948782
5511991948795
5511991948821
5511991948832
5511991948838
5511991948858
5511991948861
5511991948870
5511991948873
5511991948884
5511991948888
5511991948892
5511991948897
5511991948949
5511991948965
5511991948973
5511991948990
5511991948991
5511991948996
5511991949011
5511991949022
5511991949024
5511991949025
5511991949034
5511991949052
5511991949063
5511991949078
5511991949084
5511991949091
5511991949097
5511991949100
5511991949112
5511991949119
5511991949132
5511991949140
5511991949159
5511991949190
5511991949200
5511991949204
5511991949217
5511991949218
5511991949241
5511991949267
5511991949273
5511991949293
5511991949297
5511991949298
5511991949310
5511991949318
5511991949328
5511991949341
5511991949346
5511991949353
5511991949361
5511991949374
5511991949387
5511991949396
5511991949400
5511991949402
5511991949425
5511991949431
5511991949442
5511991949446
5511991949449
5511991949460
5511991949465
5511991949468
5511991949472
5511991949479
5511991949508
5511991949521
5511991949540
5511991949545
5511991949547
5511991949570
5511991949582
5511991949596
5511991949638
5511991949677
5511991949682
5511991949694
5511991949703
5511991949706
5511991949718
5511991949724
5511991949730
5511991949737
5511991949743
5511991949759
5511991949761
5511991949762
5511991949768
5511991949800
5511991949806
5511991949814
5511991949818
5511991949820
5511991949844
5511991949852
5511991949858
5511991949891
5511991949900
5511991949934
5511991949946
5511991949948
5511991949950
5511991949955
5511991949959
5511991949960
5511991949995
5511991950004
5511991950008
5511991950029
5511991950039
5511991950040
5511991950065
5511991950083
5511991950091
5511991950096
5511991950099
5511991950112
5511991950125
5511991950130
5511991950145
5511991950163
5511991950172
5511991950187
5511991950197
5511991950201
5511991950208
5511991950218
5511991950228
5511991950254
5511991950262
5511991950266
5511991950287
5511991950292
5511991950315
5511991950333
5511991950338
5511991950345
5511991950367
5511991950371
5511991950374
5511991950393
5511991950399
5511991950413
5511991950416
5511991950448
5511991950452
5511991950462
5511991950494
5511991950497
5511991950526
5511991950533
5511991950543
5511991950550
5511991950552
5511991950556
5511991950564
5511991950573
5511991950576
5511991950671
5511991950697
5511991950703
5511991950709
5511991950711
5511991950723
5511991950726
5511991950728
5511991950749
5511991950750
5511991950754
5511991950756
5511991950776
5511991950780
5511991950806
5511991950813
5511991950832
5511991950841
5511991950850
5511991950852
5511991950872
5511991950879
5511991950884
5511991950886
5511991950908
5511991950909
5511991950945
5511991950950
5511991950955
5511991950981
5511991950989
5511991951030
5511991951034
5511991951037
5511991951045
5511991951060
5511991951088
5511991951090
5511991951099
5511991951108
5511991951117
5511991951118
5511991951119
5511991951120
5511991951122
5511991951143
5511991951145
5511991951149
5511991951153
5511991951156
5511991951161
5511991951165
5511991951182
5511991951183
5511991951191
5511991951195
5511991951200
5511991951207
5511991951218
5511991951220
5511991951224
5511991951259
5511991951268
5511991951271
5511991951287
5511991951290
5511991951291
5511991951293
5511991951294
5511991951313
5511991951323
5511991951325
5511991951342
5511991951354
5511991951378
5511991951396
5511991951400
5511991951424
5511991951433
5511991951435
5511991951438
5511991951440
5511991951444
5511991951453
5511991951457
5511991951460
5511991951462
5511991951505
5511991951514
5511991951522
5511991951537
5511991951548
5511991951550
5511991951570
5511991951578
5511991951594
5511991951604
5511991951616
5511991951618
5511991951636
5511991951647
5511991951655
5511991951662
5511991951677
5511991951693
5511991951696
5511991951701
5511991951705
5511991951714
5511991951721
5511991951744
5511991951745
5511991951749
5511991951752
5511991951754
5511991951777
5511991951786
5511991951811
5511991951844
5511991951855
5511991951858
5511991951859
5511991951870
5511991951883
5511991951885
5511991951890
5511991951909
5511991951910
5511991951919
5511991951922
5511991951924
5511991951953
5511991951954
5511991951957
5511991951962
5511991951966
5511991951970
5511991951977
5511991951983
5511991952001
5511991952018
5511991952030
5511991952040
5511991952055
5511991952057
5511991952076
5511991952083
5511991952115
5511991952136
5511991952152
5511991952158
5511991952168
5511991952172
5511991952175
5511991952187
5511991952198
5511991952209
5511991952212
5511991952213
5511991952223
5511991952226
5511991952238
5511991952241
5511991952248
5511991952251
5511991952263
5511991952271
5511991952277
5511991952292
5511991952293
5511991952302
5511991952305
5511991952308
5511991952338
5511991952345
5511991952351
5511991952353
5511991952371
5511991952375
5511991952378
5511991952379
5511991952380
5511991952384
5511991952393
5511991952405
5511991952410
5511991952413
5511991952417
5511991952425
5511991952441
5511991952443
5511991952465
5511991952466
5511991952484
5511991952488
5511991952489
5511991952510
5511991952535
5511991952538
5511991952540
5511991952541
5511991952555
5511991952558
5511991952596
5511991952597
5511991952606
5511991952620
5511991952631
5511991952635
5511991952640
5511991952696
5511991952704
5511991952724
5511991952742
5511991952754
5511991952757
5511991952775
5511991952777
5511991952785
5511991952788
5511991952855
5511991952866
5511991952872
5511991952880
5511991952891
5511991952897
5511991952903
5511991952920
5511991952924
5511991952945
5511991952948
5511991952963
5511991952964
5511991952968
5511991952994
5511991953001
5511991953002
5511991953008
5511991953018
5511991953033
5511991953043
5511991953061
5511991953066
5511991953081
5511991953111
5511991953146
5511991953169
5511991953175
5511991953202
5511991953205
5511991953206
5511991953207
5511991953208
5511991953217
5511991953219
5511991953254
5511991953255
5511991953261
5511991953277
5511991953287
5511991953292
5511991953318
5511991953326
5511991953335
5511991953347
5511991953369
5511991953376
5511991953379
5511991953383
5511991953386
5511991953389
5511991953395
5511991953405
5511991953427
5511991953429
5511991953467
5511991953476
5511991953482
5511991953485
5511991953489
5511991953491
5511991953500
5511991953521
5511991953530
5511991953540
5511991953548
5511991953551
5511991953554
5511991953557
5511991953567
5511991953568
5511991953579
5511991953602
5511991953635
5511991953647
5511991953664
5511991953685
5511991953699
5511991953714
5511991953723
5511991953734
5511991953769
5511991953773
5511991953781
5511991953785
5511991953790
5511991953825
5511991953853
5511991953891
5511991953897
5511991953900
5511991953901
5511991953902
5511991953908
5511991953941
5511991953944
5511991953946
5511991953968
5511991953969
5511991953974
5511991953982
5511991953988
5511991953994
5511991954005
5511991954010
5511991954036
5511991954061
5511991954077
5511991954079
5511991954089
5511991954098
5511991954102
5511991954117
5511991954122
5511991954149
5511991954155
5511991954176
5511991954189
5511991954197
5511991954200
5511991954229
5511991954237
5511991954243
5511991954266
5511991954268
5511991954287
5511991954320
5511991954321
5511991954345
5511991954365
5511991954369
5511991954374
5511991954378
5511991954379
5511991954386
5511991954400
5511991954402
5511991954411
5511991954416
5511991954423
5511991954435
5511991954437
5511991954457
5511991954463
5511991954474
5511991954478
5511991954487
5511991954507
5511991954524
5511991954525
5511991954529
5511991954550
5511991954558
5511991954559
5511991954561
5511991954571
5511991954573
5511991954574
5511991954587
5511991954596
5511991954599
5511991954606
5511991954623
5511991954669
5511991954704
5511991954712
5511991954721
5511991954726
5511991954743
5511991954746
5511991954747
5511991954749
5511991954760
5511991954763
5511991954766
5511991954767
5511991954769
5511991954788
5511991954810
5511991954831
5511991954848
5511991954869
5511991954885
5511991954903
5511991954904
5511991954907
5511991954910
5511991954923
5511991954949
5511991954954
5511991954955
5511991954957
5511991954960
5511991954962
5511991954967
5511991954969
5511991954975
5511991955000
5511991955014
5511991955017
5511991955023
5511991955027
5511991955055
5511991955067
5511991955069
5511991955085
5511991955089
5511991955098
5511991955107
5511991955139
5511991955145
5511991955187
5511991955190
5511991955197
5511991955205
5511991955216
5511991955230
5511991955242
5511991955278
5511991955289
5511991955340
5511991955341
5511991955349
5511991955352
5511991955368
5511991955374
5511991955377
5511991955379
5511991955381
5511991955392
5511991955416
5511991955423
5511991955430
5511991955441
5511991955446
5511991955453
5511991955457
5511991955461
5511991955465
5511991955478
5511991955481
5511991955488
5511991955489
5511991955493
5511991955514
5511991955522
5511991955525
5511991955583
5511991955612
5511991955646
5511991955652
5511991955654
5511991955656
5511991955660
5511991955672
5511991955676
5511991955684
5511991955705
5511991955706
5511991955708
5511991955737
5511991955741
5511991955742
5511991955748
5511991955759
5511991955763
5511991955768
5511991955777
5511991955797
5511991955832
5511991955834
5511991955875
5511991955882
5511991955933
5511991955935
5511991955936
5511991955957
5511991955968
5511991955973
5511991956005
5511991956023
5511991956030
5511991956051
5511991956058
5511991956092
5511991956136
5511991956141
5511991956151
5511991956165
5511991956185
5511991956186
5511991956189
5511991956210
5511991956213
5511991956225
5511991956228
5511991956232
5511991956234
5511991956235
5511991956250
5511991956257
5511991956272
5511991956292
5511991956333
5511991956335
5511991956347
5511991956350
5511991956378
5511991956382
5511991956412
5511991956429
5511991956432
5511991956434
5511991956444
5511991956445
5511991956454
5511991956462
5511991956469
5511991956512
5511991956516
5511991956555
5511991956559
5511991956571
5511991956574
5511991956575
5511991956595
5511991956619
5511991956635
5511991956640
5511991956648
5511991956660
5511991956667
5511991956668
5511991956679
5511991956692
5511991956698
5511991956704
5511991956705
5511991956715
5511991956718
5511991956730
5511991956738
5511991956767
5511991956772
5511991956798
5511991956809
5511991956830
5511991956836
5511991956858
5511991956874
5511991956875
5511991956893
5511991956933
5511991956938
5511991956940
5511991956953
5511991956959
5511991956970
5511991957007
5511991957013
5511991957018
5511991957023
5511991957025
5511991957026
5511991957032
5511991957033
5511991957034
5511991957035
5511991957039
5511991957046
5511991957049
5511991957057
5511991957065
5511991957072
5511991957082
5511991957083
5511991957084
5511991957104
5511991957112
5511991957113
5511991957114
5511991957128
5511991957129
5511991957143
5511991957144
5511991957168
5511991957186
5511991957190
5511991957201
5511991957223
5511991957225
5511991957240
5511991957243
5511991957293
5511991957300
5511991957301
5511991957313
5511991957320
5511991957330
5511991957369
5511991957392
5511991957396
5511991957430
5511991957431
5511991957447
5511991957452
5511991957497
5511991957506
5511991957509
5511991957514
5511991957547
5511991957558
5511991957566
5511991957569
5511991957577
5511991957580
5511991957585
5511991957594
5511991957611
5511991957614
5511991957624
5511991957655
5511991957664
5511991957665
5511991957671
5511991957680
5511991957693
5511991957712
5511991957714
5511991957767
5511991957799
5511991957815
5511991957818
5511991957830
5511991957857
5511991957883
5511991957891
5511991957912
5511991957933
5511991957954
5511991957956
5511991957965
5511991957966
5511991957970
5511991957985
5511991957998
5511991958025
5511991958033
5511991958034
5511991958040
5511991958084
5511991958085
5511991958097
5511991958106
5511991958122
5511991958124
5511991958128
5511991958133
5511991958157
5511991958159
5511991958162
5511991958163
5511991958172
5511991958182
5511991958190
5511991958195
5511991958212
5511991958218
5511991958223
5511991958228
5511991958258
5511991958274
5511991958277
5511991958284
5511991958288
5511991958295
5511991958302
5511991958305
5511991958309
5511991958354
5511991958360
5511991958373
5511991958414
5511991958417
5511991958418
