5511984986859
5511984986874
5511984986939
5511984986993
5511984987006
5511984987025
5511984987041
5511984987257
5511984987381
5511984987401
5511984987600
5511984987656
5511984987752
5511984988071
5511984988117
5511984988313
5511984988396
5511984988397
5511984988401
5511984988491
5511984988498
5511984988513
5511984988568
5511984988606
5511984988784
5511984988797
5511984988833
5511984988852
5511984988984
5511984989008
5511984989014
5511984989038
5511984989128
5511984989170
5511984989271
5511984989342
5511984989484
5511984989683
5511984989690
5511984989741
5511984989772
5511984989879
5511984989885
5511984990055
5511984990087
5511984990111
5511984990127
5511984990245
5511984990272
5511984990325
5511984990518
5511984990545
5511984990546
5511984990561
5511984990724
5511984990822
5511984990897
5511984990899
5511984990989
5511984991113
5511984991244
5511984991280
5511984991371
5511984991454
5511984991515
5511984991585
5511984991586
5511984991614
5511984991636
5511984991726
5511984991740
5511984991805
5511984991875
5511984991965
5511984991991
5511984991997
5511984992035
5511984992051
5511984992067
5511984992080
5511984992086
5511984992171
5511984992183
5511984992274
5511984992342
5511984992352
5511984992388
5511984992655
5511984992656
5511984992661
5511984992694
5511984992708
5511984992745
5511984992772
5511984992807
5511984992843
5511984992853
5511984992857
5511984992937
5511984992952
5511984992967
5511984992975
5511984993133
5511984993195
5511984993249
5511984993307
5511984993344
5511984993394
5511984993466
5511984993485
5511984993518
5511984993546
5511984993617
5511984993635
5511984993749
5511984993863
5511984993975
5511984994101
5511984994106
5511984994128
5511984994174
5511984994253
5511984994254
5511984994429
5511984994584
5511984994595
5511984994599
5511984994601
5511984994650
5511984994668
5511984994697
5511984994798
5511984994956
5511984994996
5511984994997
5511984995002
5511984995079
5511984995090
5511984995167
5511984995245
5511984995295
5511984995350
5511984995416
5511984995470
5511984995530
5511984995575
5511984995587
5511984995656
5511984995684
5511984995821
5511984995865
5511984996000
5511984996005
5511984996011
5511984996309
5511984996339
5511984996626
5511984996634
5511984996697
5511984996913
5511984997022
5511984997257
5511984997297
5511984997320
5511984997323
5511984997466
5511984997560
5511984997757
5511984997845
5511984997851
5511984997910
5511984997987
5511984998155
5511984998199
5511984998234
5511984998255
5511984998310
5511984998329
5511984998331
5511984998355
5511984998361
5511984998417
5511984998449
5511984998581
5511984998727
5511984998763
5511984998764
5511984998788
5511984998793
5511984998866
5511984998885
5511984998947
5511984998976
5511984999107
5511984999208
5511984999265
5511984999280
5511984999361
5511984999372
5511984999381
5511984999472
5511984999576
5511984999618
5511984999658
5511984999695
5511984999819
5511984999824
5511984999950
5511984999974
5511985000176
5511985000326
5511985000383
5511985000515
5511985000628
5511985000790
5511985001201
5511985001351
5511985001637
5511985001673
5511985001804
5511985001876
5511985002145
5511985002176
5511985002433
5511985002542
5511985002660
5511985002677
5511985002680
5511985002847
5511985002895
5511985002963
5511985003126
5511985003135
5511985003166
5511985003314
5511985003428
5511985003675
5511985003698
5511985003815
5511985003896
5511985003920
5511985003940
5511985003960
5511985004199
5511985004332
5511985004348
5511985004349
5511985004430
5511985004448
5511985004498
5511985004592
5511985004617
5511985004893
5511985004984
5511985005036
5511985005071
5511985005266
5511985005311
5511985005443
5511985005559
5511985005573
5511985005771
5511985005818
5511985005928
5511985005970
5511985006247
5511985006274
5511985006305
5511985006343
5511985006399
5511985006706
5511985006763
5511985006807
5511985006828
5511985006895
5511985007003
5511985007010
5511985007063
5511985007261
5511985007285
5511985007316
5511985007458
5511985007717
5511985008046
5511985008130
5511985008176
5511985008282
5511985008493
5511985008621
5511985008680
5511985008938
5511985008939
5511985009324
5511985009328
5511985009404
5511985009429
5511985009496
5511985009533
5511985009555
5511985009585
5511985009587
5511985009752
5511985009794
5511985009870
5511985010029
5511985010110
5511985010167
5511985010172
5511985010195
5511985010253
5511985010278
5511985010325
5511985010385
5511985010570
5511985010723
5511985010824
5511985010848
5511985011557
5511985011717
5511985011743
5511985011850
5511985011979
5511985011994
5511985012020
5511985012067
5511985012070
5511985012082
5511985012119
5511985012170
5511985012269
5511985012305
5511985012441
5511985012641
5511985012653
5511985012666
5511985012673
5511985012723
5511985012733
5511985012785
5511985012929
5511985012944
5511985012966
5511985012976
5511985013092
5511985013120
5511985013147
5511985013286
5511985013368
5511985013401
5511985013444
5511985013445
5511985013543
5511985013576
5511985013597
5511985013799
5511985013823
5511985013842
5511985013903
5511985014030
5511985014055
5511985014062
5511985014069
5511985014088
5511985014116
5511985014120
5511985014182
5511985014205
5511985014394
5511985014458
5511985014469
5511985014767
5511985014771
5511985014933
5511985015063
5511985015100
5511985015124
5511985015281
5511985015308
5511985015377
5511985015534
5511985015536
5511985015610
5511985015756
5511985016110
5511985016176
5511985016398
5511985016415
5511985016595
5511985016707
5511985016710
5511985016711
5511985016729
5511985016794
5511985016847
5511985016862
5511985016884
5511985016949
5511985016973
5511985016999
5511985017057
5511985017058
5511985017101
5511985017142
5511985017358
5511985017368
5511985017395
5511985017497
5511985017537
5511985017597
5511985017610
5511985017865
5511985017890
5511985017933
5511985017943
5511985017998
5511985018010
5511985018027
5511985018093
5511985018100
5511985018171
5511985018176
5511985018209
5511985018250
5511985018292
5511985018363
5511985018443
5511985018474
5511985018510
5511985018547
5511985018742
5511985018748
5511985018831
5511985018890
5511985018985
5511985019006
5511985019025
5511985019047
5511985019252
5511985019332
5511985019403
5511985019457
5511985019485
5511985019557
5511985019677
5511985019744
5511985019751
5511985019793
5511985019946
5511985019978
5511985020280
5511985020377
5511985020391
5511985020642
5511985020669
5511985020713
5511985020797
5511985020949
5511985020953
5511985021163
5511985021207
5511985021395
5511985021403
5511985021517
5511985021541
5511985021591
5511985021606
5511985021619
5511985021683
5511985021788
5511985021837
5511985022000
5511985022048
5511985022069
5511985022101
5511985022214
5511985022280
5511985022309
5511985022340
5511985022383
5511985022386
5511985022433
5511985022479
5511985022537
5511985022601
5511985022616
5511985022634
5511985022648
5511985022649
5511985022818
5511985022890
5511985022908
5511985023103
5511985023318
5511985023334
5511985023439
5511985023484
5511985023491
5511985023510
5511985023579
5511985023619
5511985023758
5511985023806
5511985023996
5511985024027
5511985024035
5511985024209
5511985024368
5511985024394
5511985024423
5511985024428
5511985024434
5511985024439
5511985024463
5511985024502
5511985024599
5511985024666
5511985024680
5511985024683
5511985024726
5511985024850
5511985024894
5511985025042
5511985025044
5511985025120
5511985025124
5511985025181
5511985025216
5511985025303
5511985025551
5511985025560
5511985025617
5511985025659
5511985025680
5511985025859
5511985025937
5511985026002
5511985026004
5511985026010
5511985026026
5511985026095
5511985026131
5511985026132
5511985026140
5511985026225
5511985026291
5511985026312
5511985026313
5511985026323
5511985026328
5511985026350
5511985026459
5511985026487
5511985026530
5511985026693
5511985026707
5511985026758
5511985026890
5511985026926
5511985026996
5511985027067
5511985027107
5511985027122
5511985027182
5511985027266
5511985027422
5511985027443
5511985027552
5511985027577
5511985027578
5511985027685
5511985027718
5511985027770
5511985027830
5511985027855
5511985027976
5511985027991
5511985028005
5511985028103
5511985028131
5511985028174
5511985028221
5511985028501
5511985028522
5511985028530
5511985028565
5511985028584
5511985028630
5511985028640
5511985028719
5511985028722
5511985028724
5511985028885
5511985028910
5511985028973
5511985029002
5511985029146
5511985029188
5511985029201
5511985029255
5511985029284
5511985029336
5511985029352
5511985029497
5511985029599
5511985029621
5511985029626
5511985029794
5511985029868
5511985029961
5511985029968
5511985030006
5511985030033
5511985030232
5511985030256
5511985030273
5511985030340
5511985030350
5511985030351
5511985030360
5511985030379
5511985030394
5511985030594
5511985030676
5511985030694
5511985030717
5511985030744
5511985030752
5511985030777
5511985030785
5511985030804
5511985030845
5511985030861
5511985030942
5511985030965
5511985030976
5511985030992
5511985031011
5511985031089
5511985031098
5511985031150
5511985031216
5511985031236
5511985031242
5511985031248
5511985031555
5511985031763
5511985031798
5511985031803
5511985031822
5511985031858
5511985031885
5511985031902
5511985032000
5511985032028
5511985032031
5511985032122
5511985032249
5511985032337
5511985032463
5511985032512
5511985032514
5511985032566
5511985032607
5511985032799
5511985032809
5511985033044
5511985033058
5511985033141
5511985033275
5511985033329
5511985033459
5511985033473
5511985033556
5511985033821
5511985033825
5511985033976
5511985034069
5511985034209
5511985034254
5511985034391
5511985034412
5511985034467
5511985034548
5511985034668
5511985034763
5511985034785
5511985035031
5511985035050
5511985035121
5511985035145
5511985035168
5511985035179
5511985035204
5511985035207
5511985035215
5511985035303
5511985035314
5511985035338
5511985035403
5511985035412
5511985035486
5511985035641
5511985035861
5511985035929
5511985035973
5511985036045
5511985036067
5511985036086
5511985036121
5511985036285
5511985036330
5511985036403
5511985036423
5511985036451
5511985036461
5511985036570
5511985036582
5511985036673
5511985036803
5511985036807
5511985036963
5511985037021
5511985037161
5511985037169
5511985037258
5511985037274
5511985037363
5511985037506
5511985037518
5511985037690
5511985037702
5511985037724
5511985037780
5511985037844
5511985037879
5511985038004
5511985038019
5511985038109
5511985038132
5511985038190
5511985038435
5511985038510
5511985038515
5511985038558
5511985038570
5511985038630
5511985038689
5511985038741
5511985038772
5511985038992
5511985039004
5511985039045
5511985039119
5511985039120
5511985039122
5511985039329
5511985039544
5511985039623
5511985039652
5511985039732
5511985039742
5511985039814
5511985039842
5511985040005
5511985040020
5511985040055
5511985040071
5511985040093
5511985040111
5511985040236
5511985040245
5511985040271
5511985040356
5511985040378
5511985040420
5511985040491
5511985040631
5511985040636
5511985040710
5511985040722
5511985040773
5511985040808
5511985040884
5511985040915
5511985040958
5511985041062
5511985041079
5511985041102
5511985041215
5511985041394
5511985041503
5511985041553
5511985041598
5511985041600
5511985041664
5511985041719
5511985041879
5511985041892
5511985041945
5511985041975
5511985042013
5511985042069
5511985042222
5511985042397
5511985042489
5511985042515
5511985042586
5511985042588
5511985042796
5511985042826
5511985042891
5511985042921
5511985042997
5511985043090
5511985043099
5511985043105
5511985043130
5511985043145
5511985043157
5511985043178
5511985043312
5511985043430
5511985043496
5511985043528
5511985043596
5511985043796
5511985043841
5511985043958
5511985043970
5511985044008
5511985044047
5511985044073
5511985044108
5511985044127
5511985044208
5511985044369
5511985044378
5511985044389
5511985044444
5511985044457
5511985044461
5511985044495
5511985044501
5511985044534
5511985044557
5511985044572
5511985044590
5511985044683
5511985044729
5511985044739
5511985044745
5511985044747
5511985044754
5511985044818
5511985044837
5511985045096
5511985045144
5511985045202
5511985045280
5511985045300
5511985045346
5511985045350
5511985045360
5511985045419
5511985045500
5511985045505
5511985045608
5511985045734
5511985045829
5511985045845
5511985045880
5511985046106
5511985046206
5511985046234
5511985046308
5511985046327
5511985046344
5511985046366
5511985046372
5511985046500
5511985046544
5511985046552
5511985046746
5511985046769
5511985046940
5511985047060
5511985047100
5511985047103
5511985047139
5511985047244
5511985047262
5511985047318
5511985047371
5511985047400
5511985047428
5511985047456
5511985047470
5511985047536
5511985047546
5511985047789
5511985047842
5511985047888
5511985047939
5511985048044
5511985048058
5511985048208
5511985048265
5511985048283
5511985048353
5511985048420
5511985048451
5511985048511
5511985048699
5511985048705
5511985048719
5511985048721
5511985048866
5511985048912
5511985048929
5511985049324
5511985049345
5511985049382
5511985049412
5511985049560
5511985049576
5511985049583
5511985049785
5511985049828
5511985049904
5511985049929
5511985049991
5511985049999
5511985050035
5511985050054
5511985050101
5511985050114
5511985050120
5511985050121
5511985050199
5511985050202
5511985050230
5511985050309
5511985050362
5511985050378
5511985050427
5511985050505
5511985050520
5511985050550
5511985050602
5511985050621
5511985050624
5511985050707
5511985050798
5511985050831
5511985050975
5511985051004
5511985051067
5511985051100
5511985051141
5511985051154
5511985051171
5511985051190
5511985051281
5511985051293
5511985051294
5511985051338
5511985051384
5511985051437
5511985051495
5511985051556
5511985051683
5511985051726
5511985051732
5511985051734
5511985051811
5511985051871
5511985051890
5511985051940
5511985052024
5511985052131
5511985052134
5511985052144
5511985052252
5511985052300
5511985052602
5511985052750
5511985052806
5511985052813
5511985052855
5511985052940
5511985053323
5511985053340
5511985053437
5511985053440
5511985053525
5511985053577
5511985053600
5511985053668
5511985053728
5511985053751
5511985053753
5511985053763
5511985053818
5511985053825
5511985053831
5511985053836
5511985053901
5511985053913
5511985054039
5511985054053
5511985054059
5511985054092
5511985054116
5511985054135
5511985054150
5511985054175
5511985054426
5511985054469
5511985054548
5511985054640
5511985054695
5511985054765
5511985054768
5511985054899
5511985054900
5511985055054
5511985055056
5511985055070
5511985055074
5511985055080
5511985055171
5511985055262
5511985055358
5511985055418
5511985055493
5511985055533
5511985055617
5511985055630
5511985055683
5511985055783
5511985055806
5511985055878
5511985055919
5511985056077
5511985056089
5511985056149
5511985056187
5511985056190
5511985056236
5511985056350
5511985056510
5511985056591
5511985056733
5511985056827
5511985056855
5511985056936
5511985056944
5511985056953
5511985057139
5511985057148
5511985057152
5511985057211
5511985057286
5511985057380
5511985057574
5511985057627
5511985057656
5511985057694
5511985057699
5511985057732
5511985057755
5511985057800
5511985057821
5511985057847
5511985057881
5511985057954
5511985057964
5511985057968
5511985057981
5511985058118
5511985058239
5511985058249
5511985058319
5511985058389
5511985058531
5511985058664
5511985058687
5511985058738
5511985058960
5511985058968
5511985059090
5511985059098
5511985059115
5511985059158
5511985059243
5511985059282
5511985059368
5511985059370
5511985059444
5511985059524
5511985059726
5511985059728
5511985059735
5511985059995
5511985059997
5511985060145
5511985060186
5511985060202
5511985060221
5511985060241
5511985060286
5511985060483
5511985060486
5511985060555
5511985060590
5511985060610
5511985060623
5511985060952
5511985060985
5511985061004
5511985061027
5511985061028
5511985061125
5511985061190
5511985061225
5511985061293
5511985061355
5511985061449
5511985061474
5511985061475
5511985061501
5511985061586
5511985061605
5511985061616
5511985061768
5511985061887
5511985061973
5511985062051
5511985062062
5511985062078
5511985062082
5511985062118
5511985062184
5511985062219
5511985062243
5511985062320
5511985062424
5511985062439
5511985062602
5511985062625
5511985062669
5511985062754
5511985062783
5511985062804
5511985062816
5511985062888
5511985062919
5511985062927
5511985063050
5511985063068
5511985063224
5511985063375
5511985063445
5511985063449
5511985063472
5511985063496
5511985063727
5511985063806
5511985063896
5511985063977
5511985063999
5511985064008
5511985064030
5511985064060
5511985064168
5511985064255
5511985064307
5511985064347
5511985064356
5511985064374
5511985064523
5511985064713
5511985064802
5511985064824
5511985064828
5511985064978
5511985065061
5511985065162
5511985065236
5511985065246
5511985065273
5511985065326
5511985065339
5511985065368
5511985065372
5511985065385
5511985065415
5511985065487
5511985065521
5511985065540
5511985065723
5511985065777
5511985065964
5511985065982
5511985065986
5511985066000
5511985066041
5511985066089
5511985066105
5511985066159
5511985066175
5511985066193
5511985066241
5511985066257
5511985066330
5511985066348
5511985066397
5511985066409
5511985066420
5511985066439
5511985066480
5511985066714
5511985066920
5511985066953
5511985066967
5511985066969
5511985067020
5511985067070
5511985067327
5511985067446
5511985067469
5511985067611
5511985067618
5511985067737
5511985067804
5511985067868
5511985068005
5511985068043
5511985068048
5511985068081
5511985068082
5511985068172
5511985068208
5511985068262
5511985068385
5511985068406
5511985068445
5511985068455
5511985068487
5511985068528
5511985068654
5511985068663
5511985068701
5511985068718
5511985068828
5511985068892
5511985068924
5511985069019
5511985069108
5511985069169
5511985069302
5511985069311
5511985069412
5511985069419
5511985069511
5511985069527
5511985069565
5511985069619
5511985069810
5511985069888
5511985069999
5511985070000
5511985070046
5511985070238
5511985070240
5511985070315
5511985070460
5511985070552
5511985070607
5511985070618
5511985070657
5511985070700
5511985070802
5511985070804
5511985070809
5511985070908
5511985071024
5511985071030
5511985071041
5511985071051
5511985071322
5511985071430
5511985071517
5511985071525
5511985071656
5511985071685
5511985071855
5511985071967
5511985072029
5511985072097
5511985072119
5511985072247
5511985072274
5511985072287
5511985072370
5511985072611
5511985072648
5511985072677
5511985072748
5511985072820
5511985072880
5511985072921
5511985073028
5511985073139
5511985073163
5511985073181
5511985073224
5511985073253
5511985073263
5511985073446
5511985073837
5511985073863
5511985073971
5511985073972
5511985073987
5511985074016
5511985074067
5511985074101
5511985074166
5511985074260
5511985074327
5511985074331
5511985074491
5511985074550
5511985074678
5511985074690
5511985074692
5511985074772
5511985074808
5511985074833
5511985074981
5511985075006
5511985075064
5511985075126
5511985075137
5511985075173
5511985075174
5511985075233
5511985075267
5511985075368
5511985075410
5511985075489
5511985075572
5511985075720
5511985075781
5511985075858
5511985075880
5511985075884
5511985076012
5511985076201
5511985076235
5511985076385
5511985076499
5511985076525
5511985076561
5511985076757
5511985076776
5511985076798
5511985076812
5511985076815
5511985076882
5511985076893
5511985076908
5511985076998
5511985077002
5511985077136
5511985077153
5511985077227
5511985077384
5511985077440
5511985077528
5511985077531
5511985077617
5511985077624
5511985077633
5511985077658
5511985077688
5511985077765
5511985077820
5511985077875
5511985077965
5511985077985
5511985078008
5511985078041
5511985078094
5511985078124
5511985078128
5511985078141
5511985078176
5511985078183
5511985078215
5511985078288
5511985078548
5511985078770
5511985078847
5511985078935
5511985079107
5511985079315
5511985079321
5511985079425
5511985079467
5511985079476
5511985079521
5511985079711
5511985079712
5511985079858
5511985079905
5511985079929
5511985080000
5511985080003
5511985080004
5511985080006
5511985080035
5511985080054
5511985080062
5511985080268
5511985080280
5511985080298
5511985080320
5511985080361
5511985080475
5511985080571
5511985080633
5511985080640
5511985080679
5511985080709
5511985080854
5511985080887
5511985080959
5511985081002
5511985081011
5511985081043
5511985081108
5511985081119
5511985081151
5511985081152
5511985081216
5511985081248
5511985081252
5511985081282
5511985081315
5511985081320
5511985081435
5511985081443
5511985081521
5511985081535
5511985081556
5511985081931
5511985082053
5511985082129
5511985082145
5511985082185
5511985082213
5511985082280
5511985082398
5511985082495
5511985082514
5511985082529
5511985082576
5511985082606
5511985082710
5511985082810
5511985082841
5511985083003
5511985083022
5511985083029
5511985083147
5511985083182
5511985083198
5511985083223
5511985083380
5511985083411
5511985083557
5511985083704
5511985083732
5511985083778
5511985083833
5511985083910
5511985084076
5511985084100
5511985084105
5511985084119
5511985084177
5511985084513
5511985084517
5511985084531
5511985084545
5511985084551
5511985084570
5511985084579
5511985084648
5511985084664
5511985084815
5511985084939
5511985084981
5511985084993
5511985085011
5511985085018
5511985085043
5511985085093
5511985085168
5511985085276
5511985085311
5511985085380
5511985085386
5511985085423
5511985085428
5511985085463
5511985085475
5511985085493
5511985085608
5511985085657
5511985085718
5511985085766
5511985085779
5511985085881
5511985085885
5511985085992
5511985086033
5511985086066
5511985086357
5511985086441
5511985086503
5511985086525
5511985086587
5511985086638
5511985087078
5511985087099
5511985087126
5511985087184
5511985087266
5511985087296
5511985087427
5511985087559
5511985087561
5511985087585
5511985087593
5511985087662
5511985087698
5511985087752
5511985087802
5511985087896
5511985087898
5511985087915
5511985087996
5511985088115
5511985088199
5511985088253
5511985088278
5511985088316
5511985088398
5511985088403
5511985088507
5511985088509
5511985088577
5511985088670
5511985088943
5511985088976
5511985088977
5511985089150
5511985089179
5511985089190
5511985089214
5511985089295
5511985089439
5511985089518
5511985089529
5511985089591
5511985089622
5511985089634
5511985089651
5511985089823
5511985089870
5511985089949
5511985089999
5511985090009
5511985090010
5511985090039
5511985090121
5511985090152
5511985090181
5511985090296
5511985090321
5511985090364
5511985090424
5511985090431
5511985090454
5511985090496
5511985090515
5511985090541
5511985090545
5511985090610
5511985090616
5511985090717
5511985090820
5511985090823
5511985090863
5511985090957
5511985090980
5511985090993
5511985091021
5511985091027
5511985091086
5511985091100
5511985091103
5511985091106
5511985091183
5511985091202
5511985091325
5511985091371
5511985091379
5511985091392
5511985091430
5511985091462
5511985091521
5511985091580
5511985091582
5511985091682
5511985091726
5511985091775
5511985091810
5511985091868
5511985091993
5511985092008
5511985092035
5511985092068
5511985092071
5511985092106
5511985092145
5511985092241
5511985092305
5511985092382
5511985092428
5511985092460
5511985092474
5511985092563
5511985092669
5511985092764
5511985092849
5511985092901
5511985092925
5511985092953
5511985093007
5511985093024
5511985093030
5511985093085
5511985093087
5511985093109
5511985093251
5511985093293
5511985093323
5511985093336
5511985093373
5511985093480
5511985093486
5511985093620
5511985093687
5511985093695
5511985093798
5511985093808
5511985093907
5511985094170
5511985094171
5511985094208
5511985094363
5511985094368
5511985094380
5511985094493
5511985094495
5511985094502
5511985094518
5511985094611
5511985094706
5511985094983
5511985094996
5511985095131
5511985095200
5511985095220
5511985095250
5511985095367
5511985095720
5511985095736
5511985095940
5511985095950
5511985095988
5511985096024
5511985096080
5511985096098
5511985096127
5511985096217
5511985096303
5511985096454
5511985096572
5511985096582
5511985096910
5511985096916
5511985096938
5511985096949
5511985097063
5511985097079
5511985097119
5511985097132
5511985097135
5511985097267
5511985097352
5511985097511
5511985097562
5511985097649
5511985097746
5511985097829
5511985097843
5511985098136
5511985098143
5511985098333
5511985098562
5511985098888
5511985098927
5511985099115
5511985099119
5511985099141
5511985099163
5511985099188
5511985099466
5511985099469
5511985099472
5511985099476
5511985099479
5511985099495
5511985099773
5511985099821
5511985099909
5511985099986
5511985100223
5511985100494
5511985100631
5511985100792
5511985100908
5511985100968
5511985100988
5511985101036
5511985101053
5511985101280
5511985101586
5511985101622
5511985101654
5511985101718
5511985101917
5511985102101
5511985102232
5511985102431
5511985102556
5511985102613
5511985102619
5511985102889
5511985103012
5511985103017
5511985103085
5511985103307
5511985103631
5511985103632
5511985103665
5511985103718
5511985103727
5511985103886
5511985103996
5511985104212
5511985104354
5511985104378
5511985104545
5511985104843
5511985104974
5511985105007
5511985105091
5511985105097
5511985105194
5511985105417
5511985105532
5511985105549
5511985105711
5511985105789
5511985105844
5511985105879
5511985105899
5511985106330
5511985106439
5511985106458
5511985106531
5511985106602
5511985106612
5511985106639
5511985106660
5511985106696
5511985106932
5511985106963
5511985107105
5511985107214
5511985107368
5511985107373
5511985107653
5511985107741
5511985107826
5511985107845
5511985107971
5511985107997
5511985108151
5511985108424
5511985108532
5511985108539
5511985108802
5511985108904
5511985108913
5511985108973
5511985109119
5511985109734
5511985109930
5511985109966
5511985109984
5511985110005
5511985110008
5511985110104
5511985110164
5511985110165
5511985110265
5511985110276
5511985110378
5511985110575
5511985110603
5511985110675
5511985110700
5511985110735
5511985110844
5511985111160
5511985111162
5511985111171
5511985111217
5511985111336
5511985111369
5511985111413
5511985111418
5511985111549
5511985111565
5511985111570
5511985111680
5511985111684
5511985111780
5511985111807
5511985111865
5511985111934
5511985111973
5511985112030
5511985112033
5511985112059
5511985112117
5511985112136
5511985112152
5511985112277
5511985112454
5511985112548
5511985112613
5511985112619
5511985112630
5511985112645
5511985112818
5511985112900
5511985113057
5511985113103
5511985113111
5511985113148
5511985113254
5511985113258
5511985113310
5511985113452
5511985113488
5511985113553
5511985113687
5511985113778
5511985113811
5511985113852
5511985113864
5511985114056
5511985114160
5511985114248
5511985114268
5511985114295
5511985114345
5511985114388
5511985114451
5511985114454
5511985114464
5511985114488
5511985114592
5511985114674
5511985114689
5511985114754
5511985114915
5511985114948
5511985115015
5511985115166
5511985115228
5511985115279
5511985115335
5511985115462
5511985115478
5511985115487
5511985115553
5511985115590
5511985115855
5511985115932
5511985115964
5511985116080
5511985116089
5511985116233
5511985116268
5511985116302
5511985116380
5511985116436
5511985116455
5511985116502
5511985116511
5511985116574
5511985116614
5511985116634
5511985116715
5511985116738
5511985116862
5511985116872
5511985116912
5511985116958
5511985116962
5511985116963
5511985116966
5511985117024
5511985117063
5511985117108
5511985117146
5511985117328
5511985117404
5511985117535
5511985117537
5511985117550
5511985117597
5511985117605
5511985117717
5511985117776
5511985117894
5511985118015
5511985118380
5511985118452
5511985118503
5511985118526
5511985118531
5511985118604
5511985118659
5511985118666
5511985118718
5511985118782
5511985118793
5511985118898
5511985119025
5511985119090
5511985119136
5511985119222
5511985119299
5511985119344
5511985119441
5511985119502
5511985119582
5511985119609
5511985119757
5511985119842
5511985119956
5511985119972
5511985120020
5511985120086
5511985120135
5511985120149
5511985120227
5511985120413
5511985120463
5511985120467
5511985120499
5511985120595
5511985120675
5511985120723
5511985120758
5511985120951
5511985121221
5511985121509
5511985121567
5511985121585
