5511991362014
5511991362018
5511991362022
5511991362031
5511991362054
5511991362071
5511991362074
5511991362099
5511991362120
5511991362127
5511991362128
5511991362129
5511991362135
5511991362154
5511991362157
5511991362161
5511991362189
5511991362193
5511991362197
5511991362202
5511991362212
5511991362215
5511991362220
5511991362244
5511991362281
5511991362300
5511991362321
5511991362322
5511991362328
5511991362334
5511991362367
5511991362376
5511991362381
5511991362383
5511991362394
5511991362412
5511991362432
5511991362434
5511991362445
5511991362447
5511991362456
5511991362457
5511991362468
5511991362474
5511991362478
5511991362490
5511991362532
5511991362534
5511991362544
5511991362547
5511991362559
5511991362562
5511991362563
5511991362567
5511991362570
5511991362587
5511991362594
5511991362599
5511991362607
5511991362624
5511991362666
5511991362668
5511991362686
5511991362693
5511991362698
5511991362703
5511991362707
5511991362710
5511991362717
5511991362727
5511991362736
5511991362745
5511991362760
5511991362775
5511991362795
5511991362797
5511991362803
5511991362810
5511991362811
5511991362838
5511991362840
5511991362858
5511991362864
5511991362911
5511991362919
5511991362934
5511991362947
5511991362957
5511991362986
5511991363003
5511991363010
5511991363011
5511991363032
5511991363061
5511991363069
5511991363070
5511991363074
5511991363089
5511991363092
5511991363100
5511991363129
5511991363130
5511991363133
5511991363134
5511991363150
5511991363156
5511991363160
5511991363171
5511991363181
5511991363190
5511991363229
5511991363236
5511991363238
5511991363240
5511991363258
5511991363260
5511991363269
5511991363280
5511991363294
5511991363298
5511991363300
5511991363310
5511991363314
5511991363337
5511991363341
5511991363368
5511991363405
5511991363409
5511991363413
5511991363420
5511991363431
5511991363443
5511991363459
5511991363470
5511991363473
5511991363475
5511991363528
5511991363540
5511991363555
5511991363556
5511991363565
5511991363571
5511991363591
5511991363620
5511991363624
5511991363630
5511991363638
5511991363641
5511991363643
5511991363660
5511991363691
5511991363706
5511991363707
5511991363708
5511991363709
5511991363713
5511991363719
5511991363722
5511991363724
5511991363761
5511991363762
5511991363779
5511991363784
5511991363792
5511991363795
5511991363806
5511991363807
5511991363815
5511991363823
5511991363839
5511991363847
5511991363850
5511991363866
5511991363869
5511991363876
5511991363879
5511991363887
5511991363896
5511991363901
5511991363906
5511991363936
5511991363940
5511991363944
5511991363953
5511991363957
5511991363978
5511991363983
5511991363985
5511991363989
5511991363991
5511991363997
5511991363998
5511991363999
5511991364000
5511991364003
5511991364018
5511991364019
5511991364037
5511991364038
5511991364040
5511991364052
5511991364085
5511991364099
5511991364112
5511991364114
5511991364118
5511991364122
5511991364140
5511991364147
5511991364174
5511991364185
5511991364189
5511991364202
5511991364205
5511991364207
5511991364211
5511991364218
5511991364231
5511991364253
5511991364272
5511991364282
5511991364289
5511991364290
5511991364292
5511991364297
5511991364302
5511991364306
5511991364319
5511991364321
5511991364333
5511991364343
5511991364350
5511991364374
5511991364375
5511991364381
5511991364398
5511991364409
5511991364424
5511991364425
5511991364429
5511991364430
5511991364454
5511991364456
5511991364465
5511991364495
5511991364523
5511991364530
5511991364538
5511991364557
5511991364569
5511991364605
5511991364628
5511991364630
5511991364634
5511991364654
5511991364659
5511991364676
5511991364680
5511991364692
5511991364715
5511991364719
5511991364725
5511991364740
5511991364744
5511991364760
5511991364774
5511991364775
5511991364793
5511991364800
5511991364804
5511991364809
5511991364816
5511991364819
5511991364837
5511991364847
5511991364853
5511991364861
5511991364871
5511991364880
5511991364882
5511991364892
5511991364904
5511991364914
5511991364920
5511991364967
5511991364992
5511991364994
5511991364999
5511991365011
5511991365012
5511991365048
5511991365054
5511991365056
5511991365058
5511991365064
5511991365074
5511991365076
5511991365093
5511991365147
5511991365159
5511991365162
5511991365164
5511991365165
5511991365167
5511991365192
5511991365194
5511991365200
5511991365221
5511991365230
5511991365244
5511991365251
5511991365263
5511991365271
5511991365279
5511991365288
5511991365302
5511991365318
5511991365320
5511991365333
5511991365337
5511991365343
5511991365377
5511991365384
5511991365398
5511991365411
5511991365438
5511991365442
5511991365450
5511991365454
5511991365455
5511991365456
5511991365473
5511991365490
5511991365499
5511991365508
5511991365531
5511991365541
5511991365549
5511991365561
5511991365566
5511991365615
5511991365686
5511991365688
5511991365690
5511991365702
5511991365711
5511991365714
5511991365724
5511991365742
5511991365749
5511991365759
5511991365770
5511991365777
5511991365790
5511991365797
5511991365798
5511991365812
5511991365842
5511991365884
5511991365889
5511991365898
5511991365899
5511991365923
5511991365934
5511991365941
5511991365956
5511991365963
5511991365974
5511991365983
5511991366020
5511991366027
5511991366033
5511991366060
5511991366070
5511991366075
5511991366085
5511991366107
5511991366145
5511991366150
5511991366173
5511991366197
5511991366207
5511991366229
5511991366242
5511991366249
5511991366257
5511991366272
5511991366273
5511991366278
5511991366297
5511991366301
5511991366321
5511991366327
5511991366328
5511991366336
5511991366349
5511991366354
5511991366355
5511991366377
5511991366404
5511991366406
5511991366421
5511991366439
5511991366441
5511991366443
5511991366458
5511991366460
5511991366468
5511991366477
5511991366489
5511991366518
5511991366533
5511991366542
5511991366550
5511991366552
5511991366553
5511991366556
5511991366560
5511991366575
5511991366584
5511991366604
5511991366607
5511991366613
5511991366614
5511991366660
5511991366661
5511991366699
5511991366717
5511991366740
5511991366747
5511991366756
5511991366772
5511991366785
5511991366789
5511991366807
5511991366808
5511991366858
5511991366880
5511991366904
5511991366912
5511991366946
5511991366947
5511991366950
5511991366994
5511991366998
5511991367000
5511991367001
5511991367011
5511991367032
5511991367060
5511991367068
5511991367099
5511991367106
5511991367127
5511991367142
5511991367166
5511991367177
5511991367188
5511991367195
5511991367200
5511991367203
5511991367205
5511991367245
5511991367267
5511991367278
5511991367309
5511991367338
5511991367351
5511991367352
5511991367357
5511991367366
5511991367372
5511991367374
5511991367378
5511991367403
5511991367430
5511991367438
5511991367445
5511991367459
5511991367478
5511991367481
5511991367490
5511991367498
5511991367507
5511991367534
5511991367554
5511991367571
5511991367586
5511991367589
5511991367601
5511991367603
5511991367605
5511991367608
5511991367609
5511991367615
5511991367617
5511991367629
5511991367640
5511991367649
5511991367665
5511991367684
5511991367688
5511991367695
5511991367742
5511991367747
5511991367794
5511991367804
5511991367806
5511991367814
5511991367827
5511991367851
5511991367961
5511991367982
5511991367985
5511991368001
5511991368006
5511991368014
5511991368038
5511991368045
5511991368056
5511991368061
5511991368069
5511991368081
5511991368086
5511991368092
5511991368110
5511991368128
5511991368130
5511991368144
5511991368149
5511991368153
5511991368161
5511991368166
5511991368182
5511991368183
5511991368186
5511991368192
5511991368229
5511991368246
5511991368248
5511991368249
5511991368251
5511991368256
5511991368292
5511991368309
5511991368318
5511991368325
5511991368330
5511991368383
5511991368401
5511991368402
5511991368420
5511991368446
5511991368477
5511991368479
5511991368495
5511991368514
5511991368538
5511991368545
5511991368554
5511991368557
5511991368603
5511991368605
5511991368619
5511991368638
5511991368642
5511991368649
5511991368677
5511991368717
5511991368732
5511991368740
5511991368742
5511991368754
5511991368757
5511991368768
5511991368785
5511991368790
5511991368801
5511991368819
5511991368855
5511991368967
5511991368991
5511991368992
5511991368997
5511991368998
5511991369012
5511991369013
5511991369023
5511991369030
5511991369039
5511991369047
5511991369079
5511991369096
5511991369128
5511991369144
5511991369150
5511991369173
5511991369188
5511991369203
5511991369254
5511991369277
5511991369279
5511991369291
5511991369292
5511991369340
5511991369341
5511991369358
5511991369367
5511991369376
5511991369410
5511991369452
5511991369487
5511991369506
5511991369512
5511991369514
5511991369521
5511991369525
5511991369575
5511991369591
5511991369602
5511991369617
5511991369625
5511991369645
5511991369655
5511991369657
5511991369661
5511991369664
5511991369668
5511991369674
5511991369683
5511991369686
5511991369687
5511991369710
5511991369711
5511991369715
5511991369730
5511991369734
5511991369736
5511991369747
5511991369789
5511991369814
5511991369824
5511991369836
5511991369870
5511991369876
5511991369880
5511991369898
5511991369901
5511991369926
5511991369932
5511991369938
5511991369962
5511991369965
5511991369966
5511991369999
5511991370019
5511991370027
5511991370029
5511991370035
5511991370070
5511991370082
5511991370107
5511991370110
5511991370115
5511991370117
5511991370125
5511991370148
5511991370187
5511991370189
5511991370193
5511991370199
5511991370215
5511991370217
5511991370235
5511991370239
5511991370270
5511991370280
5511991370306
5511991370314
5511991370324
5511991370339
5511991370342
5511991370345
5511991370352
5511991370356
5511991370359
5511991370366
5511991370388
5511991370410
5511991370413
5511991370430
5511991370474
5511991370490
5511991370498
5511991370514
5511991370522
5511991370568
5511991370569
5511991370576
5511991370599
5511991370611
5511991370612
5511991370615
5511991370625
5511991370637
5511991370643
5511991370652
5511991370656
5511991370686
5511991370689
5511991370695
5511991370706
5511991370722
5511991370730
5511991370734
5511991370741
5511991370773
5511991370775
5511991370780
5511991370802
5511991370816
5511991370827
5511991370836
5511991370843
5511991370848
5511991370850
5511991370880
5511991370884
5511991370908
5511991370921
5511991370949
5511991370964
5511991370968
5511991370974
5511991370981
5511991370994
5511991371000
5511991371004
5511991371006
5511991371051
5511991371066
5511991371079
5511991371081
5511991371084
5511991371087
5511991371103
5511991371120
5511991371123
5511991371128
5511991371134
5511991371145
5511991371191
5511991371205
5511991371216
5511991371247
5511991371248
5511991371252
5511991371258
5511991371277
5511991371283
5511991371299
5511991371307
5511991371312
5511991371314
5511991371327
5511991371337
5511991371341
5511991371345
5511991371363
5511991371371
5511991371376
5511991371378
5511991371379
5511991371389
5511991371407
5511991371412
5511991371427
5511991371431
5511991371432
5511991371451
5511991371453
5511991371477
5511991371478
5511991371502
5511991371529
5511991371532
5511991371536
5511991371550
5511991371587
5511991371594
5511991371599
5511991371602
5511991371608
5511991371636
5511991371641
5511991371646
5511991371651
5511991371657
5511991371658
5511991371691
5511991371716
5511991371723
5511991371744
5511991371756
5511991371777
5511991371782
5511991371806
5511991371813
5511991371834
5511991371863
5511991371875
5511991371883
5511991371885
5511991371894
5511991371895
5511991371901
5511991371912
5511991371933
5511991371945
5511991371954
5511991371964
5511991372001
5511991372043
5511991372060
5511991372064
5511991372065
5511991372070
5511991372097
5511991372105
5511991372123
5511991372128
5511991372132
5511991372135
5511991372150
5511991372196
5511991372205
5511991372219
5511991372230
5511991372234
5511991372235
5511991372242
5511991372292
5511991372299
5511991372302
5511991372318
5511991372324
5511991372325
5511991372327
5511991372334
5511991372346
5511991372347
5511991372381
5511991372386
5511991372407
5511991372419
5511991372429
5511991372439
5511991372451
5511991372455
5511991372466
5511991372467
5511991372469
5511991372475
5511991372487
5511991372491
5511991372513
5511991372535
5511991372546
5511991372547
5511991372551
5511991372590
5511991372604
5511991372606
5511991372630
5511991372632
5511991372674
5511991372676
5511991372691
5511991372704
5511991372708
5511991372714
5511991372754
5511991372757
5511991372831
5511991372845
5511991372875
5511991372880
5511991372882
5511991372885
5511991372886
5511991372890
5511991372903
5511991372904
5511991372919
5511991372921
5511991372942
5511991372956
5511991373014
5511991373023
5511991373042
5511991373051
5511991373055
5511991373066
5511991373102
5511991373116
5511991373123
5511991373134
5511991373188
5511991373195
5511991373204
5511991373214
5511991373255
5511991373290
5511991373308
5511991373318
5511991373322
5511991373344
5511991373345
5511991373346
5511991373355
5511991373357
5511991373374
5511991373377
5511991373378
5511991373382
5511991373393
5511991373416
5511991373436
5511991373456
5511991373477
5511991373479
5511991373505
5511991373508
5511991373513
5511991373519
5511991373523
5511991373525
5511991373531
5511991373536
5511991373562
5511991373584
5511991373597
5511991373598
5511991373621
5511991373624
5511991373626
5511991373639
5511991373644
5511991373659
5511991373666
5511991373668
5511991373681
5511991373686
5511991373690
5511991373695
5511991373702
5511991373705
5511991373754
5511991373755
5511991373790
5511991373800
5511991373808
5511991373809
5511991373812
5511991373814
5511991373825
5511991373830
5511991373845
5511991373851
5511991373875
5511991373877
5511991373883
5511991373898
5511991373914
5511991373916
5511991373932
5511991373942
5511991373959
5511991373983
5511991373990
5511991373998
5511991373999
5511991374005
5511991374009
5511991374014
5511991374029
5511991374036
5511991374040
5511991374049
5511991374053
5511991374093
5511991374096
5511991374105
5511991374113
5511991374127
5511991374133
5511991374142
5511991374145
5511991374154
5511991374158
5511991374161
5511991374166
5511991374195
5511991374208
5511991374262
5511991374276
5511991374289
5511991374315
5511991374326
5511991374349
5511991374355
5511991374384
5511991374390
5511991374433
5511991374441
5511991374447
5511991374455
5511991374463
5511991374465
5511991374488
5511991374489
5511991374490
5511991374502
5511991374517
5511991374532
5511991374542
5511991374554
5511991374564
5511991374580
5511991374591
5511991374594
5511991374596
5511991374611
5511991374613
5511991374614
5511991374615
5511991374617
5511991374622
5511991374642
5511991374643
5511991374650
5511991374653
5511991374668
5511991374679
5511991374683
5511991374686
5511991374695
5511991374706
5511991374711
5511991374716
5511991374722
5511991374724
5511991374728
5511991374739
5511991374752
5511991374753
5511991374763
5511991374766
5511991374776
5511991374777
5511991374786
5511991374794
5511991374802
5511991374810
5511991374852
5511991374869
5511991374882
5511991374906
5511991374913
5511991374924
5511991374929
5511991374931
5511991374942
5511991374950
5511991374955
5511991374960
5511991374962
5511991374970
5511991374974
5511991375009
5511991375022
5511991375027
5511991375032
5511991375038
5511991375047
5511991375088
5511991375091
5511991375096
5511991375113
5511991375147
5511991375167
5511991375225
5511991375233
5511991375236
5511991375255
5511991375258
5511991375273
5511991375278
5511991375295
5511991375319
5511991375320
5511991375324
5511991375332
5511991375333
5511991375335
5511991375350
5511991375375
5511991375400
5511991375415
5511991375416
5511991375423
5511991375424
5511991375425
5511991375436
5511991375440
5511991375463
5511991375471
5511991375480
5511991375487
5511991375496
5511991375500
5511991375502
5511991375520
5511991375523
5511991375525
5511991375537
5511991375545
5511991375579
5511991375587
5511991375597
5511991375599
5511991375604
5511991375610
5511991375615
5511991375629
5511991375630
5511991375682
5511991375692
5511991375698
5511991375712
5511991375737
5511991375739
5511991375752
5511991375775
5511991375790
5511991375797
5511991375805
5511991375811
5511991375834
5511991375838
5511991375839
5511991375842
5511991375843
5511991375855
5511991375856
5511991375870
5511991375875
5511991375899
5511991375900
5511991375901
5511991375938
5511991375942
5511991375948
5511991375992
5511991375995
5511991376005
5511991376007
5511991376008
5511991376020
5511991376043
5511991376044
5511991376049
5511991376062
5511991376063
5511991376075
5511991376092
5511991376115
5511991376124
5511991376126
5511991376137
5511991376138
5511991376146
5511991376147
5511991376160
5511991376174
5511991376179
5511991376188
5511991376200
5511991376204
5511991376209
5511991376219
5511991376227
5511991376232
5511991376239
5511991376242
5511991376247
5511991376248
5511991376259
5511991376267
5511991376268
5511991376287
5511991376316
5511991376327
5511991376328
5511991376347
5511991376366
5511991376369
5511991376378
5511991376402
5511991376409
5511991376414
5511991376428
5511991376433
5511991376437
5511991376445
5511991376457
5511991376475
5511991376485
5511991376486
5511991376491
5511991376495
5511991376496
5511991376499
5511991376510
5511991376520
5511991376531
5511991376551
5511991376552
5511991376558
5511991376604
5511991376606
5511991376640
5511991376642
5511991376681
5511991376688
5511991376692
5511991376694
5511991376702
5511991376707
5511991376709
5511991376727
5511991376729
5511991376732
5511991376743
5511991376777
5511991376780
5511991376787
5511991376811
5511991376818
5511991376838
5511991376865
5511991376879
5511991376886
5511991376906
5511991376908
5511991376915
5511991376929
5511991376936
5511991376940
5511991376941
5511991376951
5511991376954
5511991376966
5511991376974
5511991376995
5511991377001
5511991377024
5511991377055
5511991377056
5511991377089
5511991377103
5511991377117
5511991377125
5511991377132
5511991377138
5511991377146
5511991377148
5511991377150
5511991377161
5511991377165
5511991377169
5511991377173
5511991377229
5511991377240
5511991377280
5511991377302
5511991377345
5511991377361
5511991377362
5511991377366
5511991377387
5511991377392
5511991377394
5511991377401
5511991377406
5511991377415
5511991377421
5511991377422
5511991377424
5511991377431
5511991377432
5511991377435
5511991377437
5511991377439
5511991377464
5511991377471
5511991377472
5511991377482
5511991377487
5511991377489
5511991377494
5511991377533
5511991377536
5511991377538
5511991377541
5511991377546
5511991377548
5511991377550
5511991377561
5511991377571
5511991377576
5511991377577
5511991377578
5511991377613
5511991377617
5511991377631
5511991377652
5511991377655
5511991377663
5511991377674
5511991377676
5511991377679
5511991377682
5511991377697
5511991377709
5511991377728
5511991377735
5511991377743
5511991377753
5511991377760
5511991377765
5511991377784
5511991377811
5511991377829
5511991377835
5511991377850
5511991377855
5511991377861
5511991377869
5511991377872
5511991377879
5511991377888
5511991377895
5511991377902
5511991377907
5511991377919
5511991377933
5511991377940
5511991377982
5511991378004
5511991378007
5511991378014
5511991378016
5511991378054
5511991378072
5511991378131
5511991378138
5511991378160
5511991378161
5511991378167
5511991378181
5511991378206
5511991378208
5511991378218
5511991378226
5511991378242
5511991378253
5511991378270
5511991378276
5511991378277
5511991378305
5511991378313
5511991378322
5511991378329
5511991378359
5511991378393
5511991378431
5511991378442
5511991378458
5511991378463
5511991378471
5511991378491
5511991378493
5511991378506
5511991378511
5511991378520
5511991378529
5511991378540
5511991378553
5511991378558
5511991378574
5511991378577
5511991378579
5511991378609
5511991378628
5511991378632
5511991378651
5511991378677
5511991378693
5511991378697
5511991378721
5511991378722
5511991378725
5511991378731
5511991378739
5511991378751
5511991378773
5511991378781
5511991378797
5511991378810
5511991378818
5511991378830
5511991378837
5511991378849
5511991378850
5511991378858
5511991378882
5511991378898
5511991378917
5511991378919
5511991378920
5511991378925
5511991378942
5511991378945
5511991378958
5511991378971
5511991378985
5511991378997
5511991379002
5511991379022
5511991379037
5511991379065
5511991379068
5511991379071
5511991379073
5511991379076
5511991379085
5511991379088
5511991379090
5511991379099
5511991379114
5511991379126
5511991379128
5511991379129
5511991379132
5511991379142
5511991379149
5511991379150
5511991379173
5511991379175
5511991379184
5511991379187
5511991379190
5511991379194
5511991379197
5511991379199
5511991379210
5511991379219
5511991379225
5511991379239
5511991379243
5511991379246
5511991379247
5511991379249
5511991379251
5511991379252
5511991379278
5511991379279
5511991379281
5511991379349
5511991379364
5511991379377
5511991379378
5511991379388
5511991379402
5511991379441
5511991379472
5511991379480
5511991379505
5511991379514
5511991379530
5511991379538
5511991379549
5511991379585
5511991379587
5511991379591
5511991379613
5511991379631
5511991379649
5511991379653
5511991379658
5511991379665
5511991379667
5511991379668
5511991379676
5511991379689
5511991379706
5511991379713
5511991379719
5511991379723
5511991379766
5511991379783
5511991379786
5511991379790
5511991379791
5511991379793
5511991379795
5511991379797
5511991379812
5511991379844
5511991379862
5511991379863
5511991379884
5511991379891
5511991379902
5511991379903
5511991379907
5511991379923
5511991379926
5511991379962
5511991379965
5511991379971
5511991379981
5511991379983
5511991379986
5511991379990
5511991380008
5511991380023
5511991380034
5511991380052
5511991380056
5511991380070
5511991380092
5511991380118
5511991380121
5511991380122
5511991380125
5511991380129
5511991380130
5511991380148
5511991380178
5511991380194
5511991380229
5511991380230
5511991380234
5511991380272
5511991380294
5511991380296
5511991380299
5511991380300
5511991380301
5511991380306
5511991380312
5511991380362
5511991380372
5511991380373
5511991380383
5511991380389
5511991380400
5511991380401
5511991380410
5511991380416
5511991380432
5511991380440
5511991380448
5511991380458
5511991380471
5511991380472
5511991380500
5511991380515
5511991380520
5511991380524
5511991380525
5511991380543
5511991380548
5511991380590
5511991380594
5511991380608
5511991380644
5511991380660
5511991380683
5511991380692
5511991380707
5511991380718
5511991380727
5511991380728
5511991380757
5511991380760
5511991380761
5511991380762
5511991380776
5511991380780
5511991380793
5511991380794
5511991380821
5511991380826
5511991380833
5511991380835
5511991380877
5511991380900
5511991380915
5511991380920
5511991380922
5511991380926
5511991380932
5511991380939
5511991380942
5511991380949
5511991380961
5511991380975
5511991380978
5511991380983
5511991380994
5511991381008
5511991381013
5511991381019
5511991381020
5511991381034
5511991381043
5511991381050
5511991381057
5511991381068
5511991381071
5511991381073
5511991381078
5511991381079
5511991381094
5511991381098
5511991381101
5511991381109
5511991381114
5511991381122
5511991381128
5511991381134
5511991381136
5511991381139
5511991381146
5511991381162
5511991381185
5511991381194
5511991381195
5511991381196
5511991381203
5511991381215
5511991381219
5511991381242
5511991381247
5511991381250
5511991381260
5511991381267
5511991381268
5511991381272
5511991381294
5511991381296
5511991381299
5511991381320
5511991381327
5511991381336
5511991381344
5511991381347
5511991381351
5511991381363
5511991381364
5511991381380
5511991381382
5511991381398
5511991381405
5511991381434
5511991381436
5511991381445
5511991381458
5511991381486
5511991381500
5511991381524
5511991381544
5511991381559
5511991381580
5511991381586
5511991381596
5511991381632
5511991381633
5511991381659
5511991381673
5511991381679
5511991381683
5511991381723
5511991381724
5511991381735
5511991381764
5511991381766
5511991381769
5511991381811
5511991381833
5511991381837
5511991381852
5511991381877
5511991381878
5511991381887
5511991381912
5511991381927
5511991381957
5511991381979
5511991381985
5511991381987
5511991381989
5511991381995
5511991382007
5511991382012
5511991382024
5511991382066
5511991382087
5511991382106
5511991382134
5511991382136
5511991382156
5511991382177
5511991382193
5511991382216
5511991382232
5511991382254
5511991382261
5511991382262
5511991382299
5511991382308
5511991382365
5511991382393
5511991382401
5511991382416
5511991382435
5511991382454
5511991382461
5511991382472
5511991382477
5511991382495
5511991382498
5511991382512
5511991382522
5511991382529
5511991382535
5511991382540
5511991382551
5511991382558
5511991382566
5511991382568
5511991382599
5511991382610
5511991382624
5511991382647
5511991382654
5511991382677
5511991382678
5511991382685
5511991382693
5511991382704
5511991382723
5511991382728
5511991382758
5511991382759
5511991382817
5511991382827
5511991382849
5511991382852
5511991382906
5511991382911
5511991382914
5511991382945
5511991382949
5511991382978
5511991382979
5511991382987
5511991382991
5511991382994
5511991382998
5511991383012
5511991383014
5511991383017
5511991383019
5511991383028
5511991383032
5511991383043
5511991383044
5511991383047
5511991383048
5511991383065
5511991383067
5511991383077
5511991383102
5511991383106
5511991383108
5511991383109
5511991383133
5511991383143
5511991383188
5511991383197
5511991383203
5511991383238
5511991383240
5511991383251
5511991383259
5511991383263
5511991383289
5511991383293
5511991383294
5511991383297
5511991383300
5511991383313
5511991383332
5511991383368
5511991383372
5511991383381
5511991383388
5511991383401
5511991383403
5511991383413
5511991383421
5511991383427
5511991383451
5511991383476
5511991383477
5511991383481
5511991383505
5511991383514
5511991383537
5511991383558
5511991383562
5511991383564
5511991383574
5511991383589
5511991383590
5511991383601
5511991383613
5511991383616
5511991383617
5511991383621
5511991383645
5511991383648
5511991383655
5511991383663
5511991383664
5511991383670
5511991383671
5511991383677
5511991383695
5511991383707
5511991383714
5511991383715
5511991383727
5511991383756
5511991383773
5511991383774
5511991383782
5511991383783
5511991383794
5511991383800
5511991383802
5511991383812
5511991383833
5511991383839
5511991383877
5511991383894
5511991383903
5511991383904
5511991383908
5511991383909
5511991383938
5511991383942
5511991383970
5511991383980
5511991383989
5511991384004
5511991384017
5511991384038
5511991384053
5511991384058
5511991384072
5511991384089
5511991384096
5511991384106
5511991384109
5511991384121
5511991384127
5511991384143
5511991384144
5511991384155
5511991384157
5511991384158
5511991384168
5511991384169
5511991384172
5511991384177
5511991384191
5511991384202
5511991384227
5511991384251
5511991384256
5511991384278
5511991384291
5511991384294
5511991384297
5511991384299
5511991384302
5511991384309
5511991384314
5511991384328
5511991384329
5511991384334
5511991384341
5511991384356
5511991384370
5511991384389
5511991384423
5511991384436
5511991384437
5511991384450
5511991384451
5511991384484
5511991384488
5511991384494
5511991384495
5511991384523
5511991384562
5511991384578
5511991384598
5511991384604
5511991384610
5511991384615
5511991384633
5511991384646
5511991384652
5511991384658
5511991384665
5511991384674
5511991384705
5511991384711
5511991384762
5511991384778
5511991384810
5511991384811
5511991384844
5511991384849
5511991384862
5511991384863
5511991384883
5511991384940
5511991384945
5511991384949
5511991384954
5511991384957
5511991384959
5511991384970
5511991384975
5511991384991
5511991384997
5511991385025
5511991385027
5511991385029
5511991385032
5511991385045
5511991385065
5511991385082
5511991385090
5511991385136
5511991385152
5511991385204
5511991385218
5511991385221
5511991385253
5511991385255
5511991385265
5511991385275
5511991385299
5511991385316
5511991385332
5511991385342
5511991385355
5511991385359
5511991385365
5511991385369
5511991385384
5511991385400
5511991385418
5511991385429
5511991385438
5511991385447
5511991385449
5511991385453
5511991385463
5511991385467
5511991385501
5511991385503
