5511994295893
5511994295907
5511994295917
5511994295932
5511994295935
5511994295947
5511994295974
5511994295999
5511994296001
5511994296012
5511994296030
5511994296045
5511994296062
5511994296069
5511994296080
5511994296092
5511994296121
5511994296127
5511994296130
5511994296131
5511994296165
5511994296193
5511994296194
5511994296204
5511994296206
5511994296234
5511994296235
5511994296238
5511994296250
5511994296252
5511994296280
5511994296295
5511994296304
5511994296331
5511994296335
5511994296337
5511994296397
5511994296399
5511994296408
5511994296411
5511994296431
5511994296438
5511994296449
5511994296479
5511994296480
5511994296481
5511994296487
5511994296489
5511994296497
5511994296520
5511994296528
5511994296541
5511994296545
5511994296564
5511994296589
5511994296620
5511994296632
5511994296654
5511994296659
5511994296666
5511994296668
5511994296676
5511994296698
5511994296705
5511994296712
5511994296729
5511994296732
5511994296780
5511994296814
5511994296863
5511994296864
5511994296869
5511994296872
5511994296887
5511994296925
5511994296947
5511994296949
5511994296958
5511994296964
5511994296965
5511994297006
5511994297010
5511994297041
5511994297047
5511994297067
5511994297068
5511994297075
5511994297086
5511994297103
5511994297105
5511994297106
5511994297111
5511994297134
5511994297140
5511994297154
5511994297157
5511994297164
5511994297208
5511994297215
5511994297223
5511994297239
5511994297263
5511994297264
5511994297281
5511994297296
5511994297315
5511994297334
5511994297346
5511994297376
5511994297391
5511994297398
5511994297421
5511994297428
5511994297429
5511994297438
5511994297449
5511994297452
5511994297467
5511994297470
5511994297497
5511994297501
5511994297505
5511994297509
5511994297523
5511994297537
5511994297606
5511994297615
5511994297635
5511994297649
5511994297659
5511994297667
5511994297674
5511994297677
5511994297689
5511994297717
5511994297731
5511994297734
5511994297753
5511994297757
5511994297762
5511994297767
5511994297775
5511994297780
5511994297781
5511994297795
5511994297797
5511994297798
5511994297799
5511994297807
5511994297827
5511994297850
5511994297922
5511994297928
5511994297951
5511994297984
5511994298014
5511994298015
5511994298022
5511994298065
5511994298067
5511994298074
5511994298076
5511994298077
5511994298090
5511994298098
5511994298104
5511994298109
5511994298125
5511994298128
5511994298132
5511994298140
5511994298187
5511994298192
5511994298193
5511994298206
5511994298217
5511994298239
5511994298258
5511994298282
5511994298319
5511994298380
5511994298410
5511994298470
5511994298503
5511994298509
5511994298529
5511994298530
5511994298535
5511994298558
5511994298567
5511994298597
5511994298630
5511994298634
5511994298662
5511994298678
5511994298682
5511994298696
5511994298697
5511994298704
5511994298706
5511994298710
5511994298713
5511994298727
5511994298735
5511994298740
5511994298742
5511994298753
5511994298756
5511994298758
5511994298772
5511994298779
5511994298822
5511994298824
5511994298834
5511994298851
5511994298855
5511994298865
5511994298872
5511994298891
5511994298904
5511994298905
5511994298911
5511994298933
5511994298934
5511994298969
5511994298975
5511994298986
5511994298996
5511994299006
5511994299015
5511994299019
5511994299027
5511994299028
5511994299041
5511994299042
5511994299070
5511994299108
5511994299114
5511994299125
5511994299128
5511994299133
5511994299141
5511994299143
5511994299156
5511994299167
5511994299173
5511994299221
5511994299233
5511994299236
5511994299253
5511994299280
5511994299285
5511994299292
5511994299313
5511994299315
5511994299329
5511994299334
5511994299345
5511994299348
5511994299367
5511994299415
5511994299422
5511994299442
5511994299444
5511994299447
5511994299458
5511994299490
5511994299519
5511994299552
5511994299562
5511994299599
5511994299601
5511994299645
5511994299652
5511994299687
5511994299706
5511994299707
5511994299712
5511994299744
5511994299780
5511994299784
5511994299814
5511994299830
5511994299840
5511994299895
5511994299933
5511994299960
5511994299963
5511994299967
5511994299976
5511994299995
5511994299997
5511994300115
5511994300210
5511994300360
5511994300417
5511994300453
5511994300495
5511994300523
5511994300556
5511994300580
5511994300648
5511994300791
5511994300913
5511994300932
5511994300979
5511994300999
5511994301161
5511994301195
5511994301219
5511994301220
5511994301324
5511994301400
5511994301851
5511994302023
5511994302059
5511994302097
5511994302174
5511994302236
5511994302555
5511994302845
5511994302916
5511994302927
5511994303072
5511994303122
5511994303124
5511994303164
5511994303220
5511994303305
5511994303346
5511994303382
5511994303396
5511994303539
5511994303630
5511994303640
5511994303665
5511994303690
5511994303727
5511994303762
5511994303777
5511994303862
5511994303914
5511994303951
5511994303964
5511994304036
5511994304072
5511994304137
5511994304151
5511994304192
5511994304276
5511994304301
5511994304331
5511994304339
5511994304388
5511994304431
5511994304518
5511994304743
5511994304939
5511994305017
5511994305071
5511994305238
5511994305249
5511994305305
5511994305346
5511994305421
5511994305422
5511994305425
5511994305454
5511994305500
5511994305506
5511994305555
5511994305577
5511994305629
5511994305662
5511994305712
5511994305725
5511994305789
5511994305793
5511994305815
5511994305826
5511994305883
5511994305976
5511994306117
5511994306135
5511994306310
5511994306341
5511994306388
5511994306456
5511994306569
5511994306603
5511994306655
5511994306954
5511994306955
5511994307027
5511994307069
5511994307109
5511994307214
5511994307365
5511994307487
5511994307499
5511994307511
5511994307610
5511994307798
5511994307869
5511994307898
5511994308091
5511994308136
5511994308212
5511994308228
5511994308276
5511994308314
5511994308414
5511994308466
5511994308560
5511994308563
5511994308610
5511994308709
5511994308757
5511994308849
5511994308921
5511994309139
5511994309155
5511994309312
5511994309325
5511994309353
5511994309361
5511994309383
5511994309432
5511994309441
5511994309547
5511994309557
5511994309627
5511994309666
5511994309799
5511994309820
5511994309892
5511994309914
5511994309941
5511994309947
5511994309973
5511994310017
5511994310030
5511994310042
5511994310055
5511994310073
5511994310090
5511994310097
5511994310106
5511994310126
5511994310197
5511994310204
5511994310233
5511994310250
5511994310261
5511994310282
5511994310341
5511994310377
5511994310385
5511994310421
5511994310538
5511994310545
5511994310547
5511994310563
5511994310566
5511994310571
5511994310575
5511994310613
5511994310618
5511994310630
5511994310642
5511994310648
5511994310655
5511994310660
5511994310685
5511994310700
5511994310739
5511994310772
5511994310838
5511994310871
5511994310879
5511994310883
5511994310894
5511994310915
5511994310952
5511994310955
5511994310962
5511994310972
5511994310980
5511994310983
5511994311018
5511994311042
5511994311052
5511994311065
5511994311087
5511994311097
5511994311103
5511994311130
5511994311131
5511994311154
5511994311156
5511994311160
5511994311170
5511994311174
5511994311187
5511994311204
5511994311219
5511994311225
5511994311235
5511994311255
5511994311282
5511994311288
5511994311301
5511994311309
5511994311367
5511994311388
5511994311407
5511994311410
5511994311419
5511994311436
5511994311439
5511994311444
5511994311447
5511994311455
5511994311512
5511994311515
5511994311538
5511994311555
5511994311570
5511994311571
5511994311582
5511994311612
5511994311619
5511994311622
5511994311647
5511994311662
5511994311666
5511994311682
5511994311689
5511994311705
5511994311718
5511994311725
5511994311729
5511994311742
5511994311743
5511994311745
5511994311758
5511994311789
5511994311792
5511994311817
5511994311825
5511994311834
5511994311850
5511994311855
5511994311862
5511994311891
5511994311895
5511994311899
5511994311919
5511994311946
5511994311959
5511994311991
5511994312012
5511994312034
5511994312036
5511994312040
5511994312047
5511994312060
5511994312083
5511994312084
5511994312100
5511994312103
5511994312108
5511994312123
5511994312127
5511994312155
5511994312170
5511994312181
5511994312200
5511994312217
5511994312229
5511994312260
5511994312324
5511994312330
5511994312333
5511994312377
5511994312387
5511994312417
5511994312429
5511994312447
5511994312452
5511994312455
5511994312468
5511994312511
5511994312522
5511994312527
5511994312575
5511994312593
5511994312599
5511994312602
5511994312618
5511994312644
5511994312727
5511994312730
5511994312742
5511994312745
5511994312750
5511994312760
5511994312788
5511994312808
5511994312822
5511994312832
5511994312833
5511994312836
5511994312843
5511994312855
5511994312871
5511994312896
5511994312918
5511994312944
5511994312973
5511994313003
5511994313010
5511994313018
5511994313021
5511994313038
5511994313041
5511994313044
5511994313074
5511994313093
5511994313104
5511994313125
5511994313131
5511994313140
5511994313158
5511994313162
5511994313196
5511994313229
5511994313237
5511994313264
5511994313279
5511994313299
5511994313341
5511994313345
5511994313359
5511994313364
5511994313413
5511994313429
5511994313458
5511994313468
5511994313479
5511994313502
5511994313522
5511994313529
5511994313533
5511994313566
5511994313584
5511994313597
5511994313624
5511994313675
5511994313678
5511994313705
5511994313724
5511994313733
5511994313755
5511994313765
5511994313776
5511994313790
5511994313805
5511994313824
5511994313828
5511994313838
5511994313845
5511994313848
5511994313862
5511994313871
5511994313880
5511994313888
5511994313894
5511994313906
5511994313930
5511994313954
5511994313957
5511994313967
5511994313968
5511994313990
5511994314002
5511994314015
5511994314044
5511994314046
5511994314052
5511994314078
5511994314100
5511994314101
5511994314112
5511994314120
5511994314132
5511994314161
5511994314171
5511994314182
5511994314187
5511994314191
5511994314249
5511994314288
5511994314322
5511994314333
5511994314351
5511994314381
5511994314399
5511994314429
5511994314451
5511994314479
5511994314490
5511994314500
5511994314514
5511994314533
5511994314543
5511994314557
5511994314562
5511994314569
5511994314585
5511994314619
5511994314633
5511994314635
5511994314637
5511994314642
5511994314662
5511994314675
5511994314680
5511994314693
5511994314705
5511994314720
5511994314741
5511994314770
5511994314816
5511994314819
5511994314867
5511994314872
5511994314875
5511994314876
5511994314893
5511994314897
5511994314909
5511994314910
5511994314929
5511994314939
5511994314959
5511994315000
5511994315015
5511994315040
5511994315043
5511994315047
5511994315050
5511994315054
5511994315068
5511994315069
5511994315074
5511994315128
5511994315147
5511994315156
5511994315157
5511994315175
5511994315187
5511994315192
5511994315197
5511994315199
5511994315204
5511994315238
5511994315254
5511994315258
5511994315261
5511994315280
5511994315312
5511994315321
5511994315341
5511994315353
5511994315387
5511994315410
5511994315413
5511994315470
5511994315499
5511994315503
5511994315541
5511994315543
5511994315544
5511994315554
5511994315580
5511994315598
5511994315613
5511994315624
5511994315629
5511994315634
5511994315690
5511994315712
5511994315730
5511994315731
5511994315751
5511994315765
5511994315805
5511994315844
5511994315861
5511994315941
5511994315946
5511994315962
5511994315963
5511994315973
5511994316004
5511994316012
5511994316016
5511994316019
5511994316031
5511994316056
5511994316068
5511994316069
5511994316079
5511994316099
5511994316101
5511994316121
5511994316128
5511994316135
5511994316151
5511994316153
5511994316166
5511994316221
5511994316222
5511994316253
5511994316259
5511994316265
5511994316275
5511994316279
5511994316316
5511994316321
5511994316328
5511994316334
5511994316337
5511994316425
5511994316428
5511994316439
5511994316466
5511994316494
5511994316498
5511994316529
5511994316561
5511994316563
5511994316573
5511994316597
5511994316626
5511994316657
5511994316684
5511994316687
5511994316707
5511994316730
5511994316748
5511994316761
5511994316801
5511994316806
5511994316819
5511994316821
5511994316838
5511994316865
5511994316874
5511994316901
5511994316950
5511994316954
5511994316969
5511994316972
5511994316973
5511994316994
5511994316995
5511994317003
5511994317010
5511994317061
5511994317065
5511994317070
5511994317092
5511994317144
5511994317162
5511994317176
5511994317181
5511994317190
5511994317191
5511994317210
5511994317226
5511994317239
5511994317245
5511994317267
5511994317282
5511994317311
5511994317337
5511994317395
5511994317404
5511994317413
5511994317424
5511994317432
5511994317435
5511994317437
5511994317471
5511994317474
5511994317475
5511994317504
5511994317514
5511994317516
5511994317520
5511994317561
5511994317569
5511994317596
5511994317602
5511994317658
5511994317667
5511994317669
5511994317670
5511994317678
5511994317693
5511994317696
5511994317736
5511994317743
5511994317782
5511994317814
5511994317822
5511994317844
5511994317899
5511994317938
5511994317946
5511994317961
5511994317963
5511994317964
5511994317997
5511994318001
5511994318007
5511994318061
5511994318087
5511994318088
5511994318093
5511994318099
5511994318120
5511994318161
5511994318189
5511994318203
5511994318230
5511994318236
5511994318251
5511994318278
5511994318282
5511994318283
5511994318293
5511994318295
5511994318307
5511994318354
5511994318395
5511994318417
5511994318458
5511994318486
5511994318495
5511994318517
5511994318591
5511994318593
5511994318604
5511994318613
5511994318657
5511994318684
5511994318700
5511994318709
5511994318710
5511994318760
5511994318761
5511994318772
5511994318783
5511994318791
5511994318799
5511994318804
5511994318805
5511994318807
5511994318838
5511994318860
5511994318867
5511994318870
5511994318894
5511994318915
5511994318939
5511994318943
5511994318960
5511994318984
5511994319007
5511994319031
5511994319051
5511994319053
5511994319057
5511994319058
5511994319059
5511994319070
5511994319082
5511994319085
5511994319101
5511994319108
5511994319114
5511994319116
5511994319161
5511994319162
5511994319176
5511994319183
5511994319210
5511994319216
5511994319235
5511994319439
5511994319449
5511994319512
5511994319525
5511994319543
5511994319548
5511994319566
5511994319574
5511994319581
5511994319587
5511994319602
5511994319611
5511994319612
5511994319627
5511994319663
5511994319666
5511994319667
5511994319717
5511994319742
5511994319744
5511994319755
5511994319760
5511994319774
5511994319783
5511994319805
5511994319816
5511994319817
5511994319824
5511994319838
5511994319871
5511994319886
5511994319896
5511994319911
5511994319943
5511994319965
5511994320012
5511994320023
5511994320026
5511994320041
5511994320050
5511994320057
5511994320061
5511994320064
5511994320069
5511994320073
5511994320089
5511994320091
5511994320109
5511994320124
5511994320131
5511994320132
5511994320146
5511994320151
5511994320161
5511994320183
5511994320184
5511994320191
5511994320196
5511994320203
5511994320205
5511994320210
5511994320213
5511994320217
5511994320222
5511994320227
5511994320230
5511994320234
5511994320239
5511994320259
5511994320263
5511994320280
5511994320292
5511994320294
5511994320298
5511994320304
5511994320307
5511994320324
5511994320334
5511994320341
5511994320355
5511994320370
5511994320380
5511994320385
5511994320401
5511994320403
5511994320407
5511994320434
5511994320435
5511994320447
5511994320452
5511994320455
5511994320457
5511994320460
5511994320470
5511994320484
5511994320512
5511994320532
5511994320535
5511994320549
5511994320553
5511994320594
5511994320645
5511994320654
5511994320703
5511994320709
5511994320778
5511994320811
5511994320818
5511994320898
5511994320909
5511994321014
5511994321045
5511994321049
5511994321094
5511994321136
5511994321151
5511994321162
5511994321171
5511994321183
5511994321193
5511994321217
5511994321227
5511994321230
5511994321257
5511994321259
5511994321272
5511994321289
5511994321295
5511994321317
5511994321320
5511994321324
5511994321338
5511994321366
5511994321381
5511994321401
5511994321434
5511994321437
5511994321445
5511994321457
5511994321470
5511994321502
5511994321511
5511994321517
5511994321530
5511994321569
5511994321580
5511994321582
5511994321591
5511994321608
5511994321624
5511994321654
5511994321690
5511994321712
5511994321719
5511994321754
5511994321774
5511994321795
5511994321799
5511994321814
5511994321822
5511994321854
5511994321902
5511994321934
5511994321951
5511994321964
5511994321967
5511994321973
5511994321989
5511994322002
5511994322005
5511994322018
5511994322023
5511994322033
5511994322056
5511994322075
5511994322079
5511994322094
5511994322133
5511994322159
5511994322170
5511994322180
5511994322190
5511994322194
5511994322200
5511994322207
5511994322212
5511994322245
5511994322304
5511994322347
5511994322385
5511994322386
5511994322428
5511994322483
5511994322530
5511994322531
5511994322544
5511994322551
5511994322572
5511994322574
5511994322611
5511994322619
5511994322622
5511994322649
5511994322683
5511994322700
5511994322767
5511994322769
5511994322800
5511994322803
5511994322822
5511994322832
5511994322845
5511994322854
5511994322861
5511994322928
5511994322941
5511994323028
5511994323056
5511994323070
5511994323169
5511994323176
5511994323179
5511994323182
5511994323184
5511994323188
5511994323219
5511994323224
5511994323232
5511994323243
5511994323282
5511994323299
5511994323336
5511994323350
5511994323360
5511994323373
5511994323378
5511994323380
5511994323421
5511994323457
5511994323483
5511994323490
5511994323517
5511994323528
5511994323530
5511994323537
5511994323541
5511994323572
5511994323609
5511994323617
5511994323642
5511994323720
5511994323738
5511994323764
5511994323772
5511994323797
5511994323839
5511994323906
5511994323930
5511994323938
5511994324009
5511994324020
5511994324056
5511994324058
5511994324063
5511994324077
5511994324085
5511994324086
5511994324093
5511994324099
5511994324104
5511994324109
5511994324118
5511994324136
5511994324149
5511994324153
5511994324174
5511994324206
5511994324220
5511994324246
5511994324259
5511994324261
5511994324270
5511994324292
5511994324331
5511994324346
5511994324386
5511994324408
5511994324420
5511994324421
5511994324443
5511994324485
5511994324497
5511994324508
5511994324540
5511994324607
5511994324613
5511994324628
5511994324655
5511994324700
5511994324702
5511994324716
5511994324731
5511994324773
5511994324777
5511994324796
5511994324806
5511994324811
5511994324824
5511994324860
5511994324889
5511994324892
5511994324926
5511994324979
5511994325008
5511994325041
5511994325047
5511994325053
5511994325081
5511994325084
5511994325090
5511994325098
5511994325133
5511994325135
5511994325148
5511994325154
5511994325166
5511994325182
5511994325188
5511994325247
5511994325302
5511994325307
5511994325309
5511994325327
5511994325332
5511994325373
5511994325374
5511994325411
5511994325444
5511994325448
5511994325473
5511994325475
5511994325479
5511994325510
5511994325520
5511994325546
5511994325553
5511994325554
5511994325566
5511994325592
5511994325608
5511994325642
5511994325653
5511994325672
5511994325674
5511994325687
5511994325694
5511994325708
5511994325728
5511994325761
5511994325774
5511994325776
5511994325788
5511994325798
5511994325803
5511994325831
5511994325835
5511994325880
5511994325903
5511994325935
5511994325943
5511994325983
5511994325988
5511994326033
5511994326053
5511994326055
5511994326069
5511994326072
5511994326074
5511994326079
5511994326086
5511994326104
5511994326123
5511994326135
5511994326149
5511994326169
5511994326191
5511994326194
5511994326198
5511994326248
5511994326264
5511994326281
5511994326305
5511994326307
5511994326352
5511994326395
5511994326397
5511994326414
5511994326416
5511994326432
5511994326434
5511994326456
5511994326465
5511994326476
5511994326494
5511994326501
5511994326509
5511994326516
5511994326521
5511994326522
5511994326526
5511994326534
5511994326542
5511994326550
5511994326558
5511994326565
5511994326569
5511994326586
5511994326590
5511994326593
5511994326594
5511994326621
5511994326635
5511994326643
5511994326647
5511994326656
5511994326679
5511994326713
5511994326747
5511994326758
5511994326763
5511994326771
5511994326789
5511994326810
5511994326836
5511994326872
5511994326879
5511994326885
5511994326896
5511994326909
5511994327075
5511994327101
5511994327110
5511994327116
5511994327138
5511994327139
5511994327140
5511994327156
5511994327176
5511994327199
5511994327227
5511994327239
5511994327249
5511994327261
5511994327275
5511994327285
5511994327295
5511994327301
5511994327306
5511994327352
5511994327353
5511994327366
5511994327373
5511994327428
5511994327433
5511994327454
5511994327480
5511994327485
5511994327490
5511994327526
5511994327544
5511994327557
5511994327561
5511994327575
5511994327585
5511994327604
5511994327638
5511994327646
5511994327679
5511994327698
5511994327750
5511994327797
5511994327802
5511994327807
5511994327818
5511994327874
5511994327912
5511994327920
5511994327944
5511994327997
5511994328018
5511994328028
5511994328039
5511994328041
5511994328051
5511994328060
5511994328068
5511994328069
5511994328086
5511994328091
5511994328110
5511994328130
5511994328131
5511994328138
5511994328148
5511994328178
5511994328216
5511994328221
5511994328251
5511994328260
5511994328285
5511994328338
5511994328351
5511994328362
5511994328395
5511994328419
5511994328426
5511994328430
5511994328434
5511994328491
5511994328504
5511994328509
5511994328525
5511994328551
5511994328552
5511994328554
5511994328577
5511994328583
5511994328586
5511994328619
5511994328640
5511994328645
5511994328667
5511994328682
5511994328700
5511994328708
5511994328716
5511994328762
5511994328766
5511994328817
5511994328835
5511994328860
5511994328864
5511994328874
5511994328881
5511994328892
5511994328926
5511994328946
5511994328963
5511994328975
5511994328986
5511994328988
5511994328995
5511994329001
5511994329025
5511994329032
5511994329075
5511994329166
5511994329171
5511994329244
5511994329257
5511994329267
5511994329272
5511994329294
5511994329345
5511994329352
5511994329437
5511994329448
5511994329463
5511994329474
5511994329475
5511994329498
5511994329538
5511994329554
5511994329590
5511994329600
5511994329605
5511994329641
5511994329690
5511994329697
5511994329699
5511994329708
5511994329737
5511994329782
5511994329790
5511994329815
5511994329845
5511994329876
5511994329881
5511994329891
5511994329893
5511994329909
5511994329928
5511994329962
5511994329964
5511994329982
5511994329985
5511994330005
5511994330007
5511994330047
5511994330049
5511994330056
5511994330059
5511994330067
5511994330105
5511994330118
5511994330121
5511994330140
5511994330162
5511994330217
5511994330231
5511994330241
5511994330250
5511994330252
5511994330257
5511994330282
5511994330283
5511994330288
5511994330322
5511994330349
5511994330353
5511994330359
5511994330374
5511994330379
5511994330392
5511994330409
5511994330432
5511994330449
5511994330496
5511994330501
5511994330530
5511994330557
5511994330602
5511994330604
5511994330696
5511994330718
5511994330737
5511994330757
5511994330770
5511994330786
5511994330787
5511994330808
5511994330827
5511994330870
5511994330892
5511994330924
5511994330941
5511994330961
5511994330976
5511994330985
5511994331001
5511994331023
5511994331041
5511994331060
5511994331073
5511994331087
5511994331099
5511994331164
5511994331214
5511994331226
5511994331230
5511994331254
5511994331264
5511994331292
5511994331314
5511994331334
5511994331346
5511994331354
5511994331381
5511994331411
5511994331448
5511994331512
5511994331604
5511994331656
5511994331698
5511994331729
5511994331757
5511994331765
5511994331779
5511994331833
5511994331856
5511994331900
5511994331904
5511994331928
5511994331951
5511994331981
5511994332029
5511994332059
5511994332067
5511994332073
5511994332091
5511994332105
5511994332114
5511994332137
5511994332148
5511994332172
5511994332182
5511994332193
5511994332211
5511994332229
5511994332324
5511994332355
5511994332365
5511994332381
5511994332398
5511994332404
5511994332414
5511994332416
5511994332420
5511994332428
5511994332463
5511994332470
5511994332488
5511994332503
5511994332525
5511994332531
5511994332567
5511994332569
5511994332575
5511994332579
5511994332585
5511994332586
5511994332622
5511994332624
5511994332631
5511994332661
5511994332707
5511994332782
5511994332808
5511994332834
5511994332836
5511994332844
5511994332848
5511994332917
5511994332921
5511994332929
5511994333002
5511994333012
5511994333028
5511994333029
5511994333050
5511994333088
5511994333090
5511994333120
5511994333122
5511994333127
5511994333139
5511994333143
5511994333183
5511994333220
5511994333241
5511994333260
5511994333266
5511994333300
5511994333302
5511994333303
5511994333339
5511994333355
5511994333378
5511994333416
5511994333421
5511994333448
5511994333463
5511994333465
5511994333471
5511994333478
5511994333495
5511994333523
5511994333529
5511994333589
5511994333621
5511994333630
5511994333641
5511994333652
5511994333655
5511994333664
5511994333673
5511994333690
5511994333698
5511994333731
5511994333734
5511994333783
5511994333802
5511994333814
5511994333816
5511994333823
5511994333841
5511994333844
5511994333846
5511994333871
5511994333887
5511994333896
5511994333938
5511994333961
5511994333965
5511994334010
5511994334044
5511994334108
5511994334134
5511994334136
5511994334145
5511994334156
5511994334159
5511994334205
5511994334221
5511994334245
5511994334254
5511994334278
5511994334296
5511994334309
5511994334314
5511994334339
5511994334349
5511994334358
5511994334362
5511994334384
5511994334464
5511994334465
5511994334489
5511994334519
5511994334553
5511994334569
5511994334591
5511994334593
5511994334600
5511994334607
5511994334652
5511994334655
5511994334666
5511994334667
5511994334686
5511994334775
5511994334822
5511994334826
5511994334901
5511994334940
5511994334956
5511994334970
5511994334995
5511994335046
5511994335062
5511994335064
5511994335133
5511994335166
5511994335171
5511994335183
5511994335191
5511994335218
5511994335251
5511994335262
5511994335293
5511994335303
5511994335313
5511994335348
5511994335383
5511994335389
5511994335413
5511994335414
5511994335434
5511994335488
5511994335489
5511994335514
5511994335595
5511994335630
5511994335682
5511994335723
5511994335729
5511994335730
5511994335842
5511994335849
5511994335899
5511994335943
5511994335950
5511994335964
5511994335968
5511994335970
5511994335999
5511994336005
5511994336018
5511994336073
5511994336100
5511994336101
5511994336102
5511994336117
5511994336122
5511994336167
5511994336202
5511994336208
5511994336224
5511994336274
5511994336277
5511994336295
5511994336311
5511994336318
5511994336374
5511994336384
5511994336391
5511994336406
5511994336413
5511994336432
5511994336448
5511994336469
5511994336478
5511994336483
5511994336504
5511994336562
5511994336587
5511994336650
5511994336703
5511994336794
5511994336804
5511994336827
5511994336833
5511994336834
5511994336875
5511994336884
5511994336894
5511994336904
5511994336916
5511994336939
5511994336943
5511994336944
5511994336989
5511994337090
5511994337112
5511994337170
5511994337175
5511994337176
5511994337210
5511994337220
5511994337221
5511994337266
5511994337270
5511994337271
5511994337287
5511994337308
5511994337348
5511994337383
5511994337384
5511994337413
5511994337513
5511994337516
5511994337550
5511994337554
5511994337617
5511994337703
5511994337726
5511994337771
5511994337792
5511994337802
5511994337807
5511994337808
5511994337862
5511994337898
5511994337904
5511994337907
5511994337910
5511994337936
5511994337952
5511994337956
5511994337980
5511994337999
5511994338018
5511994338038
5511994338074
5511994338076
5511994338085
5511994338122
5511994338124
5511994338139
5511994338146
5511994338167
5511994338229
5511994338235
5511994338252
5511994338281
5511994338319
5511994338357
5511994338367
5511994338372
5511994338401
5511994338426
5511994338459
5511994338510
5511994338534
5511994338552
5511994338597
5511994338604
5511994338610
5511994338619
5511994338654
5511994338667
5511994338695
5511994338696
5511994338732
5511994338765
5511994338781
5511994338782
5511994338789
