5511991587205
5511991587218
5511991587224
5511991587258
5511991587284
5511991587290
5511991587297
5511991587316
5511991587327
5511991587337
5511991587341
5511991587345
5511991587346
5511991587349
5511991587362
5511991587363
5511991587367
5511991587368
5511991587372
5511991587383
5511991587401
5511991587417
5511991587439
5511991587442
5511991587498
5511991587510
5511991587511
5511991587574
5511991587610
5511991587624
5511991587625
5511991587645
5511991587649
5511991587671
5511991587674
5511991587685
5511991587717
5511991587755
5511991587773
5511991587776
5511991587786
5511991587827
5511991587831
5511991587838
5511991587840
5511991587848
5511991587854
5511991587861
5511991587871
5511991587881
5511991587882
5511991587887
5511991587905
5511991587924
5511991587937
5511991587958
5511991587960
5511991587980
5511991587983
5511991587989
5511991587991
5511991587993
5511991587998
5511991588007
5511991588010
5511991588011
5511991588033
5511991588058
5511991588069
5511991588077
5511991588097
5511991588098
5511991588099
5511991588129
5511991588131
5511991588139
5511991588142
5511991588149
5511991588169
5511991588189
5511991588192
5511991588231
5511991588252
5511991588254
5511991588264
5511991588268
5511991588271
5511991588283
5511991588288
5511991588294
5511991588307
5511991588316
5511991588318
5511991588324
5511991588344
5511991588353
5511991588363
5511991588390
5511991588400
5511991588402
5511991588410
5511991588411
5511991588415
5511991588454
5511991588456
5511991588461
5511991588467
5511991588468
5511991588473
5511991588487
5511991588495
5511991588504
5511991588540
5511991588544
5511991588556
5511991588558
5511991588570
5511991588590
5511991588593
5511991588604
5511991588606
5511991588616
5511991588626
5511991588657
5511991588659
5511991588662
5511991588664
5511991588668
5511991588682
5511991588700
5511991588702
5511991588708
5511991588718
5511991588723
5511991588724
5511991588744
5511991588755
5511991588790
5511991588801
5511991588807
5511991588813
5511991588830
5511991588840
5511991588845
5511991588854
5511991588869
5511991588880
5511991588882
5511991588890
5511991588891
5511991588892
5511991588898
5511991588904
5511991588945
5511991588949
5511991588950
5511991588954
5511991588960
5511991588965
5511991588969
5511991588988
5511991589014
5511991589020
5511991589039
5511991589051
5511991589060
5511991589064
5511991589073
5511991589106
5511991589114
5511991589134
5511991589138
5511991589154
5511991589158
5511991589164
5511991589183
5511991589187
5511991589190
5511991589196
5511991589222
5511991589225
5511991589232
5511991589257
5511991589258
5511991589262
5511991589264
5511991589274
5511991589277
5511991589282
5511991589293
5511991589308
5511991589333
5511991589335
5511991589355
5511991589362
5511991589374
5511991589375
5511991589420
5511991589421
5511991589451
5511991589467
5511991589486
5511991589510
5511991589529
5511991589539
5511991589543
5511991589572
5511991589583
5511991589624
5511991589627
5511991589657
5511991589666
5511991589670
5511991589673
5511991589675
5511991589740
5511991589765
5511991589783
5511991589790
5511991589811
5511991589830
5511991589841
5511991589860
5511991589871
5511991589874
5511991589898
5511991589942
5511991589943
5511991589949
5511991589959
5511991589963
5511991589975
5511991589985
5511991589986
5511991590018
5511991590030
5511991590049
5511991590053
5511991590060
5511991590073
5511991590075
5511991590100
5511991590117
5511991590121
5511991590126
5511991590130
5511991590170
5511991590178
5511991590185
5511991590186
5511991590194
5511991590205
5511991590208
5511991590211
5511991590213
5511991590223
5511991590239
5511991590271
5511991590294
5511991590344
5511991590354
5511991590367
5511991590370
5511991590384
5511991590394
5511991590399
5511991590406
5511991590450
5511991590461
5511991590477
5511991590481
5511991590512
5511991590520
5511991590525
5511991590526
5511991590532
5511991590534
5511991590543
5511991590551
5511991590555
5511991590556
5511991590566
5511991590567
5511991590589
5511991590595
5511991590609
5511991590626
5511991590640
5511991590656
5511991590670
5511991590687
5511991590699
5511991590705
5511991590706
5511991590715
5511991590723
5511991590725
5511991590727
5511991590734
5511991590739
5511991590742
5511991590785
5511991590786
5511991590789
5511991590790
5511991590792
5511991590793
5511991590804
5511991590805
5511991590817
5511991590823
5511991590830
5511991590845
5511991590864
5511991590880
5511991590889
5511991590900
5511991590909
5511991590913
5511991590917
5511991590949
5511991590951
5511991590957
5511991591012
5511991591014
5511991591026
5511991591030
5511991591054
5511991591059
5511991591071
5511991591100
5511991591105
5511991591123
5511991591132
5511991591139
5511991591175
5511991591177
5511991591188
5511991591230
5511991591260
5511991591271
5511991591273
5511991591277
5511991591287
5511991591298
5511991591303
5511991591305
5511991591324
5511991591330
5511991591353
5511991591354
5511991591360
5511991591363
5511991591381
5511991591389
5511991591390
5511991591395
5511991591408
5511991591415
5511991591431
5511991591433
5511991591444
5511991591462
5511991591477
5511991591507
5511991591512
5511991591513
5511991591515
5511991591516
5511991591528
5511991591532
5511991591539
5511991591568
5511991591571
5511991591583
5511991591594
5511991591612
5511991591629
5511991591650
5511991591656
5511991591689
5511991591703
5511991591712
5511991591717
5511991591722
5511991591741
5511991591748
5511991591754
5511991591777
5511991591781
5511991591783
5511991591785
5511991591796
5511991591798
5511991591829
5511991591852
5511991591855
5511991591869
5511991591871
5511991591915
5511991591916
5511991591917
5511991591939
5511991591953
5511991591954
5511991591967
5511991591971
5511991591976
5511991591978
5511991591993
5511991592013
5511991592017
5511991592020
5511991592026
5511991592036
5511991592038
5511991592040
5511991592078
5511991592110
5511991592124
5511991592141
5511991592144
5511991592169
5511991592175
5511991592193
5511991592199
5511991592224
5511991592225
5511991592230
5511991592238
5511991592250
5511991592272
5511991592275
5511991592292
5511991592299
5511991592301
5511991592303
5511991592319
5511991592327
5511991592329
5511991592331
5511991592333
5511991592334
5511991592344
5511991592370
5511991592374
5511991592376
5511991592382
5511991592385
5511991592388
5511991592394
5511991592415
5511991592426
5511991592450
5511991592455
5511991592457
5511991592463
5511991592469
5511991592476
5511991592486
5511991592493
5511991592515
5511991592517
5511991592555
5511991592564
5511991592573
5511991592587
5511991592602
5511991592603
5511991592605
5511991592607
5511991592623
5511991592626
5511991592650
5511991592653
5511991592656
5511991592695
5511991592700
5511991592706
5511991592707
5511991592714
5511991592734
5511991592735
5511991592744
5511991592750
5511991592763
5511991592767
5511991592770
5511991592773
5511991592778
5511991592787
5511991592804
5511991592815
5511991592817
5511991592872
5511991592890
5511991592913
5511991592914
5511991592933
5511991592935
5511991592936
5511991592952
5511991592973
5511991592976
5511991592992
5511991592994
5511991593023
5511991593030
5511991593042
5511991593055
5511991593056
5511991593061
5511991593072
5511991593088
5511991593090
5511991593096
5511991593097
5511991593119
5511991593125
5511991593136
5511991593137
5511991593145
5511991593148
5511991593166
5511991593167
5511991593173
5511991593174
5511991593186
5511991593192
5511991593227
5511991593266
5511991593267
5511991593282
5511991593288
5511991593290
5511991593315
5511991593344
5511991593349
5511991593352
5511991593357
5511991593360
5511991593366
5511991593374
5511991593382
5511991593384
5511991593386
5511991593403
5511991593411
5511991593418
5511991593420
5511991593424
5511991593425
5511991593440
5511991593441
5511991593451
5511991593461
5511991593502
5511991593506
5511991593508
5511991593540
5511991593546
5511991593557
5511991593565
5511991593566
5511991593571
5511991593577
5511991593603
5511991593609
5511991593610
5511991593611
5511991593630
5511991593658
5511991593668
5511991593672
5511991593698
5511991593727
5511991593730
5511991593768
5511991593783
5511991593785
5511991593791
5511991593813
5511991593821
5511991593824
5511991593836
5511991593837
5511991593839
5511991593872
5511991593899
5511991593915
5511991593962
5511991593985
5511991593990
5511991593995
5511991594025
5511991594027
5511991594090
5511991594098
5511991594107
5511991594120
5511991594124
5511991594132
5511991594133
5511991594155
5511991594159
5511991594161
5511991594162
5511991594180
5511991594191
5511991594194
5511991594204
5511991594211
5511991594229
5511991594242
5511991594263
5511991594276
5511991594290
5511991594308
5511991594340
5511991594343
5511991594347
5511991594379
5511991594381
5511991594382
5511991594384
5511991594400
5511991594415
5511991594420
5511991594423
5511991594435
5511991594446
5511991594453
5511991594460
5511991594463
5511991594473
5511991594480
5511991594492
5511991594513
5511991594519
5511991594529
5511991594531
5511991594535
5511991594537
5511991594539
5511991594547
5511991594551
5511991594552
5511991594575
5511991594594
5511991594599
5511991594641
5511991594642
5511991594651
5511991594653
5511991594666
5511991594667
5511991594668
5511991594674
5511991594676
5511991594689
5511991594703
5511991594718
5511991594724
5511991594737
5511991594758
5511991594762
5511991594764
5511991594773
5511991594774
5511991594778
5511991594782
5511991594813
5511991594839
5511991594849
5511991594872
5511991594888
5511991594893
5511991594904
5511991594912
5511991594914
5511991594922
5511991594937
5511991594953
5511991594960
5511991594963
5511991594971
5511991594983
5511991594990
5511991594993
5511991595005
5511991595012
5511991595030
5511991595047
5511991595072
5511991595073
5511991595103
5511991595111
5511991595118
5511991595123
5511991595124
5511991595133
5511991595159
5511991595192
5511991595196
5511991595222
5511991595242
5511991595259
5511991595320
5511991595333
5511991595344
5511991595353
5511991595362
5511991595367
5511991595378
5511991595393
5511991595398
5511991595402
5511991595404
5511991595418
5511991595432
5511991595444
5511991595449
5511991595451
5511991595474
5511991595499
5511991595514
5511991595532
5511991595538
5511991595543
5511991595557
5511991595559
5511991595575
5511991595577
5511991595585
5511991595605
5511991595649
5511991595675
5511991595676
5511991595688
5511991595713
5511991595725
5511991595753
5511991595758
5511991595761
5511991595771
5511991595778
5511991595787
5511991595804
5511991595810
5511991595812
5511991595814
5511991595828
5511991595832
5511991595833
5511991595842
5511991595850
5511991595863
5511991595869
5511991595870
5511991595881
5511991595883
5511991595891
5511991595897
5511991595899
5511991595900
5511991595912
5511991595918
5511991595931
5511991595932
5511991595962
5511991595966
5511991595971
5511991595972
5511991595974
5511991595976
5511991595984
5511991595986
5511991595989
5511991596003
5511991596027
5511991596032
5511991596048
5511991596056
5511991596066
5511991596068
5511991596098
5511991596128
5511991596137
5511991596161
5511991596162
5511991596166
5511991596179
5511991596181
5511991596186
5511991596188
5511991596195
5511991596201
5511991596202
5511991596259
5511991596263
5511991596277
5511991596297
5511991596322
5511991596325
5511991596328
5511991596336
5511991596343
5511991596354
5511991596376
5511991596386
5511991596401
5511991596407
5511991596450
5511991596470
5511991596473
5511991596490
5511991596494
5511991596516
5511991596522
5511991596523
5511991596539
5511991596542
5511991596549
5511991596557
5511991596558
5511991596565
5511991596566
5511991596605
5511991596616
5511991596618
5511991596663
5511991596673
5511991596701
5511991596703
5511991596716
5511991596719
5511991596726
5511991596737
5511991596766
5511991596768
5511991596771
5511991596793
5511991596824
5511991596849
5511991596878
5511991596886
5511991596888
5511991596893
5511991596898
5511991596920
5511991596928
5511991596939
5511991596947
5511991596953
5511991596985
5511991596988
5511991596992
5511991597007
5511991597010
5511991597011
5511991597016
5511991597029
5511991597030
5511991597036
5511991597054
5511991597055
5511991597056
5511991597059
5511991597074
5511991597090
5511991597099
5511991597110
5511991597125
5511991597129
5511991597131
5511991597172
5511991597205
5511991597212
5511991597214
5511991597215
5511991597245
5511991597254
5511991597255
5511991597304
5511991597312
5511991597328
5511991597338
5511991597355
5511991597390
5511991597391
5511991597425
5511991597426
5511991597431
5511991597442
5511991597443
5511991597459
5511991597491
5511991597493
5511991597511
5511991597513
5511991597514
5511991597544
5511991597546
5511991597576
5511991597600
5511991597608
5511991597614
5511991597639
5511991597649
5511991597655
5511991597660
5511991597679
5511991597686
5511991597692
5511991597748
5511991597751
5511991597757
5511991597764
5511991597781
5511991597791
5511991597840
5511991597843
5511991597856
5511991597874
5511991597905
5511991597908
5511991597928
5511991597933
5511991597951
5511991597956
5511991597978
5511991597988
5511991597995
5511991598010
5511991598013
5511991598038
5511991598042
5511991598047
5511991598048
5511991598052
5511991598077
5511991598083
5511991598118
5511991598134
5511991598173
5511991598190
5511991598198
5511991598204
5511991598205
5511991598218
5511991598222
5511991598229
5511991598256
5511991598263
5511991598269
5511991598280
5511991598285
5511991598299
5511991598311
5511991598333
5511991598337
5511991598364
5511991598370
5511991598385
5511991598393
5511991598400
5511991598412
5511991598414
5511991598425
5511991598428
5511991598433
5511991598434
5511991598439
5511991598454
5511991598466
5511991598473
5511991598492
5511991598505
5511991598509
5511991598528
5511991598569
5511991598575
5511991598578
5511991598592
5511991598600
5511991598629
5511991598646
5511991598649
5511991598659
5511991598666
5511991598676
5511991598678
5511991598688
5511991598689
5511991598695
5511991598703
5511991598722
5511991598727
5511991598740
5511991598749
5511991598804
5511991598820
5511991598823
5511991598865
5511991598867
5511991598881
5511991598892
5511991598922
5511991598932
5511991598936
5511991598970
5511991598984
5511991598988
5511991599001
5511991599002
5511991599013
5511991599016
5511991599028
5511991599042
5511991599054
5511991599055
5511991599057
5511991599061
5511991599063
5511991599065
5511991599094
5511991599103
5511991599111
5511991599129
5511991599130
5511991599156
5511991599160
5511991599161
5511991599166
5511991599168
5511991599178
5511991599204
5511991599205
5511991599226
5511991599228
5511991599265
5511991599279
5511991599280
5511991599284
5511991599300
5511991599315
5511991599321
5511991599327
5511991599329
5511991599336
5511991599339
5511991599348
5511991599357
5511991599366
5511991599370
5511991599373
5511991599399
5511991599403
5511991599404
5511991599405
5511991599443
5511991599444
5511991599453
5511991599458
5511991599465
5511991599469
5511991599482
5511991599508
5511991599518
5511991599529
5511991599558
5511991599580
5511991599591
5511991599597
5511991599602
5511991599604
5511991599612
5511991599616
5511991599630
5511991599666
5511991599672
5511991599723
5511991599732
5511991599753
5511991599770
5511991599790
5511991599793
5511991599813
5511991599819
5511991599834
5511991599857
5511991599864
5511991599897
5511991599903
5511991599913
5511991599918
5511991599923
5511991599926
5511991599944
5511991599961
5511991599962
5511991599975
5511991599984
5511991600000
5511991600011
5511991600051
5511991600089
5511991600168
5511991600251
5511991600300
5511991600338
5511991600353
5511991600359
5511991600396
5511991600509
5511991600516
5511991600575
5511991600600
5511991600698
5511991600880
5511991600974
5511991600978
5511991601002
5511991601060
5511991601160
5511991601262
5511991601289
5511991601332
5511991601343
5511991601356
5511991601588
5511991601718
5511991601729
5511991601927
5511991601991
5511991602016
5511991602065
5511991602076
5511991602200
5511991602295
5511991602449
5511991602496
5511991602504
5511991602799
5511991602860
5511991602884
5511991602921
5511991602956
5511991603100
5511991603159
5511991603210
5511991603255
5511991603381
5511991603422
5511991603485
5511991603594
5511991603631
5511991603632
5511991603654
5511991603714
5511991603741
5511991603744
5511991603753
5511991603887
5511991604011
5511991604023
5511991604040
5511991604041
5511991604117
5511991604135
5511991604302
5511991604341
5511991604394
5511991604442
5511991604598
5511991604708
5511991604775
5511991604783
5511991604831
5511991604883
5511991604885
5511991605023
5511991605058
5511991605200
5511991605201
5511991605250
5511991605400
5511991605446
5511991605577
5511991605619
5511991605680
5511991605738
5511991605757
5511991605770
5511991606161
5511991606169
5511991606186
5511991606271
5511991606312
5511991606365
5511991606412
5511991606419
5511991606469
5511991606493
5511991606560
5511991606769
5511991606794
5511991606827
5511991606969
5511991607372
5511991607373
5511991607411
5511991607489
5511991607522
5511991607543
5511991607563
5511991607638
5511991607667
5511991607806
5511991607812
5511991607942
5511991607946
5511991607973
5511991607974
5511991607977
5511991608000
5511991608136
5511991608240
5511991608345
5511991608445
5511991608577
5511991608623
5511991608628
5511991608717
5511991608739
5511991608789
5511991608818
5511991608821
5511991608846
5511991609031
5511991609041
5511991609090
5511991609216
5511991609230
5511991609285
5511991609286
5511991609602
5511991609706
5511991609829
5511991609902
5511991610006
5511991610008
5511991610016
5511991610017
5511991610032
5511991610038
5511991610040
5511991610053
5511991610064
5511991610070
5511991610079
5511991610118
5511991610119
5511991610132
5511991610158
5511991610160
5511991610167
5511991610171
5511991610198
5511991610218
5511991610224
5511991610252
5511991610290
5511991610309
5511991610320
5511991610356
5511991610361
5511991610366
5511991610396
5511991610401
5511991610432
5511991610472
5511991610477
5511991610481
5511991610493
5511991610497
5511991610500
5511991610550
5511991610571
5511991610592
5511991610608
5511991610616
5511991610644
5511991610667
5511991610671
5511991610684
5511991610692
5511991610697
5511991610705
5511991610717
5511991610723
5511991610739
5511991610742
5511991610746
5511991610786
5511991610791
5511991610792
5511991610815
5511991610820
5511991610842
5511991610843
5511991610869
5511991610871
5511991610874
5511991610876
5511991610892
5511991610900
5511991610917
5511991610918
5511991610941
5511991610951
5511991610966
5511991610981
5511991610990
5511991610992
5511991610995
5511991610996
5511991611019
5511991611076
5511991611086
5511991611090
5511991611119
5511991611121
5511991611138
5511991611144
5511991611162
5511991611208
5511991611211
5511991611219
5511991611231
5511991611246
5511991611297
5511991611307
5511991611311
5511991611317
5511991611325
5511991611337
5511991611358
5511991611374
5511991611380
5511991611414
5511991611452
5511991611469
5511991611492
5511991611503
5511991611524
5511991611541
5511991611557
5511991611561
5511991611572
5511991611591
5511991611594
5511991611609
5511991611614
5511991611617
5511991611635
5511991611655
5511991611660
5511991611675
5511991611684
5511991611696
5511991611712
5511991611730
5511991611733
5511991611738
5511991611764
5511991611777
5511991611796
5511991611805
5511991611820
5511991611826
5511991611838
5511991611887
5511991611904
5511991611911
5511991611913
5511991611916
5511991611942
5511991611969
5511991611982
5511991611985
5511991612019
5511991612022
5511991612056
5511991612067
5511991612074
5511991612083
5511991612097
5511991612100
5511991612104
5511991612116
5511991612133
5511991612135
5511991612156
5511991612161
5511991612203
5511991612207
5511991612220
5511991612248
5511991612262
5511991612306
5511991612314
5511991612347
5511991612358
5511991612377
5511991612381
5511991612403
5511991612410
5511991612423
5511991612427
5511991612455
5511991612460
5511991612462
5511991612514
5511991612520
5511991612536
5511991612543
5511991612551
5511991612556
5511991612565
5511991612593
5511991612596
5511991612610
5511991612611
5511991612614
5511991612622
5511991612630
5511991612631
5511991612657
5511991612662
5511991612668
5511991612692
5511991612703
5511991612714
5511991612715
5511991612716
5511991612734
5511991612746
5511991612761
5511991612780
5511991612792
5511991612816
5511991612829
5511991612842
5511991612847
5511991612853
5511991612858
5511991612859
5511991612863
5511991612879
5511991612908
5511991612921
5511991612926
5511991612963
5511991612976
5511991612984
5511991612998
5511991613004
5511991613008
5511991613012
5511991613026
5511991613037
5511991613039
5511991613043
5511991613044
5511991613071
5511991613077
5511991613093
5511991613098
5511991613106
5511991613107
5511991613109
5511991613118
5511991613119
5511991613132
5511991613133
5511991613158
5511991613159
5511991613161
5511991613170
5511991613173
5511991613177
5511991613186
5511991613192
5511991613194
5511991613203
5511991613205
5511991613222
5511991613241
5511991613243
5511991613245
5511991613264
5511991613268
5511991613285
5511991613368
5511991613371
5511991613385
5511991613396
5511991613424
5511991613429
5511991613430
5511991613439
5511991613453
5511991613480
5511991613499
5511991613526
5511991613527
5511991613529
5511991613533
5511991613538
5511991613539
5511991613549
5511991613590
5511991613608
5511991613611
5511991613616
5511991613621
5511991613636
5511991613644
5511991613655
5511991613658
5511991613660
5511991613664
5511991613668
5511991613679
5511991613706
5511991613708
5511991613726
5511991613752
5511991613755
5511991613785
5511991613788
5511991613804
5511991613808
5511991613819
5511991613851
5511991613859
5511991613869
5511991613873
5511991613874
5511991613877
5511991613898
5511991613907
5511991613908
5511991613938
5511991613939
5511991613958
5511991613964
5511991613983
5511991613984
5511991613991
5511991614007
5511991614021
5511991614032
5511991614046
5511991614047
5511991614048
5511991614052
5511991614063
5511991614067
5511991614071
5511991614072
5511991614078
5511991614103
5511991614120
5511991614125
5511991614126
5511991614132
5511991614175
5511991614177
5511991614195
5511991614213
5511991614232
5511991614258
5511991614270
5511991614274
5511991614288
5511991614293
5511991614302
5511991614305
5511991614321
5511991614330
5511991614340
5511991614346
5511991614347
5511991614349
5511991614354
5511991614355
5511991614389
5511991614394
5511991614396
5511991614399
5511991614401
5511991614402
5511991614405
5511991614416
5511991614418
5511991614434
5511991614438
5511991614448
5511991614449
5511991614450
5511991614454
5511991614456
5511991614460
5511991614470
5511991614482
5511991614485
5511991614515
5511991614526
5511991614527
5511991614539
5511991614543
5511991614553
5511991614560
5511991614574
5511991614626
5511991614628
5511991614639
5511991614668
5511991614700
5511991614702
5511991614719
5511991614722
5511991614734
5511991614738
5511991614744
5511991614752
5511991614769
5511991614773
5511991614786
5511991614805
5511991614809
5511991614840
5511991614846
5511991614847
5511991614877
5511991614878
5511991614896
5511991614901
5511991614905
5511991614908
5511991614960
5511991614971
5511991614972
5511991615005
5511991615030
5511991615063
5511991615066
5511991615087
5511991615098
5511991615104
5511991615164
5511991615165
5511991615168
5511991615174
5511991615181
5511991615187
5511991615189
5511991615193
5511991615212
5511991615227
5511991615231
5511991615233
5511991615247
5511991615251
5511991615260
5511991615264
5511991615267
5511991615307
5511991615324
5511991615326
5511991615334
5511991615391
5511991615401
5511991615424
5511991615436
5511991615437
5511991615454
5511991615461
5511991615468
5511991615469
5511991615472
5511991615499
5511991615501
5511991615520
5511991615522
5511991615525
5511991615543
5511991615547
5511991615578
5511991615624
5511991615626
5511991615628
5511991615650
5511991615668
5511991615670
5511991615727
5511991615736
5511991615752
5511991615764
5511991615773
5511991615777
5511991615790
5511991615800
5511991615840
5511991615852
5511991615855
5511991615856
5511991615902
5511991615911
5511991615916
5511991615940
5511991615949
5511991615952
5511991615954
5511991616004
5511991616005
5511991616014
5511991616038
5511991616046
5511991616063
5511991616065
5511991616067
5511991616084
5511991616090
5511991616093
5511991616102
5511991616109
5511991616114
5511991616120
5511991616160
5511991616161
5511991616167
5511991616169
5511991616171
5511991616179
5511991616202
5511991616203
5511991616225
5511991616232
5511991616242
5511991616249
5511991616295
5511991616299
5511991616306
5511991616308
5511991616314
5511991616325
5511991616342
5511991616344
5511991616379
5511991616387
5511991616411
5511991616413
5511991616432
5511991616443
5511991616467
5511991616472
5511991616488
5511991616490
5511991616501
5511991616515
5511991616521
5511991616535
5511991616539
5511991616551
5511991616568
5511991616573
5511991616585
5511991616597
5511991616601
5511991616618
5511991616637
5511991616643
5511991616649
5511991616652
5511991616660
5511991616668
5511991616680
5511991616690
5511991616698
5511991616699
5511991616703
5511991616739
5511991616765
5511991616787
5511991616806
5511991616808
5511991616810
5511991616822
5511991616833
5511991616836
5511991616863
5511991616894
5511991616898
5511991616899
5511991616901
5511991616902
5511991616912
5511991616915
5511991616924
5511991616925
5511991616934
5511991616942
5511991616949
5511991616960
5511991616965
5511991616972
5511991616996
5511991616997
5511991617001
5511991617018
5511991617024
5511991617033
5511991617041
5511991617047
5511991617055
5511991617059
5511991617069
5511991617070
5511991617071
5511991617072
5511991617076
5511991617079
5511991617093
5511991617094
5511991617097
5511991617100
5511991617107
5511991617111
5511991617145
5511991617147
5511991617148
5511991617157
5511991617167
5511991617172
5511991617180
5511991617183
5511991617190
5511991617193
5511991617198
5511991617224
5511991617238
5511991617251
5511991617271
5511991617281
5511991617286
5511991617294
5511991617300
5511991617317
5511991617325
5511991617346
5511991617350
5511991617352
5511991617354
5511991617358
5511991617360
5511991617362
5511991617364
5511991617367
5511991617370
5511991617379
5511991617381
5511991617391
5511991617415
5511991617419
5511991617420
5511991617439
5511991617446
5511991617447
5511991617448
5511991617457
5511991617466
5511991617474
5511991617500
5511991617518
5511991617519
5511991617527
5511991617534
5511991617536
5511991617537
5511991617538
5511991617555
5511991617558
5511991617569
5511991617614
5511991617622
5511991617663
5511991617665
5511991617672
5511991617678
5511991617684
5511991617689
5511991617707
5511991617715
5511991617716
5511991617722
5511991617771
5511991617781
5511991617782
5511991617784
5511991617785
5511991617787
5511991617816
5511991617820
5511991617836
5511991617843
5511991617860
5511991617877
5511991617881
5511991617893
5511991617900
5511991617912
5511991617941
5511991617950
5511991617964
5511991617974
5511991617986
5511991617992
5511991618003
5511991618008
5511991618009
5511991618014
5511991618018
5511991618022
5511991618038
5511991618046
5511991618054
5511991618057
5511991618081
5511991618088
5511991618095
5511991618102
5511991618109
5511991618111
5511991618119
5511991618141
5511991618180
5511991618182
5511991618183
5511991618190
5511991618191
5511991618199
5511991618218
5511991618220
5511991618241
5511991618261
5511991618262
5511991618280
5511991618282
5511991618286
5511991618292
5511991618296
5511991618310
5511991618311
5511991618319
5511991618342
5511991618355
5511991618358
5511991618363
5511991618371
5511991618382
5511991618390
5511991618396
5511991618405
5511991618406
5511991618415
5511991618425
5511991618433
5511991618435
5511991618462
5511991618477
5511991618488
5511991618517
5511991618524
5511991618534
5511991618543
5511991618547
5511991618550
5511991618566
5511991618568
5511991618578
5511991618595
5511991618621
5511991618648
5511991618661
5511991618667
5511991618676
5511991618679
