5511974692077
5511974692555
5511974692608
5511974692612
5511974692639
5511974692646
5511974692735
5511974692750
5511974692791
5511974692810
5511974693025
5511974693031
5511974693097
5511974693156
5511974693272
5511974693347
5511974693365
5511974693399
5511974693441
5511974693545
5511974693778
5511974693828
5511974693878
5511974693929
5511974694033
5511974694072
5511974694187
5511974694200
5511974694303
5511974694318
5511974694321
5511974694333
5511974694461
5511974694464
5511974694559
5511974694641
5511974694704
5511974694724
5511974694739
5511974694759
5511974694916
5511974694952
5511974694959
5511974694986
5511974694991
5511974695048
5511974695153
5511974695243
5511974695255
5511974695361
5511974695508
5511974695547
5511974695744
5511974695757
5511974695781
5511974695960
5511974696014
5511974696088
5511974696102
5511974696117
5511974696141
5511974696269
5511974696286
5511974696355
5511974696388
5511974696466
5511974696582
5511974696600
5511974696602
5511974696618
5511974696620
5511974696628
5511974696650
5511974696697
5511974696724
5511974696833
5511974696838
5511974696910
5511974696945
5511974697001
5511974697064
5511974697084
5511974697196
5511974697206
5511974697241
5511974697248
5511974697447
5511974697567
5511974697596
5511974697651
5511974697807
5511974697816
5511974698047
5511974698063
5511974698346
5511974698362
5511974698401
5511974698588
5511974698598
5511974698623
5511974698638
5511974698666
5511974698734
5511974698844
5511974698845
5511974698913
5511974698966
5511974699018
5511974699051
5511974699138
5511974699261
5511974699361
5511974699391
5511974699475
5511974699577
5511974699589
5511974699646
5511974699697
5511974699775
5511974699839
5511974699884
5511974701713
5511974710038
5511974710039
5511974710046
5511974710227
5511974710258
5511974710333
5511974710374
5511974710422
5511974710439
5511974710472
5511974710491
5511974710496
5511974710540
5511974710552
5511974710608
5511974710618
5511974710647
5511974710731
5511974710775
5511974710859
5511974710888
5511974711035
5511974711106
5511974711165
5511974711192
5511974711267
5511974711270
5511974711309
5511974711311
5511974711354
5511974711474
5511974711588
5511974711608
5511974711763
5511974711793
5511974711822
5511974711823
5511974711847
5511974711940
5511974712000
5511974712038
5511974712064
5511974712225
5511974712299
5511974712326
5511974712412
5511974712538
5511974712618
5511974712664
5511974712780
5511974712821
5511974712839
5511974712843
5511974712890
5511974712947
5511974712987
5511974713055
5511974713058
5511974713085
5511974713088
5511974713267
5511974713270
5511974713272
5511974713316
5511974713319
5511974713376
5511974713416
5511974713425
5511974713525
5511974713620
5511974713665
5511974713668
5511974713805
5511974713908
5511974713930
5511974713941
5511974713962
5511974713965
5511974714026
5511974714059
5511974714072
5511974714172
5511974714177
5511974714306
5511974714307
5511974714429
5511974714443
5511974714515
5511974714668
5511974714792
5511974714807
5511974714811
5511974714832
5511974714892
5511974715079
5511974715102
5511974715420
5511974715423
5511974715425
5511974715427
5511974715467
5511974715590
5511974715649
5511974715721
5511974715855
5511974715862
5511974715965
5511974716030
5511974716089
5511974716103
5511974716313
5511974716338
5511974716462
5511974716463
5511974716626
5511974716714
5511974716757
5511974716782
5511974716932
5511974717013
5511974717016
5511974717056
5511974717058
5511974717063
5511974717133
5511974717160
5511974717242
5511974717311
5511974717318
5511974717390
5511974717414
5511974717465
5511974717541
5511974717557
5511974717643
5511974717758
5511974717850
5511974717862
5511974717920
5511974718100
5511974718204
5511974718219
5511974718278
5511974718313
5511974718322
5511974718419
5511974718428
5511974718560
5511974718581
5511974718670
5511974718729
5511974718778
5511974718795
5511974718826
5511974718851
5511974718868
5511974718899
5511974718963
5511974718999
5511974719014
5511974719069
5511974719076
5511974719129
5511974719195
5511974719309
5511974719318
5511974719365
5511974719402
5511974719406
5511974719436
5511974719690
5511974719697
5511974719811
5511974719944
5511974719998
5511974720001
5511974720062
5511974720072
5511974720088
5511974720093
5511974720111
5511974720126
5511974720202
5511974720238
5511974720264
5511974720289
5511974720327
5511974720351
5511974720373
5511974720502
5511974720647
5511974720735
5511974720746
5511974720809
5511974720841
5511974720845
5511974720847
5511974720881
5511974720906
5511974720910
5511974720934
5511974720940
5511974721070
5511974721170
5511974721171
5511974721243
5511974721404
5511974721450
5511974721455
5511974721474
5511974721484
5511974721520
5511974721629
5511974721657
5511974721664
5511974721676
5511974721692
5511974721710
5511974721735
5511974721765
5511974721810
5511974721818
5511974721845
5511974721849
5511974721881
5511974721904
5511974721905
5511974721942
5511974721994
5511974722042
5511974722053
5511974722074
5511974722202
5511974722204
5511974722205
5511974722223
5511974722237
5511974722253
5511974722331
5511974722343
5511974722360
5511974722409
5511974722435
5511974722565
5511974722579
5511974722588
5511974722722
5511974722878
5511974723014
5511974723044
5511974723135
5511974723137
5511974723182
5511974723214
5511974723308
5511974723342
5511974723344
5511974723377
5511974723399
5511974723453
5511974723456
5511974723467
5511974723585
5511974723618
5511974723632
5511974723655
5511974723722
5511974723739
5511974723825
5511974723862
5511974723875
5511974723920
5511974723936
5511974724008
5511974724036
5511974724221
5511974724253
5511974724312
5511974724342
5511974724456
5511974724573
5511974724620
5511974724652
5511974724656
5511974724701
5511974724729
5511974724743
5511974724762
5511974724786
5511974724857
5511974724903
5511974724995
5511974725009
5511974725063
5511974725192
5511974725243
5511974725253
5511974725346
5511974725383
5511974725409
5511974725414
5511974725442
5511974725573
5511974725582
5511974725608
5511974725640
5511974725664
5511974725692
5511974725716
5511974725755
5511974725817
5511974725840
5511974725920
5511974725923
5511974725924
5511974725934
5511974726006
5511974726052
5511974726166
5511974726206
5511974726217
5511974726222
5511974726303
5511974726353
5511974726396
5511974726401
5511974726450
5511974726479
5511974726481
5511974726488
5511974726500
5511974726537
5511974726538
5511974726542
5511974726560
5511974726588
5511974726696
5511974726864
5511974726940
5511974727077
5511974727082
5511974727109
5511974727120
5511974727195
5511974727252
5511974727263
5511974727312
5511974727335
5511974727363
5511974727436
5511974727452
5511974727503
5511974727517
5511974727521
5511974727534
5511974727591
5511974727638
5511974727641
5511974727652
5511974727684
5511974727853
5511974727892
5511974727929
5511974727943
5511974727957
5511974727962
5511974728027
5511974728105
5511974728109
5511974728122
5511974728124
5511974728132
5511974728136
5511974728253
5511974728373
5511974728377
5511974728401
5511974728409
5511974728432
5511974728434
5511974728440
5511974728481
5511974728508
5511974728520
5511974728673
5511974728678
5511974728737
5511974728766
5511974728785
5511974728817
5511974728831
5511974728864
5511974728867
5511974728979
5511974729068
5511974729071
5511974729093
5511974729096
5511974729122
5511974729224
5511974729231
5511974729233
5511974729289
5511974729291
5511974729300
5511974729400
5511974729462
5511974729484
5511974729491
5511974729498
5511974729548
5511974729557
5511974729580
5511974729641
5511974729818
5511974729989
5511974729990
5511974730049
5511974730211
5511974730224
5511974730225
5511974730286
5511974730340
5511974730379
5511974730426
5511974730481
5511974730524
5511974730527
5511974730560
5511974730569
5511974730586
5511974730629
5511974730633
5511974730635
5511974730670
5511974730698
5511974730706
5511974730707
5511974730773
5511974730842
5511974731046
5511974731134
5511974731145
5511974731166
5511974731310
5511974731311
5511974731330
5511974731339
5511974731385
5511974731582
5511974731628
5511974731686
5511974731712
5511974731716
5511974731828
5511974731841
5511974731858
5511974731938
5511974731955
5511974731980
5511974732004
5511974732008
5511974732067
5511974732087
5511974732115
5511974732240
5511974732253
5511974732274
5511974732433
5511974732436
5511974732460
5511974732466
5511974732510
5511974732630
5511974732653
5511974732662
5511974732727
5511974732792
5511974732833
5511974732851
5511974733002
5511974733073
5511974733092
5511974733126
5511974733150
5511974733282
5511974733287
5511974733330
5511974733336
5511974733339
5511974733370
5511974733383
5511974733409
5511974733411
5511974733426
5511974733458
5511974733487
5511974733543
5511974733604
5511974733616
5511974733625
5511974733631
5511974733653
5511974733669
5511974733771
5511974733805
5511974733808
5511974733817
5511974733894
5511974733921
5511974734002
5511974734050
5511974734217
5511974734232
5511974734293
5511974734335
5511974734351
5511974734437
5511974734472
5511974734548
5511974734618
5511974734731
5511974734758
5511974734788
5511974734816
5511974735043
5511974735053
5511974735110
5511974735132
5511974735161
5511974735223
5511974735347
5511974735360
5511974735403
5511974735410
5511974735438
5511974735451
5511974735492
5511974735599
5511974735665
5511974735668
5511974735680
5511974735689
5511974735741
5511974735794
5511974735988
5511974736018
5511974736209
5511974736279
5511974736314
5511974736317
5511974736336
5511974736348
5511974736370
5511974736474
5511974736588
5511974736631
5511974736688
5511974736728
5511974736745
5511974736805
5511974736829
5511974736835
5511974736841
5511974736863
5511974736865
5511974736877
5511974736918
5511974737039
5511974737099
5511974737161
5511974737167
5511974737273
5511974737360
5511974737389
5511974737420
5511974737423
5511974737476
5511974737504
5511974737584
5511974737678
5511974737861
5511974738005
5511974738019
5511974738023
5511974738025
5511974738032
5511974738114
5511974738123
5511974738132
5511974738152
5511974738197
5511974738234
5511974738256
5511974738364
5511974738393
5511974738402
5511974738465
5511974738500
5511974738552
5511974738571
5511974738599
5511974738683
5511974738747
5511974738791
5511974738810
5511974738915
5511974738923
5511974738972
5511974739004
5511974739032
5511974739121
5511974739123
5511974739213
5511974739228
5511974739322
5511974739451
5511974739497
5511974739547
5511974739636
5511974739715
5511974739718
5511974739735
5511974739752
5511974739766
5511974739816
5511974739834
5511974739871
5511974739883
5511974739913
5511974739921
5511974739932
5511974740019
5511974740147
5511974740162
5511974740176
5511974740200
5511974740201
5511974740297
5511974740334
5511974740360
5511974740373
5511974740388
5511974740463
5511974740470
5511974740498
5511974740545
5511974740548
5511974740557
5511974740572
5511974740581
5511974740594
5511974740615
5511974740625
5511974740629
5511974740656
5511974740670
5511974740689
5511974740794
5511974740803
5511974740810
5511974740827
5511974740831
5511974740855
5511974740859
5511974740900
5511974740911
5511974740915
5511974740925
5511974740932
5511974741026
5511974741053
5511974741081
5511974741195
5511974741210
5511974741233
5511974741270
5511974741299
5511974741307
5511974741327
5511974741389
5511974741445
5511974741520
5511974741522
5511974741538
5511974741543
5511974741555
5511974741631
5511974741685
5511974741744
5511974741748
5511974741765
5511974741767
5511974741773
5511974741807
5511974741820
5511974741822
5511974741826
5511974741842
5511974741912
5511974741950
5511974742035
5511974742053
5511974742060
5511974742086
5511974742089
5511974742094
5511974742175
5511974742183
5511974742258
5511974742271
5511974742315
5511974742341
5511974742380
5511974742432
5511974742454
5511974742502
5511974742610
5511974742670
5511974742755
5511974742779
5511974742825
5511974742850
5511974742894
5511974742947
5511974743078
5511974743225
5511974743235
5511974743329
5511974743339
5511974743371
5511974743394
5511974743432
5511974743433
5511974743460
5511974743487
5511974743511
5511974743523
5511974743537
5511974743659
5511974743667
5511974743737
5511974743772
5511974743830
5511974743905
5511974743927
5511974743968
5511974743970
5511974743976
5511974744010
5511974744043
5511974744106
5511974744195
5511974744217
5511974744306
5511974744349
5511974744360
5511974744362
5511974744456
5511974744460
5511974744526
5511974744625
5511974744661
5511974744723
5511974744739
5511974744761
5511974744836
5511974744856
5511974744873
5511974744933
5511974744996
5511974745068
5511974745121
5511974745137
5511974745156
5511974745157
5511974745159
5511974745186
5511974745216
5511974745229
5511974745303
5511974745319
5511974745414
5511974745429
5511974745485
5511974745489
5511974745494
5511974745576
5511974745593
5511974745601
5511974745660
5511974745688
5511974745799
5511974745830
5511974745839
5511974745854
5511974745901
5511974745918
5511974745957
5511974745959
5511974746022
5511974746070
5511974746074
5511974746114
5511974746122
5511974746152
5511974746154
5511974746223
5511974746244
5511974746257
5511974746300
5511974746305
5511974746317
5511974746344
5511974746346
5511974746366
5511974746483
5511974746503
5511974746538
5511974746567
5511974746598
5511974746602
5511974746611
5511974746716
5511974746728
5511974746762
5511974746827
5511974746902
5511974747003
5511974747083
5511974747092
5511974747146
5511974747214
5511974747301
5511974747418
5511974747430
5511974747485
5511974747502
5511974747578
5511974747643
5511974747654
5511974747717
5511974747772
5511974747777
5511974747805
5511974747859
5511974747894
5511974747920
5511974747935
5511974747942
5511974747961
5511974747962
5511974747964
5511974747970
5511974747982
5511974748022
5511974748185
5511974748196
5511974748200
5511974748204
5511974748243
5511974748268
5511974748314
5511974748378
5511974748408
5511974748471
5511974748584
5511974748622
5511974748756
5511974748814
5511974748872
5511974748873
5511974748889
5511974748904
5511974748927
5511974748943
5511974749054
5511974749148
5511974749154
5511974749179
5511974749204
5511974749224
5511974749299
5511974749389
5511974749411
5511974749414
5511974749457
5511974749472
5511974749525
5511974749535
5511974749583
5511974749612
5511974749675
5511974749683
5511974749688
5511974749748
5511974749760
5511974749780
5511974749840
5511974749855
5511974749955
5511974749995
5511974750016
5511974750185
5511974750186
5511974750328
5511974750353
5511974750396
5511974750444
5511974750523
5511974750744
5511974750844
5511974750875
5511974750888
5511974750958
5511974751005
5511974751046
5511974751158
5511974751222
5511974751307
5511974751309
5511974751312
5511974751444
5511974751575
5511974751615
5511974751627
5511974751634
5511974751708
5511974752017
5511974752026
5511974752127
5511974752128
5511974752141
5511974752211
5511974752260
5511974752275
5511974752314
5511974752435
5511974752470
5511974752511
5511974752516
5511974752562
5511974752602
5511974752625
5511974752760
5511974752799
5511974752812
5511974752911
5511974752955
5511974752963
5511974752972
5511974753014
5511974753082
5511974753086
5511974753106
5511974753119
5511974753230
5511974753231
5511974753338
5511974753347
5511974753395
5511974753482
5511974753514
5511974753554
5511974753562
5511974753605
5511974753623
5511974753658
5511974753673
5511974753723
5511974753752
5511974753774
5511974753776
5511974753802
5511974753810
5511974753811
5511974753848
5511974753885
5511974753988
5511974754098
5511974754146
5511974754169
5511974754350
5511974754367
5511974754369
5511974754453
5511974754594
5511974754618
5511974754631
5511974754647
5511974754725
5511974754759
5511974754774
5511974754816
5511974754825
5511974754843
5511974754871
5511974754886
5511974754890
5511974754968
5511974755036
5511974755041
5511974755048
5511974755219
5511974755317
5511974755372
5511974755412
5511974755415
5511974755466
5511974755495
5511974755502
5511974755509
5511974755563
5511974755572
5511974755670
5511974755746
5511974755932
5511974755960
5511974755985
5511974756010
5511974756122
5511974756134
5511974756237
5511974756251
5511974756308
5511974756416
5511974756429
5511974756441
5511974756492
5511974756588
5511974756618
5511974756686
5511974756692
5511974756696
5511974756697
5511974756713
5511974756720
5511974756735
5511974756847
5511974756869
5511974756888
5511974756956
5511974756968
5511974756988
5511974757056
5511974757172
5511974757285
5511974757348
5511974757480
5511974757542
5511974757543
5511974757557
5511974757582
5511974757604
5511974757618
5511974757651
5511974757680
5511974757681
5511974757696
5511974757720
5511974757854
5511974757871
5511974757891
5511974757935
5511974757956
5511974757971
5511974757974
5511974757978
5511974757997
5511974758033
5511974758074
5511974758096
5511974758215
5511974758224
5511974758260
5511974758417
5511974758463
5511974758594
5511974758644
5511974758720
5511974758843
5511974758901
5511974759031
5511974759104
5511974759142
5511974759218
5511974759310
5511974759313
5511974759352
5511974759392
5511974759421
5511974759449
5511974759487
5511974759498
5511974759516
5511974759518
5511974759589
5511974759591
5511974759615
5511974759630
5511974759654
5511974759661
5511974759770
5511974759848
5511974759873
5511974759882
5511974759997
5511974760015
5511974760042
5511974760233
5511974760311
5511974760749
5511974760889
5511974760961
5511974760979
5511974761030
5511974761040
5511974761101
5511974761107
5511974761108
5511974761124
5511974761127
5511974761186
5511974761225
5511974761251
5511974761260
5511974761275
5511974761299
5511974761429
5511974761473
5511974761624
5511974761635
5511974761663
5511974761689
5511974761802
5511974761904
5511974761954
5511974762004
5511974762041
5511974762054
5511974762164
5511974762275
5511974762306
5511974762374
5511974762375
5511974762383
5511974762423
5511974762500
5511974762539
5511974762569
5511974762575
5511974762590
5511974762707
5511974762718
5511974762900
5511974762901
5511974762917
5511974762933
5511974762937
5511974763039
5511974763059
5511974763060
5511974763104
5511974763141
5511974763177
5511974763251
5511974763287
5511974763296
5511974763300
5511974763443
5511974763474
5511974763517
5511974763560
5511974763614
5511974763678
5511974763687
5511974763746
5511974763762
5511974763774
5511974763788
5511974763816
5511974763843
5511974763861
5511974763863
5511974763994
5511974764115
5511974764123
5511974764182
5511974764235
5511974764243
5511974764255
5511974764271
5511974764310
5511974764339
5511974764343
5511974764380
5511974764428
5511974764463
5511974764551
5511974764601
5511974764649
5511974764672
5511974764695
5511974764730
5511974764874
5511974764900
5511974764910
5511974764936
5511974765040
5511974765046
5511974765125
5511974765216
5511974765420
5511974765466
5511974765540
5511974765586
5511974765588
5511974765611
5511974765634
5511974765816
5511974765827
5511974765934
5511974766007
5511974766072
5511974766094
5511974766115
5511974766194
5511974766216
5511974766222
5511974766257
5511974766267
5511974766268
5511974766291
5511974766298
5511974766299
5511974766377
5511974766388
5511974766410
5511974766411
5511974766505
5511974766524
5511974766575
5511974766620
5511974766731
5511974766744
5511974766918
5511974767031
5511974767123
5511974767170
5511974767263
5511974767358
5511974767438
5511974767468
5511974767620
5511974767690
5511974767698
5511974767917
5511974767935
5511974767954
5511974767960
5511974768010
5511974768073
5511974768102
5511974768184
5511974768222
5511974768228
5511974768559
5511974768583
5511974768644
5511974768675
5511974768724
5511974768747
5511974768820
5511974768854
5511974768885
5511974769005
5511974769014
5511974769151
5511974769170
5511974769180
5511974769184
5511974769199
5511974769232
5511974769271
5511974769295
5511974769359
5511974769380
5511974769401
5511974769402
5511974769409
5511974769415
5511974769435
5511974769486
5511974769526
5511974769549
5511974769576
5511974769643
5511974769691
5511974769728
5511974769737
5511974769760
5511974769805
5511974769829
5511974769856
5511974769872
5511974769907
5511974769985
5511974770004
5511974770011
5511974770100
5511974770179
5511974770246
5511974770303
5511974770444
5511974770569
5511974770614
5511974770616
5511974770639
5511974770706
5511974770821
5511974770850
5511974770973
5511974770976
5511974771000
5511974771009
5511974771096
5511974771109
5511974771220
5511974771227
5511974771238
5511974771304
5511974771314
5511974771325
5511974771532
5511974771539
5511974771644
5511974771678
5511974771690
5511974771709
5511974771772
5511974771789
5511974771820
5511974771821
5511974771847
5511974771928
5511974772043
5511974772053
5511974772054
5511974772131
5511974772152
5511974772179
5511974772217
5511974772334
5511974772449
5511974772463
5511974772543
5511974772546
5511974772568
5511974772572
5511974772710
5511974772725
5511974772792
5511974772815
5511974772999
5511974773090
5511974773123
5511974773154
5511974773180
5511974773231
5511974773234
5511974773408
5511974773508
5511974773522
5511974773554
5511974773594
5511974773612
5511974773622
5511974773721
5511974773723
5511974773829
5511974773830
5511974773842
5511974773844
5511974773868
5511974773946
5511974774085
5511974774120
5511974774122
5511974774137
5511974774162
5511974774288
5511974774352
5511974774360
5511974774493
5511974774522
5511974774585
5511974774609
5511974774616
5511974774676
5511974774678
5511974774799
5511974774828
5511974774919
5511974774925
5511974774962
5511974775088
5511974775204
5511974775217
5511974775225
5511974775244
5511974775377
5511974775458
5511974775535
5511974775579
5511974775583
5511974775663
5511974775709
5511974775889
5511974775890
5511974775891
5511974775942
5511974776188
5511974776332
5511974776353
5511974776376
5511974776378
5511974776479
5511974776586
5511974776814
5511974776896
5511974776917
5511974776941
5511974776968
5511974776972
5511974777048
5511974777062
5511974777315
5511974777347
5511974777377
5511974777457
5511974777592
5511974777667
5511974777703
5511974777740
5511974777967
5511974777978
5511974777983
5511974777984
5511974778045
5511974778092
5511974778194
5511974778221
5511974778227
5511974778232
5511974778255
5511974778300
5511974778406
5511974778418
5511974778484
5511974778498
5511974778510
5511974778562
5511974778589
5511974778598
5511974778634
5511974778880
5511974778959
5511974778980
5511974778986
5511974779049
5511974779118
5511974779191
5511974779199
5511974779347
5511974779380
5511974779410
5511974779457
5511974779493
5511974779519
5511974779549
5511974779627
5511974779800
5511974779896
5511974779910
5511974780002
5511974780175
5511974780199
5511974780261
5511974780262
5511974780339
5511974780394
5511974780445
5511974780449
5511974780501
5511974780628
5511974780671
5511974780692
5511974780769
5511974780785
5511974780824
5511974780825
5511974780840
5511974780927
5511974780982
5511974780999
5511974781003
5511974781079
5511974781189
5511974781267
5511974781280
5511974781365
5511974781379
5511974781401
5511974781427
5511974781461
5511974781507
5511974781621
5511974781669
5511974781764
5511974781774
5511974781802
5511974781820
5511974781895
5511974781936
5511974781993
5511974782003
5511974782021
5511974782025
5511974782070
5511974782072
5511974782086
5511974782089
5511974782107
5511974782112
5511974782154
5511974782221
5511974782239
5511974782303
5511974782382
5511974782393
5511974782450
5511974782451
5511974782509
5511974782524
5511974782540
5511974782610
5511974782702
5511974782712
5511974782862
5511974782878
5511974782929
5511974782962
5511974782981
5511974782991
5511974782996
5511974783078
5511974783093
5511974783190
5511974783192
5511974783326
5511974783385
5511974783475
5511974783487
5511974783491
5511974783515
5511974783595
5511974783597
5511974783598
5511974783620
5511974783675
5511974783691
5511974783706
5511974783781
5511974783832
5511974783837
5511974784029
5511974784125
5511974784156
5511974784170
5511974784241
5511974784373
5511974784505
5511974784646
5511974784655
5511974784674
5511974784738
5511974784764
5511974784917
5511974784934
5511974784954
5511974785022
5511974785034
5511974785133
5511974785134
5511974785148
5511974785161
5511974785254
5511974785286
5511974785298
5511974785314
5511974785327
5511974785345
5511974785422
5511974785551
5511974785608
5511974785684
5511974785693
5511974785709
5511974785771
5511974785811
5511974785818
5511974785843
5511974785887
5511974785890
5511974785942
5511974785953
5511974785981
5511974786035
5511974786043
5511974786163
5511974786205
5511974786211
5511974786291
5511974786363
5511974786432
5511974786493
5511974786524
5511974786545
5511974786602
5511974786625
5511974786626
5511974786648
5511974786664
5511974786689
5511974786710
5511974786764
5511974786815
5511974786839
5511974787035
5511974787050
5511974787071
5511974787079
5511974787206
5511974787265
5511974787279
5511974787292
5511974787325
5511974787345
5511974787349
5511974787383
5511974787420
5511974787450
5511974787452
5511974787462
5511974787674
5511974787680
5511974787684
5511974787693
5511974787775
5511974787781
5511974787823
5511974787985
5511974788029
5511974788108
5511974788117
5511974788186
5511974788190
5511974788248
5511974788286
5511974788298
5511974788337
5511974788344
5511974788349
5511974788382
5511974788417
5511974788428
5511974788562
5511974788600
5511974788608
5511974788612
5511974788675
5511974788692
5511974788697
5511974788701
5511974788778
5511974788898
5511974788948
5511974788992
5511974789002
5511974789029
5511974789037
5511974789134
5511974789173
5511974789236
5511974789245
5511974789416
5511974789446
5511974789491
5511974789696
5511974789860
5511974789905
5511974790065
5511974790067
5511974790109
5511974790219
5511974790338
5511974790353
5511974790358
5511974790359
5511974790372
5511974790479
5511974790483
5511974790596
5511974790747
5511974790781
5511974790894
5511974790919
5511974790981
5511974791025
5511974791237
5511974791277
5511974791350
5511974791394
5511974791458
5511974791494
5511974791515
5511974791552
5511974791579
5511974791624
5511974791869
5511974791951
5511974791986
5511974792056
5511974792068
5511974792213
5511974792214
5511974792226
5511974792307
5511974792334
5511974792552
5511974792712
5511974792717
5511974792739
5511974792793
5511974792808
5511974792818
5511974793000
5511974793009
5511974793131
5511974793186
5511974793254
5511974793258
5511974793291
5511974793468
5511974793499
5511974793758
5511974793760
5511974793763
5511974793834
5511974793865
5511974793931
5511974793945
5511974794002
5511974794059
5511974794060
5511974794098
5511974794195
5511974794207
5511974794337
5511974794380
5511974794400
5511974794447
5511974794523
5511974794526
5511974794536
5511974794562
5511974794610
5511974794613
5511974794753
5511974794782
5511974794798
5511974794799
5511974794806
5511974794899
5511974794975
5511974795045
5511974795079
5511974795158
5511974795192
5511974795310
5511974795417
5511974795448
5511974795502
5511974795551
5511974795673
5511974795725
5511974795751
5511974795753
5511974795794
5511974795819
5511974795862
5511974796162
5511974796262
5511974796296
5511974796357
5511974796370
5511974796480
5511974796533
5511974796611
5511974796620
5511974796623
5511974796674
5511974796709
5511974796843
5511974796889
5511974796938
5511974796954
5511974796983
5511974797074
5511974797099
5511974797138
5511974797155
5511974797156
5511974797210
5511974797225
5511974797479
5511974797520
5511974797569
5511974797728
5511974798001
5511974798022
5511974798173
5511974798179
5511974798197
5511974798300
5511974798316
5511974798355
5511974798387
5511974798409
5511974798695
5511974798719
5511974798749
5511974798752
5511974798808
5511974798848
5511974799077
5511974799659
5511974799750
5511974799870
5511974803339
5511974804008
5511974810077
5511974810095
5511974810134
5511974810154
5511974810199
5511974810318
5511974810322
5511974810328
5511974810432
5511974810458
5511974810614
5511974810627
5511974810834
5511974810933
5511974811045
5511974811137
5511974811229
5511974811245
5511974811270
5511974811394
5511974811445
5511974811454
5511974811520
5511974811620
5511974811724
5511974811739
5511974811802
