5531993027738
5531993027779
5531993027807
5531993027845
5531993027880
5531993027927
5531993027938
5531993027961
5531993027997
5531993028000
5531993028007
5531993028055
5531993028070
5531993028127
5531993028146
5531993028181
5531993028208
5531993028209
5531993028273
5531993028314
5531993028335
5531993028339
5531993028438
5531993028455
5531993028487
5531993028500
5531993028508
5531993028517
5531993028629
5531993028640
5531993028765
5531993028812
5531993028820
5531993028880
5531993028914
5531993028939
5531993028946
5531993028959
5531993028975
5531993028978
5531993029086
5531993029091
5531993029102
5531993029119
5531993029348
5531993029377
5531993029462
5531993029514
5531993029566
5531993029593
5531993029602
5531993029624
5531993029629
5531993029695
5531993029754
5531993029790
5531993029799
5531993029816
5531993029856
5531993029877
5531993029888
5531993029901
5531993029947
5531993029963
5531993030007
5531993030022
5531993030029
5531993030157
5531993030165
5531993030174
5531993030175
5531993030237
5531993030251
5531993030293
5531993030316
5531993030343
5531993030351
5531993030371
5531993030460
5531993030506
5531993030539
5531993030544
5531993030588
5531993030597
5531993030599
5531993030608
5531993030695
5531993030700
5531993030715
5531993030719
5531993030720
5531993030758
5531993030772
5531993030796
5531993030824
5531993030874
5531993030913
5531993030941
5531993030949
5531993030969
5531993030994
5531993031024
5531993031052
5531993031060
5531993031070
5531993031073
5531993031099
5531993031117
5531993031123
5531993031130
5531993031159
5531993031170
5531993031196
5531993031211
5531993031231
5531993031257
5531993031268
5531993031291
5531993031312
5531993031314
5531993031320
5531993031332
5531993031333
5531993031359
5531993031393
5531993031398
5531993031407
5531993031475
5531993031487
5531993031557
5531993031562
5531993031563
5531993031633
5531993031654
5531993031679
5531993031681
5531993031797
5531993031825
5531993031829
5531993031836
5531993031841
5531993031845
5531993031849
5531993031851
5531993031863
5531993031878
5531993031955
5531993031957
5531993031960
5531993031961
5531993031963
5531993031985
5531993031988
5531993032030
5531993032041
5531993032066
5531993032102
5531993032129
5531993032136
5531993032140
5531993032153
5531993032200
5531993032204
5531993032207
5531993032211
5531993032220
5531993032234
5531993032241
5531993032271
5531993032278
5531993032297
5531993032343
5531993032366
5531993032395
5531993032415
5531993032500
5531993032527
5531993032550
5531993032573
5531993032591
5531993032615
5531993032653
5531993032682
5531993032684
5531993032692
5531993032694
5531993032726
5531993032732
5531993032749
5531993032768
5531993032820
5531993032828
5531993032833
5531993032883
5531993032895
5531993032955
5531993033011
5531993033024
5531993033053
5531993033077
5531993033079
5531993033085
5531993033100
5531993033163
5531993033212
5531993033215
5531993033222
5531993033240
5531993033268
5531993033276
5531993033310
5531993033311
5531993033327
5531993033416
5531993033463
5531993033469
5531993033474
5531993033527
5531993033533
5531993033549
5531993033550
5531993033553
5531993033611
5531993033629
5531993033673
5531993033733
5531993033748
5531993033848
5531993033850
5531993033888
5531993033894
5531993033910
5531993033936
5531993033973
5531993034035
5531993034054
5531993034074
5531993034117
5531993034165
5531993034187
5531993034205
5531993034241
5531993034249
5531993034278
5531993034415
5531993034426
5531993034468
5531993034477
5531993034506
5531993034514
5531993034554
5531993034592
5531993034628
5531993034668
5531993034696
5531993034716
5531993034748
5531993034867
5531993034870
5531993034876
5531993034890
5531993034985
5531993035001
5531993035115
5531993035154
5531993035208
5531993035215
5531993035249
5531993035275
5531993035276
5531993035314
5531993035340
5531993035353
5531993035399
5531993035405
5531993035415
5531993035422
5531993035434
5531993035464
5531993035485
5531993035493
5531993035509
5531993035532
5531993035560
5531993035575
5531993035652
5531993035677
5531993035715
5531993035774
5531993035794
5531993035819
5531993035953
5531993035971
5531993036042
5531993036047
5531993036054
5531993036056
5531993036069
5531993036070
5531993036092
5531993036103
5531993036115
5531993036138
5531993036179
5531993036181
5531993036300
5531993036308
5531993036433
5531993036454
5531993036469
5531993036488
5531993036509
5531993036515
5531993036556
5531993036568
5531993036580
5531993036591
5531993036611
5531993036624
5531993036625
5531993036657
5531993036699
5531993036715
5531993036719
5531993036748
5531993036749
5531993036801
5531993036832
5531993036841
5531993036866
5531993036887
5531993036917
5531993036925
5531993036958
5531993037011
5531993037013
5531993037019
5531993037054
5531993037061
5531993037068
5531993037088
5531993037158
5531993037207
5531993037239
5531993037329
5531993037353
5531993037355
5531993037387
5531993037483
5531993037543
5531993037570
5531993037584
5531993037621
5531993037655
5531993037659
5531993037661
5531993037667
5531993037677
5531993037702
5531993037729
5531993037758
5531993037779
5531993037823
5531993037859
5531993037867
5531993037894
5531993037897
5531993037932
5531993037938
5531993037980
5531993037984
5531993038008
5531993038011
5531993038042
5531993038050
5531993038060
5531993038065
5531993038081
5531993038102
5531993038135
5531993038188
5531993038213
5531993038230
5531993038312
5531993038323
5531993038329
5531993038337
5531993038344
5531993038360
5531993038381
5531993038451
5531993038622
5531993038625
5531993038656
5531993038670
5531993038682
5531993038699
5531993038720
5531993038763
5531993038833
5531993038848
5531993038850
5531993038852
5531993038876
5531993038905
5531993038938
5531993038959
5531993038995
5531993039005
5531993039133
5531993039165
5531993039185
5531993039195
5531993039216
5531993039217
5531993039231
5531993039240
5531993039298
5531993039305
5531993039416
5531993039421
5531993039443
5531993039474
5531993039501
5531993039549
5531993039590
5531993039637
5531993039758
5531993039892
5531993039923
5531993039949
5531993039951
5531993039956
5531993039973
5531993040020
5531993040025
5531993040107
5531993040124
5531993040177
5531993040183
5531993040203
5531993040217
5531993040243
5531993040269
5531993040282
5531993040286
5531993040292
5531993040311
5531993040321
5531993040322
5531993040327
5531993040344
5531993040386
5531993040388
5531993040413
5531993040414
5531993040422
5531993040445
5531993040462
5531993040499
5531993040564
5531993040573
5531993040612
5531993040725
5531993040747
5531993040774
5531993040793
5531993040802
5531993040808
5531993040858
5531993040860
5531993040882
5531993040888
5531993040893
5531993040900
5531993040905
5531993040941
5531993040964
5531993040965
5531993040975
5531993041055
5531993041063
5531993041099
5531993041103
5531993041106
5531993041140
5531993041202
5531993041213
5531993041333
5531993041377
5531993041425
5531993041474
5531993041481
5531993041491
5531993041493
5531993041505
5531993041524
5531993041528
5531993041529
5531993041534
5531993041586
5531993041606
5531993041706
5531993041708
5531993041742
5531993041754
5531993041769
5531993041798
5531993041879
5531993041891
5531993041898
5531993041915
5531993041919
5531993041939
5531993041952
5531993041970
5531993041986
5531993042102
5531993042115
5531993042144
5531993042223
5531993042243
5531993042284
5531993042333
5531993042340
5531993042344
5531993042381
5531993042422
5531993042448
5531993042456
5531993042472
5531993042474
5531993042494
5531993042501
5531993042518
5531993042592
5531993042603
5531993042619
5531993042647
5531993042652
5531993042733
5531993042749
5531993042769
5531993042783
5531993042789
5531993042818
5531993042858
5531993042953
5531993042969
5531993042976
5531993042988
5531993043013
5531993043063
5531993043127
5531993043143
5531993043146
5531993043179
5531993043195
5531993043196
5531993043219
5531993043358
5531993043369
5531993043372
5531993043499
5531993043507
5531993043518
5531993043558
5531993043580
5531993043612
5531993043624
5531993043634
5531993043642
5531993043648
5531993043651
5531993043695
5531993043737
5531993043744
5531993043750
5531993043805
5531993043807
5531993043821
5531993043837
5531993043841
5531993043842
5531993043848
5531993043852
5531993043881
5531993043950
5531993043977
5531993043999
5531993044022
5531993044050
5531993044085
5531993044210
5531993044247
5531993044262
5531993044290
5531993044296
5531993044320
5531993044333
5531993044343
5531993044353
5531993044378
5531993044441
5531993044459
5531993044473
5531993044477
5531993044533
5531993044546
5531993044599
5531993044656
5531993044747
5531993044791
5531993044839
5531993044856
5531993044874
5531993045015
5531993045044
5531993045119
5531993045174
5531993045176
5531993045219
5531993045227
5531993045245
5531993045252
5531993045272
5531993045359
5531993045415
5531993045461
5531993045472
5531993045475
5531993045483
5531993045532
5531993045563
5531993045576
5531993045616
5531993045636
5531993045642
5531993045661
5531993045667
5531993045674
5531993045707
5531993045733
5531993045743
5531993045823
5531993045866
5531993045870
5531993045920
5531993045927
5531993045953
5531993045988
5531993045989
5531993046015
5531993046035
5531993046042
5531993046097
5531993046124
5531993046125
5531993046178
5531993046239
5531993046242
5531993046250
5531993046260
5531993046318
5531993046444
5531993046561
5531993046562
5531993046608
5531993046637
5531993046666
5531993046733
5531993046749
5531993046757
5531993046759
5531993046770
5531993046803
5531993046841
5531993046850
5531993046861
5531993046893
5531993046900
5531993046921
5531993046980
5531993046982
5531993046987
5531993047064
5531993047089
5531993047101
5531993047105
5531993047109
5531993047112
5531993047117
5531993047176
5531993047190
5531993047203
5531993047299
5531993047351
5531993047376
5531993047427
5531993047433
5531993047447
5531993047468
5531993047486
5531993047490
5531993047495
5531993047532
5531993047534
5531993047625
5531993047660
5531993047719
5531993047726
5531993047772
5531993047820
5531993047851
5531993047881
5531993047882
5531993047980
5531993048050
5531993048054
5531993048057
5531993048069
5531993048081
5531993048100
5531993048119
5531993048137
5531993048148
5531993048158
5531993048248
5531993048356
5531993048447
5531993048450
5531993048474
5531993048505
5531993048580
5531993048585
5531993048613
5531993048633
5531993048635
5531993048679
5531993048703
5531993048730
5531993048805
5531993048845
5531993048846
5531993048851
5531993048968
5531993049004
5531993049079
5531993049098
5531993049131
5531993049181
5531993049223
5531993049291
5531993049329
5531993049334
5531993049345
5531993049369
5531993049378
5531993049404
5531993049424
5531993049435
5531993049480
5531993049552
5531993049596
5531993049608
5531993049615
5531993049619
5531993049622
5531993049692
5531993049770
5531993049810
5531993049843
5531993049861
5531993049874
5531993049885
5531993049986
5531993050027
5531993050039
5531993050086
5531993050089
5531993050091
5531993050106
5531993050121
5531993050129
5531993050208
5531993050220
5531993050247
5531993050298
5531993050308
5531993050318
5531993050390
5531993050391
5531993050401
5531993050412
5531993050421
5531993050429
5531993050432
5531993050441
5531993050478
5531993050552
5531993050553
5531993050568
5531993050665
5531993050699
5531993050705
5531993050766
5531993050793
5531993050825
5531993050833
5531993050855
5531993050894
5531993050920
5531993050930
5531993050955
5531993050969
5531993051007
5531993051017
5531993051029
5531993051048
5531993051054
5531993051086
5531993051095
5531993051143
5531993051209
5531993051211
5531993051222
5531993051228
5531993051239
5531993051317
5531993051360
5531993051362
5531993051383
5531993051385
5531993051389
5531993051419
5531993051426
5531993051508
5531993051523
5531993051531
5531993051547
5531993051565
5531993051581
5531993051583
5531993051598
5531993051611
5531993051612
5531993051643
5531993051652
5531993051718
5531993051745
5531993051772
5531993051786
5531993051814
5531993051841
5531993051923
5531993051944
5531993052014
5531993052022
5531993052027
5531993052059
5531993052065
5531993052066
5531993052094
5531993052107
5531993052111
5531993052128
5531993052133
5531993052136
5531993052138
5531993052139
5531993052171
5531993052241
5531993052271
5531993052308
5531993052342
5531993052350
5531993052490
5531993052503
5531993052538
5531993052547
5531993052566
5531993052599
5531993052616
5531993052676
5531993052761
5531993052773
5531993052781
5531993052802
5531993052829
5531993052832
5531993052848
5531993052872
5531993052895
5531993052897
5531993052906
5531993052937
5531993052941
5531993052948
5531993052955
5531993053025
5531993053035
5531993053041
5531993053065
5531993053070
5531993053113
5531993053132
5531993053160
5531993053169
5531993053191
5531993053203
5531993053229
5531993053299
5531993053332
5531993053342
5531993053374
5531993053449
5531993053508
5531993053552
5531993053591
5531993053661
5531993053687
5531993053732
5531993053789
5531993053798
5531993053886
5531993053974
5531993053995
5531993054006
5531993054007
5531993054026
5531993054102
5531993054109
5531993054181
5531993054228
5531993054245
5531993054246
5531993054335
5531993054381
5531993054461
5531993054508
5531993054547
5531993054585
5531993054643
5531993054658
5531993054670
5531993054725
5531993054729
5531993054758
5531993054786
5531993054822
5531993054832
5531993054858
5531993054863
5531993054898
5531993054941
5531993054969
5531993054973
5531993055016
5531993055045
5531993055087
5531993055090
5531993055104
5531993055142
5531993055161
5531993055168
5531993055202
5531993055322
5531993055380
5531993055510
5531993055530
5531993055532
5531993055575
5531993055605
5531993055623
5531993055643
5531993055648
5531993055691
5531993055692
5531993055695
5531993055708
5531993055710
5531993055711
5531993055831
5531993055838
5531993055874
5531993055905
5531993056029
5531993056056
5531993056068
5531993056069
5531993056094
5531993056135
5531993056262
5531993056391
5531993056467
5531993056508
5531993056544
5531993056570
5531993056573
5531993056587
5531993056636
5531993056700
5531993056703
5531993056746
5531993056755
5531993056777
5531993056789
5531993056798
5531993056823
5531993056827
5531993056832
5531993056838
5531993056850
5531993056895
5531993056909
5531993056979
5531993056990
5531993056992
5531993057004
5531993057061
5531993057068
5531993057094
5531993057100
5531993057162
5531993057196
5531993057283
5531993057318
5531993057350
5531993057381
5531993057427
5531993057456
5531993057468
5531993057494
5531993057546
5531993057548
5531993057574
5531993057617
5531993057665
5531993057669
5531993057681
5531993057682
5531993057686
5531993057700
5531993057702
5531993057703
5531993057793
5531993057864
5531993057886
5531993057985
5531993058002
5531993058006
5531993058078
5531993058162
5531993058288
5531993058317
5531993058330
5531993058399
5531993058416
5531993058464
5531993058545
5531993058556
5531993058575
5531993058666
5531993058694
5531993058711
5531993058731
5531993058751
5531993058894
5531993058945
5531993058999
5531993059001
5531993059066
5531993059126
5531993059147
5531993059181
5531993059214
5531993059225
5531993059238
5531993059275
5531993059291
5531993059301
5531993059340
5531993059394
5531993059486
5531993059528
5531993059558
5531993059602
5531993059654
5531993059796
5531993059825
5531993059851
5531993059871
5531993059878
5531993059914
5531993059922
5531993059927
5531993059979
5531993060006
5531993060026
5531993060090
5531993060124
5531993060134
5531993060151
5531993060152
5531993060238
5531993060245
5531993060314
5531993060327
5531993060351
5531993060369
5531993060381
5531993060422
5531993060446
5531993060457
5531993060482
5531993060490
5531993060503
5531993060504
5531993060506
5531993060507
5531993060538
5531993060542
5531993060544
5531993060595
5531993060598
5531993060604
5531993060607
5531993060609
5531993060647
5531993060654
5531993060720
5531993060728
5531993060762
5531993060778
5531993060835
5531993060848
5531993060869
5531993060928
5531993060947
5531993060997
5531993061053
5531993061059
5531993061070
5531993061082
5531993061088
5531993061093
5531993061110
5531993061113
5531993061121
5531993061141
5531993061158
5531993061190
5531993061213
5531993061230
5531993061232
5531993061308
5531993061392
5531993061462
5531993061516
5531993061532
5531993061557
5531993061565
5531993061622
5531993061629
5531993061646
5531993061698
5531993061707
5531993061723
5531993061727
5531993061838
5531993061863
5531993061990
5531993062032
5531993062077
5531993062085
5531993062088
5531993062091
5531993062175
5531993062202
5531993062223
5531993062362
5531993062363
5531993062384
5531993062390
5531993062417
5531993062484
5531993062489
5531993062545
5531993062583
5531993062661
5531993062723
5531993062815
5531993062817
5531993062864
5531993062892
5531993062930
5531993062944
5531993062945
5531993062949
5531993062957
5531993063094
5531993063095
5531993063190
5531993063218
5531993063233
5531993063265
5531993063266
5531993063297
5531993063344
5531993063380
5531993063389
5531993063427
5531993063442
5531993063476
5531993063524
5531993063532
5531993063547
5531993063582
5531993063602
5531993063620
5531993063675
5531993063694
5531993063696
5531993063707
5531993063776
5531993063793
5531993063811
5531993063815
5531993063840
5531993063925
5531993063936
5531993064064
5531993064073
5531993064110
5531993064141
5531993064251
5531993064291
5531993064352
5531993064432
5531993064447
5531993064453
5531993064459
5531993064505
5531993064551
5531993064558
5531993064647
5531993064680
5531993064786
5531993064806
5531993064866
5531993064871
5531993064965
5531993064993
5531993065009
5531993065072
5531993065080
5531993065122
5531993065147
5531993065169
5531993065178
5531993065191
5531993065211
5531993065260
5531993065268
5531993065373
5531993065378
5531993065452
5531993065504
5531993065583
5531993065615
5531993065635
5531993065646
5531993065681
5531993065764
5531993065765
5531993065875
5531993065886
5531993065916
5531993065949
5531993065951
5531993065960
5531993066002
5531993066112
5531993066116
5531993066145
5531993066165
5531993066187
5531993066209
5531993066270
5531993066305
5531993066310
5531993066321
5531993066322
5531993066336
5531993066441
5531993066460
5531993066473
5531993066551
5531993066552
5531993066626
5531993066632
5531993066642
5531993066647
5531993066658
5531993066661
5531993066678
5531993066700
5531993066705
5531993066724
5531993066727
5531993066769
5531993066814
5531993066855
5531993066899
5531993066953
5531993066973
5531993066980
5531993066990
5531993067046
5531993067050
5531993067055
5531993067066
5531993067070
5531993067085
5531993067104
5531993067121
5531993067155
5531993067182
5531993067198
5531993067240
5531993067274
5531993067280
5531993067377
5531993067436
5531993067512
5531993067536
5531993067543
5531993067594
5531993067595
5531993067602
5531993067714
5531993067777
5531993067787
5531993067801
5531993067810
5531993067835
5531993067845
5531993067855
5531993067915
5531993067948
5531993067997
5531993068002
5531993068030
5531993068071
5531993068072
5531993068092
5531993068100
5531993068126
5531993068181
5531993068256
5531993068272
5531993068297
5531993068302
5531993068353
5531993068392
5531993068400
5531993068432
5531993068467
5531993068468
5531993068544
5531993068649
5531993068658
5531993068695
5531993068721
5531993068756
5531993068789
5531993068814
5531993068845
5531993068889
5531993068891
5531993068934
5531993068953
5531993068959
5531993068989
5531993069018
5531993069037
5531993069064
5531993069076
5531993069090
5531993069091
5531993069169
5531993069179
5531993069203
5531993069230
5531993069231
5531993069255
5531993069371
5531993069402
5531993069415
5531993069475
5531993069491
5531993069536
5531993069550
5531993069554
5531993069574
5531993069642
5531993069656
5531993069675
5531993069714
5531993069797
5531993069813
5531993069860
5531993069911
5531993069919
5531993069930
5531993069933
5531993069937
5531993069944
5531993069948
5531993069983
5531993070024
5531993070088
5531993070091
5531993070106
5531993070125
5531993070309
5531993070341
5531993070349
5531993070377
5531993070401
5531993070506
5531993070512
5531993070593
5531993070618
5531993070663
5531993070666
5531993070672
5531993070688
5531993070699
5531993070707
5531993070726
5531993070865
5531993070959
5531993070992
5531993071020
5531993071035
5531993071046
5531993071066
5531993071122
5531993071157
5531993071213
5531993071234
5531993071289
5531993071295
5531993071330
5531993071339
5531993071404
5531993071405
5531993071414
5531993071469
5531993071472
5531993071476
5531993071477
5531993071492
5531993071510
5531993071526
5531993071538
5531993071577
5531993071722
5531993071736
5531993071754
5531993071759
5531993071775
5531993071788
5531993071797
5531993071805
5531993071811
5531993071841
5531993071860
5531993071861
5531993071864
5531993071917
5531993071939
5531993072005
5531993072088
5531993072164
5531993072203
5531993072350
5531993072360
5531993072362
5531993072383
5531993072399
5531993072429
5531993072507
5531993072537
5531993072563
5531993072571
5531993072585
5531993072592
5531993072600
5531993072632
5531993072656
5531993072658
5531993072683
5531993072687
5531993072709
5531993072738
5531993072741
5531993072759
5531993072770
5531993072813
5531993072826
5531993072831
5531993072877
5531993072923
5531993072925
5531993072940
5531993072969
5531993073111
5531993073114
5531993073136
5531993073164
5531993073246
5531993073269
5531993073270
5531993073312
5531993073368
5531993073397
5531993073399
5531993073487
5531993073489
5531993073496
5531993073519
5531993073529
5531993073567
5531993073619
5531993073620
5531993073789
5531993073808
5531993073835
5531993073898
5531993073910
5531993073956
5531993073974
5531993074037
5531993074103
5531993074188
5531993074189
5531993074240
5531993074250
5531993074285
5531993074377
5531993074386
5531993074401
5531993074405
5531993074443
5531993074446
5531993074510
5531993074515
5531993074537
5531993074546
5531993074559
5531993074661
5531993074672
5531993074717
5531993074775
5531993074776
5531993074793
5531993074808
5531993074851
5531993074874
5531993074930
5531993074958
5531993074996
5531993075001
5531993075036
5531993075060
5531993075068
5531993075074
5531993075108
5531993075145
5531993075151
5531993075185
5531993075225
5531993075232
5531993075268
5531993075330
5531993075341
5531993075368
5531993075439
5531993075467
5531993075487
5531993075489
5531993075586
5531993075589
5531993075607
5531993075614
5531993075637
5531993075704
5531993075714
5531993075732
5531993075742
5531993075746
5531993075769
5531993075825
5531993075881
5531993075951
5531993075972
5531993075990
5531993075997
5531993076025
5531993076029
5531993076089
5531993076191
5531993076199
5531993076276
5531993076361
5531993076364
5531993076422
5531993076426
5531993076493
5531993076515
5531993076524
5531993076558
5531993076560
5531993076562
5531993076613
5531993076656
5531993076694
5531993076743
5531993076789
5531993076869
5531993076894
5531993076939
5531993076940
5531993077023
5531993077071
5531993077095
5531993077165
5531993077167
5531993077194
5531993077255
5531993077257
5531993077278
5531993077297
5531993077332
5531993077404
5531993077515
5531993077555
5531993077570
5531993077695
5531993077733
5531993077743
5531993077751
5531993077803
5531993077880
5531993077885
5531993077927
5531993078078
5531993078079
5531993078124
5531993078135
5531993078171
5531993078227
5531993078247
5531993078255
5531993078318
5531993078335
5531993078428
5531993078443
5531993078449
5531993078576
5531993078585
5531993078601
5531993078602
5531993078614
5531993078626
5531993078645
5531993078712
5531993078764
5531993078769
5531993078789
5531993078809
5531993078820
5531993078847
5531993078867
5531993078896
5531993078907
5531993078919
5531993078924
5531993079042
5531993079058
5531993079062
5531993079075
5531993079099
5531993079118
5531993079204
5531993079243
5531993079266
5531993079295
5531993079300
5531993079326
5531993079340
5531993079380
5531993079392
5531993079394
5531993079402
5531993079462
5531993079493
5531993079613
5531993079649
5531993079663
5531993079731
5531993079776
5531993079890
5531993079951
5531993079977
5531993079980
5531993079991
5531993080008
5531993080015
5531993080036
5531993080066
5531993080103
5531993080149
5531993080170
5531993080172
5531993080173
5531993080241
5531993080279
5531993080284
5531993080287
5531993080317
5531993080359
5531993080366
5531993080407
5531993080433
5531993080447
5531993080487
5531993080514
5531993080558
5531993080603
5531993080616
5531993080619
5531993080634
5531993080664
5531993080686
5531993080839
5531993080861
5531993080890
5531993080977
5531993080983
5531993081008
5531993081132
5531993081138
5531993081142
5531993081152
5531993081163
5531993081176
5531993081188
5531993081213
5531993081244
5531993081328
5531993081331
5531993081350
5531993081400
5531993081401
5531993081421
5531993081502
5531993081534
5531993081542
5531993081555
5531993081581
5531993081587
5531993081591
5531993081593
5531993081598
5531993081602
5531993081633
5531993081675
5531993081733
5531993081771
5531993081812
5531993081826
5531993081901
5531993081919
5531993081957
5531993081997
5531993082010
5531993082142
5531993082146
5531993082183
5531993082188
5531993082204
5531993082279
5531993082284
5531993082319
5531993082339
5531993082365
5531993082379
5531993082425
5531993082464
5531993082474
5531993082506
5531993082513
5531993082536
5531993082588
5531993082859
5531993082864
5531993082914
5531993082939
5531993082968
5531993083010
5531993083016
5531993083063
5531993083073
5531993083114
5531993083208
5531993083211
5531993083223
5531993083233
5531993083270
5531993083271
5531993083363
5531993083370
5531993083393
5531993083420
5531993083440
5531993083449
5531993083481
5531993083500
5531993083504
5531993083622
5531993083639
5531993083651
5531993083666
5531993083697
5531993083716
5531993083723
5531993083778
5531993083831
5531993083959
5531993083979
5531993083988
5531993084005
5531993084075
5531993084095
5531993084101
5531993084105
5531993084114
5531993084130
5531993084143
5531993084151
5531993084170
5531993084178
5531993084188
5531993084234
5531993084262
5531993084286
5531993084324
5531993084347
5531993084359
5531993084431
5531993084460
5531993084518
5531993084527
5531993084590
5531993084726
5531993084768
5531993084771
5531993084795
5531993084804
5531993084805
5531993084817
5531993084833
5531993084868
5531993084874
5531993084883
5531993084893
5531993084945
5531993084948
5531993084976
5531993085005
5531993085040
5531993085121
5531993085127
5531993085152
5531993085200
5531993085231
5531993085276
5531993085290
5531993085353
5531993085372
5531993085391
5531993085476
5531993085515
5531993085531
5531993085534
5531993085584
5531993085644
5531993085667
5531993085706
5531993085736
5531993085738
5531993085749
5531993085762
5531993085776
5531993085840
5531993085853
5531993085893
5531993086053
5531993086081
5531993086082
5531993086088
5531993086099
5531993086107
5531993086119
5531993086220
5531993086240
5531993086266
5531993086299
5531993086335
5531993086337
5531993086354
5531993086359
5531993086374
5531993086401
5531993086419
5531993086441
5531993086508
5531993086512
5531993086537
5531993086588
5531993086599
5531993086791
5531993086795
5531993086803
5531993086804
5531993086897
5531993086909
5531993086923
5531993087060
5531993087076
5531993087100
5531993087110
5531993087178
5531993087189
5531993087212
5531993087215
5531993087223
5531993087226
5531993087227
5531993087252
5531993087279
5531993087308
5531993087359
5531993087367
5531993087464
5531993087471
5531993087473
5531993087496
5531993087548
5531993087584
5531993087615
5531993087683
5531993087707
5531993087737
5531993087798
5531993087805
5531993087826
5531993087877
5531993087884
5531993087909
5531993087922
5531993087924
5531993087963
5531993088001
5531993088055
5531993088197
5531993088234
5531993088269
5531993088373
5531993088377
5531993088408
5531993088415
5531993088431
5531993088456
5531993088461
5531993088519
5531993088551
5531993088566
5531993088625
5531993088678
5531993088719
5531993088801
5531993088811
5531993088832
5531993088841
5531993088866
5531993088874
