5511983532881
5511983532905
5511983533015
5511983533019
5511983533076
5511983533113
5511983533192
5511983533208
5511983533223
5511983533282
5511983533300
5511983533361
5511983533382
5511983533414
5511983533440
5511983533484
5511983533539
5511983533557
5511983533626
5511983533667
5511983533738
5511983533826
5511983533833
5511983533860
5511983533908
5511983533922
5511983533925
5511983533943
5511983533994
5511983534040
5511983534215
5511983534286
5511983534320
5511983534404
5511983534425
5511983534516
5511983534554
5511983534640
5511983534668
5511983534705
5511983534716
5511983534720
5511983534730
5511983534822
5511983534835
5511983534860
5511983534915
5511983534949
5511983534950
5511983534984
5511983534994
5511983535046
5511983535080
5511983535113
5511983535142
5511983535187
5511983535219
5511983535278
5511983535307
5511983535355
5511983535361
5511983535382
5511983535486
5511983535560
5511983535609
5511983535672
5511983535692
5511983535716
5511983535841
5511983535913
5511983535971
5511983536015
5511983536028
5511983536219
5511983536250
5511983536253
5511983536255
5511983536430
5511983536445
5511983536457
5511983536546
5511983536547
5511983536555
5511983536574
5511983536581
5511983536630
5511983536770
5511983536795
5511983536877
5511983536910
5511983536940
5511983537018
5511983537023
5511983537135
5511983537148
5511983537162
5511983537269
5511983537302
5511983537376
5511983537440
5511983537482
5511983537495
5511983537510
5511983537528
5511983537629
5511983537630
5511983537640
5511983537674
5511983537743
5511983537748
5511983537754
5511983537851
5511983538103
5511983538145
5511983538192
5511983538201
5511983538258
5511983538270
5511983538309
5511983538315
5511983538347
5511983538417
5511983538424
5511983538468
5511983538566
5511983538607
5511983538675
5511983538694
5511983538707
5511983538777
5511983538831
5511983538836
5511983538934
5511983538963
5511983539114
5511983539127
5511983539241
5511983539264
5511983539271
5511983539454
5511983539459
5511983539478
5511983539502
5511983539517
5511983539628
5511983539648
5511983539678
5511983539690
5511983539693
5511983539697
5511983539745
5511983539794
5511983539811
5511983539830
5511983539873
5511983539913
5511983539926
5511983539970
5511983539991
5511983540029
5511983540036
5511983540049
5511983540111
5511983540156
5511983540200
5511983540223
5511983540232
5511983540249
5511983540306
5511983540334
5511983540336
5511983540361
5511983540370
5511983540372
5511983540456
5511983540466
5511983540485
5511983540492
5511983540499
5511983540500
5511983540568
5511983540638
5511983540659
5511983540698
5511983540727
5511983540759
5511983540787
5511983540793
5511983540815
5511983540910
5511983540955
5511983541112
5511983541121
5511983541128
5511983541172
5511983541202
5511983541211
5511983541227
5511983541319
5511983541332
5511983541333
5511983541342
5511983541382
5511983541396
5511983541414
5511983541415
5511983541422
5511983541570
5511983541588
5511983541616
5511983541688
5511983541695
5511983541734
5511983541822
5511983541857
5511983541890
5511983541899
5511983541935
5511983541959
5511983541999
5511983542006
5511983542029
5511983542031
5511983542032
5511983542049
5511983542071
5511983542104
5511983542160
5511983542164
5511983542219
5511983542234
5511983542253
5511983542287
5511983542356
5511983542376
5511983542396
5511983542443
5511983542484
5511983542494
5511983542551
5511983542559
5511983542564
5511983542575
5511983542615
5511983542629
5511983542650
5511983542687
5511983542744
5511983542788
5511983542793
5511983542805
5511983542811
5511983542858
5511983542872
5511983542877
5511983542892
5511983542894
5511983542908
5511983542929
5511983542945
5511983542979
5511983542988
5511983542989
5511983542998
5511983543020
5511983543032
5511983543051
5511983543070
5511983543075
5511983543108
5511983543117
5511983543194
5511983543195
5511983543271
5511983543321
5511983543350
5511983543365
5511983543367
5511983543383
5511983543401
5511983543404
5511983543438
5511983543451
5511983543474
5511983543477
5511983543527
5511983543570
5511983543585
5511983543591
5511983543607
5511983543612
5511983543628
5511983543642
5511983543778
5511983543804
5511983543834
5511983543840
5511983543854
5511983543855
5511983543856
5511983543906
5511983543911
5511983543957
5511983543979
5511983544015
5511983544021
5511983544025
5511983544029
5511983544044
5511983544091
5511983544100
5511983544104
5511983544144
5511983544158
5511983544198
5511983544204
5511983544221
5511983544228
5511983544229
5511983544260
5511983544293
5511983544320
5511983544327
5511983544336
5511983544357
5511983544428
5511983544436
5511983544454
5511983544458
5511983544464
5511983544468
5511983544476
5511983544481
5511983544545
5511983544589
5511983544633
5511983544684
5511983544737
5511983544768
5511983544789
5511983544806
5511983544809
5511983544842
5511983544850
5511983544868
5511983544885
5511983544912
5511983544939
5511983544940
5511983544943
5511983544949
5511983544953
5511983544987
5511983545008
5511983545040
5511983545088
5511983545198
5511983545199
5511983545212
5511983545232
5511983545235
5511983545261
5511983545268
5511983545304
5511983545318
5511983545347
5511983545360
5511983545367
5511983545373
5511983545384
5511983545456
5511983545464
5511983545489
5511983545501
5511983545502
5511983545509
5511983545535
5511983545566
5511983545605
5511983545648
5511983545657
5511983545679
5511983545724
5511983545747
5511983545756
5511983545826
5511983545829
5511983545832
5511983545838
5511983545856
5511983545864
5511983545868
5511983545915
5511983545954
5511983545957
5511983545975
5511983546010
5511983546014
5511983546039
5511983546050
5511983546073
5511983546104
5511983546124
5511983546171
5511983546183
5511983546198
5511983546279
5511983546294
5511983546316
5511983546341
5511983546343
5511983546356
5511983546367
5511983546386
5511983546523
5511983546632
5511983546642
5511983546646
5511983546707
5511983546757
5511983546764
5511983546775
5511983546804
5511983546810
5511983546823
5511983546850
5511983546881
5511983546890
5511983546922
5511983546950
5511983546978
5511983546979
5511983546980
5511983547015
5511983547036
5511983547038
5511983547039
5511983547041
5511983547050
5511983547054
5511983547058
5511983547061
5511983547078
5511983547080
5511983547082
5511983547083
5511983547088
5511983547110
5511983547123
5511983547128
5511983547131
5511983547139
5511983547159
5511983547245
5511983547254
5511983547257
5511983547269
5511983547347
5511983547354
5511983547384
5511983547400
5511983547412
5511983547413
5511983547433
5511983547457
5511983547528
5511983547580
5511983547599
5511983547653
5511983547664
5511983547685
5511983547763
5511983547777
5511983547804
5511983547826
5511983547875
5511983547880
5511983547952
5511983547957
5511983547968
5511983547974
5511983548006
5511983548009
5511983548021
5511983548082
5511983548122
5511983548211
5511983548225
5511983548231
5511983548235
5511983548252
5511983548263
5511983548289
5511983548546
5511983548553
5511983548558
5511983548582
5511983548626
5511983548630
5511983548661
5511983548707
5511983548722
5511983548810
5511983548830
5511983548980
5511983548987
5511983549003
5511983549004
5511983549005
5511983549007
5511983549040
5511983549090
5511983549094
5511983549120
5511983549134
5511983549135
5511983549138
5511983549141
5511983549170
5511983549186
5511983549194
5511983549225
5511983549300
5511983549306
5511983549337
5511983549364
5511983549396
5511983549426
5511983549446
5511983549451
5511983549456
5511983549458
5511983549460
5511983549491
5511983549494
5511983549565
5511983549595
5511983549650
5511983549662
5511983549665
5511983549672
5511983549698
5511983549707
5511983549719
5511983549728
5511983549729
5511983549736
5511983549750
5511983549763
5511983549798
5511983549820
5511983549829
5511983549855
5511983549856
5511983549858
5511983549894
5511983549895
5511983549902
5511983549912
5511983549920
5511983549925
5511983549938
5511983549948
5511983549967
5511983549970
5511983549976
5511983549983
5511983550000
5511983550011
5511983550048
5511983550111
5511983550138
5511983550147
5511983550191
5511983550202
5511983550209
5511983550347
5511983550373
5511983550493
5511983550532
5511983550633
5511983550709
5511983550857
5511983550949
5511983550999
5511983551010
5511983551020
5511983551022
5511983551112
5511983551179
5511983551212
5511983551292
5511983551347
5511983551550
5511983551567
5511983551662
5511983551717
5511983551769
5511983551787
5511983551800
5511983551808
5511983551823
5511983551873
5511983552036
5511983552038
5511983552042
5511983552051
5511983552068
5511983552101
5511983552305
5511983552351
5511983552422
5511983552426
5511983552471
5511983552526
5511983552543
5511983552572
5511983552576
5511983552639
5511983552711
5511983552714
5511983552991
5511983553020
5511983553026
5511983553027
5511983553135
5511983553136
5511983553172
5511983553175
5511983553214
5511983553267
5511983553268
5511983553274
5511983553326
5511983553412
5511983553441
5511983553580
5511983553768
5511983553777
5511983553920
5511983553960
5511983554008
5511983554107
5511983554263
5511983554289
5511983554320
5511983554356
5511983554404
5511983554407
5511983554424
5511983554433
5511983554531
5511983554558
5511983554570
5511983554611
5511983554625
5511983554650
5511983554697
5511983554705
5511983554712
5511983554714
5511983554780
5511983554815
5511983554825
5511983554904
5511983554924
5511983554943
5511983554947
5511983555000
5511983555053
5511983555145
5511983555146
5511983555151
5511983555170
5511983555208
5511983555305
5511983555312
5511983555329
5511983555393
5511983555425
5511983555428
5511983555461
5511983555519
5511983555530
5511983555539
5511983555584
5511983555627
5511983555657
5511983555659
5511983555681
5511983555706
5511983555740
5511983555755
5511983555769
5511983555777
5511983555801
5511983555841
5511983555894
5511983555924
5511983555933
5511983556066
5511983556075
5511983556077
5511983556078
5511983556112
5511983556122
5511983556177
5511983556215
5511983556226
5511983556356
5511983556371
5511983556401
5511983556493
5511983556507
5511983556541
5511983556542
5511983556573
5511983556611
5511983556635
5511983556645
5511983556713
5511983556732
5511983556733
5511983556764
5511983556788
5511983556789
5511983556807
5511983556818
5511983556858
5511983556877
5511983556902
5511983556930
5511983557001
5511983557014
5511983557047
5511983557061
5511983557086
5511983557104
5511983557112
5511983557136
5511983557148
5511983557198
5511983557230
5511983557298
5511983557306
5511983557309
5511983557312
5511983557314
5511983557373
5511983557430
5511983557451
5511983557472
5511983557505
5511983557533
5511983557558
5511983557589
5511983557644
5511983557676
5511983557748
5511983557751
5511983557928
5511983557972
5511983558020
5511983558023
5511983558075
5511983558134
5511983558255
5511983558283
5511983558313
5511983558345
5511983558359
5511983558461
5511983558483
5511983558515
5511983558521
5511983558627
5511983558637
5511983558642
5511983558686
5511983558770
5511983558784
5511983558792
5511983558808
5511983558845
5511983558899
5511983558902
5511983558904
5511983558913
5511983558932
5511983558936
5511983559049
5511983559088
5511983559136
5511983559187
5511983559203
5511983559267
5511983559306
5511983559314
5511983559315
5511983559515
5511983559523
5511983559611
5511983559615
5511983559618
5511983559665
5511983559689
5511983559818
5511983559825
5511983559848
5511983559947
5511983559980
5511983560000
5511983560045
5511983560065
5511983560092
5511983560116
5511983560216
5511983560358
5511983560421
5511983560446
5511983560471
5511983560491
5511983560494
5511983560503
5511983560510
5511983560606
5511983560711
5511983560815
5511983560836
5511983560911
5511983560960
5511983561034
5511983561208
5511983561234
5511983561244
5511983561293
5511983561314
5511983561443
5511983561465
5511983561477
5511983561497
5511983561511
5511983561581
5511983561587
5511983561802
5511983561834
5511983561863
5511983561942
5511983562085
5511983562091
5511983562094
5511983562147
5511983562164
5511983562171
5511983562273
5511983562342
5511983562364
5511983562381
5511983562423
5511983562462
5511983562520
5511983562601
5511983562680
5511983562702
5511983562712
5511983562724
5511983562775
5511983562896
5511983562936
5511983562962
5511983563051
5511983563099
5511983563113
5511983563132
5511983563227
5511983563278
5511983563298
5511983563393
5511983563439
5511983563441
5511983563442
5511983563459
5511983563553
5511983563580
5511983563584
5511983563604
5511983563686
5511983563713
5511983563748
5511983563751
5511983563760
5511983563895
5511983563906
5511983563920
5511983563932
5511983564107
5511983564149
5511983564204
5511983564210
5511983564240
5511983564272
5511983564285
5511983564444
5511983564485
5511983564567
5511983564568
5511983564625
5511983564627
5511983564789
5511983564798
5511983564934
5511983564964
5511983565018
5511983565127
5511983565147
5511983565163
5511983565326
5511983565388
5511983565396
5511983565422
5511983565423
5511983565471
5511983565489
5511983565554
5511983565601
5511983565667
5511983565694
5511983565852
5511983565888
5511983565903
5511983565962
5511983565989
5511983565991
5511983566048
5511983566054
5511983566076
5511983566134
5511983566145
5511983566183
5511983566301
5511983566336
5511983566338
5511983566413
5511983566445
5511983566506
5511983566532
5511983566657
5511983566669
5511983566683
5511983566822
5511983566859
5511983566904
5511983567036
5511983567057
5511983567077
5511983567119
5511983567177
5511983567196
5511983567275
5511983567434
5511983567440
5511983567567
5511983567673
5511983567706
5511983567772
5511983567946
5511983567969
5511983567978
5511983568027
5511983568053
5511983568172
5511983568203
5511983568265
5511983568375
5511983568431
5511983568532
5511983568570
5511983568587
5511983568637
5511983568846
5511983568929
5511983568968
5511983568974
5511983568990
5511983569190
5511983569236
5511983569387
5511983569425
5511983569434
5511983569442
5511983569451
5511983569479
5511983569516
5511983569537
5511983569569
5511983569589
5511983569631
5511983569659
5511983569669
5511983569751
5511983569868
5511983569888
5511983569889
5511983569897
5511983569921
5511983569936
5511983569950
5511983570009
5511983570100
5511983570125
5511983570168
5511983570222
5511983570233
5511983570265
5511983570318
5511983570322
5511983570450
5511983570488
5511983570532
5511983570548
5511983570745
5511983570791
5511983570795
5511983570826
5511983570875
5511983570938
5511983571014
5511983571046
5511983571067
5511983571100
5511983571108
5511983571139
5511983571236
5511983571250
5511983571271
5511983571338
5511983571350
5511983571390
5511983571454
5511983571514
5511983571627
5511983571640
5511983571674
5511983571686
5511983571695
5511983571698
5511983571832
5511983571880
5511983571991
5511983572015
5511983572034
5511983572061
5511983572106
5511983572158
5511983572170
5511983572198
5511983572353
5511983572395
5511983572404
5511983572464
5511983572492
5511983572496
5511983572502
5511983572517
5511983572546
5511983572591
5511983572593
5511983572601
5511983572662
5511983572700
5511983572751
5511983572760
5511983572829
5511983572882
5511983572931
5511983573038
5511983573107
5511983573140
5511983573157
5511983573165
5511983573195
5511983573231
5511983573570
5511983573572
5511983573699
5511983573701
5511983573711
5511983573766
5511983573901
5511983573927
5511983573940
5511983574062
5511983574069
5511983574187
5511983574204
5511983574217
5511983574297
5511983574313
5511983574382
5511983574447
5511983574660
5511983574718
5511983574752
5511983574782
5511983574942
5511983575005
5511983575040
5511983575089
5511983575122
5511983575142
5511983575235
5511983575250
5511983575253
5511983575273
5511983575306
5511983575346
5511983575375
5511983575434
5511983575568
5511983575621
5511983575625
5511983575686
5511983575959
5511983576026
5511983576090
5511983576096
5511983576118
5511983576137
5511983576155
5511983576192
5511983576207
5511983576288
5511983576325
5511983576369
5511983576393
5511983576551
5511983576556
5511983576595
5511983576664
5511983576682
5511983576693
5511983576694
5511983576731
5511983576786
5511983576803
5511983576856
5511983576925
5511983577025
5511983577079
5511983577217
5511983577228
5511983577263
5511983577280
5511983577288
5511983577294
5511983577305
5511983577361
5511983577374
5511983577380
5511983577411
5511983577426
5511983577445
5511983577485
5511983577502
5511983577595
5511983577610
5511983577664
5511983577701
5511983577781
5511983577785
5511983577806
5511983577819
5511983577987
5511983578011
5511983578058
5511983578059
5511983578117
5511983578210
5511983578260
5511983578337
5511983578338
5511983578484
5511983578510
5511983578513
5511983578634
5511983578705
5511983578725
5511983578727
5511983578754
5511983578777
5511983578779
5511983578789
5511983579129
5511983579226
5511983579257
5511983579294
5511983579490
5511983579492
5511983579511
5511983579512
5511983579536
5511983579571
5511983579583
5511983579771
5511983579834
5511983579869
5511983579904
5511983579934
5511983579939
5511983579971
5511983579973
5511983579984
5511983579992
5511983580022
5511983580145
5511983580156
5511983580208
5511983580243
5511983580357
5511983580516
5511983580550
5511983580590
5511983580596
5511983580719
5511983580815
5511983580830
5511983580865
5511983580888
5511983580899
5511983580920
5511983580939
5511983581010
5511983581052
5511983581116
5511983581119
5511983581261
5511983581442
5511983581460
5511983581644
5511983581675
5511983581883
5511983581940
5511983581944
5511983581974
5511983581998
5511983582002
5511983582004
5511983582018
5511983582033
5511983582038
5511983582066
5511983582111
5511983582120
5511983582161
5511983582218
5511983582229
5511983582253
5511983582280
5511983582351
5511983582492
5511983582526
5511983582530
5511983582660
5511983582753
5511983582804
5511983582887
5511983582910
5511983582930
5511983582946
5511983583060
5511983583062
5511983583097
5511983583103
5511983583142
5511983583233
5511983583255
5511983583273
5511983583362
5511983583572
5511983583608
5511983583677
5511983583767
5511983583847
5511983583874
5511983583917
5511983583982
5511983583999
5511983584003
5511983584127
5511983584188
5511983584331
5511983584390
5511983584415
5511983584426
5511983584455
5511983584508
5511983584549
5511983584551
5511983584583
5511983584611
5511983584615
5511983584637
5511983584660
5511983584671
5511983584722
5511983584794
5511983584804
5511983584820
5511983584821
5511983584933
5511983584947
5511983584979
5511983585020
5511983585142
5511983585150
5511983585238
5511983585299
5511983585331
5511983585474
5511983585519
5511983585538
5511983585546
5511983585556
5511983585609
5511983585663
5511983585668
5511983585683
5511983585790
5511983585794
5511983585795
5511983585838
5511983585858
5511983585872
5511983585926
5511983585998
5511983586061
5511983586107
5511983586112
5511983586155
5511983586177
5511983586194
5511983586207
5511983586218
5511983586243
5511983586246
5511983586256
5511983586276
5511983586294
5511983586295
5511983586439
5511983586440
5511983586493
5511983586541
5511983586588
5511983586606
5511983586616
5511983586821
5511983586860
5511983586862
5511983586877
5511983586888
5511983586910
5511983586913
5511983586962
5511983586992
5511983587048
5511983587052
5511983587102
5511983587177
5511983587370
5511983587374
5511983587377
5511983587380
5511983587390
5511983587442
5511983587577
5511983587630
5511983587653
5511983587682
5511983587797
5511983587810
5511983587837
5511983588044
5511983588045
5511983588078
5511983588089
5511983588091
5511983588225
5511983588285
5511983588298
5511983588305
5511983588326
5511983588392
5511983588473
5511983588480
5511983588498
5511983588518
5511983588593
5511983588597
5511983588610
5511983588775
5511983588794
5511983588798
5511983588857
5511983588858
5511983589006
5511983589016
5511983589172
5511983589512
5511983589669
5511983589694
5511983589778
5511983589906
5511983589991
5511983590165
5511983590260
5511983590272
5511983590278
5511983590283
5511983590299
5511983590334
5511983590384
5511983590415
5511983590469
5511983590520
5511983590656
5511983590699
5511983590723
5511983590736
5511983590777
5511983590795
5511983590995
5511983590996
5511983591156
5511983591176
5511983591224
5511983591271
5511983591279
5511983591310
5511983591382
5511983591418
5511983591469
5511983591554
5511983591586
5511983591602
5511983591633
5511983591654
5511983591670
5511983591695
5511983591718
5511983591741
5511983591928
5511983591983
5511983592115
5511983592191
5511983592279
5511983592391
5511983592532
5511983592572
5511983592695
5511983592726
5511983592799
5511983592809
5511983592855
5511983592976
5511983592981
5511983593103
5511983593118
5511983593212
5511983593222
5511983593327
5511983593332
5511983593350
5511983593378
5511983593421
5511983593447
5511983593515
5511983593521
5511983593523
5511983593541
5511983593545
5511983593551
5511983593569
5511983593602
5511983593609
5511983593623
5511983593642
5511983593651
5511983593661
5511983593691
5511983593794
5511983593810
5511983593853
5511983593866
5511983593929
5511983593948
5511983593955
5511983593962
5511983593995
5511983594019
5511983594041
5511983594076
5511983594109
5511983594272
5511983594390
5511983594447
5511983594549
5511983594562
5511983594633
5511983594907
5511983594923
5511983595044
5511983595046
5511983595062
5511983595188
5511983595198
5511983595199
5511983595213
5511983595311
5511983595359
5511983595377
5511983595447
5511983595455
5511983595467
5511983595475
5511983595480
5511983595553
5511983595559
5511983595571
5511983595832
5511983595866
5511983595938
5511983595980
5511983595990
5511983596015
5511983596038
5511983596064
5511983596140
5511983596220
5511983596303
5511983596337
5511983596391
5511983596414
5511983596555
5511983596707
5511983596768
5511983596799
5511983596802
5511983596894
5511983597135
5511983597208
5511983597217
5511983597464
5511983597583
5511983597647
5511983597649
5511983597667
5511983597745
5511983597803
5511983597813
5511983597880
5511983597898
5511983597907
5511983597994
5511983598095
5511983598135
5511983598148
5511983598240
5511983598246
5511983598316
5511983598474
5511983598617
5511983598733
5511983598840
5511983598852
5511983598919
5511983598985
5511983599017
5511983599090
5511983599180
5511983599256
5511983599269
5511983599280
5511983599415
5511983599423
5511983599460
5511983599471
5511983599539
5511983599617
5511983599698
5511983599703
5511983599713
5511983599716
5511983599753
5511983599767
5511983599815
5511983599859
5511983599863
5511983599881
5511983599965
5511983599968
5511983600103
5511983600295
5511983600402
5511983600415
5511983600484
5511983600500
5511983600558
5511983600796
5511983600806
5511983600831
5511983600998
5511983601096
5511983601201
5511983601404
5511983601441
5511983601469
5511983601483
5511983601614
5511983601625
5511983601762
5511983601824
5511983601966
5511983602061
5511983602295
5511983602513
5511983602589
5511983602669
5511983602676
5511983602743
5511983602913
5511983602966
5511983603105
5511983603249
5511983603441
5511983603714
5511983603742
5511983604114
5511983604126
5511983604281
5511983604390
5511983604415
5511983604445
5511983604532
5511983604674
5511983604712
5511983604837
5511983604851
5511983605251
5511983605476
5511983605522
5511983605550
5511983605941
5511983605961
5511983606034
5511983606128
5511983606339
5511983606375
5511983606483
5511983606582
5511983606690
5511983606693
5511983606767
5511983606782
5511983606890
5511983606960
5511983607065
5511983607083
5511983607249
5511983607352
5511983607365
5511983607433
5511983607526
5511983607544
5511983607570
5511983607693
5511983607910
5511983607912
5511983607927
5511983608164
5511983608260
5511983608308
5511983608352
5511983608454
5511983608471
5511983608591
5511983608635
5511983608741
5511983608805
5511983608826
5511983609037
5511983609223
5511983609272
5511983609336
5511983609539
5511983609585
5511983609990
5511983610027
5511983610062
5511983610100
5511983610151
5511983610193
5511983610266
5511983610303
5511983610341
5511983610420
5511983610509
5511983610533
5511983610647
5511983610676
5511983610712
5511983610750
5511983610772
5511983610779
5511983610788
5511983610816
5511983610824
5511983610888
5511983610894
5511983610922
5511983611002
5511983611035
5511983611087
5511983611183
5511983611248
5511983611276
5511983611300
5511983611305
5511983611346
5511983611481
5511983611491
5511983611523
5511983611566
5511983611618
5511983611670
5511983611703
5511983611777
5511983611823
5511983611870
5511983611984
5511983612009
5511983612081
5511983612104
5511983612126
5511983612146
5511983612177
5511983612185
5511983612251
5511983612287
5511983612302
5511983612311
5511983612479
5511983612480
5511983612587
5511983612612
5511983612671
5511983612714
5511983612778
5511983612842
5511983612959
5511983613264
5511983613305
5511983613367
5511983613416
5511983613460
5511983613536
5511983613560
5511983613637
5511983613650
5511983613865
5511983613957
5511983613994
5511983613999
5511983614018
5511983614060
5511983614078
5511983614171
5511983614182
5511983614275
5511983614395
5511983614441
5511983614471
5511983614558
5511983614565
5511983614633
5511983614650
5511983614682
5511983614692
5511983614753
5511983614831
5511983615002
5511983615078
5511983615133
5511983615177
5511983615484
5511983615544
5511983615623
5511983615669
5511983615689
5511983615734
5511983615825
5511983615840
5511983615890
5511983615945
5511983616044
5511983616075
5511983616225
5511983616232
5511983616234
5511983616436
5511983616576
5511983616585
5511983616630
5511983616703
5511983616743
5511983616783
5511983616898
5511983616921
5511983616983
5511983617006
5511983617017
5511983617060
5511983617078
5511983617194
5511983617201
5511983617237
5511983617270
5511983617296
5511983617302
5511983617305
5511983617340
5511983617363
5511983617386
5511983617402
5511983617406
5511983617413
5511983617552
5511983617690
5511983617765
5511983617822
5511983617856
5511983617860
5511983617880
5511983617964
5511983617991
5511983618002
5511983618019
5511983618051
5511983618182
5511983618197
5511983618372
5511983618472
5511983618681
5511983618691
5511983618699
5511983618779
5511983618813
5511983618933
5511983619107
5511983619253
5511983619366
5511983619447
5511983619483
5511983619556
5511983619596
5511983619628
5511983619661
5511983619667
5511983619715
5511983619720
5511983619737
5511983619761
5511983619789
5511983619795
5511983619834
5511983619841
5511983619856
5511983619888
5511983619890
5511983619921
5511983619929
5511983619984
5511983620010
5511983620044
5511983620100
5511983620304
5511983620322
5511983620341
5511983620350
5511983620361
5511983620632
5511983620634
5511983620733
5511983620762
5511983620796
5511983620817
5511983620870
5511983620959
5511983621036
5511983621081
5511983621191
5511983621247
5511983621281
5511983621345
5511983621377
5511983621440
5511983621565
5511983621588
5511983621724
5511983621745
5511983621765
5511983621940
5511983622120
5511983622160
5511983622164
5511983622174
5511983622188
5511983622190
5511983622293
5511983622309
5511983622383
5511983622411
5511983622421
5511983622511
5511983622591
5511983622626
5511983622698
5511983622737
5511983622859
5511983623006
5511983623012
5511983623060
5511983623084
5511983623106
5511983623180
5511983623333
5511983623351
5511983623404
5511983623458
5511983623517
5511983623533
5511983623556
5511983623587
5511983623610
5511983623927
5511983623929
5511983623979
5511983624041
5511983624161
5511983624181
5511983624321
5511983624322
5511983624377
5511983624381
5511983624434
5511983624436
5511983624471
5511983624485
5511983624498
5511983624552
5511983624585
5511983624602
5511983624607
5511983624670
5511983624671
5511983624715
5511983624757
5511983624802
5511983624866
5511983624878
5511983624897
5511983624969
5511983625047
5511983625177
5511983625207
5511983625259
5511983625306
5511983625431
5511983625469
5511983625526
5511983625660
5511983625670
5511983625673
5511983625677
5511983625747
5511983625777
5511983625796
5511983625834
5511983625877
5511983625886
5511983625972
5511983626008
5511983626051
5511983626115
5511983626122
5511983626132
5511983626184
5511983626236
5511983626319
5511983626360
