5511993565548
5511993565563
5511993565593
5511993565594
5511993565603
5511993565629
5511993565631
5511993565642
5511993565656
5511993565658
5511993565659
5511993565661
5511993565671
5511993565679
5511993565680
5511993565683
5511993565690
5511993565696
5511993565700
5511993565704
5511993565705
5511993565725
5511993565733
5511993565736
5511993565746
5511993565794
5511993565823
5511993565847
5511993565855
5511993565857
5511993565861
5511993565864
5511993565871
5511993565873
5511993565886
5511993565891
5511993565892
5511993565930
5511993565941
5511993565967
5511993565971
5511993565975
5511993565978
5511993565988
5511993566000
5511993566001
5511993566009
5511993566010
5511993566014
5511993566037
5511993566042
5511993566043
5511993566044
5511993566047
5511993566054
5511993566061
5511993566062
5511993566068
5511993566070
5511993566085
5511993566096
5511993566101
5511993566120
5511993566132
5511993566143
5511993566145
5511993566147
5511993566153
5511993566154
5511993566159
5511993566187
5511993566190
5511993566192
5511993566204
5511993566207
5511993566208
5511993566220
5511993566222
5511993566223
5511993566236
5511993566242
5511993566250
5511993566278
5511993566287
5511993566297
5511993566299
5511993566306
5511993566311
5511993566320
5511993566327
5511993566345
5511993566346
5511993566352
5511993566369
5511993566370
5511993566371
5511993566376
5511993566377
5511993566394
5511993566408
5511993566412
5511993566421
5511993566422
5511993566429
5511993566432
5511993566436
5511993566446
5511993566452
5511993566453
5511993566454
5511993566474
5511993566480
5511993566489
5511993566490
5511993566492
5511993566494
5511993566496
5511993566507
5511993566510
5511993566513
5511993566530
5511993566548
5511993566549
5511993566557
5511993566574
5511993566587
5511993566595
5511993566605
5511993566606
5511993566607
5511993566610
5511993566611
5511993566631
5511993566635
5511993566651
5511993566659
5511993566661
5511993566668
5511993566672
5511993566684
5511993566686
5511993566690
5511993566694
5511993566695
5511993566697
5511993566700
5511993566701
5511993566708
5511993566722
5511993566733
5511993566738
5511993566742
5511993566743
5511993566747
5511993566748
5511993566760
5511993566762
5511993566766
5511993566784
5511993566789
5511993566797
5511993566802
5511993566804
5511993566812
5511993566817
5511993566818
5511993566837
5511993566843
5511993566874
5511993566879
5511993566884
5511993566886
5511993566896
5511993566910
5511993566933
5511993566937
5511993566940
5511993566945
5511993566947
5511993566952
5511993566963
5511993566967
5511993566968
5511993566982
5511993566993
5511993566994
5511993566997
5511993567003
5511993567014
5511993567015
5511993567020
5511993567021
5511993567046
5511993567047
5511993567064
5511993567065
5511993567071
5511993567073
5511993567080
5511993567094
5511993567097
5511993567098
5511993567104
5511993567106
5511993567118
5511993567121
5511993567122
5511993567129
5511993567141
5511993567143
5511993567146
5511993567163
5511993567169
5511993567176
5511993567178
5511993567182
5511993567190
5511993567192
5511993567198
5511993567200
5511993567205
5511993567206
5511993567208
5511993567211
5511993567227
5511993567231
5511993567251
5511993567261
5511993567270
5511993567272
5511993567275
5511993567283
5511993567289
5511993567291
5511993567294
5511993567301
5511993567303
5511993567321
5511993567322
5511993567326
5511993567332
5511993567334
5511993567343
5511993567345
5511993567353
5511993567357
5511993567368
5511993567380
5511993567384
5511993567388
5511993567397
5511993567415
5511993567418
5511993567429
5511993567461
5511993567463
5511993567479
5511993567485
5511993567512
5511993567517
5511993567537
5511993567550
5511993567552
5511993567558
5511993567566
5511993567571
5511993567576
5511993567582
5511993567606
5511993567607
5511993567608
5511993567625
5511993567639
5511993567640
5511993567657
5511993567663
5511993567667
5511993567681
5511993567684
5511993567692
5511993567696
5511993567701
5511993567718
5511993567728
5511993567738
5511993567772
5511993567786
5511993567788
5511993567795
5511993567803
5511993567817
5511993567820
5511993567821
5511993567826
5511993567828
5511993567836
5511993567838
5511993567842
5511993567843
5511993567847
5511993567863
5511993567889
5511993567890
5511993567895
5511993567898
5511993567901
5511993567902
5511993567913
5511993567914
5511993567916
5511993567918
5511993567953
5511993567954
5511993567959
5511993567972
5511993567975
5511993567985
5511993567988
5511993568020
5511993568030
5511993568032
5511993568036
5511993568055
5511993568067
5511993568069
5511993568090
5511993568092
5511993568093
5511993568097
5511993568099
5511993568105
5511993568124
5511993568128
5511993568132
5511993568154
5511993568156
5511993568157
5511993568158
5511993568160
5511993568168
5511993568173
5511993568174
5511993568176
5511993568182
5511993568185
5511993568193
5511993568205
5511993568221
5511993568231
5511993568234
5511993568248
5511993568249
5511993568255
5511993568271
5511993568272
5511993568277
5511993568290
5511993568298
5511993568304
5511993568311
5511993568312
5511993568343
5511993568351
5511993568353
5511993568356
5511993568365
5511993568371
5511993568373
5511993568375
5511993568382
5511993568383
5511993568422
5511993568425
5511993568433
5511993568437
5511993568442
5511993568453
5511993568460
5511993568465
5511993568469
5511993568470
5511993568510
5511993568587
5511993568595
5511993568607
5511993568613
5511993568625
5511993568629
5511993568635
5511993568638
5511993568660
5511993568669
5511993568675
5511993568703
5511993568704
5511993568708
5511993568727
5511993568744
5511993568746
5511993568782
5511993568795
5511993568796
5511993568801
5511993568823
5511993568824
5511993568831
5511993568838
5511993568884
5511993568889
5511993568908
5511993568967
5511993569000
5511993569005
5511993569017
5511993569047
5511993569052
5511993569065
5511993569082
5511993569128
5511993569131
5511993569134
5511993569137
5511993569149
5511993569158
5511993569169
5511993569181
5511993569208
5511993569218
5511993569221
5511993569227
5511993569234
5511993569245
5511993569246
5511993569271
5511993569280
5511993569287
5511993569302
5511993569303
5511993569304
5511993569308
5511993569315
5511993569324
5511993569336
5511993569341
5511993569355
5511993569356
5511993569363
5511993569373
5511993569393
5511993569396
5511993569402
5511993569415
5511993569445
5511993569446
5511993569461
5511993569468
5511993569477
5511993569480
5511993569517
5511993569531
5511993569535
5511993569554
5511993569594
5511993569607
5511993569609
5511993569632
5511993569634
5511993569641
5511993569643
5511993569653
5511993569664
5511993569672
5511993569680
5511993569686
5511993569699
5511993569702
5511993569706
5511993569710
5511993569714
5511993569719
5511993569720
5511993569722
5511993569727
5511993569753
5511993569772
5511993569783
5511993569785
5511993569789
5511993569793
5511993569794
5511993569799
5511993569823
5511993569827
5511993569829
5511993569836
5511993569850
5511993569851
5511993569859
5511993569863
5511993569875
5511993569880
5511993569910
5511993569911
5511993569913
5511993569929
5511993569946
5511993569947
5511993569948
5511993569963
5511993569977
5511993569993
5511993570021
5511993570043
5511993570048
5511993570076
5511993570077
5511993570079
5511993570080
5511993570106
5511993570127
5511993570151
5511993570153
5511993570156
5511993570162
5511993570215
5511993570216
5511993570233
5511993570243
5511993570253
5511993570272
5511993570276
5511993570280
5511993570294
5511993570301
5511993570314
5511993570326
5511993570329
5511993570343
5511993570351
5511993570359
5511993570381
5511993570383
5511993570391
5511993570474
5511993570488
5511993570500
5511993570511
5511993570513
5511993570523
5511993570525
5511993570542
5511993570545
5511993570550
5511993570580
5511993570589
5511993570591
5511993570596
5511993570605
5511993570617
5511993570620
5511993570642
5511993570708
5511993570711
5511993570715
5511993570750
5511993570775
5511993570780
5511993570782
5511993570784
5511993570788
5511993570792
5511993570795
5511993570801
5511993570840
5511993570864
5511993570870
5511993570873
5511993570874
5511993570890
5511993570905
5511993570912
5511993570939
5511993570944
5511993570953
5511993570959
5511993570977
5511993570978
5511993570981
5511993570986
5511993570989
5511993571001
5511993571005
5511993571014
5511993571023
5511993571024
5511993571037
5511993571040
5511993571043
5511993571045
5511993571047
5511993571048
5511993571065
5511993571070
5511993571071
5511993571084
5511993571096
5511993571101
5511993571104
5511993571107
5511993571110
5511993571115
5511993571117
5511993571118
5511993571129
5511993571134
5511993571155
5511993571160
5511993571165
5511993571195
5511993571200
5511993571201
5511993571207
5511993571215
5511993571222
5511993571224
5511993571262
5511993571271
5511993571280
5511993571285
5511993571293
5511993571299
5511993571305
5511993571314
5511993571317
5511993571321
5511993571346
5511993571351
5511993571366
5511993571368
5511993571373
5511993571377
5511993571402
5511993571405
5511993571414
5511993571417
5511993571418
5511993571420
5511993571445
5511993571458
5511993571461
5511993571491
5511993571518
5511993571520
5511993571524
5511993571527
5511993571543
5511993571544
5511993571551
5511993571558
5511993571562
5511993571569
5511993571577
5511993571583
5511993571587
5511993571592
5511993571594
5511993571600
5511993571603
5511993571605
5511993571615
5511993571618
5511993571625
5511993571626
5511993571628
5511993571651
5511993571653
5511993571658
5511993571659
5511993571662
5511993571667
5511993571668
5511993571675
5511993571676
5511993571678
5511993571687
5511993571695
5511993571697
5511993571711
5511993571717
5511993571720
5511993571721
5511993571730
5511993571750
5511993571758
5511993571771
5511993571780
5511993571800
5511993571818
5511993571821
5511993571828
5511993571858
5511993571860
5511993571881
5511993571884
5511993571893
5511993571903
5511993571904
5511993571905
5511993571912
5511993571914
5511993571924
5511993571931
5511993571933
5511993571937
5511993571939
5511993571943
5511993571968
5511993571975
5511993571987
5511993571990
5511993572002
5511993572004
5511993572011
5511993572013
5511993572017
5511993572025
5511993572033
5511993572037
5511993572041
5511993572048
5511993572050
5511993572068
5511993572077
5511993572082
5511993572091
5511993572092
5511993572108
5511993572112
5511993572121
5511993572123
5511993572133
5511993572139
5511993572143
5511993572149
5511993572154
5511993572157
5511993572159
5511993572164
5511993572170
5511993572178
5511993572180
5511993572185
5511993572191
5511993572203
5511993572214
5511993572227
5511993572241
5511993572275
5511993572290
5511993572327
5511993572336
5511993572341
5511993572349
5511993572377
5511993572433
5511993572457
5511993572460
5511993572462
5511993572463
5511993572470
5511993572536
5511993572538
5511993572551
5511993572596
5511993572606
5511993572608
5511993572627
5511993572632
5511993572673
5511993572676
5511993572697
5511993572699
5511993572721
5511993572723
5511993572725
5511993572727
5511993572729
5511993572732
5511993572734
5511993572767
5511993572779
5511993572784
5511993572791
5511993572798
5511993572799
5511993572810
5511993572818
5511993572829
5511993572830
5511993572835
5511993572839
5511993572847
5511993572848
5511993572849
5511993572853
5511993572881
5511993572900
5511993572968
5511993572987
5511993573021
5511993573033
5511993573044
5511993573049
5511993573050
5511993573055
5511993573056
5511993573064
5511993573075
5511993573083
5511993573095
5511993573101
5511993573109
5511993573113
5511993573116
5511993573118
5511993573123
5511993573124
5511993573125
5511993573126
5511993573131
5511993573142
5511993573143
5511993573155
5511993573162
5511993573174
5511993573211
5511993573212
5511993573214
5511993573216
5511993573226
5511993573236
5511993573239
5511993573241
5511993573244
5511993573250
5511993573255
5511993573256
5511993573261
5511993573266
5511993573270
5511993573280
5511993573296
5511993573307
5511993573309
5511993573318
5511993573323
5511993573335
5511993573346
5511993573348
5511993573393
5511993573402
5511993573405
5511993573420
5511993573422
5511993573430
5511993573445
5511993573447
5511993573460
5511993573465
5511993573477
5511993573484
5511993573489
5511993573501
5511993573506
5511993573518
5511993573520
5511993573521
5511993573525
5511993573531
5511993573532
5511993573537
5511993573539
5511993573544
5511993573545
5511993573555
5511993573556
5511993573563
5511993573567
5511993573569
5511993573580
5511993573589
5511993573597
5511993573600
5511993573601
5511993573616
5511993573624
5511993573632
5511993573634
5511993573662
5511993573665
5511993573669
5511993573670
5511993573673
5511993573674
5511993573692
5511993573715
5511993573734
5511993573758
5511993573764
5511993573765
5511993573768
5511993573774
5511993573776
5511993573792
5511993573801
5511993573812
5511993573817
5511993573821
5511993573824
5511993573833
5511993573836
5511993573850
5511993573852
5511993573858
5511993573865
5511993573866
5511993573878
5511993573880
5511993573882
5511993573885
5511993573887
5511993573888
5511993573891
5511993573903
5511993573906
5511993573922
5511993573928
5511993573939
5511993573943
5511993573970
5511993573974
5511993573980
5511993573984
5511993573998
5511993574014
5511993574045
5511993574050
5511993574060
5511993574063
5511993574064
5511993574067
5511993574068
5511993574076
5511993574082
5511993574094
5511993574095
5511993574097
5511993574101
5511993574109
5511993574112
5511993574118
5511993574145
5511993574147
5511993574154
5511993574155
5511993574165
5511993574203
5511993574204
5511993574216
5511993574220
5511993574223
5511993574225
5511993574227
5511993574228
5511993574229
5511993574240
5511993574242
5511993574247
5511993574256
5511993574257
5511993574274
5511993574290
5511993574293
5511993574298
5511993574299
5511993574309
5511993574312
5511993574327
5511993574331
5511993574335
5511993574357
5511993574364
5511993574369
5511993574373
5511993574376
5511993574385
5511993574411
5511993574415
5511993574417
5511993574422
5511993574425
5511993574430
5511993574443
5511993574449
5511993574451
5511993574466
5511993574472
5511993574492
5511993574494
5511993574499
5511993574501
5511993574502
5511993574504
5511993574507
5511993574539
5511993574542
5511993574543
5511993574548
5511993574581
5511993574584
5511993574587
5511993574593
5511993574600
5511993574618
5511993574619
5511993574624
5511993574631
5511993574634
5511993574635
5511993574644
5511993574649
5511993574650
5511993574654
5511993574655
5511993574659
5511993574661
5511993574671
5511993574672
5511993574681
5511993574688
5511993574690
5511993574695
5511993574696
5511993574710
5511993574717
5511993574718
5511993574731
5511993574734
5511993574745
5511993574749
5511993574763
5511993574791
5511993574792
5511993574797
5511993574801
5511993574810
5511993574811
5511993574820
5511993574822
5511993574823
5511993574844
5511993574848
5511993574851
5511993574852
5511993574857
5511993574863
5511993574865
5511993574881
5511993574888
5511993574891
5511993574902
5511993574905
5511993574915
5511993574921
5511993574941
5511993574946
5511993574949
5511993574950
5511993574956
5511993574958
5511993574961
5511993574974
5511993574980
5511993574983
5511993574987
5511993574990
5511993574998
5511993574999
5511993575017
5511993575027
5511993575044
5511993575056
5511993575062
5511993575070
5511993575078
5511993575081
5511993575082
5511993575117
5511993575119
5511993575120
5511993575123
5511993575124
5511993575127
5511993575129
5511993575139
5511993575142
5511993575154
5511993575173
5511993575177
5511993575179
5511993575190
5511993575192
5511993575193
5511993575199
5511993575217
5511993575219
5511993575234
5511993575235
5511993575241
5511993575245
5511993575249
5511993575260
5511993575261
5511993575266
5511993575268
5511993575270
5511993575285
5511993575297
5511993575301
5511993575311
5511993575353
5511993575361
5511993575372
5511993575373
5511993575375
5511993575393
5511993575410
5511993575427
5511993575430
5511993575434
5511993575437
5511993575446
5511993575451
5511993575454
5511993575458
5511993575461
5511993575467
5511993575469
5511993575474
5511993575480
5511993575488
5511993575514
5511993575519
5511993575521
5511993575523
5511993575539
5511993575543
5511993575558
5511993575577
5511993575598
5511993575602
5511993575632
5511993575643
5511993575658
5511993575678
5511993575681
5511993575696
5511993575701
5511993575704
5511993575706
5511993575708
5511993575712
5511993575721
5511993575726
5511993575728
5511993575747
5511993575754
5511993575774
5511993575785
5511993575801
5511993575814
5511993575818
5511993575819
5511993575820
5511993575821
5511993575839
5511993575850
5511993575853
5511993575854
5511993575855
5511993575860
5511993575862
5511993575868
5511993575871
5511993575877
5511993575881
5511993575882
5511993575883
5511993575897
5511993575902
5511993575944
5511993575946
5511993575947
5511993575957
5511993575962
5511993575967
5511993575982
5511993575983
5511993575988
5511993575991
5511993575996
5511993576000
5511993576005
5511993576014
5511993576022
5511993576030
5511993576036
5511993576038
5511993576041
5511993576044
5511993576049
5511993576064
5511993576065
5511993576080
5511993576087
5511993576098
5511993576105
5511993576107
5511993576108
5511993576109
5511993576111
5511993576117
5511993576123
5511993576132
5511993576134
5511993576140
5511993576145
5511993576166
5511993576174
5511993576181
5511993576182
5511993576185
5511993576188
5511993576190
5511993576203
5511993576236
5511993576254
5511993576259
5511993576281
5511993576313
5511993576324
5511993576329
5511993576332
5511993576351
5511993576361
5511993576375
5511993576402
5511993576403
5511993576407
5511993576413
5511993576414
5511993576456
5511993576474
5511993576477
5511993576480
5511993576497
5511993576524
5511993576531
5511993576537
5511993576547
5511993576548
5511993576550
5511993576565
5511993576571
5511993576574
5511993576584
5511993576585
5511993576588
5511993576614
5511993576629
5511993576633
5511993576645
5511993576648
5511993576656
5511993576673
5511993576696
5511993576710
5511993576712
5511993576713
5511993576777
5511993576801
5511993576840
5511993576844
5511993576846
5511993576847
5511993576848
5511993576853
5511993576855
5511993576856
5511993576860
5511993576863
5511993576865
5511993576877
5511993576898
5511993576900
5511993576911
5511993576917
5511993576927
5511993576939
5511993576947
5511993576950
5511993576952
5511993576959
5511993576963
5511993576970
5511993577001
5511993577003
5511993577007
5511993577012
5511993577018
5511993577043
5511993577045
5511993577049
5511993577055
5511993577056
5511993577067
5511993577088
5511993577089
5511993577096
5511993577132
5511993577138
5511993577140
5511993577141
5511993577143
5511993577156
5511993577161
5511993577166
5511993577171
5511993577173
5511993577183
5511993577186
5511993577191
5511993577214
5511993577217
5511993577222
5511993577227
5511993577229
5511993577250
5511993577253
5511993577258
5511993577273
5511993577277
5511993577317
5511993577323
5511993577401
5511993577424
5511993577435
5511993577443
5511993577471
5511993577524
5511993577530
5511993577532
5511993577539
5511993577547
5511993577549
5511993577553
5511993577570
5511993577572
5511993577579
5511993577582
5511993577588
5511993577627
5511993577628
5511993577640
5511993577643
5511993577649
5511993577663
5511993577666
5511993577678
5511993577694
5511993577710
5511993577713
5511993577716
5511993577724
5511993577727
5511993577735
5511993577742
5511993577762
5511993577770
5511993577781
5511993577787
5511993577791
5511993577806
5511993577809
5511993577816
5511993577848
5511993577861
5511993577862
5511993577877
5511993577891
5511993577894
5511993577908
5511993577919
5511993577924
5511993577937
5511993577950
5511993577991
5511993577992
5511993578013
5511993578015
5511993578023
5511993578029
5511993578033
5511993578042
5511993578043
5511993578067
5511993578077
5511993578100
5511993578104
5511993578114
5511993578121
5511993578125
5511993578132
5511993578173
5511993578185
5511993578188
5511993578194
5511993578198
5511993578208
5511993578216
5511993578219
5511993578238
5511993578240
5511993578250
5511993578274
5511993578280
5511993578284
5511993578290
5511993578296
5511993578305
5511993578308
5511993578311
5511993578313
5511993578315
5511993578318
5511993578319
5511993578327
5511993578343
5511993578345
5511993578351
5511993578357
5511993578411
5511993578416
5511993578436
5511993578447
5511993578450
5511993578459
5511993578462
5511993578476
5511993578480
5511993578481
5511993578493
5511993578497
5511993578516
5511993578526
5511993578529
5511993578534
5511993578562
5511993578564
5511993578566
5511993578609
5511993578611
5511993578612
5511993578621
5511993578622
5511993578623
5511993578625
5511993578629
5511993578632
5511993578639
5511993578642
5511993578651
5511993578676
5511993578684
5511993578685
5511993578694
5511993578709
5511993578715
5511993578719
5511993578733
5511993578736
5511993578742
5511993578752
5511993578757
5511993578758
5511993578767
5511993578772
5511993578775
5511993578786
5511993578788
5511993578805
5511993578813
5511993578814
5511993578818
5511993578819
5511993578831
5511993578833
5511993578838
5511993578860
5511993578864
5511993578867
5511993578870
5511993578921
5511993578924
5511993578928
5511993578930
5511993578961
5511993578979
5511993578980
5511993578990
5511993578991
5511993578998
5511993578999
5511993579000
5511993579004
5511993579010
5511993579017
5511993579025
5511993579028
5511993579040
5511993579057
5511993579062
5511993579063
5511993579073
5511993579077
5511993579102
5511993579104
5511993579109
5511993579116
5511993579120
5511993579124
5511993579128
5511993579132
5511993579161
5511993579164
5511993579167
5511993579169
5511993579199
5511993579205
5511993579206
5511993579210
5511993579213
5511993579215
5511993579218
5511993579219
5511993579225
5511993579240
5511993579249
5511993579259
5511993579265
5511993579268
5511993579272
5511993579277
5511993579279
5511993579281
5511993579293
5511993579301
5511993579312
5511993579314
5511993579318
5511993579322
5511993579326
5511993579333
5511993579334
5511993579340
5511993579357
5511993579368
5511993579391
5511993579396
5511993579399
5511993579414
5511993579417
5511993579420
5511993579422
5511993579428
5511993579440
5511993579443
5511993579459
5511993579462
5511993579470
5511993579474
5511993579482
5511993579488
5511993579510
5511993579521
5511993579525
5511993579534
5511993579535
5511993579543
5511993579556
5511993579566
5511993579574
5511993579584
5511993579589
5511993579598
5511993579607
5511993579612
5511993579628
5511993579630
5511993579637
5511993579639
5511993579645
5511993579647
5511993579653
5511993579655
5511993579657
5511993579667
5511993579671
5511993579674
5511993579675
5511993579678
5511993579689
5511993579692
5511993579710
5511993579720
5511993579722
5511993579724
5511993579725
5511993579730
5511993579732
5511993579739
5511993579741
5511993579757
5511993579758
5511993579763
5511993579773
5511993579796
5511993579798
5511993579801
5511993579807
5511993579811
5511993579832
5511993579841
5511993579856
5511993579866
5511993579875
5511993579877
5511993579894
5511993579909
5511993579910
5511993579913
5511993579920
5511993579923
5511993579941
5511993579943
5511993579958
5511993579965
5511993579982
5511993579984
5511993579986
5511993579989
5511993579997
5511993580006
5511993580010
5511993580021
5511993580032
5511993580043
5511993580046
5511993580054
5511993580065
5511993580069
5511993580081
5511993580090
5511993580097
5511993580099
5511993580117
5511993580124
5511993580132
5511993580137
5511993580144
5511993580148
5511993580149
5511993580151
5511993580154
5511993580155
5511993580159
5511993580161
5511993580173
5511993580180
5511993580189
5511993580197
5511993580199
5511993580202
5511993580208
5511993580219
5511993580222
5511993580230
5511993580245
5511993580262
5511993580267
5511993580272
5511993580278
5511993580300
5511993580301
5511993580303
5511993580308
5511993580320
5511993580328
5511993580340
5511993580347
5511993580357
5511993580359
5511993580379
5511993580383
5511993580389
5511993580391
5511993580393
5511993580396
5511993580399
5511993580400
5511993580407
5511993580408
5511993580413
5511993580416
5511993580420
5511993580427
5511993580447
5511993580454
5511993580460
5511993580461
5511993580477
5511993580485
5511993580489
5511993580492
5511993580499
5511993580501
5511993580503
5511993580509
5511993580514
5511993580522
5511993580527
5511993580546
5511993580547
5511993580552
5511993580555
5511993580563
5511993580573
5511993580577
5511993580578
5511993580583
5511993580586
5511993580595
5511993580600
5511993580606
5511993580611
5511993580634
5511993580639
5511993580646
5511993580651
5511993580669
5511993580684
5511993580687
5511993580691
5511993580696
5511993580703
5511993580705
5511993580710
5511993580716
5511993580724
5511993580727
5511993580730
5511993580731
5511993580734
5511993580737
5511993580740
5511993580757
5511993580761
5511993580770
5511993580780
5511993580783
5511993580784
5511993580787
5511993580801
5511993580808
5511993580817
5511993580820
5511993580823
5511993580849
5511993580853
5511993580857
5511993580863
5511993580867
5511993580885
5511993580886
5511993580894
5511993580905
5511993580936
5511993580940
5511993580942
5511993580943
5511993580952
5511993580965
5511993580969
5511993580971
5511993580973
5511993580992
5511993580995
5511993581002
5511993581003
5511993581005
5511993581008
5511993581017
5511993581018
5511993581020
5511993581026
5511993581033
5511993581048
5511993581068
5511993581092
5511993581106
5511993581111
5511993581118
5511993581124
5511993581126
5511993581130
5511993581131
5511993581148
5511993581155
5511993581158
5511993581170
5511993581178
5511993581181
5511993581188
5511993581189
5511993581190
5511993581205
5511993581214
5511993581226
5511993581246
5511993581282
5511993581285
5511993581300
5511993581308
5511993581314
5511993581317
5511993581330
5511993581336
5511993581338
5511993581356
5511993581358
5511993581363
5511993581366
5511993581376
5511993581382
5511993581422
5511993581456
5511993581462
5511993581463
5511993581468
5511993581473
5511993581475
5511993581478
5511993581488
5511993581500
5511993581504
5511993581508
5511993581510
5511993581515
5511993581518
5511993581540
5511993581545
5511993581547
5511993581548
5511993581558
5511993581566
5511993581569
5511993581573
5511993581579
5511993581582
5511993581587
5511993581602
5511993581612
5511993581642
5511993581646
5511993581651
5511993581664
5511993581672
5511993581687
5511993581691
5511993581694
5511993581719
5511993581738
5511993581756
5511993581764
5511993581768
5511993581777
5511993581782
5511993581790
5511993581799
5511993581800
5511993581804
5511993581811
5511993581812
5511993581815
5511993581816
5511993581823
5511993581830
5511993581837
5511993581842
5511993581847
5511993581852
5511993581860
5511993581864
5511993581865
5511993581870
5511993581873
5511993581876
5511993581881
5511993581891
5511993581894
5511993581901
5511993581903
5511993581909
5511993581911
5511993581912
5511993581914
5511993581935
5511993581963
5511993581972
5511993581991
5511993581992
5511993581995
5511993582015
5511993582028
5511993582036
5511993582037
5511993582039
5511993582061
5511993582063
5511993582078
5511993582087
5511993582090
5511993582098
5511993582122
5511993582126
5511993582140
5511993582154
5511993582156
5511993582167
5511993582169
5511993582172
5511993582178
5511993582186
5511993582205
5511993582209
5511993582211
5511993582219
5511993582220
5511993582225
5511993582239
5511993582246
5511993582263
5511993582269
5511993582272
5511993582285
5511993582297
5511993582298
5511993582299
5511993582303
5511993582323
5511993582335
5511993582337
5511993582342
5511993582344
5511993582355
5511993582366
5511993582371
5511993582375
5511993582376
5511993582383
5511993582388
5511993582390
5511993582391
5511993582393
5511993582395
5511993582398
5511993582406
5511993582408
5511993582410
5511993582415
5511993582424
5511993582430
5511993582440
5511993582448
5511993582449
5511993582462
5511993582463
5511993582472
5511993582474
5511993582475
