5511991263918
5511991263922
5511991263937
5511991263942
5511991263943
5511991263947
5511991263954
5511991263961
5511991263966
5511991263982
5511991263984
5511991263986
5511991264011
5511991264020
5511991264053
5511991264097
5511991264100
5511991264132
5511991264152
5511991264156
5511991264164
5511991264166
5511991264177
5511991264187
5511991264194
5511991264202
5511991264220
5511991264222
5511991264231
5511991264252
5511991264277
5511991264282
5511991264297
5511991264322
5511991264329
5511991264344
5511991264359
5511991264400
5511991264469
5511991264477
5511991264478
5511991264483
5511991264495
5511991264503
5511991264506
5511991264515
5511991264562
5511991264567
5511991264580
5511991264582
5511991264594
5511991264597
5511991264624
5511991264626
5511991264635
5511991264638
5511991264647
5511991264667
5511991264672
5511991264706
5511991264730
5511991264745
5511991264748
5511991264760
5511991264768
5511991264786
5511991264800
5511991264825
5511991264847
5511991264858
5511991264864
5511991264867
5511991264878
5511991264907
5511991264919
5511991264927
5511991264929
5511991264932
5511991264962
5511991264982
5511991264992
5511991264996
5511991265006
5511991265008
5511991265020
5511991265028
5511991265034
5511991265043
5511991265075
5511991265076
5511991265102
5511991265104
5511991265110
5511991265111
5511991265129
5511991265157
5511991265169
5511991265189
5511991265190
5511991265229
5511991265230
5511991265260
5511991265265
5511991265267
5511991265272
5511991265290
5511991265292
5511991265308
5511991265315
5511991265329
5511991265339
5511991265342
5511991265343
5511991265349
5511991265371
5511991265374
5511991265386
5511991265388
5511991265408
5511991265422
5511991265432
5511991265453
5511991265459
5511991265474
5511991265482
5511991265493
5511991265505
5511991265523
5511991265527
5511991265536
5511991265562
5511991265567
5511991265581
5511991265586
5511991265599
5511991265609
5511991265623
5511991265653
5511991265662
5511991265665
5511991265667
5511991265681
5511991265709
5511991265710
5511991265713
5511991265714
5511991265722
5511991265729
5511991265731
5511991265740
5511991265756
5511991265779
5511991265784
5511991265823
5511991265829
5511991265842
5511991265846
5511991265853
5511991265872
5511991265878
5511991265880
5511991265887
5511991265907
5511991265912
5511991265915
5511991265924
5511991265929
5511991265931
5511991265945
5511991265948
5511991265974
5511991265976
5511991265993
5511991266001
5511991266014
5511991266026
5511991266032
5511991266033
5511991266055
5511991266059
5511991266062
5511991266093
5511991266107
5511991266111
5511991266124
5511991266129
5511991266130
5511991266142
5511991266177
5511991266199
5511991266238
5511991266247
5511991266261
5511991266264
5511991266275
5511991266294
5511991266298
5511991266302
5511991266306
5511991266320
5511991266333
5511991266338
5511991266339
5511991266341
5511991266369
5511991266373
5511991266390
5511991266391
5511991266430
5511991266447
5511991266459
5511991266477
5511991266490
5511991266541
5511991266589
5511991266603
5511991266616
5511991266620
5511991266625
5511991266631
5511991266640
5511991266646
5511991266650
5511991266658
5511991266670
5511991266677
5511991266679
5511991266701
5511991266713
5511991266729
5511991266746
5511991266750
5511991266754
5511991266791
5511991266797
5511991266806
5511991266811
5511991266813
5511991266833
5511991266836
5511991266838
5511991266844
5511991266868
5511991266873
5511991266876
5511991266881
5511991266883
5511991266899
5511991266932
5511991266937
5511991266939
5511991266962
5511991266965
5511991266976
5511991266981
5511991266987
5511991266995
5511991266999
5511991267009
5511991267019
5511991267025
5511991267027
5511991267045
5511991267053
5511991267069
5511991267107
5511991267116
5511991267145
5511991267146
5511991267171
5511991267186
5511991267188
5511991267191
5511991267224
5511991267226
5511991267250
5511991267274
5511991267293
5511991267301
5511991267307
5511991267308
5511991267331
5511991267352
5511991267356
5511991267360
5511991267364
5511991267370
5511991267394
5511991267396
5511991267398
5511991267401
5511991267404
5511991267426
5511991267435
5511991267470
5511991267483
5511991267524
5511991267526
5511991267528
5511991267530
5511991267551
5511991267556
5511991267570
5511991267572
5511991267573
5511991267579
5511991267580
5511991267586
5511991267587
5511991267613
5511991267620
5511991267634
5511991267649
5511991267665
5511991267693
5511991267712
5511991267715
5511991267724
5511991267761
5511991267766
5511991267769
5511991267780
5511991267787
5511991267816
5511991267826
5511991267835
5511991267841
5511991267847
5511991267873
5511991267930
5511991267939
5511991267946
5511991267969
5511991267981
5511991267988
5511991268009
5511991268016
5511991268024
5511991268041
5511991268044
5511991268050
5511991268070
5511991268081
5511991268082
5511991268086
5511991268110
5511991268129
5511991268130
5511991268133
5511991268141
5511991268151
5511991268171
5511991268186
5511991268210
5511991268219
5511991268220
5511991268230
5511991268231
5511991268235
5511991268236
5511991268253
5511991268256
5511991268257
5511991268271
5511991268276
5511991268288
5511991268298
5511991268317
5511991268322
5511991268323
5511991268333
5511991268351
5511991268359
5511991268361
5511991268384
5511991268413
5511991268428
5511991268437
5511991268451
5511991268468
5511991268476
5511991268480
5511991268493
5511991268503
5511991268511
5511991268520
5511991268524
5511991268543
5511991268554
5511991268558
5511991268560
5511991268575
5511991268579
5511991268581
5511991268586
5511991268606
5511991268610
5511991268625
5511991268637
5511991268639
5511991268640
5511991268641
5511991268659
5511991268665
5511991268673
5511991268706
5511991268722
5511991268730
5511991268758
5511991268776
5511991268814
5511991268823
5511991268851
5511991268855
5511991268886
5511991268890
5511991268919
5511991268923
5511991268924
5511991268943
5511991268988
5511991269005
5511991269017
5511991269029
5511991269043
5511991269068
5511991269070
5511991269104
5511991269106
5511991269110
5511991269117
5511991269147
5511991269164
5511991269192
5511991269195
5511991269204
5511991269205
5511991269213
5511991269222
5511991269229
5511991269256
5511991269271
5511991269285
5511991269301
5511991269326
5511991269330
5511991269354
5511991269383
5511991269409
5511991269420
5511991269470
5511991269480
5511991269489
5511991269494
5511991269510
5511991269511
5511991269517
5511991269521
5511991269578
5511991269585
5511991269587
5511991269596
5511991269600
5511991269601
5511991269615
5511991269627
5511991269643
5511991269645
5511991269647
5511991269672
5511991269674
5511991269678
5511991269685
5511991269726
5511991269746
5511991269748
5511991269757
5511991269763
5511991269774
5511991269775
5511991269778
5511991269780
5511991269797
5511991269809
5511991269811
5511991269821
5511991269851
5511991269858
5511991269868
5511991269870
5511991269885
5511991269908
5511991269915
5511991269920
5511991269922
5511991269932
5511991269953
5511991269969
5511991269970
5511991269989
5511991269998
5511991270010
5511991270065
5511991270071
5511991270072
5511991270081
5511991270092
5511991270105
5511991270108
5511991270121
5511991270138
5511991270157
5511991270167
5511991270171
5511991270219
5511991270229
5511991270238
5511991270246
5511991270264
5511991270284
5511991270287
5511991270323
5511991270327
5511991270328
5511991270330
5511991270335
5511991270343
5511991270344
5511991270346
5511991270355
5511991270366
5511991270372
5511991270392
5511991270393
5511991270402
5511991270407
5511991270419
5511991270423
5511991270457
5511991270466
5511991270472
5511991270474
5511991270476
5511991270484
5511991270494
5511991270508
5511991270525
5511991270543
5511991270558
5511991270560
5511991270570
5511991270572
5511991270583
5511991270586
5511991270600
5511991270602
5511991270614
5511991270618
5511991270639
5511991270650
5511991270672
5511991270690
5511991270693
5511991270694
5511991270700
5511991270702
5511991270707
5511991270714
5511991270716
5511991270721
5511991270724
5511991270729
5511991270734
5511991270735
5511991270739
5511991270747
5511991270785
5511991270799
5511991270805
5511991270811
5511991270849
5511991270864
5511991270876
5511991270895
5511991270905
5511991270926
5511991270938
5511991270942
5511991270945
5511991270955
5511991270963
5511991270964
5511991270977
5511991270994
5511991271000
5511991271014
5511991271021
5511991271027
5511991271031
5511991271054
5511991271095
5511991271097
5511991271100
5511991271105
5511991271117
5511991271139
5511991271141
5511991271149
5511991271167
5511991271170
5511991271174
5511991271178
5511991271187
5511991271215
5511991271220
5511991271224
5511991271226
5511991271251
5511991271253
5511991271254
5511991271256
5511991271258
5511991271267
5511991271271
5511991271274
5511991271279
5511991271284
5511991271317
5511991271335
5511991271353
5511991271363
5511991271373
5511991271374
5511991271375
5511991271377
5511991271379
5511991271395
5511991271397
5511991271403
5511991271406
5511991271425
5511991271428
5511991271432
5511991271454
5511991271480
5511991271482
5511991271487
5511991271490
5511991271501
5511991271506
5511991271508
5511991271520
5511991271527
5511991271529
5511991271541
5511991271548
5511991271572
5511991271578
5511991271618
5511991271619
5511991271623
5511991271626
5511991271645
5511991271647
5511991271650
5511991271651
5511991271674
5511991271686
5511991271695
5511991271721
5511991271738
5511991271753
5511991271769
5511991271782
5511991271794
5511991271805
5511991271806
5511991271808
5511991271818
5511991271819
5511991271836
5511991271853
5511991271859
5511991271865
5511991271873
5511991271874
5511991271927
5511991271928
5511991271949
5511991271951
5511991271995
5511991271998
5511991271999
5511991272003
5511991272006
5511991272012
5511991272014
5511991272025
5511991272042
5511991272043
5511991272053
5511991272060
5511991272072
5511991272086
5511991272111
5511991272112
5511991272126
5511991272143
5511991272149
5511991272166
5511991272171
5511991272182
5511991272201
5511991272204
5511991272217
5511991272218
5511991272230
5511991272256
5511991272274
5511991272290
5511991272292
5511991272296
5511991272298
5511991272302
5511991272303
5511991272309
5511991272316
5511991272317
5511991272318
5511991272330
5511991272332
5511991272339
5511991272356
5511991272365
5511991272374
5511991272408
5511991272409
5511991272425
5511991272430
5511991272443
5511991272447
5511991272479
5511991272481
5511991272484
5511991272506
5511991272512
5511991272523
5511991272526
5511991272536
5511991272546
5511991272562
5511991272592
5511991272637
5511991272640
5511991272643
5511991272657
5511991272665
5511991272677
5511991272681
5511991272693
5511991272698
5511991272720
5511991272725
5511991272728
5511991272749
5511991272755
5511991272764
5511991272770
5511991272774
5511991272776
5511991272781
5511991272784
5511991272785
5511991272792
5511991272793
5511991272815
5511991272834
5511991272854
5511991272856
5511991272857
5511991272888
5511991272904
5511991272909
5511991272917
5511991272935
5511991272953
5511991272958
5511991272962
5511991272982
5511991272987
5511991272990
5511991272991
5511991272998
5511991273025
5511991273040
5511991273045
5511991273057
5511991273060
5511991273061
5511991273084
5511991273101
5511991273104
5511991273114
5511991273115
5511991273130
5511991273143
5511991273150
5511991273155
5511991273159
5511991273162
5511991273187
5511991273217
5511991273218
5511991273226
5511991273274
5511991273282
5511991273305
5511991273339
5511991273342
5511991273349
5511991273354
5511991273357
5511991273358
5511991273360
5511991273380
5511991273385
5511991273419
5511991273421
5511991273428
5511991273436
5511991273437
5511991273445
5511991273446
5511991273489
5511991273493
5511991273540
5511991273541
5511991273543
5511991273548
5511991273602
5511991273634
5511991273638
5511991273647
5511991273670
5511991273677
5511991273701
5511991273706
5511991273707
5511991273722
5511991273730
5511991273749
5511991273774
5511991273805
5511991273824
5511991273834
5511991273848
5511991273910
5511991273950
5511991274017
5511991274031
5511991274041
5511991274044
5511991274045
5511991274060
5511991274062
5511991274066
5511991274120
5511991274131
5511991274146
5511991274153
5511991274178
5511991274200
5511991274210
5511991274214
5511991274234
5511991274240
5511991274253
5511991274266
5511991274279
5511991274280
5511991274289
5511991274290
5511991274292
5511991274293
5511991274346
5511991274350
5511991274363
5511991274398
5511991274399
5511991274415
5511991274435
5511991274440
5511991274474
5511991274477
5511991274500
5511991274504
5511991274515
5511991274537
5511991274540
5511991274543
5511991274563
5511991274582
5511991274587
5511991274591
5511991274595
5511991274609
5511991274616
5511991274621
5511991274641
5511991274643
5511991274644
5511991274668
5511991274670
5511991274698
5511991274707
5511991274716
5511991274722
5511991274739
5511991274777
5511991274807
5511991274808
5511991274817
5511991274828
5511991274831
5511991274832
5511991274856
5511991274864
5511991274871
5511991274872
5511991274889
5511991274899
5511991274908
5511991274919
5511991274929
5511991274942
5511991274944
5511991274948
5511991274957
5511991274964
5511991274980
5511991274983
5511991274986
5511991274996
5511991275006
5511991275041
5511991275042
5511991275044
5511991275046
5511991275058
5511991275070
5511991275072
5511991275075
5511991275076
5511991275088
5511991275091
5511991275097
5511991275102
5511991275121
5511991275122
5511991275129
5511991275136
5511991275176
5511991275183
5511991275191
5511991275215
5511991275232
5511991275244
5511991275259
5511991275285
5511991275288
5511991275294
5511991275304
5511991275309
5511991275311
5511991275314
5511991275315
5511991275317
5511991275325
5511991275336
5511991275337
5511991275341
5511991275348
5511991275350
5511991275363
5511991275394
5511991275414
5511991275425
5511991275448
5511991275462
5511991275485
5511991275524
5511991275529
5511991275530
5511991275532
5511991275547
5511991275559
5511991275560
5511991275561
5511991275562
5511991275569
5511991275572
5511991275586
5511991275588
5511991275597
5511991275606
5511991275617
5511991275623
5511991275628
5511991275633
5511991275648
5511991275652
5511991275656
5511991275669
5511991275686
5511991275696
5511991275706
5511991275710
5511991275722
5511991275726
5511991275764
5511991275778
5511991275781
5511991275789
5511991275803
5511991275808
5511991275817
5511991275820
5511991275853
5511991275857
5511991275862
5511991275868
5511991275881
5511991275888
5511991275890
5511991275898
5511991275910
5511991275921
5511991275924
5511991275931
5511991275937
5511991275946
5511991275952
5511991275992
5511991276058
5511991276068
5511991276085
5511991276102
5511991276118
5511991276124
5511991276139
5511991276140
5511991276142
5511991276143
5511991276175
5511991276197
5511991276205
5511991276209
5511991276223
5511991276228
5511991276242
5511991276243
5511991276266
5511991276270
5511991276278
5511991276294
5511991276295
5511991276308
5511991276323
5511991276329
5511991276342
5511991276372
5511991276377
5511991276383
5511991276396
5511991276404
5511991276405
5511991276413
5511991276417
5511991276424
5511991276426
5511991276445
5511991276462
5511991276465
5511991276468
5511991276474
5511991276475
5511991276483
5511991276493
5511991276499
5511991276514
5511991276526
5511991276530
5511991276561
5511991276564
5511991276578
5511991276579
5511991276581
5511991276608
5511991276611
5511991276622
5511991276644
5511991276672
5511991276673
5511991276676
5511991276678
5511991276685
5511991276714
5511991276733
5511991276735
5511991276737
5511991276739
5511991276740
5511991276750
5511991276752
5511991276776
5511991276778
5511991276800
5511991276805
5511991276815
5511991276836
5511991276845
5511991276859
5511991276868
5511991276887
5511991276900
5511991276901
5511991276913
5511991276917
5511991276918
5511991276959
5511991276970
5511991276979
5511991276982
5511991276984
5511991276989
5511991276994
5511991277004
5511991277009
5511991277016
5511991277017
5511991277023
5511991277036
5511991277050
5511991277073
5511991277085
5511991277093
5511991277109
5511991277112
5511991277124
5511991277125
5511991277148
5511991277178
5511991277189
5511991277204
5511991277214
5511991277223
5511991277227
5511991277229
5511991277233
5511991277236
5511991277245
5511991277247
5511991277256
5511991277306
5511991277324
5511991277326
5511991277327
5511991277335
5511991277344
5511991277357
5511991277374
5511991277376
5511991277379
5511991277385
5511991277388
5511991277390
5511991277400
5511991277424
5511991277426
5511991277451
5511991277465
5511991277481
5511991277482
5511991277484
5511991277490
5511991277495
5511991277522
5511991277548
5511991277562
5511991277588
5511991277591
5511991277602
5511991277604
5511991277609
5511991277617
5511991277623
5511991277625
5511991277641
5511991277647
5511991277660
5511991277669
5511991277673
5511991277675
5511991277687
5511991277690
5511991277701
5511991277706
5511991277716
5511991277719
5511991277727
5511991277736
5511991277749
5511991277757
5511991277760
5511991277777
5511991277787
5511991277789
5511991277803
5511991277813
5511991277817
5511991277827
5511991277833
5511991277871
5511991277888
5511991277892
5511991277896
5511991277921
5511991277937
5511991277944
5511991277945
5511991277951
5511991277965
5511991277973
5511991277996
5511991278006
5511991278018
5511991278024
5511991278027
5511991278069
5511991278075
5511991278090
5511991278112
5511991278116
5511991278118
5511991278130
5511991278135
5511991278156
5511991278182
5511991278189
5511991278209
5511991278212
5511991278236
5511991278237
5511991278245
5511991278254
5511991278261
5511991278279
5511991278298
5511991278307
5511991278310
5511991278317
5511991278325
5511991278339
5511991278348
5511991278359
5511991278371
5511991278386
5511991278390
5511991278391
5511991278393
5511991278414
5511991278424
5511991278425
5511991278442
5511991278448
5511991278461
5511991278464
5511991278469
5511991278475
5511991278476
5511991278518
5511991278528
5511991278571
5511991278581
5511991278586
5511991278608
5511991278611
5511991278620
5511991278635
5511991278668
5511991278675
5511991278677
5511991278693
5511991278699
5511991278702
5511991278704
5511991278729
5511991278740
5511991278744
5511991278757
5511991278773
5511991278778
5511991278809
5511991278819
5511991278822
5511991278830
5511991278850
5511991278855
5511991278865
5511991278881
5511991278888
5511991278901
5511991278904
5511991278907
5511991278910
5511991278951
5511991278957
5511991278959
5511991278989
5511991279003
5511991279032
5511991279037
5511991279060
5511991279065
5511991279074
5511991279078
5511991279093
5511991279095
5511991279111
5511991279115
5511991279118
5511991279123
5511991279131
5511991279132
5511991279135
5511991279136
5511991279147
5511991279149
5511991279155
5511991279163
5511991279188
5511991279215
5511991279260
5511991279265
5511991279282
5511991279303
5511991279310
5511991279333
5511991279340
5511991279343
5511991279349
5511991279354
5511991279355
5511991279368
5511991279384
5511991279389
5511991279390
5511991279398
5511991279405
5511991279421
5511991279424
5511991279444
5511991279472
5511991279476
5511991279478
5511991279480
5511991279492
5511991279495
5511991279508
5511991279515
5511991279533
5511991279541
5511991279545
5511991279559
5511991279566
5511991279574
5511991279590
5511991279613
5511991279627
5511991279640
5511991279643
5511991279644
5511991279646
5511991279652
5511991279656
5511991279661
5511991279662
5511991279672
5511991279681
5511991279682
5511991279683
5511991279687
5511991279709
5511991279719
5511991279731
5511991279740
5511991279745
5511991279750
5511991279768
5511991279784
5511991279791
5511991279797
5511991279807
5511991279813
5511991279818
5511991279825
5511991279829
5511991279844
5511991279860
5511991279871
5511991279888
5511991279917
5511991279941
5511991279952
5511991279962
5511991279967
5511991279984
5511991279989
5511991280016
5511991280029
5511991280044
5511991280049
5511991280059
5511991280074
5511991280079
5511991280081
5511991280085
5511991280087
5511991280104
5511991280122
5511991280133
5511991280141
5511991280146
5511991280218
5511991280223
5511991280240
5511991280244
5511991280247
5511991280286
5511991280288
5511991280295
5511991280303
5511991280304
5511991280315
5511991280355
5511991280357
5511991280370
5511991280380
5511991280396
5511991280401
5511991280417
5511991280421
5511991280431
5511991280438
5511991280465
5511991280484
5511991280489
5511991280492
5511991280498
5511991280506
5511991280509
5511991280533
5511991280550
5511991280552
5511991280565
5511991280566
5511991280575
5511991280613
5511991280621
5511991280629
5511991280632
5511991280666
5511991280674
5511991280685
5511991280688
5511991280705
5511991280707
5511991280727
5511991280745
5511991280778
5511991280781
5511991280803
5511991280816
5511991280834
5511991280844
5511991280855
5511991280866
5511991280885
5511991280910
5511991280913
5511991280919
5511991280924
5511991280930
5511991280939
5511991280941
5511991280961
5511991280972
5511991280981
5511991280995
5511991281007
5511991281020
5511991281029
5511991281032
5511991281034
5511991281041
5511991281045
5511991281047
5511991281060
5511991281063
5511991281108
5511991281116
5511991281120
5511991281130
5511991281163
5511991281173
5511991281176
5511991281179
5511991281183
5511991281225
5511991281227
5511991281236
5511991281239
5511991281244
5511991281268
5511991281279
5511991281287
5511991281301
5511991281309
5511991281312
5511991281313
5511991281314
5511991281321
5511991281340
5511991281345
5511991281362
5511991281379
5511991281382
5511991281390
5511991281414
5511991281416
5511991281438
5511991281439
5511991281443
5511991281445
5511991281467
5511991281485
5511991281488
5511991281511
5511991281528
5511991281537
5511991281545
5511991281548
5511991281553
5511991281582
5511991281595
5511991281617
5511991281619
5511991281621
5511991281636
5511991281641
5511991281654
5511991281661
5511991281664
5511991281675
5511991281678
5511991281685
5511991281706
5511991281709
5511991281712
5511991281715
5511991281716
5511991281728
5511991281771
5511991281777
5511991281780
5511991281800
5511991281803
5511991281807
5511991281812
5511991281826
5511991281838
5511991281849
5511991281853
5511991281860
5511991281861
5511991281862
5511991281899
5511991281920
5511991281949
5511991281951
5511991281959
5511991281961
5511991281993
5511991282003
5511991282004
5511991282008
5511991282018
5511991282020
5511991282041
5511991282045
5511991282048
5511991282054
5511991282070
5511991282072
5511991282077
5511991282084
5511991282093
5511991282101
5511991282103
5511991282105
5511991282108
5511991282122
5511991282127
5511991282131
5511991282133
5511991282134
5511991282138
5511991282143
5511991282148
5511991282157
5511991282199
5511991282207
5511991282213
5511991282216
5511991282246
5511991282254
5511991282257
5511991282258
5511991282307
5511991282339
5511991282348
5511991282350
5511991282355
5511991282361
5511991282375
5511991282377
5511991282384
5511991282418
5511991282430
5511991282436
5511991282452
5511991282455
5511991282459
5511991282460
5511991282464
5511991282473
5511991282486
5511991282535
5511991282541
5511991282554
5511991282560
5511991282585
5511991282595
5511991282604
5511991282614
5511991282648
5511991282657
5511991282670
5511991282671
5511991282696
5511991282708
5511991282718
5511991282729
5511991282734
5511991282740
5511991282741
5511991282761
5511991282776
5511991282789
5511991282792
5511991282800
5511991282805
5511991282821
5511991282841
5511991282844
5511991282846
5511991282856
5511991282867
5511991282878
5511991282883
5511991282884
5511991282895
5511991282902
5511991282909
5511991282911
5511991282916
5511991282923
5511991282943
5511991282954
5511991282955
5511991282965
5511991282977
5511991282995
5511991283002
5511991283006
5511991283013
5511991283015
5511991283041
5511991283047
5511991283051
5511991283123
5511991283132
5511991283136
5511991283140
5511991283154
5511991283159
5511991283168
5511991283173
5511991283196
5511991283197
5511991283199
5511991283201
5511991283207
5511991283208
5511991283213
5511991283222
5511991283224
5511991283226
5511991283227
5511991283250
5511991283252
5511991283253
5511991283255
5511991283288
5511991283297
5511991283300
5511991283318
5511991283323
5511991283325
5511991283331
5511991283334
5511991283335
5511991283392
5511991283394
5511991283406
5511991283414
5511991283423
5511991283431
5511991283449
5511991283450
5511991283496
5511991283501
5511991283502
5511991283511
5511991283523
5511991283529
5511991283531
5511991283539
5511991283553
5511991283558
5511991283566
5511991283578
5511991283589
5511991283599
5511991283613
5511991283625
5511991283650
5511991283660
5511991283663
5511991283670
5511991283671
5511991283676
5511991283677
5511991283680
5511991283698
5511991283701
5511991283703
5511991283714
5511991283728
5511991283759
5511991283772
5511991283792
5511991283795
5511991283807
5511991283819
5511991283821
5511991283827
5511991283831
5511991283836
5511991283838
5511991283843
5511991283844
5511991283859
5511991283869
5511991283881
5511991283882
5511991283892
5511991283897
5511991283904
5511991283931
5511991283937
5511991283945
5511991283961
5511991283975
5511991283994
5511991284004
5511991284034
5511991284048
5511991284049
5511991284060
5511991284071
5511991284077
5511991284078
5511991284081
5511991284088
5511991284095
5511991284101
5511991284123
5511991284141
5511991284163
5511991284172
5511991284183
5511991284187
5511991284192
5511991284201
5511991284249
5511991284262
5511991284294
5511991284309
5511991284343
5511991284388
5511991284389
5511991284392
5511991284400
5511991284414
5511991284430
5511991284461
5511991284471
5511991284477
5511991284486
5511991284487
5511991284509
5511991284512
5511991284540
5511991284545
5511991284570
5511991284572
5511991284573
5511991284579
5511991284621
5511991284634
5511991284645
5511991284646
5511991284647
5511991284649
5511991284651
5511991284653
5511991284665
5511991284667
5511991284681
5511991284705
5511991284716
5511991284717
5511991284723
5511991284725
5511991284737
5511991284744
5511991284747
5511991284751
5511991284757
5511991284760
5511991284763
5511991284811
5511991284823
5511991284842
5511991284854
5511991284876
5511991284884
5511991284888
5511991284890
5511991284903
5511991284917
5511991284941
5511991284978
5511991284979
5511991284984
5511991284985
5511991284987
5511991284995
5511991285022
5511991285049
5511991285061
5511991285064
5511991285070
5511991285071
5511991285073
5511991285076
5511991285082
5511991285084
5511991285091
5511991285092
5511991285100
5511991285107
5511991285108
5511991285117
5511991285119
5511991285136
5511991285194
5511991285199
5511991285200
5511991285212
5511991285225
5511991285270
5511991285284
5511991285303
5511991285308
5511991285342
5511991285343
5511991285359
5511991285360
5511991285365
5511991285370
5511991285372
5511991285384
5511991285405
5511991285438
5511991285456
5511991285462
5511991285463
5511991285464
5511991285471
5511991285483
5511991285489
5511991285510
5511991285514
5511991285542
5511991285544
5511991285566
5511991285567
5511991285568
5511991285580
5511991285581
5511991285592
5511991285601
5511991285615
5511991285616
5511991285642
5511991285644
5511991285666
5511991285675
5511991285678
5511991285679
5511991285680
5511991285689
5511991285705
5511991285713
5511991285714
5511991285724
5511991285729
5511991285736
5511991285744
5511991285775
5511991285781
5511991285797
5511991285811
5511991285830
5511991285839
5511991285843
5511991285862
5511991285866
5511991285881
5511991285892
5511991285894
5511991285903
5511991285941
5511991285952
5511991285955
5511991285958
5511991286012
5511991286013
5511991286022
5511991286023
5511991286066
5511991286092
5511991286120
5511991286121
5511991286125
5511991286154
5511991286169
5511991286172
5511991286174
5511991286176
5511991286185
5511991286188
5511991286192
5511991286199
5511991286200
5511991286201
5511991286203
5511991286212
5511991286216
5511991286217
5511991286230
5511991286231
5511991286233
5511991286243
5511991286273
5511991286277
5511991286283
5511991286284
