5511983441161
5511983441210
5511983441247
5511983441258
5511983441314
5511983441372
5511983441373
5511983441395
5511983441397
5511983441421
5511983441469
5511983441514
5511983441561
5511983441598
5511983441606
5511983441713
5511983441751
5511983441772
5511983441838
5511983441872
5511983441873
5511983441895
5511983441899
5511983441914
5511983441959
5511983441976
5511983441994
5511983442053
5511983442100
5511983442128
5511983442184
5511983442195
5511983442234
5511983442255
5511983442258
5511983442268
5511983442289
5511983442394
5511983442408
5511983442427
5511983442544
5511983442666
5511983442779
5511983442806
5511983442840
5511983442939
5511983443020
5511983443088
5511983443155
5511983443164
5511983443189
5511983443201
5511983443256
5511983443277
5511983443281
5511983443290
5511983443322
5511983443340
5511983443364
5511983443393
5511983443425
5511983443467
5511983443599
5511983443628
5511983443723
5511983443754
5511983443885
5511983444034
5511983444044
5511983444051
5511983444100
5511983444161
5511983444170
5511983444236
5511983444248
5511983444255
5511983444259
5511983444316
5511983444344
5511983444354
5511983444413
5511983444425
5511983444430
5511983444433
5511983444443
5511983444561
5511983444562
5511983444568
5511983444594
5511983444646
5511983444720
5511983444738
5511983444796
5511983444844
5511983444902
5511983444906
5511983444949
5511983445020
5511983445037
5511983445150
5511983445170
5511983445254
5511983445268
5511983445314
5511983445430
5511983445498
5511983445547
5511983445561
5511983445574
5511983445578
5511983445675
5511983445678
5511983445683
5511983445702
5511983445731
5511983445751
5511983445755
5511983445760
5511983445840
5511983445911
5511983445940
5511983446000
5511983446060
5511983446087
5511983446101
5511983446116
5511983446185
5511983446215
5511983446269
5511983446282
5511983446307
5511983446316
5511983446332
5511983446378
5511983446451
5511983446457
5511983446489
5511983446551
5511983446607
5511983446623
5511983446629
5511983446639
5511983446735
5511983446778
5511983446834
5511983446839
5511983446907
5511983446941
5511983446953
5511983446956
5511983446968
5511983446972
5511983446986
5511983447016
5511983447085
5511983447199
5511983447226
5511983447243
5511983447293
5511983447310
5511983447322
5511983447323
5511983447529
5511983447546
5511983447595
5511983447651
5511983447676
5511983447708
5511983447764
5511983447888
5511983447945
5511983447951
5511983448008
5511983448028
5511983448082
5511983448083
5511983448103
5511983448108
5511983448158
5511983448190
5511983448202
5511983448219
5511983448234
5511983448278
5511983448285
5511983448324
5511983448361
5511983448362
5511983448434
5511983448448
5511983448612
5511983448762
5511983448888
5511983448969
5511983449006
5511983449115
5511983449133
5511983449144
5511983449173
5511983449262
5511983449339
5511983449344
5511983449493
5511983449529
5511983449553
5511983449554
5511983449567
5511983449570
5511983449577
5511983449650
5511983449661
5511983449724
5511983449732
5511983449740
5511983449748
5511983449760
5511983449813
5511983449831
5511983449858
5511983449884
5511983449899
5511983449901
5511983449907
5511983449911
5511983449926
5511983449943
5511983449972
5511983449984
5511983450009
5511983450017
5511983450099
5511983450146
5511983450180
5511983450191
5511983450247
5511983450326
5511983450478
5511983450634
5511983450707
5511983450710
5511983450778
5511983450788
5511983450866
5511983450930
5511983451013
5511983451075
5511983451100
5511983451141
5511983451156
5511983451222
5511983451255
5511983451299
5511983451330
5511983451414
5511983451421
5511983451436
5511983451439
5511983451470
5511983451496
5511983451499
5511983451599
5511983451654
5511983451655
5511983451668
5511983451711
5511983451728
5511983451748
5511983451910
5511983451969
5511983452020
5511983452060
5511983452062
5511983452115
5511983452134
5511983452157
5511983452211
5511983452222
5511983452290
5511983452350
5511983452407
5511983452432
5511983452490
5511983452554
5511983452560
5511983452577
5511983452612
5511983452624
5511983452683
5511983452703
5511983452770
5511983452771
5511983452820
5511983452840
5511983453030
5511983453063
5511983453123
5511983453173
5511983453210
5511983453237
5511983453261
5511983453271
5511983453272
5511983453339
5511983453395
5511983453399
5511983453428
5511983453439
5511983453465
5511983453504
5511983453550
5511983453579
5511983453594
5511983453610
5511983453618
5511983453686
5511983453833
5511983454030
5511983454200
5511983454387
5511983454420
5511983454423
5511983454453
5511983454467
5511983454470
5511983454761
5511983454795
5511983454838
5511983455041
5511983455199
5511983455204
5511983455237
5511983455302
5511983455330
5511983455378
5511983455432
5511983455436
5511983455498
5511983455589
5511983455610
5511983455627
5511983455649
5511983455651
5511983455665
5511983455669
5511983455746
5511983455838
5511983455884
5511983455898
5511983455908
5511983455913
5511983455922
5511983455962
5511983455996
5511983456008
5511983456012
5511983456070
5511983456092
5511983456105
5511983456171
5511983456308
5511983456354
5511983456372
5511983456377
5511983456406
5511983456418
5511983456511
5511983456526
5511983456555
5511983456578
5511983456679
5511983456795
5511983456828
5511983456865
5511983456877
5511983456999
5511983457042
5511983457064
5511983457069
5511983457075
5511983457113
5511983457144
5511983457179
5511983457205
5511983457218
5511983457225
5511983457344
5511983457389
5511983457422
5511983457475
5511983457480
5511983457517
5511983457712
5511983457803
5511983457830
5511983457939
5511983458064
5511983458195
5511983458292
5511983458344
5511983458345
5511983458356
5511983458413
5511983458616
5511983458622
5511983458636
5511983458648
5511983458710
5511983458735
5511983458794
5511983458820
5511983458878
5511983459000
5511983459015
5511983459175
5511983459195
5511983459275
5511983459307
5511983459585
5511983459587
5511983459622
5511983459663
5511983459742
5511983459759
5511983459822
5511983459833
5511983459835
5511983459838
5511983459839
5511983459851
5511983459886
5511983459904
5511983459918
5511983460031
5511983460076
5511983460092
5511983460095
5511983460160
5511983460183
5511983460211
5511983460224
5511983460248
5511983460256
5511983460265
5511983460266
5511983460273
5511983460283
5511983460321
5511983460333
5511983460368
5511983460370
5511983460380
5511983460389
5511983460391
5511983460394
5511983460400
5511983460404
5511983460450
5511983460458
5511983460470
5511983460474
5511983460482
5511983460513
5511983460533
5511983460568
5511983460569
5511983460595
5511983460605
5511983460613
5511983460617
5511983460626
5511983460633
5511983460657
5511983460715
5511983460770
5511983460778
5511983460807
5511983460816
5511983460910
5511983460971
5511983461021
5511983461056
5511983461057
5511983461089
5511983461101
5511983461104
5511983461115
5511983461139
5511983461146
5511983461158
5511983461159
5511983461163
5511983461179
5511983461236
5511983461240
5511983461241
5511983461292
5511983461314
5511983461324
5511983461348
5511983461360
5511983461368
5511983461396
5511983461407
5511983461421
5511983461445
5511983461510
5511983461535
5511983461547
5511983461570
5511983461580
5511983461610
5511983461664
5511983461686
5511983461711
5511983461731
5511983461766
5511983461792
5511983461804
5511983461807
5511983461808
5511983461851
5511983461900
5511983461903
5511983461913
5511983461948
5511983461977
5511983461996
5511983462011
5511983462014
5511983462073
5511983462102
5511983462106
5511983462123
5511983462133
5511983462167
5511983462200
5511983462216
5511983462246
5511983462275
5511983462277
5511983462281
5511983462325
5511983462329
5511983462360
5511983462383
5511983462396
5511983462401
5511983462426
5511983462427
5511983462457
5511983462473
5511983462486
5511983462551
5511983462562
5511983462572
5511983462606
5511983462612
5511983462646
5511983462658
5511983462672
5511983462678
5511983462700
5511983462715
5511983462716
5511983462722
5511983462733
5511983462740
5511983462762
5511983462791
5511983462806
5511983462831
5511983462866
5511983462910
5511983462912
5511983462934
5511983462952
5511983462972
5511983462975
5511983462980
5511983463020
5511983463033
5511983463035
5511983463044
5511983463086
5511983463101
5511983463122
5511983463166
5511983463270
5511983463302
5511983463312
5511983463313
5511983463320
5511983463366
5511983463367
5511983463370
5511983463376
5511983463389
5511983463408
5511983463424
5511983463438
5511983463446
5511983463457
5511983463515
5511983463603
5511983463618
5511983463626
5511983463658
5511983463675
5511983463686
5511983463692
5511983463723
5511983463726
5511983463727
5511983463771
5511983463818
5511983463833
5511983463840
5511983463848
5511983463849
5511983463867
5511983463878
5511983463899
5511983463988
5511983464037
5511983464047
5511983464049
5511983464070
5511983464079
5511983464109
5511983464149
5511983464150
5511983464195
5511983464234
5511983464263
5511983464282
5511983464285
5511983464287
5511983464295
5511983464304
5511983464331
5511983464371
5511983464374
5511983464375
5511983464379
5511983464434
5511983464439
5511983464458
5511983464462
5511983464498
5511983464515
5511983464524
5511983464550
5511983464558
5511983464565
5511983464581
5511983464585
5511983464604
5511983464613
5511983464615
5511983464631
5511983464649
5511983464654
5511983464689
5511983464714
5511983464721
5511983464738
5511983464749
5511983464773
5511983464787
5511983464789
5511983464804
5511983464805
5511983464832
5511983464870
5511983464942
5511983464945
5511983464956
5511983464975
5511983465017
5511983465020
5511983465026
5511983465038
5511983465050
5511983465056
5511983465087
5511983465099
5511983465140
5511983465180
5511983465184
5511983465187
5511983465207
5511983465209
5511983465312
5511983465364
5511983465370
5511983465420
5511983465456
5511983465480
5511983465483
5511983465488
5511983465535
5511983465564
5511983465610
5511983465616
5511983465618
5511983465682
5511983465685
5511983465699
5511983465703
5511983465747
5511983465782
5511983465792
5511983465801
5511983465841
5511983465868
5511983465877
5511983465886
5511983465929
5511983465954
5511983465964
5511983465970
5511983465981
5511983465987
5511983466003
5511983466050
5511983466066
5511983466090
5511983466097
5511983466099
5511983466117
5511983466123
5511983466171
5511983466193
5511983466228
5511983466251
5511983466253
5511983466282
5511983466284
5511983466293
5511983466301
5511983466326
5511983466341
5511983466352
5511983466389
5511983466416
5511983466465
5511983466470
5511983466549
5511983466552
5511983466599
5511983466626
5511983466730
5511983466757
5511983466760
5511983466763
5511983466767
5511983466775
5511983466785
5511983466829
5511983466834
5511983466845
5511983466849
5511983466860
5511983466862
5511983466865
5511983466903
5511983466937
5511983466954
5511983466956
5511983466961
5511983466967
5511983466988
5511983467022
5511983467036
5511983467063
5511983467073
5511983467080
5511983467122
5511983467136
5511983467165
5511983467176
5511983467207
5511983467232
5511983467262
5511983467276
5511983467280
5511983467284
5511983467308
5511983467342
5511983467349
5511983467353
5511983467370
5511983467388
5511983467391
5511983467451
5511983467525
5511983467553
5511983467606
5511983467608
5511983467610
5511983467720
5511983467741
5511983467745
5511983467746
5511983467769
5511983467789
5511983467794
5511983467866
5511983467897
5511983467907
5511983467994
5511983468004
5511983468013
5511983468015
5511983468088
5511983468116
5511983468118
5511983468152
5511983468177
5511983468191
5511983468225
5511983468233
5511983468272
5511983468297
5511983468301
5511983468307
5511983468331
5511983468334
5511983468377
5511983468398
5511983468412
5511983468428
5511983468476
5511983468528
5511983468551
5511983468581
5511983468594
5511983468623
5511983468626
5511983468636
5511983468650
5511983468656
5511983468657
5511983468699
5511983468756
5511983468766
5511983468768
5511983468779
5511983468916
5511983468950
5511983468955
5511983468971
5511983468972
5511983468979
5511983468990
5511983469045
5511983469055
5511983469114
5511983469132
5511983469165
5511983469180
5511983469190
5511983469197
5511983469261
5511983469264
5511983469284
5511983469287
5511983469332
5511983469355
5511983469380
5511983469396
5511983469424
5511983469455
5511983469456
5511983469509
5511983469556
5511983469575
5511983469593
5511983469616
5511983469631
5511983469642
5511983469652
5511983469735
5511983469765
5511983469787
5511983469795
5511983469833
5511983469863
5511983469867
5511983469894
5511983469920
5511983470004
5511983470006
5511983470045
5511983470072
5511983470101
5511983470105
5511983470111
5511983470171
5511983470255
5511983470371
5511983470441
5511983470442
5511983470477
5511983470479
5511983470496
5511983470553
5511983470562
5511983470580
5511983470641
5511983470698
5511983470820
5511983470878
5511983471005
5511983471058
5511983471100
5511983471115
5511983471129
5511983471216
5511983471268
5511983471411
5511983471489
5511983471549
5511983471562
5511983471568
5511983471618
5511983471672
5511983471678
5511983471708
5511983471724
5511983471762
5511983471831
5511983471871
5511983471912
5511983471915
5511983471959
5511983472139
5511983472180
5511983472188
5511983472242
5511983472251
5511983472302
5511983472356
5511983472386
5511983472557
5511983472659
5511983472770
5511983472794
5511983473185
5511983473272
5511983473347
5511983473357
5511983473375
5511983473443
5511983473501
5511983473540
5511983473598
5511983473775
5511983473928
5511983473946
5511983474043
5511983474057
5511983474060
5511983474195
5511983474209
5511983474238
5511983474242
5511983474260
5511983474311
5511983474363
5511983474432
5511983474440
5511983474482
5511983474501
5511983474503
5511983474580
5511983474634
5511983474751
5511983474770
5511983474892
5511983474921
5511983474953
5511983474992
5511983475098
5511983475100
5511983475121
5511983475220
5511983475272
5511983475277
5511983475313
5511983475317
5511983475391
5511983475396
5511983475419
5511983475450
5511983475490
5511983475514
5511983475536
5511983475704
5511983475783
5511983475890
5511983475914
5511983475916
5511983475954
5511983476047
5511983476102
5511983476194
5511983476203
5511983476215
5511983476279
5511983476358
5511983476411
5511983476533
5511983476568
5511983476762
5511983476765
5511983476870
5511983476884
5511983476907
5511983476914
5511983476930
5511983476945
5511983476950
5511983477129
5511983477174
5511983477179
5511983477218
5511983477289
5511983477325
5511983477336
5511983477391
5511983477396
5511983477403
5511983477438
5511983477452
5511983477458
5511983477526
5511983477732
5511983477809
5511983477812
5511983477860
5511983477982
5511983478044
5511983478189
5511983478211
5511983478214
5511983478347
5511983478463
5511983478465
5511983478489
5511983478598
5511983478658
5511983478696
5511983478704
5511983478819
5511983478839
5511983478847
5511983478867
5511983478930
5511983478949
5511983479028
5511983479046
5511983479116
5511983479160
5511983479187
5511983479237
5511983479364
5511983479384
5511983479794
5511983479813
5511983479874
5511983479895
5511983479900
5511983479967
5511983480001
5511983480009
5511983480065
5511983480123
5511983480146
5511983480147
5511983480197
5511983480264
5511983480363
5511983480385
5511983480404
5511983480441
5511983480463
5511983480505
5511983480544
5511983480583
5511983480588
5511983480810
5511983480840
5511983480906
5511983481004
5511983481010
5511983481124
5511983481197
5511983481532
5511983481623
5511983481626
5511983481696
5511983481726
5511983481788
5511983481973
5511983481982
5511983482037
5511983482102
5511983482200
5511983482219
5511983482597
5511983482624
5511983482676
5511983482761
5511983482817
5511983482830
5511983482865
5511983482890
5511983482975
5511983483116
5511983483161
5511983483250
5511983483262
5511983483334
5511983483450
5511983483494
5511983483519
5511983483653
5511983483669
5511983483762
5511983483788
5511983483835
5511983483853
5511983483917
5511983483951
5511983483961
5511983483996
5511983484016
5511983484037
5511983484064
5511983484102
5511983484172
5511983484180
5511983484227
5511983484253
5511983484270
5511983484331
5511983484375
5511983484383
5511983484477
5511983484552
5511983484729
5511983484776
5511983484865
5511983484878
5511983484902
5511983484972
5511983485076
5511983485114
5511983485124
5511983485215
5511983485216
5511983485231
5511983485237
5511983485267
5511983485287
5511983485379
5511983485413
5511983485503
5511983485615
5511983485651
5511983485847
5511983485941
5511983485973
5511983486054
5511983486070
5511983486174
5511983486185
5511983486191
5511983486195
5511983486256
5511983486328
5511983486375
5511983486405
5511983486465
5511983486556
5511983486682
5511983486686
5511983486819
5511983486864
5511983486968
5511983486988
5511983487024
5511983487130
5511983487207
5511983487276
5511983487338
5511983487433
5511983487715
5511983487779
5511983487861
5511983487971
5511983488137
5511983488153
5511983488219
5511983488283
5511983488321
5511983488322
5511983488334
5511983488355
5511983488418
5511983488443
5511983488449
5511983488486
5511983488574
5511983488582
5511983488613
5511983488615
5511983488654
5511983488800
5511983488826
5511983488854
5511983489032
5511983489056
5511983489065
5511983489069
5511983489074
5511983489122
5511983489154
5511983489155
5511983489194
5511983489283
5511983489323
5511983489332
5511983489343
5511983489372
5511983489373
5511983489402
5511983489409
5511983489414
5511983489512
5511983489522
5511983489602
5511983489624
5511983489714
5511983489722
5511983489725
5511983489748
5511983489760
5511983489898
5511983490064
5511983490075
5511983490130
5511983490147
5511983490161
5511983490169
5511983490193
5511983490226
5511983490255
5511983490271
5511983490327
5511983490357
5511983490412
5511983490435
5511983490493
5511983490531
5511983490534
5511983490682
5511983490714
5511983490826
5511983490937
5511983491002
5511983491224
5511983491361
5511983491486
5511983491509
5511983491617
5511983491645
5511983491731
5511983491773
5511983491783
5511983491833
5511983491836
5511983491904
5511983491944
5511983492163
5511983492206
5511983492225
5511983492251
5511983492258
5511983492290
5511983492306
5511983492325
5511983492436
5511983492459
5511983492460
5511983492493
5511983492532
5511983492560
5511983492568
5511983492650
5511983492698
5511983492729
5511983492735
5511983492756
5511983492813
5511983492932
5511983493026
5511983493069
5511983493156
5511983493222
5511983493235
5511983493236
5511983493237
5511983493278
5511983493333
5511983493341
5511983493358
5511983493389
5511983493411
5511983493421
5511983493448
5511983493455
5511983493472
5511983493584
5511983493585
5511983493609
5511983493622
5511983493631
5511983493669
5511983493683
5511983493833
5511983493834
5511983493841
5511983493861
5511983493950
5511983494014
5511983494055
5511983494083
5511983494120
5511983494136
5511983494138
5511983494154
5511983494166
5511983494204
5511983494272
5511983494292
5511983494296
5511983494339
5511983494375
5511983494428
5511983494530
5511983494569
5511983494607
5511983494679
5511983494680
5511983494720
5511983494776
5511983494792
5511983494872
5511983494902
5511983494941
5511983494983
5511983495061
5511983495163
5511983495220
5511983495408
5511983495462
5511983495521
5511983495541
5511983495636
5511983495693
5511983495925
5511983495968
5511983495970
5511983496000
5511983496196
5511983496246
5511983496251
5511983496525
5511983496540
5511983496593
5511983496624
5511983496627
5511983496637
5511983496654
5511983496661
5511983496814
5511983496827
5511983496896
5511983496942
5511983496965
5511983496985
5511983497072
5511983497265
5511983497278
5511983497299
5511983497312
5511983497341
5511983497472
5511983497488
5511983497666
5511983497780
5511983497784
5511983497844
5511983497946
5511983497961
5511983497983
5511983498027
5511983498033
5511983498130
5511983498314
5511983498335
5511983498355
5511983498358
5511983498382
5511983498394
5511983498453
5511983498486
5511983498496
5511983498596
5511983498640
5511983498645
5511983498745
5511983498842
5511983498948
5511983498991
5511983499008
5511983499019
5511983499055
5511983499090
5511983499117
5511983499145
5511983499153
5511983499283
5511983499284
5511983499351
5511983499391
5511983499426
5511983499489
5511983499524
5511983499554
5511983499561
5511983499696
5511983499730
5511983499781
5511983499786
5511983499796
5511983499879
5511983499888
5511983499978
5511983499999
5511983500318
5511983500326
5511983500451
5511983500659
5511983500698
5511983500960
5511983501012
5511983501034
5511983501194
5511983501226
5511983501256
5511983501317
5511983501449
5511983501587
5511983501595
5511983501638
5511983501660
5511983501685
5511983501697
5511983501880
5511983502026
5511983502284
5511983502883
5511983502961
5511983503010
5511983503041
5511983503078
5511983503123
5511983503126
5511983503178
5511983503330
5511983503467
5511983503476
5511983503543
5511983503778
5511983503827
5511983503863
5511983503980
5511983504032
5511983504046
5511983504199
5511983504344
5511983504760
5511983504966
5511983505066
5511983505133
5511983505260
5511983505282
5511983505662
5511983505712
5511983505820
5511983505922
5511983505968
5511983506025
5511983506064
5511983506111
5511983506175
5511983506195
5511983506197
5511983506243
5511983506413
5511983506584
5511983506617
5511983506808
5511983506848
5511983507541
5511983507630
5511983507829
5511983507927
5511983507983
5511983508029
5511983508045
5511983508359
5511983508364
5511983508405
5511983508502
5511983508523
5511983508566
5511983508629
5511983508635
5511983508774
5511983508843
5511983508925
5511983509004
5511983509063
5511983509070
5511983509072
5511983509120
5511983509128
5511983509326
5511983509330
5511983509334
5511983509420
5511983509641
5511983509768
5511983509799
5511983509805
5511983509810
5511983509885
5511983509895
5511983509904
5511983510005
5511983510066
5511983510081
5511983510228
5511983510258
5511983510282
5511983510366
5511983510406
5511983510426
5511983510480
5511983510544
5511983510628
5511983510799
5511983510833
5511983510872
5511983510919
5511983510954
5511983511130
5511983511240
5511983511406
5511983511521
5511983511581
5511983511590
5511983511641
5511983511656
5511983511695
5511983511711
5511983511717
5511983511895
5511983511937
5511983512008
5511983512098
5511983512121
5511983512128
5511983512223
5511983512344
5511983512362
5511983512419
5511983512429
5511983512432
5511983512456
5511983512512
5511983512538
5511983512568
5511983512599
5511983512612
5511983512804
5511983512823
5511983512831
5511983512841
5511983512890
5511983512914
5511983513047
5511983513105
5511983513126
5511983513248
5511983513276
5511983513346
5511983513357
5511983513382
5511983513400
5511983513520
5511983513567
5511983513676
5511983513718
5511983513719
5511983513720
5511983513726
5511983513833
5511983513844
5511983513859
5511983513866
5511983513901
5511983513994
5511983514006
5511983514043
5511983514110
5511983514150
5511983514194
5511983514236
5511983514259
5511983514268
5511983514290
5511983514302
5511983514337
5511983514379
5511983514440
5511983514634
5511983514730
5511983514833
5511983514876
5511983514891
5511983514914
5511983514976
5511983515087
5511983515105
5511983515144
5511983515149
5511983515203
5511983515211
5511983515239
5511983515243
5511983515326
5511983515341
5511983515353
5511983515396
5511983515408
5511983515503
5511983515528
5511983515614
5511983515630
5511983515719
5511983515726
5511983515795
5511983515796
5511983515801
5511983515836
5511983515845
5511983515894
5511983515940
5511983515984
5511983516000
5511983516016
5511983516047
5511983516093
5511983516136
5511983516141
5511983516191
5511983516219
5511983516222
5511983516267
5511983516331
5511983516456
5511983516460
5511983516485
5511983516515
5511983516550
5511983516772
5511983516787
5511983516924
5511983516964
5511983516970
5511983516987
5511983517011
5511983517075
5511983517290
5511983517336
5511983517415
5511983517420
5511983517450
5511983517479
5511983517565
5511983517878
5511983517933
5511983517984
5511983518082
5511983518186
5511983518214
5511983518333
5511983518339
5511983518422
5511983518430
5511983518464
5511983518487
5511983518653
5511983518753
5511983518755
5511983518771
5511983518795
5511983518804
5511983519011
5511983519038
5511983519110
5511983519111
5511983519167
5511983519245
5511983519298
5511983519323
5511983519325
5511983519337
5511983519341
5511983519343
5511983519481
5511983519523
5511983519567
5511983519683
5511983519726
5511983519797
5511983519910
5511983519919
5511983519920
5511983519959
5511983519962
5511983519979
5511983519987
5511983520000
5511983520027
5511983520213
5511983520441
5511983520535
5511983520650
5511983520677
5511983520693
5511983520945
5511983520969
5511983520972
5511983520991
5511983521168
5511983521186
5511983521336
5511983521513
5511983521566
5511983521570
5511983521575
5511983521634
5511983521674
5511983521713
5511983521752
5511983521772
5511983521818
5511983521929
5511983522095
5511983522112
5511983522136
5511983522150
5511983522159
5511983522210
5511983522213
5511983522242
5511983522279
5511983522320
5511983522342
5511983522477
5511983522489
5511983522498
5511983522656
5511983522707
5511983522736
5511983522844
5511983522845
5511983522908
5511983522934
5511983523021
5511983523028
5511983523035
5511983523039
5511983523067
5511983523130
5511983523133
5511983523181
5511983523232
5511983523245
5511983523370
5511983523376
5511983523466
5511983523478
5511983523507
5511983523532
5511983523554
5511983523665
5511983523689
5511983523898
5511983524011
5511983524024
5511983524113
5511983524281
5511983524316
5511983524381
5511983524404
5511983524532
5511983524534
5511983524540
5511983524719
5511983524765
5511983524883
5511983524950
5511983525010
5511983525033
5511983525060
5511983525164
5511983525177
5511983525181
5511983525192
5511983525262
5511983525333
5511983525339
5511983525425
5511983525538
5511983525573
5511983525590
5511983525670
5511983525750
5511983525854
5511983525856
5511983526052
5511983526116
5511983526131
5511983526133
5511983526138
5511983526145
5511983526288
5511983526322
5511983526392
5511983526447
5511983526484
5511983526492
5511983526507
5511983526612
5511983526651
5511983526731
5511983526735
5511983526767
5511983526811
5511983526823
5511983526834
5511983526970
5511983526984
5511983527055
5511983527115
5511983527138
5511983527164
5511983527273
5511983527328
5511983527413
5511983527456
5511983527548
5511983527580
5511983527669
5511983527681
5511983527798
5511983527902
5511983527915
5511983528000
5511983528015
5511983528047
5511983528096
5511983528215
5511983528231
5511983528266
5511983528267
5511983528295
5511983528353
5511983528354
5511983528418
5511983528479
5511983528497
5511983528521
5511983528568
5511983528607
5511983528724
5511983528824
5511983528931
5511983528947
5511983529034
5511983529065
5511983529077
5511983529119
5511983529128
5511983529130
5511983529178
5511983529190
5511983529224
5511983529244
5511983529308
5511983529375
5511983529430
5511983529595
5511983529630
5511983529690
5511983529697
5511983529709
5511983529737
5511983529754
5511983529763
5511983529773
5511983529774
5511983529821
5511983529852
5511983529854
5511983529891
5511983529896
5511983529905
5511983529913
5511983529939
5511983529983
5511983530011
5511983530072
5511983530178
5511983530242
5511983530265
5511983530378
5511983530395
5511983530424
5511983530461
5511983530556
5511983530566
5511983530610
5511983530806
5511983531030
5511983531073
5511983531084
5511983531130
5511983531189
5511983531209
5511983531233
5511983531282
5511983531294
5511983531303
5511983531326
5511983531333
5511983531348
5511983531498
5511983531569
5511983531581
5511983531610
5511983531619
5511983531624
5511983531633
5511983531660
5511983531686
5511983531689
5511983531736
5511983531745
5511983531766
5511983531792
5511983531798
5511983531818
5511983531825
5511983531883
5511983531894
5511983531905
5511983531947
5511983531948
5511983531951
5511983531991
5511983532041
5511983532118
5511983532206
5511983532222
5511983532241
5511983532303
5511983532433
5511983532448
5511983532461
5511983532632
5511983532800
5511983532868
