5511971780422
5511971780438
5511971780473
5511971780476
5511971780492
5511971780550
5511971780554
5511971780555
5511971780566
5511971780575
5511971780579
5511971780591
5511971780643
5511971780661
5511971780668
5511971780673
5511971780681
5511971780692
5511971780770
5511971780795
5511971780798
5511971780826
5511971780863
5511971780865
5511971780875
5511971780884
5511971780886
5511971780902
5511971780909
5511971780925
5511971780934
5511971780950
5511971780969
5511971781004
5511971781057
5511971781082
5511971781092
5511971781120
5511971781138
5511971781151
5511971781179
5511971781186
5511971781190
5511971781256
5511971781263
5511971781287
5511971781317
5511971781323
5511971781367
5511971781396
5511971781405
5511971781429
5511971781470
5511971781475
5511971781485
5511971781493
5511971781502
5511971781509
5511971781518
5511971781543
5511971781562
5511971781582
5511971781583
5511971781663
5511971781676
5511971781697
5511971781707
5511971781763
5511971781764
5511971781788
5511971781795
5511971781830
5511971781862
5511971781918
5511971781924
5511971781930
5511971781965
5511971781966
5511971781997
5511971782012
5511971782014
5511971782031
5511971782065
5511971782066
5511971782067
5511971782093
5511971782185
5511971782204
5511971782269
5511971782325
5511971782340
5511971782346
5511971782388
5511971782430
5511971782454
5511971782484
5511971782500
5511971782523
5511971782526
5511971782552
5511971782558
5511971782586
5511971782600
5511971782639
5511971782640
5511971782654
5511971782662
5511971782722
5511971782729
5511971782769
5511971782788
5511971782790
5511971782808
5511971782810
5511971782825
5511971782839
5511971782848
5511971782868
5511971782869
5511971782973
5511971782982
5511971783017
5511971783019
5511971783047
5511971783048
5511971783156
5511971783180
5511971783187
5511971783236
5511971783355
5511971783374
5511971783390
5511971783400
5511971783402
5511971783413
5511971783416
5511971783461
5511971783527
5511971783533
5511971783551
5511971783553
5511971783582
5511971783592
5511971783594
5511971783613
5511971783614
5511971783640
5511971783674
5511971783677
5511971783704
5511971783736
5511971783751
5511971783773
5511971783799
5511971783813
5511971783817
5511971783829
5511971783868
5511971783876
5511971783901
5511971783920
5511971783923
5511971783930
5511971783942
5511971783943
5511971784021
5511971784067
5511971784072
5511971784090
5511971784160
5511971784178
5511971784204
5511971784229
5511971784236
5511971784242
5511971784255
5511971784257
5511971784267
5511971784294
5511971784299
5511971784337
5511971784342
5511971784353
5511971784371
5511971784375
5511971784410
5511971784441
5511971784450
5511971784465
5511971784474
5511971784490
5511971784506
5511971784525
5511971784539
5511971784566
5511971784590
5511971784662
5511971784673
5511971784701
5511971784717
5511971784727
5511971784732
5511971784744
5511971784750
5511971784774
5511971784797
5511971784877
5511971784897
5511971784992
5511971784997
5511971785010
5511971785032
5511971785109
5511971785114
5511971785122
5511971785139
5511971785150
5511971785160
5511971785200
5511971785208
5511971785213
5511971785220
5511971785240
5511971785251
5511971785328
5511971785340
5511971785370
5511971785389
5511971785405
5511971785441
5511971785510
5511971785519
5511971785537
5511971785586
5511971785589
5511971785600
5511971785681
5511971785689
5511971785702
5511971785760
5511971785792
5511971785803
5511971785809
5511971785814
5511971785848
5511971785857
5511971785869
5511971785888
5511971785890
5511971785918
5511971785934
5511971785956
5511971785957
5511971785968
5511971785971
5511971786000
5511971786017
5511971786021
5511971786041
5511971786048
5511971786050
5511971786055
5511971786078
5511971786099
5511971786109
5511971786111
5511971786129
5511971786217
5511971786225
5511971786226
5511971786249
5511971786252
5511971786261
5511971786267
5511971786280
5511971786285
5511971786292
5511971786383
5511971786385
5511971786397
5511971786426
5511971786432
5511971786440
5511971786441
5511971786466
5511971786468
5511971786474
5511971786491
5511971786553
5511971786566
5511971786604
5511971786611
5511971786657
5511971786666
5511971786701
5511971786712
5511971786715
5511971786721
5511971786730
5511971786741
5511971786753
5511971786764
5511971786770
5511971786822
5511971786858
5511971786863
5511971786866
5511971786882
5511971786885
5511971786899
5511971786917
5511971786918
5511971786927
5511971786945
5511971786947
5511971786948
5511971786969
5511971786974
5511971786985
5511971786996
5511971787006
5511971787007
5511971787025
5511971787053
5511971787066
5511971787073
5511971787106
5511971787161
5511971787178
5511971787191
5511971787302
5511971787306
5511971787316
5511971787334
5511971787362
5511971787376
5511971787379
5511971787383
5511971787402
5511971787446
5511971787457
5511971787474
5511971787497
5511971787499
5511971787518
5511971787522
5511971787544
5511971787550
5511971787554
5511971787596
5511971787626
5511971787639
5511971787642
5511971787707
5511971787720
5511971787761
5511971787777
5511971787781
5511971787813
5511971787830
5511971787865
5511971787966
5511971787970
5511971787983
5511971788011
5511971788019
5511971788078
5511971788100
5511971788111
5511971788112
5511971788118
5511971788126
5511971788149
5511971788190
5511971788200
5511971788228
5511971788312
5511971788316
5511971788377
5511971788385
5511971788393
5511971788396
5511971788456
5511971788460
5511971788468
5511971788499
5511971788527
5511971788608
5511971788615
5511971788630
5511971788660
5511971788680
5511971788686
5511971788691
5511971788705
5511971788718
5511971788749
5511971788766
5511971788770
5511971788775
5511971788780
5511971788788
5511971788804
5511971788826
5511971788853
5511971788900
5511971788921
5511971788957
5511971788990
5511971788992
5511971788996
5511971789002
5511971789029
5511971789045
5511971789065
5511971789080
5511971789126
5511971789133
5511971789148
5511971789171
5511971789216
5511971789218
5511971789253
5511971789356
5511971789376
5511971789413
5511971789446
5511971789478
5511971789526
5511971789545
5511971789558
5511971789571
5511971789610
5511971789685
5511971789709
5511971789726
5511971789735
5511971789737
5511971789771
5511971789774
5511971789826
5511971789849
5511971789879
5511971789922
5511971789962
5511971790053
5511971790125
5511971790128
5511971790145
5511971790149
5511971790190
5511971790192
5511971790198
5511971790264
5511971790285
5511971790303
5511971790347
5511971790352
5511971790379
5511971790391
5511971790393
5511971790395
5511971790418
5511971790431
5511971790449
5511971790494
5511971790508
5511971790515
5511971790559
5511971790566
5511971790568
5511971790570
5511971790603
5511971790623
5511971790700
5511971790717
5511971790740
5511971790743
5511971790781
5511971790795
5511971790800
5511971790898
5511971790908
5511971790925
5511971790992
5511971791002
5511971791009
5511971791022
5511971791042
5511971791077
5511971791098
5511971791122
5511971791136
5511971791192
5511971791196
5511971791208
5511971791215
5511971791255
5511971791274
5511971791287
5511971791290
5511971791296
5511971791340
5511971791368
5511971791399
5511971791403
5511971791414
5511971791427
5511971791431
5511971791438
5511971791450
5511971791468
5511971791511
5511971791527
5511971791564
5511971791581
5511971791583
5511971791599
5511971791603
5511971791617
5511971791631
5511971791634
5511971791669
5511971791707
5511971791715
5511971791719
5511971791721
5511971791738
5511971791742
5511971791761
5511971791828
5511971791856
5511971791860
5511971791861
5511971791890
5511971791907
5511971791926
5511971791949
5511971791950
5511971791964
5511971791965
5511971791966
5511971791985
5511971791997
5511971792021
5511971792036
5511971792066
5511971792076
5511971792086
5511971792127
5511971792134
5511971792141
5511971792146
5511971792186
5511971792202
5511971792230
5511971792250
5511971792279
5511971792298
5511971792301
5511971792310
5511971792313
5511971792329
5511971792352
5511971792369
5511971792383
5511971792387
5511971792405
5511971792430
5511971792444
5511971792460
5511971792532
5511971792537
5511971792550
5511971792604
5511971792625
5511971792643
5511971792662
5511971792666
5511971792670
5511971792700
5511971792744
5511971792753
5511971792779
5511971792787
5511971792788
5511971792868
5511971792913
5511971792948
5511971792972
5511971793009
5511971793027
5511971793033
5511971793046
5511971793090
5511971793105
5511971793128
5511971793157
5511971793163
5511971793180
5511971793199
5511971793215
5511971793231
5511971793240
5511971793282
5511971793367
5511971793418
5511971793446
5511971793451
5511971793466
5511971793504
5511971793511
5511971793544
5511971793555
5511971793556
5511971793563
5511971793639
5511971793693
5511971793703
5511971793742
5511971793744
5511971793877
5511971793958
5511971793970
5511971793982
5511971793996
5511971794000
5511971794003
5511971794013
5511971794045
5511971794098
5511971794130
5511971794131
5511971794152
5511971794184
5511971794204
5511971794242
5511971794246
5511971794256
5511971794262
5511971794277
5511971794323
5511971794327
5511971794356
5511971794393
5511971794419
5511971794429
5511971794558
5511971794564
5511971794580
5511971794613
5511971794621
5511971794661
5511971794685
5511971794695
5511971794708
5511971794747
5511971794766
5511971794792
5511971794795
5511971794814
5511971794820
5511971794825
5511971794853
5511971794855
5511971794885
5511971794941
5511971794960
5511971794980
5511971794995
5511971795056
5511971795059
5511971795119
5511971795122
5511971795124
5511971795128
5511971795166
5511971795186
5511971795204
5511971795212
5511971795269
5511971795289
5511971795300
5511971795302
5511971795306
5511971795307
5511971795336
5511971795352
5511971795358
5511971795365
5511971795366
5511971795435
5511971795443
5511971795447
5511971795474
5511971795496
5511971795498
5511971795500
5511971795516
5511971795554
5511971795577
5511971795582
5511971795603
5511971795643
5511971795713
5511971795738
5511971795807
5511971795813
5511971795818
5511971795865
5511971795876
5511971795908
5511971795933
5511971795934
5511971795940
5511971795949
5511971795965
5511971795982
5511971796049
5511971796087
5511971796166
5511971796167
5511971796172
5511971796209
5511971796214
5511971796262
5511971796297
5511971796299
5511971796303
5511971796332
5511971796346
5511971796440
5511971796498
5511971796499
5511971796526
5511971796552
5511971796613
5511971796630
5511971796658
5511971796661
5511971796665
5511971796695
5511971796702
5511971796710
5511971796753
5511971796764
5511971796765
5511971796776
5511971796779
5511971796875
5511971796937
5511971796987
5511971797076
5511971797093
5511971797197
5511971797204
5511971797205
5511971797237
5511971797252
5511971797263
5511971797278
5511971797305
5511971797362
5511971797364
5511971797365
5511971797370
5511971797371
5511971797437
5511971797442
5511971797464
5511971797485
5511971797496
5511971797515
5511971797517
5511971797518
5511971797532
5511971797534
5511971797564
5511971797586
5511971797590
5511971797610
5511971797616
5511971797637
5511971797640
5511971797658
5511971797673
5511971797680
5511971797698
5511971797703
5511971797708
5511971797721
5511971797726
5511971797729
5511971797735
5511971797744
5511971797764
5511971797773
5511971797779
5511971797808
5511971797872
5511971797941
5511971797944
5511971797967
5511971797975
5511971797979
5511971797997
5511971798032
5511971798043
5511971798049
5511971798063
5511971798081
5511971798084
5511971798117
5511971798129
5511971798140
5511971798149
5511971798178
5511971798201
5511971798214
5511971798237
5511971798422
5511971798431
5511971798448
5511971798459
5511971798484
5511971798485
5511971798509
5511971798571
5511971798583
5511971798586
5511971798597
5511971798600
5511971798615
5511971798617
5511971798640
5511971798657
5511971798682
5511971798726
5511971798749
5511971798802
5511971798804
5511971798806
5511971798826
5511971798844
5511971798870
5511971798871
5511971798893
5511971798914
5511971798919
5511971798927
5511971798964
5511971798967
5511971798976
5511971799022
5511971799024
5511971799058
5511971799198
5511971799221
5511971799243
5511971799269
5511971799288
5511971799325
5511971799328
5511971799382
5511971799400
5511971799425
5511971799432
5511971799433
5511971799438
5511971799476
5511971799490
5511971799513
5511971799534
5511971799545
5511971799574
5511971799577
5511971799584
5511971799605
5511971799645
5511971799665
5511971799671
5511971799727
5511971799776
5511971799785
5511971799854
5511971799871
5511971799888
5511971799911
5511971799934
5511971799935
5511971799973
5511971799983
5511971800039
5511971800052
5511971800147
5511971800155
5511971800184
5511971800185
5511971800256
5511971800306
5511971800541
5511971800559
5511971800702
5511971800765
5511971800897
5511971800920
5511971800952
5511971801003
5511971801030
5511971801081
5511971801145
5511971801171
5511971801239
5511971801312
5511971801338
5511971801367
5511971801482
5511971801560
5511971801584
5511971801602
5511971801821
5511971801840
5511971801844
5511971801912
5511971802006
5511971802039
5511971802066
5511971802185
5511971802197
5511971802215
5511971802282
5511971802414
5511971802506
5511971802508
5511971802538
5511971802802
5511971802843
5511971803025
5511971803080
5511971803150
5511971803234
5511971803279
5511971803294
5511971803304
5511971803387
5511971803440
5511971803472
5511971803501
5511971803518
5511971803522
5511971803642
5511971803800
5511971803804
5511971803888
5511971803942
5511971804181
5511971804210
5511971804382
5511971804444
5511971804480
5511971804486
5511971804504
5511971804546
5511971804700
5511971804845
5511971804922
5511971804959
5511971804964
5511971804998
5511971805055
5511971805151
5511971805194
5511971805233
5511971805252
5511971805374
5511971805379
5511971805454
5511971805693
5511971805732
5511971805894
5511971805906
5511971806096
5511971806101
5511971806374
5511971806385
5511971806507
5511971806549
5511971806579
5511971806612
5511971806991
5511971807029
5511971807267
5511971807528
5511971807545
5511971807617
5511971807623
5511971807668
5511971807693
5511971807708
5511971807895
5511971807942
5511971807993
5511971808070
5511971808127
5511971808302
5511971808379
5511971808449
5511971808553
5511971808576
5511971808658
5511971808789
5511971808821
5511971808877
5511971808887
5511971808896
5511971808953
5511971809160
5511971809380
5511971809482
5511971809599
5511971809613
5511971809638
5511971809759
5511971809764
5511971810009
5511971810023
5511971810036
5511971810056
5511971810079
5511971810094
5511971810114
5511971810115
5511971810208
5511971810304
5511971810316
5511971810320
5511971810329
5511971810338
5511971810355
5511971810397
5511971810404
5511971810410
5511971810412
5511971810427
5511971810431
5511971810474
5511971810481
5511971810524
5511971810584
5511971810654
5511971810722
5511971810723
5511971810783
5511971810808
5511971810824
5511971810907
5511971810926
5511971810954
5511971810956
5511971810972
5511971810994
5511971810996
5511971811007
5511971811020
5511971811022
5511971811026
5511971811028
5511971811038
5511971811066
5511971811089
5511971811107
5511971811191
5511971811208
5511971811224
5511971811226
5511971811277
5511971811326
5511971811330
5511971811331
5511971811335
5511971811374
5511971811407
5511971811436
5511971811479
5511971811513
5511971811528
5511971811569
5511971811582
5511971811599
5511971811640
5511971811656
5511971811680
5511971811691
5511971811695
5511971811702
5511971811707
5511971811716
5511971811734
5511971811736
5511971811747
5511971811823
5511971811848
5511971811878
5511971811882
5511971811923
5511971811943
5511971811955
5511971811973
5511971812037
5511971812064
5511971812070
5511971812081
5511971812089
5511971812124
5511971812125
5511971812301
5511971812306
5511971812317
5511971812339
5511971812369
5511971812406
5511971812460
5511971812474
5511971812521
5511971812530
5511971812552
5511971812558
5511971812560
5511971812620
5511971812631
5511971812633
5511971812657
5511971812658
5511971812662
5511971812688
5511971812727
5511971812736
5511971812748
5511971812824
5511971812837
5511971812838
5511971812842
5511971812888
5511971812897
5511971812934
5511971812971
5511971812982
5511971812999
5511971813005
5511971813013
5511971813015
5511971813025
5511971813057
5511971813066
5511971813076
5511971813099
5511971813112
5511971813116
5511971813118
5511971813152
5511971813153
5511971813154
5511971813200
5511971813207
5511971813242
5511971813314
5511971813323
5511971813339
5511971813363
5511971813434
5511971813439
5511971813471
5511971813476
5511971813480
5511971813486
5511971813514
5511971813557
5511971813564
5511971813580
5511971813613
5511971813658
5511971813684
5511971813728
5511971813731
5511971813778
5511971813780
5511971813838
5511971813844
5511971813954
5511971813998
5511971814019
5511971814023
5511971814027
5511971814054
5511971814070
5511971814121
5511971814133
5511971814141
5511971814188
5511971814218
5511971814242
5511971814244
5511971814313
5511971814370
5511971814372
5511971814383
5511971814386
5511971814399
5511971814403
5511971814411
5511971814489
5511971814540
5511971814579
5511971814584
5511971814607
5511971814616
5511971814663
5511971814697
5511971814733
5511971814744
5511971814781
5511971814804
5511971814853
5511971814869
5511971814880
5511971814894
5511971814914
5511971814963
5511971814964
5511971814970
5511971815011
5511971815052
5511971815075
5511971815090
5511971815106
5511971815169
5511971815170
5511971815192
5511971815204
5511971815205
5511971815207
5511971815224
5511971815225
5511971815231
5511971815253
5511971815266
5511971815321
5511971815324
5511971815326
5511971815332
5511971815411
5511971815435
5511971815442
5511971815461
5511971815468
5511971815522
5511971815526
5511971815555
5511971815580
5511971815582
5511971815587
5511971815589
5511971815604
5511971815696
5511971815698
5511971815732
5511971815744
5511971815758
5511971815788
5511971815811
5511971815823
5511971815825
5511971815867
5511971815901
5511971815919
5511971815991
5511971816076
5511971816083
5511971816087
5511971816108
5511971816117
5511971816120
5511971816130
5511971816154
5511971816196
5511971816222
5511971816230
5511971816260
5511971816266
5511971816273
5511971816277
5511971816289
5511971816302
5511971816386
5511971816399
5511971816412
5511971816454
5511971816477
5511971816483
5511971816498
5511971816528
5511971816532
5511971816535
5511971816556
5511971816563
5511971816616
5511971816627
5511971816630
5511971816662
5511971816677
5511971816734
5511971816751
5511971816768
5511971816792
5511971816797
5511971816831
5511971816876
5511971816926
5511971816931
5511971816938
5511971816943
5511971816948
5511971816970
5511971816973
5511971816976
5511971816983
5511971816999
5511971817002
5511971817033
5511971817034
5511971817041
5511971817042
5511971817051
5511971817099
5511971817104
5511971817115
5511971817117
5511971817122
5511971817146
5511971817150
5511971817155
5511971817258
5511971817268
5511971817278
5511971817283
5511971817301
5511971817324
5511971817380
5511971817405
5511971817419
5511971817439
5511971817440
5511971817472
5511971817502
5511971817552
5511971817583
5511971817592
5511971817601
5511971817602
5511971817613
5511971817634
5511971817637
5511971817667
5511971817682
5511971817747
5511971817748
5511971817805
5511971817848
5511971817952
5511971817998
5511971818030
5511971818056
5511971818076
5511971818112
5511971818138
5511971818143
5511971818180
5511971818185
5511971818242
5511971818246
5511971818298
5511971818394
5511971818396
5511971818407
5511971818420
5511971818448
5511971818468
5511971818473
5511971818481
5511971818507
5511971818516
5511971818607
5511971818608
5511971818631
5511971818642
5511971818694
5511971818722
5511971818742
5511971818797
5511971818812
5511971818835
5511971818881
5511971818893
5511971818921
5511971819038
5511971819059
5511971819064
5511971819070
5511971819198
5511971819239
5511971819250
5511971819258
5511971819259
5511971819273
5511971819297
5511971819313
5511971819346
5511971819350
5511971819361
5511971819365
5511971819377
5511971819393
5511971819396
5511971819424
5511971819444
5511971819450
5511971819453
5511971819469
5511971819491
5511971819494
5511971819514
5511971819538
5511971819566
5511971819568
5511971819605
5511971819606
5511971819629
5511971819660
5511971819698
5511971819713
5511971819741
5511971819742
5511971819744
5511971819780
5511971819785
5511971819830
5511971819839
5511971819847
5511971819874
5511971819905
5511971819919
5511971819932
5511971819933
5511971819936
5511971819944
5511971819948
5511971819952
5511971819959
5511971819962
5511971819988
5511971820007
5511971820034
5511971820061
5511971820068
5511971820094
5511971820096
5511971820115
5511971820123
5511971820134
5511971820145
5511971820146
5511971820148
5511971820161
5511971820207
5511971820215
5511971820223
5511971820271
5511971820372
5511971820376
5511971820377
5511971820409
5511971820415
5511971820423
5511971820424
5511971820436
5511971820437
5511971820460
5511971820465
5511971820518
5511971820533
5511971820565
5511971820616
5511971820636
5511971820643
5511971820664
5511971820684
5511971820700
5511971820709
5511971820732
5511971820758
5511971820780
5511971820800
5511971820804
5511971820820
5511971820851
5511971820862
5511971820878
5511971820884
5511971820904
5511971820942
5511971820943
5511971820950
5511971821002
5511971821022
5511971821053
5511971821096
5511971821110
5511971821126
5511971821170
5511971821187
5511971821194
5511971821210
5511971821246
5511971821267
5511971821304
5511971821313
5511971821373
5511971821402
5511971821416
5511971821441
5511971821458
5511971821471
5511971821543
5511971821553
5511971821560
5511971821565
5511971821597
5511971821603
5511971821635
5511971821650
5511971821655
5511971821669
5511971821670
5511971821735
5511971821798
5511971821803
5511971821882
5511971821885
5511971821914
5511971821990
5511971822001
5511971822023
5511971822032
5511971822082
5511971822096
5511971822119
5511971822135
5511971822252
5511971822288
5511971822291
5511971822294
5511971822325
5511971822338
5511971822353
5511971822354
5511971822382
5511971822401
5511971822431
5511971822448
5511971822479
5511971822509
5511971822525
5511971822549
5511971822596
5511971822601
5511971822605
5511971822654
5511971822680
5511971822683
5511971822727
5511971822790
5511971822953
5511971822984
5511971823006
5511971823032
5511971823047
5511971823063
5511971823078
5511971823111
5511971823145
5511971823222
5511971823288
5511971823292
5511971823298
5511971823314
5511971823340
5511971823345
5511971823350
5511971823352
5511971823361
5511971823370
5511971823445
5511971823454
5511971823456
5511971823555
5511971823593
5511971823617
5511971823651
5511971823658
5511971823896
5511971823970
5511971824058
5511971824096
5511971824114
5511971824115
5511971824204
5511971824225
5511971824227
5511971824238
5511971824277
5511971824321
5511971824327
5511971824331
5511971824394
5511971824400
5511971824401
5511971824437
5511971824457
5511971824503
5511971824516
5511971824554
5511971824578
5511971824669
5511971824746
5511971824769
5511971824792
5511971824793
5511971824807
5511971824833
5511971824856
5511971824910
5511971824911
5511971824928
5511971824964
5511971824983
5511971825021
5511971825026
5511971825029
5511971825068
5511971825094
5511971825113
5511971825119
5511971825169
5511971825249
5511971825253
5511971825299
5511971825335
5511971825357
5511971825391
5511971825404
5511971825426
5511971825460
5511971825464
5511971825557
5511971825560
5511971825582
5511971825598
5511971825607
5511971825625
5511971825631
5511971825675
5511971825695
5511971825742
5511971825760
5511971825770
5511971825856
5511971825866
5511971825868
5511971825921
5511971825943
5511971825944
5511971825996
5511971826047
5511971826134
5511971826238
5511971826267
5511971826268
5511971826318
5511971826344
5511971826351
5511971826368
5511971826389
5511971826401
5511971826418
5511971826504
5511971826531
5511971826547
5511971826583
5511971826600
5511971826603
5511971826653
5511971826664
5511971826709
5511971826784
5511971826815
5511971826820
5511971826869
5511971826913
5511971826973
5511971826993
5511971827028
5511971827050
5511971827091
5511971827094
5511971827104
5511971827105
5511971827114
5511971827116
5511971827152
5511971827165
5511971827185
5511971827194
5511971827221
5511971827233
5511971827239
5511971827256
5511971827271
5511971827307
5511971827333
5511971827420
5511971827437
5511971827462
5511971827463
5511971827483
5511971827536
5511971827564
5511971827579
5511971827582
5511971827660
5511971827663
5511971827673
5511971827686
5511971827740
5511971827768
5511971827769
5511971827781
5511971827836
5511971827863
5511971827945
5511971828053
5511971828062
5511971828073
5511971828079
5511971828099
5511971828118
5511971828120
5511971828145
5511971828152
5511971828153
5511971828176
5511971828205
5511971828225
5511971828273
5511971828299
5511971828330
5511971828371
5511971828408
5511971828420
5511971828422
5511971828436
5511971828439
5511971828455
5511971828474
5511971828477
5511971828485
5511971828515
5511971828551
5511971828586
5511971828595
5511971828600
5511971828621
5511971828630
5511971828640
5511971828648
5511971828652
5511971828768
5511971828779
5511971828805
5511971828896
5511971828947
5511971829003
5511971829098
5511971829105
5511971829129
5511971829144
5511971829192
5511971829200
5511971829208
5511971829237
5511971829242
5511971829284
5511971829316
5511971829334
5511971829360
5511971829421
5511971829505
5511971829535
5511971829556
5511971829696
5511971829708
5511971829770
5511971829781
5511971829811
5511971829815
5511971829852
5511971829869
5511971829880
5511971829888
5511971829915
5511971829955
5511971830017
5511971830037
5511971830045
5511971830080
5511971830133
5511971830183
5511971830218
5511971830230
5511971830237
5511971830263
5511971830296
5511971830390
5511971830450
5511971830460
5511971830482
5511971830497
5511971830507
5511971830517
5511971830587
5511971830610
5511971830659
5511971830671
5511971830683
5511971830750
5511971830781
5511971830786
5511971830835
5511971830842
5511971830858
5511971830880
5511971830895
5511971830909
5511971830936
5511971830940
5511971830985
5511971831108
5511971831110
5511971831144
5511971831152
5511971831179
5511971831220
5511971831233
5511971831240
5511971831243
5511971831260
5511971831272
5511971831352
5511971831385
5511971831393
5511971831451
5511971831461
5511971831488
5511971831504
5511971831520
5511971831644
5511971831672
5511971831789
5511971831797
5511971831801
5511971831804
5511971831826
5511971831845
5511971831889
5511971831898
5511971831933
5511971831937
5511971831950
5511971831953
5511971831988
5511971832009
5511971832016
5511971832032
5511971832062
5511971832074
5511971832075
5511971832084
5511971832114
5511971832121
5511971832153
5511971832179
5511971832226
5511971832237
5511971832251
5511971832292
5511971832326
5511971832330
5511971832350
5511971832357
5511971832370
5511971832402
5511971832432
5511971832434
5511971832468
5511971832470
5511971832497
5511971832506
5511971832542
5511971832581
5511971832593
5511971832601
5511971832667
5511971832683
5511971832770
5511971832774
5511971832858
5511971832861
5511971832878
5511971832888
5511971832905
5511971832918
5511971832934
5511971832949
5511971832957
5511971833011
5511971833023
5511971833035
5511971833054
5511971833177
5511971833182
5511971833247
5511971833280
5511971833342
5511971833380
5511971833437
5511971833510
5511971833637
5511971833662
5511971833748
5511971833843
5511971833905
5511971833910
5511971833961
5511971833965
5511971834008
5511971834013
5511971834022
5511971834036
5511971834041
5511971834050
5511971834064
5511971834098
5511971834132
5511971834137
5511971834240
5511971834285
5511971834303
5511971834327
5511971834384
5511971834396
5511971834401
5511971834413
5511971834417
5511971834456
5511971834467
5511971834554
5511971834565
5511971834579
5511971834662
5511971834709
5511971834720
5511971834721
5511971834743
5511971834750
5511971834753
5511971834759
5511971834769
5511971834813
5511971834827
5511971834828
5511971834851
5511971834889
5511971834907
5511971834918
5511971834952
5511971834980
5511971835035
5511971835051
5511971835083
5511971835118
5511971835189
