5511991447037
5511991447057
5511991447067
5511991447075
5511991447101
5511991447105
5511991447116
5511991447121
5511991447151
5511991447171
5511991447189
5511991447196
5511991447210
5511991447215
5511991447228
5511991447229
5511991447251
5511991447254
5511991447255
5511991447289
5511991447291
5511991447295
5511991447306
5511991447316
5511991447329
5511991447343
5511991447344
5511991447346
5511991447376
5511991447386
5511991447408
5511991447445
5511991447446
5511991447457
5511991447460
5511991447461
5511991447474
5511991447475
5511991447504
5511991447506
5511991447512
5511991447519
5511991447520
5511991447530
5511991447535
5511991447540
5511991447550
5511991447585
5511991447599
5511991447606
5511991447623
5511991447634
5511991447638
5511991447655
5511991447689
5511991447695
5511991447708
5511991447723
5511991447730
5511991447741
5511991447746
5511991447752
5511991447754
5511991447766
5511991447786
5511991447807
5511991447817
5511991447844
5511991447851
5511991447868
5511991447872
5511991447880
5511991447909
5511991447922
5511991447957
5511991447964
5511991447965
5511991447966
5511991447970
5511991447974
5511991447980
5511991447991
5511991447993
5511991448009
5511991448010
5511991448016
5511991448056
5511991448061
5511991448103
5511991448123
5511991448136
5511991448140
5511991448142
5511991448187
5511991448189
5511991448195
5511991448207
5511991448218
5511991448239
5511991448245
5511991448261
5511991448262
5511991448265
5511991448273
5511991448289
5511991448307
5511991448323
5511991448333
5511991448344
5511991448355
5511991448385
5511991448391
5511991448393
5511991448400
5511991448419
5511991448426
5511991448440
5511991448444
5511991448484
5511991448500
5511991448501
5511991448505
5511991448509
5511991448542
5511991448591
5511991448625
5511991448648
5511991448657
5511991448667
5511991448711
5511991448721
5511991448725
5511991448727
5511991448734
5511991448781
5511991448799
5511991448815
5511991448829
5511991448860
5511991448861
5511991448865
5511991448867
5511991448873
5511991448889
5511991448896
5511991448912
5511991448937
5511991448940
5511991448954
5511991448968
5511991448984
5511991449002
5511991449011
5511991449012
5511991449026
5511991449033
5511991449063
5511991449071
5511991449118
5511991449123
5511991449169
5511991449178
5511991449180
5511991449210
5511991449218
5511991449239
5511991449244
5511991449248
5511991449253
5511991449257
5511991449268
5511991449269
5511991449272
5511991449292
5511991449309
5511991449312
5511991449322
5511991449326
5511991449339
5511991449347
5511991449352
5511991449384
5511991449391
5511991449406
5511991449419
5511991449423
5511991449444
5511991449451
5511991449453
5511991449460
5511991449470
5511991449481
5511991449515
5511991449524
5511991449533
5511991449546
5511991449556
5511991449584
5511991449585
5511991449609
5511991449620
5511991449653
5511991449663
5511991449673
5511991449682
5511991449698
5511991449710
5511991449722
5511991449727
5511991449737
5511991449768
5511991449769
5511991449771
5511991449773
5511991449785
5511991449787
5511991449804
5511991449851
5511991449855
5511991449865
5511991449874
5511991449895
5511991449931
5511991449996
5511991450000
5511991450007
5511991450020
5511991450052
5511991450053
5511991450064
5511991450099
5511991450112
5511991450122
5511991450130
5511991450134
5511991450179
5511991450186
5511991450187
5511991450206
5511991450246
5511991450247
5511991450264
5511991450273
5511991450293
5511991450302
5511991450317
5511991450344
5511991450375
5511991450401
5511991450433
5511991450449
5511991450472
5511991450501
5511991450504
5511991450549
5511991450550
5511991450574
5511991450576
5511991450589
5511991450616
5511991450675
5511991450678
5511991450697
5511991450704
5511991450706
5511991450730
5511991450735
5511991450744
5511991450767
5511991450773
5511991450800
5511991450809
5511991450824
5511991450842
5511991450849
5511991450851
5511991450857
5511991450862
5511991450868
5511991450876
5511991450880
5511991450885
5511991450887
5511991450899
5511991450906
5511991450914
5511991450931
5511991450945
5511991450952
5511991450955
5511991450970
5511991450984
5511991451001
5511991451011
5511991451026
5511991451044
5511991451059
5511991451085
5511991451095
5511991451119
5511991451122
5511991451125
5511991451138
5511991451146
5511991451160
5511991451164
5511991451169
5511991451176
5511991451181
5511991451197
5511991451209
5511991451227
5511991451229
5511991451239
5511991451252
5511991451264
5511991451269
5511991451278
5511991451281
5511991451292
5511991451293
5511991451295
5511991451296
5511991451348
5511991451349
5511991451357
5511991451381
5511991451391
5511991451394
5511991451402
5511991451416
5511991451444
5511991451448
5511991451457
5511991451472
5511991451505
5511991451509
5511991451511
5511991451525
5511991451533
5511991451536
5511991451542
5511991451553
5511991451556
5511991451577
5511991451580
5511991451582
5511991451590
5511991451602
5511991451604
5511991451610
5511991451624
5511991451626
5511991451651
5511991451661
5511991451674
5511991451675
5511991451683
5511991451726
5511991451775
5511991451791
5511991451827
5511991451833
5511991451837
5511991451878
5511991451907
5511991451925
5511991451928
5511991451970
5511991452000
5511991452007
5511991452013
5511991452018
5511991452020
5511991452033
5511991452036
5511991452049
5511991452054
5511991452059
5511991452080
5511991452104
5511991452105
5511991452159
5511991452173
5511991452176
5511991452187
5511991452194
5511991452202
5511991452205
5511991452236
5511991452246
5511991452247
5511991452260
5511991452266
5511991452270
5511991452299
5511991452303
5511991452321
5511991452326
5511991452333
5511991452341
5511991452397
5511991452400
5511991452421
5511991452438
5511991452453
5511991452471
5511991452491
5511991452492
5511991452503
5511991452504
5511991452513
5511991452519
5511991452525
5511991452556
5511991452560
5511991452561
5511991452581
5511991452596
5511991452599
5511991452602
5511991452622
5511991452655
5511991452658
5511991452659
5511991452660
5511991452684
5511991452685
5511991452692
5511991452693
5511991452721
5511991452731
5511991452758
5511991452762
5511991452764
5511991452824
5511991452828
5511991452832
5511991452833
5511991452836
5511991452851
5511991452872
5511991452885
5511991452893
5511991452894
5511991452901
5511991452902
5511991452917
5511991452938
5511991452941
5511991452968
5511991452977
5511991452992
5511991453005
5511991453014
5511991453036
5511991453037
5511991453040
5511991453105
5511991453113
5511991453115
5511991453123
5511991453145
5511991453151
5511991453156
5511991453185
5511991453211
5511991453225
5511991453226
5511991453230
5511991453232
5511991453246
5511991453252
5511991453262
5511991453305
5511991453315
5511991453317
5511991453348
5511991453353
5511991453362
5511991453390
5511991453408
5511991453410
5511991453413
5511991453440
5511991453443
5511991453457
5511991453488
5511991453538
5511991453546
5511991453566
5511991453580
5511991453620
5511991453622
5511991453624
5511991453629
5511991453706
5511991453749
5511991453752
5511991453761
5511991453790
5511991453792
5511991453795
5511991453798
5511991453801
5511991453852
5511991453880
5511991453889
5511991453896
5511991453900
5511991453914
5511991453918
5511991453920
5511991453925
5511991453953
5511991453957
5511991453970
5511991453974
5511991453981
5511991453997
5511991453998
5511991454002
5511991454009
5511991454018
5511991454020
5511991454027
5511991454061
5511991454071
5511991454087
5511991454136
5511991454147
5511991454150
5511991454155
5511991454189
5511991454219
5511991454228
5511991454229
5511991454244
5511991454252
5511991454263
5511991454284
5511991454287
5511991454289
5511991454300
5511991454317
5511991454320
5511991454361
5511991454362
5511991454371
5511991454377
5511991454380
5511991454387
5511991454394
5511991454414
5511991454419
5511991454439
5511991454450
5511991454456
5511991454465
5511991454491
5511991454496
5511991454497
5511991454498
5511991454511
5511991454525
5511991454555
5511991454560
5511991454573
5511991454575
5511991454579
5511991454599
5511991454600
5511991454608
5511991454609
5511991454610
5511991454626
5511991454742
5511991454768
5511991454778
5511991454834
5511991454838
5511991454856
5511991454886
5511991454889
5511991454895
5511991454903
5511991454906
5511991454917
5511991454957
5511991454989
5511991454998
5511991455001
5511991455002
5511991455031
5511991455051
5511991455074
5511991455081
5511991455087
5511991455094
5511991455111
5511991455115
5511991455135
5511991455162
5511991455183
5511991455187
5511991455193
5511991455258
5511991455266
5511991455275
5511991455289
5511991455319
5511991455330
5511991455338
5511991455399
5511991455407
5511991455409
5511991455416
5511991455418
5511991455420
5511991455425
5511991455455
5511991455472
5511991455489
5511991455519
5511991455535
5511991455554
5511991455592
5511991455594
5511991455624
5511991455643
5511991455647
5511991455650
5511991455678
5511991455680
5511991455686
5511991455702
5511991455709
5511991455711
5511991455734
5511991455744
5511991455761
5511991455766
5511991455771
5511991455783
5511991455786
5511991455791
5511991455793
5511991455831
5511991455832
5511991455842
5511991455858
5511991455867
5511991455873
5511991455879
5511991455882
5511991455883
5511991455899
5511991455907
5511991455917
5511991455928
5511991455936
5511991455947
5511991455952
5511991455979
5511991455980
5511991455987
5511991455988
5511991455989
5511991455991
5511991455992
5511991456023
5511991456033
5511991456051
5511991456057
5511991456072
5511991456077
5511991456078
5511991456082
5511991456132
5511991456139
5511991456171
5511991456176
5511991456177
5511991456190
5511991456195
5511991456210
5511991456212
5511991456224
5511991456228
5511991456255
5511991456301
5511991456332
5511991456333
5511991456334
5511991456339
5511991456346
5511991456362
5511991456372
5511991456380
5511991456383
5511991456385
5511991456391
5511991456398
5511991456410
5511991456412
5511991456413
5511991456419
5511991456425
5511991456443
5511991456447
5511991456453
5511991456455
5511991456463
5511991456490
5511991456492
5511991456504
5511991456526
5511991456556
5511991456566
5511991456573
5511991456591
5511991456604
5511991456608
5511991456615
5511991456635
5511991456637
5511991456642
5511991456657
5511991456664
5511991456665
5511991456673
5511991456704
5511991456717
5511991456749
5511991456769
5511991456781
5511991456801
5511991456803
5511991456804
5511991456811
5511991456815
5511991456818
5511991456834
5511991456849
5511991456860
5511991456865
5511991456897
5511991456916
5511991456924
5511991456932
5511991456947
5511991456966
5511991456970
5511991456982
5511991457031
5511991457036
5511991457045
5511991457065
5511991457071
5511991457077
5511991457088
5511991457117
5511991457128
5511991457133
5511991457134
5511991457144
5511991457151
5511991457168
5511991457172
5511991457186
5511991457196
5511991457229
5511991457241
5511991457300
5511991457315
5511991457324
5511991457325
5511991457343
5511991457356
5511991457362
5511991457365
5511991457388
5511991457392
5511991457414
5511991457415
5511991457460
5511991457481
5511991457489
5511991457559
5511991457561
5511991457577
5511991457589
5511991457593
5511991457605
5511991457629
5511991457635
5511991457657
5511991457660
5511991457704
5511991457725
5511991457728
5511991457729
5511991457741
5511991457745
5511991457755
5511991457778
5511991457782
5511991457789
5511991457808
5511991457820
5511991457822
5511991457831
5511991457841
5511991457849
5511991457873
5511991457876
5511991457892
5511991457895
5511991457897
5511991457901
5511991457910
5511991457919
5511991457933
5511991457944
5511991457950
5511991457958
5511991457969
5511991457992
5511991457999
5511991458053
5511991458061
5511991458066
5511991458067
5511991458069
5511991458115
5511991458141
5511991458165
5511991458181
5511991458204
5511991458276
5511991458277
5511991458279
5511991458338
5511991458342
5511991458366
5511991458385
5511991458387
5511991458401
5511991458413
5511991458418
5511991458436
5511991458446
5511991458453
5511991458468
5511991458484
5511991458500
5511991458519
5511991458539
5511991458551
5511991458552
5511991458588
5511991458590
5511991458610
5511991458622
5511991458649
5511991458654
5511991458657
5511991458658
5511991458669
5511991458690
5511991458727
5511991458759
5511991458777
5511991458786
5511991458826
5511991458841
5511991458844
5511991458854
5511991458880
5511991458882
5511991458907
5511991458915
5511991458918
5511991458924
5511991458938
5511991458943
5511991458945
5511991458947
5511991458956
5511991458989
5511991459010
5511991459011
5511991459012
5511991459024
5511991459026
5511991459027
5511991459029
5511991459074
5511991459087
5511991459131
5511991459137
5511991459140
5511991459143
5511991459146
5511991459152
5511991459162
5511991459172
5511991459181
5511991459190
5511991459193
5511991459219
5511991459226
5511991459239
5511991459247
5511991459280
5511991459304
5511991459334
5511991459341
5511991459347
5511991459382
5511991459410
5511991459489
5511991459496
5511991459529
5511991459543
5511991459563
5511991459571
5511991459577
5511991459584
5511991459593
5511991459620
5511991459642
5511991459653
5511991459656
5511991459666
5511991459672
5511991459675
5511991459676
5511991459706
5511991459711
5511991459717
5511991459724
5511991459736
5511991459738
5511991459748
5511991459772
5511991459781
5511991459783
5511991459784
5511991459831
5511991459835
5511991459870
5511991459874
5511991459885
5511991459907
5511991459955
5511991459960
5511991459962
5511991459967
5511991459973
5511991459987
5511991459988
5511991460020
5511991460027
5511991460049
5511991460067
5511991460081
5511991460092
5511991460107
5511991460111
5511991460120
5511991460129
5511991460131
5511991460134
5511991460136
5511991460203
5511991460208
5511991460224
5511991460231
5511991460232
5511991460266
5511991460269
5511991460282
5511991460291
5511991460292
5511991460316
5511991460337
5511991460349
5511991460352
5511991460353
5511991460371
5511991460382
5511991460389
5511991460395
5511991460403
5511991460409
5511991460420
5511991460487
5511991460494
5511991460511
5511991460534
5511991460565
5511991460595
5511991460599
5511991460605
5511991460607
5511991460620
5511991460621
5511991460648
5511991460651
5511991460659
5511991460660
5511991460664
5511991460669
5511991460674
5511991460676
5511991460690
5511991460702
5511991460734
5511991460745
5511991460759
5511991460760
5511991460854
5511991460888
5511991460897
5511991460901
5511991460902
5511991460956
5511991460958
5511991460974
5511991460997
5511991461016
5511991461024
5511991461046
5511991461122
5511991461135
5511991461168
5511991461206
5511991461209
5511991461320
5511991461346
5511991461358
5511991461364
5511991461367
5511991461370
5511991461372
5511991461381
5511991461413
5511991461431
5511991461441
5511991461451
5511991461455
5511991461470
5511991461486
5511991461509
5511991461514
5511991461518
5511991461572
5511991461576
5511991461723
5511991461724
5511991461730
5511991461731
5511991461738
5511991461755
5511991461771
5511991461778
5511991461781
5511991461844
5511991461874
5511991461880
5511991461886
5511991461930
5511991461975
5511991462000
5511991462022
5511991462065
5511991462071
5511991462079
5511991462086
5511991462106
5511991462110
5511991462122
5511991462141
5511991462192
5511991462207
5511991462211
5511991462230
5511991462242
5511991462260
5511991462263
5511991462286
5511991462290
5511991462291
5511991462316
5511991462321
5511991462359
5511991462379
5511991462394
5511991462405
5511991462409
5511991462415
5511991462424
5511991462434
5511991462442
5511991462451
5511991462467
5511991462471
5511991462475
5511991462478
5511991462513
5511991462514
5511991462518
5511991462528
5511991462529
5511991462541
5511991462544
5511991462552
5511991462558
5511991462566
5511991462574
5511991462576
5511991462578
5511991462612
5511991462633
5511991462686
5511991462689
5511991462700
5511991462702
5511991462708
5511991462716
5511991462723
5511991462733
5511991462745
5511991462746
5511991462772
5511991462780
5511991462803
5511991462841
5511991462861
5511991462883
5511991462896
5511991462920
5511991462947
5511991462960
5511991463012
5511991463015
5511991463023
5511991463035
5511991463061
5511991463079
5511991463087
5511991463117
5511991463119
5511991463134
5511991463141
5511991463149
5511991463151
5511991463180
5511991463182
5511991463188
5511991463195
5511991463198
5511991463200
5511991463203
5511991463227
5511991463258
5511991463259
5511991463267
5511991463281
5511991463318
5511991463321
5511991463329
5511991463374
5511991463379
5511991463384
5511991463389
5511991463402
5511991463421
5511991463443
5511991463452
5511991463477
5511991463479
5511991463502
5511991463529
5511991463552
5511991463554
5511991463558
5511991463575
5511991463600
5511991463606
5511991463616
5511991463629
5511991463631
5511991463635
5511991463669
5511991463670
5511991463675
5511991463696
5511991463724
5511991463728
5511991463761
5511991463763
5511991463770
5511991463789
5511991463818
5511991463823
5511991463835
5511991463841
5511991463858
5511991463866
5511991463872
5511991463876
5511991463900
5511991463914
5511991463925
5511991463938
5511991463987
5511991463996
5511991464026
5511991464038
5511991464042
5511991464048
5511991464059
5511991464064
5511991464073
5511991464079
5511991464087
5511991464115
5511991464116
5511991464122
5511991464124
5511991464133
5511991464146
5511991464155
5511991464176
5511991464178
5511991464183
5511991464193
5511991464210
5511991464228
5511991464233
5511991464240
5511991464242
5511991464258
5511991464275
5511991464279
5511991464299
5511991464315
5511991464318
5511991464328
5511991464349
5511991464352
5511991464371
5511991464380
5511991464384
5511991464391
5511991464403
5511991464418
5511991464421
5511991464426
5511991464429
5511991464433
5511991464439
5511991464443
5511991464448
5511991464452
5511991464476
5511991464491
5511991464493
5511991464496
5511991464507
5511991464512
5511991464514
5511991464522
5511991464534
5511991464537
5511991464540
5511991464556
5511991464560
5511991464569
5511991464579
5511991464582
5511991464592
5511991464605
5511991464637
5511991464654
5511991464660
5511991464681
5511991464685
5511991464701
5511991464708
5511991464724
5511991464749
5511991464754
5511991464759
5511991464770
5511991464776
5511991464784
5511991464788
5511991464806
5511991464810
5511991464811
5511991464833
5511991464842
5511991464886
5511991464899
5511991464914
5511991464928
5511991464933
5511991464974
5511991464977
5511991465016
5511991465030
5511991465032
5511991465034
5511991465040
5511991465046
5511991465047
5511991465062
5511991465071
5511991465083
5511991465095
5511991465100
5511991465109
5511991465121
5511991465133
5511991465140
5511991465170
5511991465180
5511991465200
5511991465202
5511991465205
5511991465210
5511991465222
5511991465228
5511991465247
5511991465249
5511991465254
5511991465255
5511991465261
5511991465300
5511991465314
5511991465339
5511991465355
5511991465374
5511991465375
5511991465385
5511991465386
5511991465392
5511991465393
5511991465408
5511991465423
5511991465424
5511991465439
5511991465448
5511991465450
5511991465469
5511991465479
5511991465495
5511991465496
5511991465504
5511991465512
5511991465518
5511991465539
5511991465552
5511991465554
5511991465562
5511991465598
5511991465606
5511991465607
5511991465645
5511991465646
5511991465664
5511991465671
5511991465672
5511991465675
5511991465693
5511991465706
5511991465716
5511991465724
5511991465732
5511991465735
5511991465767
5511991465788
5511991465806
5511991465816
5511991465819
5511991465824
5511991465867
5511991465870
5511991465877
5511991465882
5511991465891
5511991465897
5511991465902
5511991465904
5511991465932
5511991465945
5511991465947
5511991465951
5511991465956
5511991465972
5511991465977
5511991465995
5511991466002
5511991466003
5511991466010
5511991466023
5511991466025
5511991466030
5511991466054
5511991466067
5511991466074
5511991466081
5511991466082
5511991466084
5511991466100
5511991466125
5511991466151
5511991466153
5511991466169
5511991466195
5511991466201
5511991466202
5511991466214
5511991466216
5511991466228
5511991466246
5511991466247
5511991466262
5511991466267
5511991466273
5511991466277
5511991466289
5511991466321
5511991466325
5511991466328
5511991466337
5511991466348
5511991466352
5511991466373
5511991466400
5511991466420
5511991466433
5511991466438
5511991466479
5511991466487
5511991466500
5511991466502
5511991466503
5511991466515
5511991466528
5511991466543
5511991466551
5511991466554
5511991466562
5511991466591
5511991466601
5511991466615
5511991466631
5511991466632
5511991466640
5511991466657
5511991466659
5511991466677
5511991466694
5511991466700
5511991466720
5511991466723
5511991466751
5511991466755
5511991466760
5511991466764
5511991466765
5511991466795
5511991466815
5511991466818
5511991466831
5511991466846
5511991466849
5511991466859
5511991466872
5511991466876
5511991466877
5511991466884
5511991466896
5511991466906
5511991466915
5511991466916
5511991466919
5511991466927
5511991466932
5511991466936
5511991466939
5511991466945
5511991466960
5511991466975
5511991466976
5511991466977
5511991466978
5511991467001
5511991467005
5511991467021
5511991467022
5511991467032
5511991467034
5511991467052
5511991467061
5511991467107
5511991467117
5511991467146
5511991467150
5511991467152
5511991467158
5511991467159
5511991467166
5511991467170
5511991467173
5511991467186
5511991467198
5511991467249
5511991467250
5511991467255
5511991467263
5511991467282
5511991467283
5511991467315
5511991467320
5511991467337
5511991467349
5511991467359
5511991467363
5511991467374
5511991467378
5511991467400
5511991467401
5511991467407
5511991467413
5511991467431
5511991467432
5511991467496
5511991467505
5511991467516
5511991467518
5511991467519
5511991467532
5511991467551
5511991467553
5511991467566
5511991467582
5511991467607
5511991467618
5511991467620
5511991467631
5511991467637
5511991467654
5511991467685
5511991467695
5511991467700
5511991467713
5511991467730
5511991467768
5511991467776
5511991467789
5511991467812
5511991467820
5511991467876
5511991467877
5511991467918
5511991467919
5511991467937
5511991467942
5511991467956
5511991467959
5511991467975
5511991468008
5511991468028
5511991468030
5511991468033
5511991468060
5511991468064
5511991468066
5511991468073
5511991468076
5511991468080
5511991468087
5511991468089
5511991468111
5511991468112
5511991468117
5511991468120
5511991468127
5511991468151
5511991468156
5511991468160
5511991468182
5511991468188
5511991468199
5511991468202
5511991468220
5511991468223
5511991468228
5511991468240
5511991468242
5511991468248
5511991468282
5511991468284
5511991468289
5511991468305
5511991468321
5511991468334
5511991468346
5511991468350
5511991468356
5511991468375
5511991468389
5511991468434
5511991468483
5511991468491
5511991468494
5511991468515
5511991468528
5511991468543
5511991468549
5511991468551
5511991468552
5511991468560
5511991468572
5511991468574
5511991468576
5511991468580
5511991468586
5511991468589
5511991468598
5511991468599
5511991468610
5511991468627
5511991468634
5511991468652
5511991468654
5511991468659
5511991468671
5511991468675
5511991468684
5511991468691
5511991468707
5511991468708
5511991468719
5511991468744
5511991468756
5511991468771
5511991468775
5511991468782
5511991468797
5511991468853
5511991468876
5511991468884
5511991468893
5511991468910
5511991468934
5511991468940
5511991468946
5511991468960
5511991468961
5511991468971
5511991468973
5511991468994
5511991468999
5511991469018
5511991469022
5511991469046
5511991469085
5511991469089
5511991469101
5511991469131
5511991469143
5511991469148
5511991469163
5511991469182
5511991469193
5511991469194
5511991469209
5511991469218
5511991469219
5511991469240
5511991469257
5511991469266
5511991469278
5511991469281
5511991469282
5511991469339
5511991469351
5511991469361
5511991469362
5511991469381
5511991469391
5511991469394
5511991469418
5511991469423
5511991469429
5511991469448
5511991469449
5511991469474
5511991469503
5511991469504
5511991469517
5511991469540
5511991469579
5511991469591
5511991469594
5511991469598
5511991469603
5511991469608
5511991469631
5511991469640
5511991469649
5511991469672
5511991469681
5511991469686
5511991469690
5511991469691
5511991469693
5511991469696
5511991469704
5511991469779
5511991469792
5511991469798
5511991469813
5511991469826
5511991469833
5511991469867
5511991469876
5511991469884
5511991469923
5511991469927
5511991469932
5511991469939
5511991469943
5511991469951
5511991469958
5511991469959
5511991469962
5511991469994
5511991470012
5511991470016
5511991470035
5511991470045
5511991470065
5511991470070
5511991470077
5511991470087
5511991470104
5511991470119
5511991470123
5511991470138
5511991470145
5511991470148
5511991470206
5511991470210
5511991470216
5511991470220
5511991470231
5511991470241
5511991470242
5511991470245
5511991470247
5511991470281
5511991470327
5511991470343
5511991470347
5511991470370
5511991470441
5511991470451
5511991470454
5511991470461
5511991470489
5511991470506
5511991470519
5511991470529
5511991470531
5511991470566
5511991470572
5511991470590
5511991470608
5511991470611
5511991470640
5511991470649
5511991470658
5511991470683
5511991470694
5511991470724
5511991470732
5511991470740
5511991470758
5511991470770
5511991470772
5511991470802
5511991470830
5511991470848
5511991470865
5511991470873
5511991470892
5511991470991
5511991471014
5511991471020
5511991471073
5511991471077
5511991471083
5511991471090
5511991471101
5511991471112
5511991471150
5511991471157
5511991471197
5511991471204
5511991471234
5511991471242
5511991471255
5511991471264
5511991471270
5511991471271
5511991471272
5511991471273
5511991471284
5511991471314
5511991471331
5511991471383
5511991471386
5511991471400
5511991471404
5511991471405
5511991471429
5511991471432
5511991471441
5511991471488
5511991471503
5511991471507
5511991471510
5511991471519
5511991471531
5511991471536
5511991471545
5511991471555
5511991471557
5511991471659
5511991471727
5511991471753
5511991471759
5511991471767
5511991471777
5511991471834
5511991471838
5511991471852
5511991471891
5511991472013
5511991472026
5511991472028
5511991472067
5511991472097
5511991472106
5511991472115
5511991472120
5511991472121
5511991472160
5511991472192
5511991472193
5511991472221
5511991472225
5511991472228
5511991472232
5511991472243
5511991472245
5511991472253
5511991472259
5511991472263
5511991472273
5511991472285
5511991472318
5511991472342
5511991472343
5511991472400
5511991472401
5511991472406
5511991472422
5511991472432
5511991472435
5511991472466
5511991472490
5511991472528
5511991472530
5511991472536
5511991472547
5511991472593
5511991472607
5511991472613
5511991472616
5511991472641
5511991472647
5511991472654
5511991472656
5511991472661
5511991472669
5511991472681
5511991472689
5511991472691
5511991472696
5511991472711
5511991472727
5511991472733
5511991472739
5511991472767
5511991472780
5511991472790
5511991472812
5511991472826
5511991472838
5511991472866
5511991472877
5511991472914
5511991472921
5511991472932
5511991472968
5511991473011
5511991473013
5511991473023
5511991473039
5511991473042
5511991473130
5511991473131
5511991473162
5511991473202
5511991473256
5511991473288
5511991473292
5511991473313
5511991473322
5511991473324
5511991473337
5511991473352
5511991473406
5511991473407
5511991473433
5511991473504
5511991473522
5511991473530
5511991473553
5511991473563
5511991473582
5511991473585
5511991473593
5511991473629
5511991473634
5511991473647
5511991473660
5511991473669
5511991473672
5511991473676
5511991473741
5511991473763
5511991473820
5511991473835
5511991473838
5511991473845
5511991473846
5511991473854
5511991473866
5511991473911
5511991473914
5511991473930
5511991473952
5511991474004
5511991474006
5511991474023
5511991474047
5511991474050
5511991474072
5511991474076
5511991474092
5511991474093
5511991474109
5511991474122
5511991474123
5511991474176
5511991474177
5511991474184
5511991474206
5511991474217
5511991474223
5511991474265
5511991474278
5511991474296
5511991474298
5511991474330
5511991474359
5511991474361
5511991474366
5511991474378
5511991474389
5511991474396
