5531992583052
5531992583062
5531992583086
5531992583096
5531992583234
5531992583272
5531992583327
5531992583357
5531992583364
5531992583366
5531992583401
5531992583406
5531992583441
5531992583461
5531992583468
5531992583560
5531992583603
5531992583725
5531992583730
5531992583772
5531992583777
5531992583800
5531992583859
5531992583919
5531992583967
5531992584011
5531992584031
5531992584037
5531992584040
5531992584087
5531992584111
5531992584129
5531992584163
5531992584210
5531992584300
5531992584324
5531992584453
5531992584465
5531992584473
5531992584502
5531992584588
5531992584594
5531992584610
5531992584683
5531992584698
5531992584708
5531992584847
5531992584852
5531992584866
5531992584956
5531992585043
5531992585097
5531992585134
5531992585173
5531992585261
5531992585262
5531992585369
5531992585387
5531992585424
5531992585430
5531992585446
5531992585455
5531992585509
5531992585511
5531992585544
5531992585551
5531992585600
5531992585603
5531992585610
5531992585614
5531992585628
5531992585686
5531992585705
5531992585741
5531992585772
5531992585813
5531992585845
5531992585889
5531992585906
5531992585977
5531992585981
5531992586076
5531992586106
5531992586119
5531992586197
5531992586215
5531992586226
5531992586268
5531992586338
5531992586369
5531992586431
5531992586449
5531992586454
5531992586491
5531992586500
5531992586526
5531992586552
5531992586562
5531992586572
5531992586576
5531992586632
5531992586633
5531992586638
5531992586663
5531992586803
5531992586811
5531992586828
5531992586844
5531992586958
5531992586964
5531992586988
5531992586999
5531992587022
5531992587023
5531992587059
5531992587077
5531992587171
5531992587195
5531992587217
5531992587256
5531992587280
5531992587330
5531992587380
5531992587429
5531992587438
5531992587451
5531992587534
5531992587567
5531992587681
5531992587769
5531992587794
5531992587830
5531992587923
5531992587930
5531992587992
5531992588044
5531992588051
5531992588068
5531992588078
5531992588191
5531992588235
5531992588241
5531992588269
5531992588291
5531992588293
5531992588367
5531992588395
5531992588442
5531992588472
5531992588491
5531992588543
5531992588572
5531992588592
5531992588615
5531992588636
5531992588705
5531992588711
5531992588727
5531992588732
5531992588802
5531992588808
5531992588813
5531992588819
5531992588820
5531992588828
5531992588912
5531992588930
5531992588948
5531992588958
5531992588964
5531992588980
5531992588982
5531992589012
5531992589043
5531992589048
5531992589062
5531992589121
5531992589143
5531992589185
5531992589195
5531992589196
5531992589197
5531992589270
5531992589362
5531992589394
5531992589413
5531992589424
5531992589426
5531992589473
5531992589475
5531992589500
5531992589505
5531992589591
5531992589624
5531992589627
5531992589640
5531992589644
5531992589699
5531992589704
5531992589758
5531992589776
5531992589827
5531992589855
5531992589863
5531992589896
5531992589971
5531992589997
5531992590028
5531992590107
5531992590117
5531992590139
5531992590185
5531992590195
5531992590196
5531992590254
5531992590264
5531992590295
5531992590296
5531992590297
5531992590368
5531992590371
5531992590402
5531992590424
5531992590510
5531992590581
5531992590595
5531992590709
5531992590713
5531992590714
5531992590739
5531992590770
5531992590813
5531992590926
5531992590979
5531992590998
5531992591004
5531992591078
5531992591102
5531992591116
5531992591139
5531992591185
5531992591190
5531992591205
5531992591343
5531992591352
5531992591368
5531992591403
5531992591425
5531992591464
5531992591543
5531992591599
5531992591608
5531992591692
5531992591696
5531992591729
5531992591737
5531992591811
5531992591814
5531992591824
5531992591853
5531992591928
5531992591974
5531992591989
5531992592008
5531992592019
5531992592041
5531992592063
5531992592071
5531992592091
5531992592149
5531992592157
5531992592170
5531992592231
5531992592294
5531992592303
5531992592333
5531992592370
5531992592383
5531992592405
5531992592416
5531992592433
5531992592459
5531992592473
5531992592488
5531992592510
5531992592546
5531992592577
5531992592580
5531992592594
5531992592595
5531992592645
5531992592653
5531992592660
5531992592678
5531992592705
5531992592707
5531992592747
5531992592770
5531992592786
5531992592820
5531992592821
5531992592830
5531992592851
5531992592891
5531992592944
5531992593020
5531992593062
5531992593079
5531992593104
5531992593147
5531992593233
5531992593242
5531992593296
5531992593352
5531992593390
5531992593519
5531992593566
5531992593668
5531992593692
5531992593771
5531992593779
5531992593782
5531992593784
5531992593788
5531992593869
5531992593937
5531992593965
5531992594001
5531992594020
5531992594032
5531992594152
5531992594236
5531992594239
5531992594354
5531992594371
5531992594376
5531992594385
5531992594418
5531992594427
5531992594495
5531992594552
5531992594574
5531992594611
5531992594627
5531992594699
5531992594718
5531992594719
5531992594736
5531992594865
5531992594875
5531992594916
5531992594939
5531992594992
5531992594998
5531992595000
5531992595044
5531992595066
5531992595116
5531992595122
5531992595129
5531992595206
5531992595273
5531992595275
5531992595292
5531992595337
5531992595418
5531992595433
5531992595504
5531992595550
5531992595569
5531992595604
5531992595681
5531992595691
5531992595722
5531992595736
5531992595749
5531992595758
5531992595771
5531992595776
5531992595826
5531992595870
5531992595929
5531992595939
5531992595955
5531992595988
5531992595999
5531992596025
5531992596056
5531992596088
5531992596099
5531992596162
5531992596179
5531992596209
5531992596215
5531992596218
5531992596364
5531992596375
5531992596416
5531992596441
5531992596478
5531992596532
5531992596550
5531992596572
5531992596581
5531992596582
5531992596590
5531992596605
5531992596612
5531992596721
5531992596726
5531992596731
5531992596743
5531992596757
5531992596767
5531992596776
5531992596791
5531992596882
5531992596888
5531992596892
5531992596900
5531992596986
5531992597037
5531992597124
5531992597145
5531992597154
5531992597172
5531992597379
5531992597436
5531992597446
5531992597471
5531992597495
5531992597575
5531992597632
5531992597634
5531992597635
5531992597641
5531992597724
5531992597729
5531992597806
5531992597809
5531992597811
5531992597822
5531992597827
5531992597851
5531992597852
5531992597895
5531992597916
5531992597921
5531992597946
5531992597981
5531992598010
5531992598094
5531992598120
5531992598125
5531992598129
5531992598130
5531992598133
5531992598146
5531992598154
5531992598158
5531992598177
5531992598199
5531992598201
5531992598265
5531992598288
5531992598348
5531992598351
5531992598384
5531992598403
5531992598457
5531992598465
5531992598473
5531992598477
5531992598511
5531992598534
5531992598539
5531992598592
5531992598635
5531992598677
5531992598681
5531992598730
5531992598737
5531992598771
5531992598828
5531992598846
5531992598850
5531992598856
5531992598874
5531992598875
5531992599049
5531992599065
5531992599083
5531992599213
5531992599234
5531992599271
5531992599322
5531992599379
5531992599393
5531992599453
5531992599487
5531992599506
5531992599541
5531992599561
5531992599591
5531992599607
5531992599624
5531992599648
5531992599671
5531992599730
5531992599754
5531992599757
5531992599819
5531992599821
5531992599825
5531992599830
5531992599910
5531992599945
5531992599961
5531992599973
5531992600006
5531992600019
5531992600049
5531992600057
5531992600119
5531992600132
5531992600202
5531992600212
5531992600246
5531992600276
5531992600323
5531992600352
5531992600441
5531992600459
5531992600475
5531992600585
5531992600602
5531992600619
5531992600641
5531992600729
5531992600757
5531992600760
5531992600779
5531992600800
5531992600938
5531992600989
5531992601006
5531992601026
5531992601072
5531992601073
5531992601111
5531992601145
5531992601388
5531992601484
5531992601514
5531992601515
5531992601540
5531992601887
5531992601902
5531992601956
5531992601977
5531992602000
5531992602050
5531992602092
5531992602094
5531992602103
5531992602143
5531992602177
5531992602245
5531992602256
5531992602337
5531992602424
5531992602459
5531992602525
5531992602541
5531992602574
5531992602597
5531992602686
5531992602756
5531992602761
5531992602839
5531992602939
5531992602996
5531992603066
5531992603090
5531992603158
5531992603214
5531992603249
5531992603267
5531992603406
5531992603439
5531992603473
5531992603510
5531992603511
5531992603537
5531992603645
5531992603676
5531992603717
5531992603728
5531992603730
5531992603737
5531992603741
5531992603774
5531992603953
5531992603974
5531992604013
5531992604109
5531992604116
5531992604170
5531992604212
5531992604349
5531992604398
5531992604413
5531992604453
5531992604458
5531992604590
5531992604625
5531992604684
5531992604692
5531992604740
5531992604792
5531992604805
5531992604835
5531992604925
5531992605021
5531992605086
5531992605154
5531992605245
5531992605308
5531992605353
5531992605359
5531992605378
5531992605382
5531992605414
5531992605478
5531992605613
5531992605719
5531992605735
5531992605744
5531992605792
5531992605795
5531992605817
5531992605829
5531992605851
5531992605890
5531992605955
5531992606224
5531992606313
5531992606321
5531992606330
5531992606383
5531992606428
5531992606499
5531992606530
5531992606606
5531992606635
5531992606641
5531992606650
5531992606672
5531992606822
5531992606863
5531992606897
5531992606909
5531992606943
5531992607040
5531992607123
5531992607152
5531992607171
5531992607232
5531992607241
5531992607251
5531992607352
5531992607397
5531992607576
5531992607619
5531992607705
5531992607708
5531992607768
5531992607786
5531992607806
5531992607813
5531992607869
5531992607890
5531992607901
5531992607928
5531992608079
5531992608157
5531992608174
5531992608193
5531992608260
5531992608360
5531992608363
5531992608378
5531992608434
5531992608611
5531992608618
5531992608702
5531992608799
5531992608935
5531992608943
5531992609227
5531992609230
5531992609270
5531992609276
5531992609316
5531992609342
5531992609376
5531992609424
5531992609668
5531992609696
5531992609711
5531992609881
5531992609901
5531992609912
5531992609959
5531992610066
5531992610085
5531992610120
5531992610126
5531992610188
5531992610193
5531992610243
5531992610325
5531992610359
5531992610444
5531992610454
5531992610520
5531992610547
5531992610665
5531992610675
5531992610684
5531992610719
5531992610752
5531992610759
5531992610787
5531992610808
5531992610937
5531992610945
5531992610997
5531992611006
5531992611007
5531992611032
5531992611055
5531992611059
5531992611071
5531992611089
5531992611102
5531992611117
5531992611160
5531992611162
5531992611193
5531992611340
5531992611356
5531992611372
5531992611374
5531992611381
5531992611414
5531992611418
5531992611510
5531992611516
5531992611570
5531992611584
5531992611613
5531992611642
5531992611786
5531992611808
5531992611853
5531992611942
5531992611948
5531992611951
5531992611959
5531992611982
5531992611991
5531992611997
5531992612060
5531992612092
5531992612109
5531992612125
5531992612196
5531992612233
5531992612240
5531992612303
5531992612309
5531992612321
5531992612325
5531992612327
5531992612367
5531992612398
5531992612442
5531992612448
5531992612524
5531992612544
5531992612560
5531992612562
5531992612577
5531992612603
5531992612675
5531992612713
5531992612792
5531992612860
5531992612914
5531992612931
5531992612946
5531992612979
5531992612984
5531992612986
5531992613022
5531992613043
5531992613049
5531992613071
5531992613077
5531992613102
5531992613119
5531992613127
5531992613153
5531992613181
5531992613182
5531992613192
5531992613203
5531992613222
5531992613277
5531992613320
5531992613368
5531992613373
5531992613477
5531992613514
5531992613617
5531992613626
5531992613627
5531992613631
5531992613633
5531992613737
5531992613884
5531992613905
5531992614055
5531992614061
5531992614063
5531992614113
5531992614123
5531992614147
5531992614149
5531992614174
5531992614211
5531992614255
5531992614297
5531992614318
5531992614336
5531992614425
5531992614458
5531992614461
5531992614469
5531992614513
5531992614559
5531992614569
5531992614571
5531992614642
5531992614654
5531992614663
5531992614733
5531992614778
5531992614789
5531992614849
5531992614850
5531992614881
5531992614914
5531992614941
5531992615004
5531992615007
5531992615031
5531992615075
5531992615093
5531992615140
5531992615167
5531992615212
5531992615286
5531992615343
5531992615405
5531992615428
5531992615477
5531992615496
5531992615526
5531992615613
5531992615620
5531992615631
5531992615665
5531992615667
5531992615672
5531992615763
5531992615895
5531992615931
5531992615966
5531992616019
5531992616032
5531992616052
5531992616058
5531992616081
5531992616119
5531992616129
5531992616134
5531992616223
5531992616225
5531992616230
5531992616258
5531992616278
5531992616373
5531992616374
5531992616443
5531992616533
5531992616544
5531992616573
5531992616578
5531992616610
5531992616666
5531992616669
5531992616689
5531992616721
5531992616753
5531992616766
5531992616807
5531992616812
5531992616892
5531992616987
5531992617001
5531992617020
5531992617032
5531992617066
5531992617115
5531992617130
5531992617230
5531992617311
5531992617432
5531992617438
5531992617440
5531992617518
5531992617534
5531992617669
5531992617709
5531992617711
5531992617750
5531992617756
5531992617768
5531992617790
5531992617914
5531992617935
5531992617962
5531992618001
5531992618117
5531992618123
5531992618128
5531992618175
5531992618281
5531992618329
5531992618370
5531992618388
5531992618397
5531992618477
5531992618487
5531992618698
5531992618718
5531992618719
5531992618744
5531992618770
5531992618855
5531992618906
5531992618915
5531992618923
5531992618934
5531992618985
5531992619015
5531992619035
5531992619039
5531992619190
5531992619194
5531992619269
5531992619317
5531992619401
5531992619453
5531992619470
5531992619494
5531992619518
5531992619537
5531992619577
5531992619580
5531992619591
5531992619597
5531992619649
5531992619730
5531992619735
5531992619741
5531992619765
5531992619770
5531992619772
5531992619813
5531992619846
5531992619890
5531992619910
5531992619916
5531992619926
5531992619943
5531992619964
5531992619970
5531992620012
5531992620043
5531992620053
5531992620057
5531992620070
5531992620074
5531992620083
5531992620100
5531992620119
5531992620141
5531992620180
5531992620190
5531992620191
5531992620208
5531992620212
5531992620239
5531992620258
5531992620276
5531992620284
5531992620296
5531992620455
5531992620467
5531992620556
5531992620576
5531992620708
5531992620743
5531992620744
5531992620755
5531992620770
5531992620779
5531992620841
5531992620893
5531992620914
5531992620918
5531992620919
5531992620939
5531992620956
5531992621028
5531992621111
5531992621123
5531992621170
5531992621243
5531992621264
5531992621285
5531992621296
5531992621308
5531992621317
5531992621401
5531992621523
5531992621539
5531992621543
5531992621548
5531992621584
5531992621622
5531992621640
5531992621673
5531992621692
5531992621723
5531992621754
5531992621758
5531992621762
5531992621792
5531992621793
5531992621798
5531992621898
5531992621906
5531992621934
5531992621991
5531992621996
5531992622056
5531992622068
5531992622129
5531992622133
5531992622148
5531992622152
5531992622360
5531992622385
5531992622397
5531992622413
5531992622462
5531992622483
5531992622494
5531992622524
5531992622531
5531992622551
5531992622646
5531992622666
5531992622700
5531992622783
5531992622896
5531992622900
5531992622915
5531992622935
5531992622997
5531992622999
5531992623024
5531992623141
5531992623146
5531992623181
5531992623257
5531992623296
5531992623298
5531992623332
5531992623350
5531992623365
5531992623367
5531992623407
5531992623430
5531992623435
5531992623451
5531992623514
5531992623532
5531992623546
5531992623606
5531992623632
5531992623654
5531992623686
5531992623698
5531992623775
5531992623832
5531992623910
5531992624036
5531992624050
5531992624082
5531992624090
5531992624232
5531992624270
5531992624302
5531992624317
5531992624335
5531992624381
5531992624408
5531992624465
5531992624627
5531992624782
5531992624815
5531992624819
5531992624829
5531992624852
5531992624887
5531992624896
5531992624903
5531992624945
5531992625020
5531992625043
5531992625067
5531992625131
5531992625141
5531992625148
5531992625197
5531992625222
5531992625246
5531992625303
5531992625358
5531992625406
5531992625434
5531992625540
5531992625551
5531992625567
5531992625593
5531992625743
5531992625757
5531992625760
5531992625784
5531992625794
5531992625828
5531992625874
5531992625886
5531992625943
5531992625980
5531992626009
5531992626044
5531992626105
5531992626134
5531992626176
5531992626223
5531992626294
5531992626308
5531992626327
5531992626355
5531992626388
5531992626426
5531992626432
5531992626474
5531992626478
5531992626580
5531992626582
5531992626622
5531992626658
5531992626687
5531992626710
5531992626768
5531992626780
5531992626881
5531992626933
5531992626948
5531992626953
5531992627016
5531992627017
5531992627118
5531992627176
5531992627209
5531992627218
5531992627280
5531992627295
5531992627318
5531992627357
5531992627361
5531992627378
5531992627472
5531992627475
5531992627515
5531992627665
5531992627696
5531992627720
5531992627721
5531992627762
5531992627810
5531992627831
5531992627857
5531992627888
5531992627889
5531992627945
5531992628014
5531992628022
5531992628081
5531992628099
5531992628106
5531992628107
5531992628110
5531992628131
5531992628165
5531992628201
5531992628292
5531992628343
5531992628386
5531992628401
5531992628411
5531992628416
5531992628450
5531992628521
5531992628552
5531992628618
5531992628655
5531992628699
5531992628727
5531992628771
5531992628795
5531992628798
5531992628849
5531992628877
5531992628904
5531992628927
5531992628932
5531992628973
5531992629000
5531992629001
5531992629225
5531992629250
5531992629259
5531992629280
5531992629319
5531992629327
5531992629349
5531992629488
5531992629515
5531992629548
5531992629555
5531992629640
5531992629731
5531992629764
5531992629778
5531992629825
5531992629968
5531992630008
5531992630033
5531992630048
5531992630056
5531992630058
5531992630074
5531992630081
5531992630095
5531992630099
5531992630148
5531992630158
5531992630173
5531992630178
5531992630179
5531992630181
5531992630185
5531992630217
5531992630234
5531992630241
5531992630261
5531992630282
5531992630313
5531992630349
5531992630357
5531992630398
5531992630422
5531992630509
5531992630517
5531992630518
5531992630553
5531992630575
5531992630581
5531992630662
5531992630668
5531992630678
5531992630728
5531992630777
5531992630780
5531992630827
5531992630854
5531992630934
5531992630983
5531992630987
5531992631018
5531992631045
5531992631068
5531992631072
5531992631163
5531992631166
5531992631206
5531992631214
5531992631222
5531992631242
5531992631349
5531992631372
5531992631416
5531992631441
5531992631454
5531992631495
5531992631525
5531992631563
5531992631601
5531992631638
5531992631649
5531992631653
5531992631688
5531992631714
5531992631770
5531992631832
5531992631882
5531992631891
5531992632012
5531992632059
5531992632065
5531992632072
5531992632113
5531992632148
5531992632151
5531992632166
5531992632183
5531992632192
5531992632242
5531992632271
5531992632366
5531992632460
5531992632532
5531992632787
5531992632788
5531992632838
5531992632880
5531992633017
5531992633036
5531992633039
5531992633051
5531992633067
5531992633086
5531992633110
5531992633170
5531992633269
5531992633445
5531992633474
5531992633630
5531992633686
5531992633734
5531992633770
5531992633775
5531992633786
5531992633937
5531992633962
5531992634030
5531992634049
5531992634123
5531992634162
5531992634191
5531992634213
5531992634259
5531992634275
5531992634358
5531992634514
5531992634528
5531992634546
5531992634553
5531992634555
5531992634703
5531992634736
5531992634740
5531992634748
5531992634767
5531992634780
5531992634940
5531992634943
5531992634996
5531992635034
5531992635060
5531992635067
5531992635112
5531992635143
5531992635155
5531992635178
5531992635217
5531992635231
5531992635253
5531992635340
5531992635350
5531992635475
5531992635542
5531992635565
5531992635575
5531992635605
5531992635629
5531992635659
5531992635690
5531992635747
5531992635807
5531992635810
5531992635827
5531992635849
5531992635854
5531992635912
5531992635984
5531992636049
5531992636056
5531992636057
5531992636059
5531992636098
5531992636108
5531992636156
5531992636396
5531992636490
5531992636495
5531992636501
5531992636502
5531992636506
5531992636525
5531992636553
5531992636641
5531992636653
5531992636681
5531992636731
5531992636757
5531992636758
5531992636820
5531992637000
5531992637007
5531992637032
5531992637055
5531992637112
5531992637145
5531992637179
5531992637192
5531992637342
5531992637370
5531992637389
5531992637396
5531992637463
5531992637515
5531992637535
5531992637572
5531992637627
5531992637692
5531992637696
5531992637713
5531992637726
5531992637733
5531992637740
5531992637825
5531992637871
5531992637885
5531992637943
5531992638007
5531992638014
5531992638036
5531992638085
5531992638118
5531992638122
5531992638190
5531992638194
5531992638349
5531992638381
5531992638394
5531992638475
5531992638533
5531992638537
5531992638545
5531992638630
5531992638700
5531992638725
5531992638757
5531992638758
5531992638796
5531992638821
5531992638895
5531992638900
5531992638936
5531992639117
5531992639123
5531992639133
5531992639144
5531992639253
5531992639263
5531992639332
5531992639340
5531992639402
5531992639429
5531992639436
5531992639463
5531992639466
5531992639470
5531992639499
5531992639644
5531992639664
5531992639667
5531992639733
5531992639734
5531992639763
5531992639780
5531992639809
5531992639816
5531992639847
5531992639863
5531992639886
5531992639948
5531992639981
5531992639988
5531992640008
5531992640061
5531992640085
5531992640117
5531992640144
5531992640145
5531992640163
5531992640202
5531992640204
5531992640249
5531992640307
5531992640328
5531992640331
5531992640414
5531992640415
5531992640421
5531992640457
5531992640512
5531992640542
5531992640584
5531992640609
5531992640675
5531992640681
5531992640727
5531992640791
5531992640878
5531992640963
5531992640994
5531992641080
5531992641087
5531992641099
5531992641144
5531992641145
5531992641154
5531992641285
5531992641335
5531992641348
5531992641419
5531992641425
5531992641430
5531992641440
5531992641508
5531992641536
5531992641657
5531992641716
5531992641720
5531992641739
5531992641767
5531992641789
5531992641800
5531992641804
5531992641805
5531992641813
5531992641824
5531992641842
5531992641862
5531992641876
5531992641899
5531992641964
5531992641975
5531992641994
5531992642012
5531992642024
5531992642050
5531992642053
5531992642087
5531992642089
5531992642094
5531992642107
5531992642149
5531992642188
5531992642193
5531992642207
5531992642226
5531992642227
5531992642237
5531992642281
5531992642287
5531992642307
5531992642313
5531992642507
5531992642530
5531992642580
5531992642591
5531992642619
5531992642626
5531992642752
5531992642754
5531992642776
5531992642781
5531992642792
5531992642844
5531992642879
5531992642883
5531992642896
5531992643050
5531992643052
5531992643070
5531992643081
5531992643091
5531992643165
5531992643229
5531992643258
5531992643320
5531992643338
5531992643352
5531992643435
5531992643467
5531992643501
5531992643543
5531992643570
5531992643638
5531992643661
5531992643673
5531992643689
5531992643691
5531992643732
5531992643753
5531992643800
5531992643932
5531992643996
5531992644014
5531992644036
5531992644056
5531992644058
5531992644069
5531992644070
5531992644073
5531992644116
5531992644122
5531992644185
5531992644186
5531992644212
5531992644214
5531992644284
5531992644300
5531992644490
5531992644579
5531992644691
5531992644726
5531992644744
5531992644755
5531992644781
5531992644785
5531992644791
5531992644822
5531992644826
5531992644840
5531992644862
5531992644873
5531992644879
5531992644904
5531992644916
5531992644973
5531992644982
5531992645004
5531992645073
5531992645089
5531992645111
5531992645114
5531992645213
5531992645224
5531992645238
5531992645273
5531992645296
5531992645306
5531992645343
5531992645354
5531992645443
5531992645453
5531992645500
5531992645636
5531992645670
5531992645773
5531992645831
5531992645965
5531992645981
5531992645986
5531992646017
5531992646040
5531992646138
5531992646146
5531992646157
5531992646222
5531992646244
5531992646248
5531992646319
5531992646328
5531992646370
5531992646417
5531992646453
5531992646471
5531992646502
5531992646534
5531992646659
5531992646707
5531992646740
5531992646744
5531992646859
5531992646886
5531992646929
5531992647000
5531992647031
5531992647045
5531992647058
5531992647066
5531992647086
5531992647105
5531992647131
5531992647145
5531992647170
5531992647192
5531992647198
5531992647210
5531992647225
5531992647243
5531992647247
5531992647274
5531992647311
5531992647356
5531992647383
5531992647396
5531992647399
5531992647464
5531992647466
5531992647467
5531992647470
5531992647555
5531992647571
5531992647680
5531992647686
5531992647770
5531992647790
5531992647859
5531992647922
5531992647933
5531992647957
5531992647984
5531992648046
5531992648050
5531992648074
5531992648079
5531992648100
5531992648183
5531992648202
5531992648292
5531992648328
5531992648370
5531992648376
5531992648377
5531992648393
5531992648498
5531992648500
5531992648546
5531992648558
5531992648595
5531992648618
5531992648767
5531992648809
5531992648827
5531992648845
5531992648856
5531992648864
5531992648903
5531992648969
5531992649015
5531992649034
5531992649037
5531992649115
5531992649124
5531992649133
5531992649229
5531992649250
5531992649382
5531992649435
5531992649445
5531992649533
5531992649588
5531992649696
5531992649716
5531992649723
5531992649738
5531992649771
5531992649776
5531992649788
5531992649812
5531992649826
5531992649863
5531992649912
5531992649919
5531992649983
5531992650001
5531992650005
5531992650011
5531992650014
5531992650023
5531992650035
5531992650036
5531992650045
5531992650065
5531992650087
5531992650101
5531992650156
5531992650173
5531992650181
5531992650211
5531992650212
5531992650227
5531992650229
5531992650236
5531992650237
5531992650243
5531992650314
5531992650357
5531992650383
5531992650415
5531992650448
5531992650471
5531992650482
5531992650524
5531992650566
5531992650598
5531992650688
5531992650700
5531992650733
5531992650739
5531992650818
5531992650832
5531992650838
5531992650880
5531992650891
5531992650899
5531992650916
5531992651026
5531992651056
5531992651108
5531992651144
5531992651180
5531992651212
5531992651248
5531992651424
5531992651434
5531992651527
5531992651551
5531992651631
5531992651731
5531992651845
5531992651888
5531992651923
5531992651959
5531992651963
5531992651974
5531992651977
5531992651978
5531992652017
5531992652018
5531992652024
5531992652030
5531992652033
5531992652085
5531992652144
5531992652192
5531992652266
5531992652345
5531992652357
5531992652373
5531992652398
5531992652456
5531992652509
5531992652581
5531992652598
5531992652624
5531992652635
5531992652644
5531992652651
5531992652728
5531992652736
5531992652763
5531992652793
5531992652818
5531992652859
5531992652892
5531992652899
5531992652913
5531992652928
5531992653008
5531992653061
5531992653068
5531992653125
5531992653192
5531992653259
5531992653300
5531992653312
5531992653314
5531992653322
5531992653338
5531992653367
5531992653397
5531992653410
5531992653422
5531992653433
5531992653437
5531992653472
5531992653494
5531992653501
5531992653520
5531992653548
5531992653616
5531992653701
5531992653746
5531992653759
5531992653867
5531992653905
5531992653914
5531992653974
5531992653982
5531992654000
5531992654069
5531992654077
5531992654121
5531992654141
5531992654185
5531992654211
5531992654234
5531992654241
5531992654247
5531992654250
5531992654403
5531992654411
5531992654441
5531992654462
5531992654532
5531992654573
5531992654593
5531992654649
5531992654746
5531992654895
5531992654913
5531992654929
5531992654992
5531992655006
5531992655067
5531992655228
5531992655235
5531992655237
5531992655256
5531992655289
5531992655322
5531992655402
5531992655404
5531992655428
5531992655447
5531992655467
5531992655482
5531992655517
5531992655571
5531992655639
5531992655642
5531992655686
5531992655692
5531992655717
5531992655763
