5511985731525
5511985731624
5511985731774
5511985731832
5511985731902
5511985731930
5511985731998
5511985732002
5511985732055
5511985732098
5511985732311
5511985732331
5511985732728
5511985732748
5511985732909
5511985732984
5511985733104
5511985733174
5511985733190
5511985733201
5511985733231
5511985733233
5511985733339
5511985733466
5511985733691
5511985733865
5511985733977
5511985734020
5511985734024
5511985734180
5511985734182
5511985734208
5511985734269
5511985734448
5511985734489
5511985734513
5511985734570
5511985734633
5511985734702
5511985734869
5511985734991
5511985735039
5511985735057
5511985735109
5511985735120
5511985735155
5511985735213
5511985735235
5511985735327
5511985735344
5511985735346
5511985735363
5511985735400
5511985735451
5511985735458
5511985735488
5511985735491
5511985735609
5511985735680
5511985735729
5511985735803
5511985735805
5511985735832
5511985735994
5511985736031
5511985736046
5511985736080
5511985736195
5511985736275
5511985736352
5511985736462
5511985736478
5511985736670
5511985736680
5511985736715
5511985736777
5511985736858
5511985737016
5511985737220
5511985737269
5511985737360
5511985737390
5511985737411
5511985737450
5511985737506
5511985737570
5511985737629
5511985737774
5511985737888
5511985737894
5511985738020
5511985738132
5511985738159
5511985738228
5511985738434
5511985738469
5511985738557
5511985738760
5511985738819
5511985738823
5511985738983
5511985739044
5511985739213
5511985739358
5511985739536
5511985739637
5511985739666
5511985739690
5511985739693
5511985739852
5511985740097
5511985740196
5511985740267
5511985740284
5511985740319
5511985740323
5511985740371
5511985740482
5511985740483
5511985740509
5511985740525
5511985740584
5511985740677
5511985740723
5511985740810
5511985740812
5511985740837
5511985740867
5511985740919
5511985740940
5511985741014
5511985741193
5511985741385
5511985741428
5511985741525
5511985741529
5511985741570
5511985741718
5511985741762
5511985741781
5511985741918
5511985742075
5511985742084
5511985742094
5511985742168
5511985742230
5511985742355
5511985742439
5511985742494
5511985742503
5511985742547
5511985742663
5511985742972
5511985743007
5511985743016
5511985743503
5511985743555
5511985743601
5511985743606
5511985743775
5511985743786
5511985744084
5511985744115
5511985744259
5511985744281
5511985744295
5511985744346
5511985744386
5511985744416
5511985744686
5511985744688
5511985744784
5511985744785
5511985744867
5511985744920
5511985744933
5511985745000
5511985745013
5511985745052
5511985745072
5511985745176
5511985745184
5511985745210
5511985745258
5511985745261
5511985745303
5511985745564
5511985745618
5511985745619
5511985745699
5511985745731
5511985745750
5511985745986
5511985746110
5511985746218
5511985746358
5511985746430
5511985746480
5511985746493
5511985746501
5511985746510
5511985746534
5511985746672
5511985746697
5511985747071
5511985747082
5511985747087
5511985747101
5511985747161
5511985747199
5511985747217
5511985747229
5511985747242
5511985747444
5511985747491
5511985747586
5511985747598
5511985747669
5511985747706
5511985747850
5511985747857
5511985747963
5511985748000
5511985748007
5511985748012
5511985748210
5511985748244
5511985748254
5511985748308
5511985748384
5511985748385
5511985748410
5511985748506
5511985748570
5511985748673
5511985748777
5511985748780
5511985748880
5511985748992
5511985749104
5511985749167
5511985749193
5511985749346
5511985749523
5511985749643
5511985749699
5511985749804
5511985749806
5511985749898
5511985749991
5511985750019
5511985750241
5511985750447
5511985750487
5511985750598
5511985750605
5511985750621
5511985750717
5511985750854
5511985750902
5511985751004
5511985751314
5511985751465
5511985751483
5511985751607
5511985751669
5511985751749
5511985751757
5511985751761
5511985751930
5511985751933
5511985752076
5511985752182
5511985752191
5511985752214
5511985752238
5511985752311
5511985752354
5511985752420
5511985752433
5511985752639
5511985752760
5511985752910
5511985752928
5511985753000
5511985753214
5511985753226
5511985753284
5511985753426
5511985753545
5511985753593
5511985753642
5511985753732
5511985753749
5511985753811
5511985753839
5511985753944
5511985753986
5511985754091
5511985754110
5511985754210
5511985754221
5511985754246
5511985754250
5511985754288
5511985754339
5511985754431
5511985754465
5511985754503
5511985754606
5511985754856
5511985754857
5511985754926
5511985754997
5511985755012
5511985755266
5511985755308
5511985755422
5511985755447
5511985755547
5511985755554
5511985755569
5511985755658
5511985755690
5511985755774
5511985755778
5511985755846
5511985755873
5511985755970
5511985755972
5511985756021
5511985756078
5511985756127
5511985756213
5511985756350
5511985756480
5511985756567
5511985756739
5511985756974
5511985757198
5511985757212
5511985757246
5511985757319
5511985757434
5511985757453
5511985757506
5511985757533
5511985757552
5511985757573
5511985757580
5511985757728
5511985757729
5511985757825
5511985757856
5511985757933
5511985757966
5511985757970
5511985758030
5511985758071
5511985758178
5511985758241
5511985758390
5511985758456
5511985758531
5511985758539
5511985758753
5511985758756
5511985758757
5511985758873
5511985758963
5511985759099
5511985759224
5511985759281
5511985759388
5511985759399
5511985759551
5511985759598
5511985759617
5511985759801
5511985759938
5511985759984
5511985760043
5511985760243
5511985760262
5511985760266
5511985760282
5511985760408
5511985760423
5511985760645
5511985760691
5511985760732
5511985760764
5511985760881
5511985760950
5511985761134
5511985761298
5511985761320
5511985761330
5511985761499
5511985761737
5511985761756
5511985761789
5511985761790
5511985761856
5511985761860
5511985761959
5511985762025
5511985762167
5511985762181
5511985762375
5511985762472
5511985762526
5511985762589
5511985762670
5511985762760
5511985763003
5511985763008
5511985763019
5511985763068
5511985763158
5511985763171
5511985763515
5511985763655
5511985763819
5511985763860
5511985763881
5511985764150
5511985764166
5511985764174
5511985764190
5511985764206
5511985764432
5511985764457
5511985764868
5511985764880
5511985764902
5511985764945
5511985764964
5511985765162
5511985765216
5511985765317
5511985765475
5511985765597
5511985765617
5511985765681
5511985765696
5511985765810
5511985765850
5511985765913
5511985765914
5511985766106
5511985766195
5511985766259
5511985766431
5511985766588
5511985766746
5511985767065
5511985767211
5511985767241
5511985767250
5511985767492
5511985767520
5511985767522
5511985767659
5511985767723
5511985767753
5511985767775
5511985767910
5511985767962
5511985767969
5511985768117
5511985768129
5511985768271
5511985768392
5511985768500
5511985768513
5511985768590
5511985768715
5511985768741
5511985768746
5511985768850
5511985768851
5511985768917
5511985769031
5511985769077
5511985769132
5511985769222
5511985769276
5511985769380
5511985769445
5511985769480
5511985769489
5511985769732
5511985769872
5511985770004
5511985770176
5511985770213
5511985770374
5511985770432
5511985770437
5511985770482
5511985770488
5511985770525
5511985770663
5511985770890
5511985771004
5511985771127
5511985771165
5511985771217
5511985771307
5511985771397
5511985771427
5511985771541
5511985771578
5511985771647
5511985771690
5511985771753
5511985771833
5511985771904
5511985771985
5511985772066
5511985772080
5511985772118
5511985772225
5511985772260
5511985772361
5511985772461
5511985772516
5511985772524
5511985772538
5511985772572
5511985772701
5511985772711
5511985772820
5511985772939
5511985773167
5511985773174
5511985773270
5511985773369
5511985773416
5511985773438
5511985773517
5511985773704
5511985773814
5511985773818
5511985773913
5511985774245
5511985774339
5511985774393
5511985774471
5511985774513
5511985774717
5511985774759
5511985774772
5511985774791
5511985774891
5511985775008
5511985775603
5511985775653
5511985775692
5511985775931
5511985776000
5511985776090
5511985776194
5511985776242
5511985776269
5511985776379
5511985776396
5511985776397
5511985776448
5511985776645
5511985776850
5511985776859
5511985776893
5511985776918
5511985777103
5511985777269
5511985777442
5511985777590
5511985777606
5511985777657
5511985777716
5511985777775
5511985777811
5511985778054
5511985778098
5511985778207
5511985778243
5511985778344
5511985778443
5511985778569
5511985778634
5511985778675
5511985778688
5511985778825
5511985778865
5511985778962
5511985778987
5511985779023
5511985779299
5511985779480
5511985779507
5511985779512
5511985779777
5511985779820
5511985779915
5511985779941
5511985780013
5511985780089
5511985780255
5511985780305
5511985780336
5511985780447
5511985780555
5511985780695
5511985780696
5511985780706
5511985780770
5511985780896
5511985781064
5511985781124
5511985781170
5511985781379
5511985781432
5511985781588
5511985781941
5511985781951
5511985781996
5511985782180
5511985782200
5511985782382
5511985782407
5511985782503
5511985782518
5511985782637
5511985782767
5511985782895
5511985782989
5511985783018
5511985783111
5511985783118
5511985783190
5511985783381
5511985783433
5511985783466
5511985783620
5511985783631
5511985783739
5511985783764
5511985783962
5511985783969
5511985783975
5511985783988
5511985784066
5511985784170
5511985784193
5511985784599
5511985784677
5511985784775
5511985784950
5511985785154
5511985785174
5511985785191
5511985785209
5511985785260
5511985785280
5511985785373
5511985785593
5511985785616
5511985785698
5511985785704
5511985785804
5511985785835
5511985785877
5511985785902
5511985786014
5511985786069
5511985786498
5511985786502
5511985786558
5511985786562
5511985786581
5511985786590
5511985786661
5511985786700
5511985786884
5511985787078
5511985787278
5511985787375
5511985787451
5511985787467
5511985787574
5511985787577
5511985787644
5511985787656
5511985787811
5511985787822
5511985787838
5511985787882
5511985787888
5511985787956
5511985787982
5511985787999
5511985788075
5511985788099
5511985788128
5511985788137
5511985788262
5511985788306
5511985788447
5511985788535
5511985788545
5511985788558
5511985788775
5511985788867
5511985788881
5511985788888
5511985789084
5511985789160
5511985789228
5511985789622
5511985789644
5511985789668
5511985789688
5511985789721
5511985789734
5511985789740
5511985789758
5511985789844
5511985789869
5511985789892
5511985789893
5511985790369
5511985790729
5511985790759
5511985790830
5511985790872
5511985791005
5511985791036
5511985791149
5511985791182
5511985791255
5511985791270
5511985791379
5511985791405
5511985791582
5511985791664
5511985791680
5511985791762
5511985791774
5511985791813
5511985791870
5511985791911
5511985791945
5511985791965
5511985791986
5511985792041
5511985792052
5511985792068
5511985792105
5511985792152
5511985792182
5511985792203
5511985792245
5511985792258
5511985792477
5511985792739
5511985792755
5511985792868
5511985792915
5511985793184
5511985793242
5511985793292
5511985793344
5511985793345
5511985793390
5511985793477
5511985793714
5511985793767
5511985793782
5511985793862
5511985793901
5511985793909
5511985793986
5511985794130
5511985794296
5511985794306
5511985794420
5511985794440
5511985794462
5511985794645
5511985794821
5511985794947
5511985795002
5511985795182
5511985795319
5511985795389
5511985795492
5511985795495
5511985795551
5511985795571
5511985795721
5511985795831
5511985795855
5511985795908
5511985795913
5511985795929
5511985795935
5511985795943
5511985795961
5511985796126
5511985796151
5511985796334
5511985796351
5511985796401
5511985796518
5511985796549
5511985796582
5511985796602
5511985796616
5511985796777
5511985796810
5511985796857
5511985796922
5511985796990
5511985796991
5511985797054
5511985797094
5511985797160
5511985797212
5511985797229
5511985797237
5511985797339
5511985797440
5511985797441
5511985797486
5511985797613
5511985797653
5511985797691
5511985797703
5511985797729
5511985797744
5511985797765
5511985797786
5511985797937
5511985797989
5511985798053
5511985798108
5511985798224
5511985798229
5511985798230
5511985798416
5511985798469
5511985798735
5511985798882
5511985798914
5511985799105
5511985799330
5511985799520
5511985799586
5511985799845
5511985800026
5511985800110
5511985800221
5511985800340
5511985800398
5511985800436
5511985800785
5511985800916
5511985800945
5511985801040
5511985801098
5511985801198
5511985801220
5511985801342
5511985801464
5511985801506
5511985801722
5511985801959
5511985801990
5511985802018
5511985802097
5511985802157
5511985802199
5511985802236
5511985802250
5511985802313
5511985802353
5511985802373
5511985802414
5511985802436
5511985802564
5511985802588
5511985802920
5511985802956
5511985803149
5511985803249
5511985803372
5511985803403
5511985803574
5511985803648
5511985803692
5511985803949
5511985803999
5511985804087
5511985804100
5511985804386
5511985804434
5511985804451
5511985804569
5511985804941
5511985804987
5511985805057
5511985805122
5511985805273
5511985805544
5511985805592
5511985805647
5511985805655
5511985805661
5511985805682
5511985805702
5511985805778
5511985805846
5511985805847
5511985805888
5511985805890
5511985806006
5511985806064
5511985806118
5511985806140
5511985806141
5511985806420
5511985806463
5511985806517
5511985806779
5511985806813
5511985806837
5511985806867
5511985806979
5511985807123
5511985807310
5511985807317
5511985807422
5511985807688
5511985807762
5511985807810
5511985808088
5511985808163
5511985808179
5511985808707
5511985809062
5511985809111
5511985809121
5511985809192
5511985809323
5511985809338
5511985809345
5511985809596
5511985809599
5511985809615
5511985809618
5511985809675
5511985809696
5511985809777
5511985810350
5511985810560
5511985810582
5511985810704
5511985810790
5511985811064
5511985811080
5511985811169
5511985811170
5511985811346
5511985811405
5511985811575
5511985811610
5511985811633
5511985811642
5511985811770
5511985811832
5511985811881
5511985811949
5511985811959
5511985812120
5511985812141
5511985812190
5511985812294
5511985812330
5511985812441
5511985812467
5511985812496
5511985812530
5511985812550
5511985812609
5511985812666
5511985812667
5511985812859
5511985812860
5511985812924
5511985813043
5511985813096
5511985813113
5511985813190
5511985813365
5511985813611
5511985813670
5511985813687
5511985813738
5511985813759
5511985813954
5511985813955
5511985813981
5511985814293
5511985814415
5511985814440
5511985814587
5511985814710
5511985814739
5511985814771
5511985814882
5511985814972
5511985815002
5511985815053
5511985815066
5511985815240
5511985815360
5511985815453
5511985815505
5511985815531
5511985815540
5511985815563
5511985815620
5511985815631
5511985815711
5511985815913
5511985816023
5511985816045
5511985816059
5511985816088
5511985816120
5511985816205
5511985816269
5511985816364
5511985816370
5511985816462
5511985816520
5511985816521
5511985816537
5511985816717
5511985816834
5511985816862
5511985816927
5511985817056
5511985817320
5511985817351
5511985817373
5511985817410
5511985817440
5511985817456
5511985817478
5511985817493
5511985817550
5511985817585
5511985817658
5511985817728
5511985817917
5511985817962
5511985818059
5511985818067
5511985818092
5511985818166
5511985818177
5511985818198
5511985818241
5511985818480
5511985818554
5511985818615
5511985818634
5511985818718
5511985818760
5511985818775
5511985818933
5511985819230
5511985819491
5511985819516
5511985819540
5511985819637
5511985819666
5511985819705
5511985819743
5511985819829
5511985819840
5511985820061
5511985820120
5511985820159
5511985820363
5511985820391
5511985820392
5511985820410
5511985820498
5511985820677
5511985820680
5511985820703
5511985820721
5511985820736
5511985820771
5511985820903
5511985820948
5511985821007
5511985821083
5511985821120
5511985821141
5511985821234
5511985821374
5511985821485
5511985821862
5511985821884
5511985821942
5511985822355
5511985822759
5511985822760
5511985822913
5511985822961
5511985822990
5511985823174
5511985823360
5511985823392
5511985823719
5511985823896
5511985823918
5511985823969
5511985824218
5511985824282
5511985824292
5511985824296
5511985824302
5511985824316
5511985824367
5511985824402
5511985824421
5511985824426
5511985824496
5511985824550
5511985824628
5511985824632
5511985824740
5511985824794
5511985824911
5511985825083
5511985825115
5511985825216
5511985825404
5511985825560
5511985825614
5511985825649
5511985825758
5511985825825
5511985826180
5511985826188
5511985826348
5511985826430
5511985826453
5511985826467
5511985826539
5511985826547
5511985826564
5511985826585
5511985826614
5511985826768
5511985826809
5511985826898
5511985826941
5511985827082
5511985827144
5511985827236
5511985827251
5511985827326
5511985827346
5511985827451
5511985827571
5511985827605
5511985827754
5511985827923
5511985828152
5511985828200
5511985828238
5511985828260
5511985828329
5511985828436
5511985828440
5511985828514
5511985828563
5511985828571
5511985828626
5511985828726
5511985828730
5511985828750
5511985828925
5511985828971
5511985829132
5511985829350
5511985829452
5511985829469
5511985829493
5511985829522
5511985829736
5511985829750
5511985829892
5511985829911
5511985829985
5511985830071
5511985830083
5511985830178
5511985830381
5511985830470
5511985830552
5511985830560
5511985830621
5511985830790
5511985831000
5511985831091
5511985831197
5511985831238
5511985831387
5511985831424
5511985831551
5511985831628
5511985831648
5511985831828
5511985831919
5511985832017
5511985832207
5511985832223
5511985832245
5511985832337
5511985832422
5511985832475
5511985832494
5511985832512
5511985832565
5511985832691
5511985832705
5511985832740
5511985832776
5511985832878
5511985832970
5511985833085
5511985833095
5511985833266
5511985833300
5511985833331
5511985833498
5511985833534
5511985833613
5511985833628
5511985833647
5511985833655
5511985833722
5511985833966
5511985833967
5511985834006
5511985834045
5511985834121
5511985834424
5511985834430
5511985834443
5511985834550
5511985834571
5511985834585
5511985834634
5511985834717
5511985834783
5511985834795
5511985834834
5511985835056
5511985835085
5511985835149
5511985835275
5511985835561
5511985835567
5511985835571
5511985835588
5511985835665
5511985835823
5511985835872
5511985835953
5511985836059
5511985836143
5511985836224
5511985836278
5511985836301
5511985836319
5511985836422
5511985836591
5511985836616
5511985836635
5511985836738
5511985836810
5511985836840
5511985836860
5511985836958
5511985837136
5511985837192
5511985837203
5511985837228
5511985837341
5511985837359
5511985837374
5511985837404
5511985837467
5511985837505
5511985837532
5511985837545
5511985837595
5511985837596
5511985837602
5511985837775
5511985837813
5511985837938
5511985838131
5511985838136
5511985838200
5511985838202
5511985838209
5511985838384
5511985838709
5511985838796
5511985839035
5511985839102
5511985839123
5511985839155
5511985839207
5511985839220
5511985839250
5511985839272
5511985839302
5511985839306
5511985839324
5511985839336
5511985839353
5511985839464
5511985839547
5511985839554
5511985839688
5511985839695
5511985839765
5511985839780
5511985839787
5511985839821
5511985839928
5511985839966
5511985839979
5511985840025
5511985840090
5511985840132
5511985840214
5511985840315
5511985840649
5511985840684
5511985840883
5511985841042
5511985841211
5511985841287
5511985841331
5511985841332
5511985841397
5511985841425
5511985841453
5511985841523
5511985841551
5511985841598
5511985841599
5511985841600
5511985841621
5511985841670
5511985841752
5511985841868
5511985841936
5511985841960
5511985841965
5511985841994
5511985841995
5511985841999
5511985842270
5511985842272
5511985842284
5511985842302
5511985842431
5511985842458
5511985842470
5511985842532
5511985842670
5511985842709
5511985842746
5511985842782
5511985842798
5511985842822
5511985842824
5511985842857
5511985842859
5511985842869
5511985842889
5511985842898
5511985842953
5511985842959
5511985842987
5511985843025
5511985843030
5511985843040
5511985843074
5511985843109
5511985843149
5511985843206
5511985843240
5511985843307
5511985843313
5511985843357
5511985843451
5511985843504
5511985843520
5511985843525
5511985843537
5511985843769
5511985843797
5511985843824
5511985843867
5511985843959
5511985843991
5511985844066
5511985844239
5511985844304
5511985844341
5511985844397
5511985844422
5511985844579
5511985844684
5511985844703
5511985844933
5511985844948
5511985845430
5511985845540
5511985845550
5511985845571
5511985845775
5511985845837
5511985845841
5511985845935
5511985845967
5511985846010
5511985846073
5511985846269
5511985846569
5511985846590
5511985846598
5511985846602
5511985846609
5511985846625
5511985846642
5511985846715
5511985846737
5511985846766
5511985846857
5511985846872
5511985846881
5511985847052
5511985847074
5511985847084
5511985847140
5511985847165
5511985847256
5511985847283
5511985847296
5511985847310
5511985847379
5511985847490
5511985847550
5511985847657
5511985847967
5511985848041
5511985848084
5511985848278
5511985848365
5511985848451
5511985848574
5511985848600
5511985848726
5511985848842
5511985848911
5511985848948
5511985848959
5511985849003
5511985849111
5511985849132
5511985849181
5511985849344
5511985849604
5511985849623
5511985849687
5511985849707
5511985849921
5511985849957
5511985849983
5511985849995
5511985850606
5511985852103
5511985852130
5511985852201
5511985852203
5511985852270
5511985852347
5511985852400
5511985852410
5511985852429
5511985852444
5511985852532
5511985852555
5511985852611
5511985852638
5511985852647
5511985852864
5511985852880
5511985852901
5511985852904
5511985852919
5511985852920
5511985852974
5511985853026
5511985853047
5511985853056
5511985853101
5511985853143
5511985853193
5511985853213
5511985853234
5511985853355
5511985853364
5511985853529
5511985853576
5511985853611
5511985853643
5511985853656
5511985853660
5511985853665
5511985853756
5511985853800
5511985853842
5511985853867
5511985854262
5511985854377
5511985854384
5511985854475
5511985854489
5511985854500
5511985854552
5511985854804
5511985854870
5511985854880
5511985854889
5511985855003
5511985855074
5511985855101
5511985855116
5511985855117
5511985855128
5511985855174
5511985855180
5511985855353
5511985855397
5511985855597
5511985855668
5511985855672
5511985855756
5511985855766
5511985855787
5511985855816
5511985855837
5511985855844
5511985855877
5511985855917
5511985855956
5511985855960
5511985855988
5511985855998
5511985856002
5511985856038
5511985856122
5511985856167
5511985856267
5511985856349
5511985856358
5511985856417
5511985856463
5511985856479
5511985856559
5511985856574
5511985856591
5511985856618
5511985856706
5511985856712
5511985856775
5511985856884
5511985856945
5511985857042
5511985857175
5511985857310
5511985857349
5511985857375
5511985857377
5511985857385
5511985857569
5511985857572
5511985857598
5511985857633
5511985857649
5511985857686
5511985857728
5511985857860
5511985857885
5511985857895
5511985857910
5511985858009
5511985858023
5511985858041
5511985858186
5511985858277
5511985858280
5511985858330
5511985858492
5511985858552
5511985858624
5511985858646
5511985858674
5511985858696
5511985858722
5511985858745
5511985858776
5511985858863
5511985858872
5511985858884
5511985858890
5511985858945
5511985858952
5511985859062
5511985859149
5511985859200
5511985859211
5511985859252
5511985859327
5511985859383
5511985859473
5511985859483
5511985859520
5511985859618
5511985859691
5511985859775
5511985859832
5511985859890
5511985859991
5511985860081
5511985860091
5511985860112
5511985860125
5511985860155
5511985860184
5511985860208
5511985860269
5511985860280
5511985860405
5511985860406
5511985860411
5511985860421
5511985860431
5511985860444
5511985860460
5511985860466
5511985860470
5511985860480
5511985860489
5511985860510
5511985860572
5511985860574
5511985860592
5511985860643
5511985860664
5511985860690
5511985860762
5511985860791
5511985860840
5511985860849
5511985860885
5511985860895
5511985861121
5511985861174
5511985861200
5511985861214
5511985861234
5511985861260
5511985861284
5511985861295
5511985861451
5511985861526
5511985861613
5511985861794
5511985861803
5511985861807
5511985861939
5511985861992
5511985862027
5511985862069
5511985862112
5511985862133
5511985862166
5511985862196
5511985862210
5511985862261
5511985862273
5511985862303
5511985862374
5511985862539
5511985862553
5511985862586
5511985862713
5511985862715
5511985862777
5511985862790
5511985862835
5511985862996
5511985863135
5511985863159
5511985863211
5511985863244
5511985863370
5511985863376
5511985863450
5511985863454
5511985863462
5511985863484
5511985863492
5511985863514
5511985863532
5511985863643
5511985863663
5511985863774
5511985863785
5511985863822
5511985863848
5511985863891
5511985864042
5511985864044
5511985864056
5511985864099
5511985864163
5511985864212
5511985864459
5511985864486
5511985864743
5511985864858
5511985865026
5511985865068
5511985865086
5511985865099
5511985865126
5511985865152
5511985865168
5511985865280
5511985865345
5511985865449
5511985865467
5511985865470
5511985865494
5511985865500
5511985865566
5511985865598
5511985865612
5511985865649
5511985865685
5511985865699
5511985865797
5511985865935
5511985866008
5511985866026
5511985866054
5511985866066
5511985866095
5511985866110
5511985866151
5511985866167
5511985866189
5511985866354
5511985866416
5511985866462
5511985866632
5511985866674
5511985866787
5511985866869
5511985866889
5511985866969
5511985867054
5511985867070
5511985867109
5511985867324
5511985867355
5511985867401
5511985867405
5511985867446
5511985867484
5511985867706
5511985867836
5511985868105
5511985868155
5511985868187
5511985868242
5511985868256
5511985868412
5511985868561
5511985868589
5511985868664
5511985868678
5511985868882
5511985868889
5511985868955
5511985869000
5511985869021
5511985869213
5511985869240
5511985869276
5511985869399
5511985869485
5511985869489
5511985869534
5511985869563
5511985869596
5511985869631
5511985869657
5511985869793
5511985869946
5511985870094
5511985870169
5511985870196
5511985870225
5511985870236
5511985870240
5511985870255
5511985870270
5511985870277
5511985870316
5511985870702
5511985870729
5511985870785
5511985870803
5511985870904
5511985870935
5511985870976
5511985870998
5511985871004
5511985871008
5511985871164
5511985871204
5511985871238
5511985871386
5511985871390
5511985871528
5511985871633
5511985871684
5511985871721
5511985871776
5511985871777
5511985871796
5511985871830
5511985871831
5511985871911
5511985872004
5511985872090
5511985872130
5511985872180
5511985872256
5511985872343
5511985872388
5511985872420
5511985872532
5511985872576
5511985872732
5511985872815
5511985872885
5511985872891
5511985872899
5511985873006
5511985873411
5511985873483
5511985873504
5511985873562
5511985873811
5511985873816
5511985873846
5511985873906
5511985873916
5511985874011
5511985874073
5511985874430
5511985874472
5511985874521
5511985874561
5511985874606
5511985874614
5511985874930
5511985874936
5511985874938
5511985875099
5511985875256
5511985875268
5511985875368
5511985875437
5511985875453
5511985875549
5511985875621
5511985875635
5511985875726
5511985875731
5511985875737
5511985875780
5511985875859
5511985875931
5511985876034
5511985876183
5511985876222
5511985876225
5511985876237
5511985876247
5511985876263
5511985876509
5511985876689
5511985876750
5511985876886
5511985876887
5511985876909
5511985876943
5511985876950
5511985877136
5511985877175
5511985877233
5511985877283
5511985877288
5511985877417
5511985877482
5511985877489
5511985877673
5511985877879
5511985878095
5511985878166
5511985878189
5511985878225
5511985878336
5511985878543
5511985878561
5511985878563
5511985878599
5511985878696
5511985878719
5511985878737
5511985878787
5511985878821
5511985878837
5511985878930
5511985878950
5511985878982
5511985879030
5511985879089
5511985879222
5511985879237
5511985879354
5511985879564
5511985879619
5511985879670
5511985879683
5511985879763
5511985879880
5511985879901
5511985879932
5511985880081
5511985880189
5511985880202
5511985880277
5511985880301
5511985880336
5511985880480
5511985880500
5511985880523
5511985880559
5511985880577
5511985880579
5511985880589
5511985880609
5511985880778
5511985880977
5511985881005
5511985881082
5511985881088
5511985881145
