5511985424876
5511985424926
5511985424961
5511985424974
5511985425008
5511985425069
5511985425080
5511985425087
5511985425223
5511985425391
5511985425416
5511985425449
5511985425535
5511985425585
5511985425633
5511985425732
5511985425846
5511985425883
5511985425948
5511985426040
5511985426056
5511985426059
5511985426355
5511985426392
5511985426428
5511985426463
5511985426747
5511985426773
5511985426807
5511985426819
5511985426883
5511985426884
5511985426905
5511985426995
5511985427036
5511985427138
5511985427207
5511985427253
5511985427266
5511985427278
5511985427298
5511985427378
5511985427419
5511985427444
5511985427590
5511985427613
5511985427633
5511985427725
5511985428073
5511985428128
5511985428130
5511985428138
5511985428148
5511985428149
5511985428157
5511985428166
5511985428231
5511985428475
5511985428494
5511985428512
5511985428518
5511985428666
5511985428782
5511985428840
5511985428870
5511985428915
5511985428936
5511985429037
5511985429098
5511985429133
5511985429193
5511985429208
5511985429243
5511985429436
5511985429454
5511985429517
5511985429659
5511985429675
5511985429883
5511985429923
5511985429983
5511985430050
5511985430122
5511985430367
5511985430407
5511985430499
5511985430528
5511985430532
5511985430573
5511985431082
5511985431094
5511985431314
5511985431388
5511985431548
5511985431662
5511985431719
5511985431736
5511985431950
5511985432134
5511985432168
5511985432184
5511985432218
5511985432384
5511985432395
5511985432457
5511985432570
5511985432619
5511985432634
5511985432662
5511985432715
5511985432840
5511985432986
5511985433087
5511985433116
5511985433140
5511985433145
5511985433252
5511985433343
5511985433432
5511985433446
5511985433556
5511985433617
5511985433819
5511985434131
5511985434191
5511985434403
5511985434437
5511985434622
5511985434662
5511985434745
5511985434793
5511985435071
5511985435202
5511985435234
5511985435242
5511985435270
5511985435288
5511985435747
5511985435799
5511985435950
5511985435996
5511985436031
5511985436061
5511985436091
5511985436151
5511985436226
5511985436267
5511985436452
5511985436621
5511985436678
5511985436758
5511985436869
5511985437267
5511985437487
5511985437518
5511985437584
5511985437701
5511985437721
5511985437740
5511985437781
5511985437785
5511985437836
5511985438112
5511985438136
5511985438342
5511985438373
5511985438375
5511985438410
5511985438470
5511985438575
5511985438787
5511985438834
5511985438935
5511985439004
5511985439521
5511985439567
5511985439669
5511985439717
5511985439777
5511985439794
5511985439811
5511985439875
5511985440030
5511985440141
5511985440155
5511985440172
5511985440319
5511985440363
5511985440380
5511985440392
5511985440409
5511985440570
5511985440675
5511985440863
5511985440901
5511985440982
5511985440992
5511985441127
5511985441132
5511985441191
5511985441357
5511985441391
5511985441498
5511985441540
5511985441542
5511985441565
5511985441566
5511985441677
5511985441687
5511985441893
5511985441894
5511985441907
5511985441983
5511985442016
5511985442062
5511985442101
5511985442108
5511985442161
5511985442179
5511985442327
5511985442372
5511985442540
5511985442552
5511985442636
5511985442725
5511985442752
5511985442822
5511985442979
5511985443047
5511985443093
5511985443133
5511985443144
5511985443379
5511985443391
5511985443488
5511985443546
5511985443657
5511985443726
5511985443789
5511985444027
5511985444036
5511985444039
5511985444045
5511985444072
5511985444226
5511985444308
5511985444323
5511985444346
5511985444354
5511985444360
5511985444401
5511985444410
5511985444428
5511985444432
5511985444441
5511985444445
5511985444467
5511985444578
5511985444677
5511985444808
5511985444841
5511985444875
5511985444902
5511985444914
5511985445000
5511985445002
5511985445033
5511985445048
5511985445141
5511985445181
5511985445246
5511985445373
5511985445403
5511985445431
5511985445455
5511985445483
5511985445535
5511985445563
5511985445602
5511985445615
5511985445724
5511985445827
5511985445918
5511985445925
5511985446082
5511985446227
5511985446242
5511985446373
5511985446424
5511985446605
5511985446609
5511985446645
5511985446656
5511985446678
5511985446777
5511985446784
5511985446821
5511985446853
5511985446883
5511985446899
5511985447003
5511985447121
5511985447160
5511985447397
5511985447497
5511985447737
5511985447902
5511985448344
5511985448442
5511985448445
5511985448564
5511985448599
5511985448605
5511985448722
5511985448760
5511985448780
5511985448797
5511985448840
5511985449029
5511985449142
5511985449176
5511985449200
5511985449283
5511985449360
5511985449374
5511985449477
5511985449496
5511985449509
5511985449512
5511985449554
5511985449624
5511985449745
5511985449904
5511985450000
5511985450043
5511985450416
5511985450426
5511985450446
5511985450458
5511985450616
5511985450766
5511985450800
5511985450996
5511985451000
5511985451056
5511985451109
5511985451111
5511985451135
5511985451142
5511985451241
5511985451524
5511985451561
5511985451571
5511985451612
5511985451743
5511985451758
5511985451847
5511985451931
5511985451934
5511985452349
5511985452421
5511985452443
5511985452458
5511985452491
5511985452545
5511985452546
5511985452661
5511985452806
5511985453585
5511985453734
5511985453803
5511985453922
5511985453953
5511985453956
5511985454021
5511985454104
5511985454169
5511985454209
5511985454453
5511985454545
5511985454626
5511985454854
5511985455011
5511985455334
5511985455346
5511985455386
5511985455699
5511985455826
5511985456039
5511985456055
5511985456123
5511985456196
5511985456421
5511985456522
5511985456525
5511985456967
5511985457071
5511985457179
5511985457216
5511985457277
5511985457643
5511985457669
5511985457785
5511985457817
5511985457997
5511985458620
5511985458640
5511985458836
5511985458874
5511985458919
5511985459002
5511985459280
5511985459283
5511985459332
5511985459370
5511985459395
5511985459417
5511985459484
5511985459543
5511985459604
5511985459687
5511985459695
5511985459833
5511985459930
5511985460011
5511985460082
5511985460218
5511985460226
5511985460307
5511985460611
5511985460715
5511985460744
5511985460810
5511985460950
5511985460973
5511985461036
5511985461198
5511985461284
5511985461440
5511985461460
5511985461505
5511985461612
5511985461639
5511985461876
5511985461934
5511985461955
5511985461964
5511985462182
5511985462307
5511985462565
5511985462566
5511985463041
5511985463110
5511985463141
5511985463263
5511985463274
5511985463389
5511985463660
5511985463759
5511985463795
5511985463830
5511985463896
5511985463920
5511985463940
5511985464069
5511985464139
5511985464241
5511985464328
5511985464381
5511985464393
5511985464435
5511985464476
5511985464534
5511985464587
5511985464658
5511985464664
5511985464679
5511985464711
5511985464727
5511985464738
5511985464831
5511985464899
5511985465027
5511985465061
5511985465177
5511985465180
5511985465320
5511985465325
5511985465334
5511985465457
5511985465477
5511985465513
5511985465561
5511985465708
5511985465776
5511985465819
5511985465841
5511985465901
5511985465909
5511985466257
5511985466413
5511985466467
5511985466575
5511985466653
5511985466754
5511985466860
5511985467137
5511985467257
5511985467282
5511985467397
5511985467439
5511985467503
5511985467584
5511985467742
5511985467747
5511985467810
5511985467821
5511985467939
5511985468001
5511985468076
5511985468085
5511985468170
5511985468289
5511985468478
5511985468579
5511985468678
5511985468692
5511985468719
5511985468851
5511985468880
5511985468970
5511985468986
5511985468994
5511985469055
5511985469085
5511985469102
5511985469114
5511985469117
5511985469127
5511985469173
5511985469283
5511985469314
5511985469387
5511985469399
5511985469450
5511985469503
5511985469572
5511985469605
5511985469673
5511985469765
5511985469797
5511985469907
5511985469987
5511985469999
5511985470116
5511985470121
5511985470131
5511985470305
5511985470330
5511985470633
5511985470672
5511985470675
5511985470756
5511985470858
5511985470915
5511985470944
5511985470966
5511985470984
5511985471152
5511985471173
5511985471229
5511985471565
5511985471588
5511985471645
5511985471748
5511985471890
5511985471891
5511985472088
5511985472122
5511985472170
5511985472231
5511985472278
5511985472429
5511985472518
5511985472530
5511985472555
5511985472586
5511985472748
5511985472752
5511985472772
5511985472782
5511985472912
5511985472921
5511985472938
5511985473112
5511985473136
5511985473185
5511985473192
5511985473241
5511985473354
5511985473430
5511985473485
5511985473518
5511985473539
5511985473549
5511985473555
5511985473828
5511985473853
5511985473921
5511985473949
5511985474027
5511985474175
5511985474291
5511985474292
5511985474419
5511985474430
5511985474521
5511985474555
5511985474712
5511985474951
5511985475030
5511985475108
5511985475335
5511985475460
5511985475521
5511985475538
5511985475677
5511985475806
5511985475951
5511985475969
5511985475986
5511985475997
5511985476288
5511985476311
5511985476411
5511985476504
5511985476575
5511985476940
5511985477154
5511985477160
5511985477171
5511985477275
5511985477340
5511985477566
5511985477588
5511985477617
5511985477618
5511985477868
5511985477885
5511985477900
5511985477901
5511985478121
5511985478168
5511985478212
5511985478255
5511985478264
5511985478327
5511985478369
5511985478437
5511985478581
5511985478648
5511985479026
5511985479055
5511985479056
5511985479250
5511985479262
5511985479380
5511985479414
5511985479454
5511985479508
5511985479528
5511985479582
5511985479683
5511985479714
5511985479758
5511985479821
5511985479833
5511985479946
5511985480040
5511985480041
5511985480090
5511985480157
5511985480329
5511985480351
5511985480400
5511985480415
5511985480453
5511985480491
5511985480524
5511985480572
5511985480616
5511985480835
5511985480925
5511985480978
5511985481000
5511985481109
5511985481114
5511985481174
5511985481361
5511985481572
5511985481674
5511985481930
5511985481993
5511985482013
5511985482048
5511985482086
5511985482227
5511985482282
5511985482353
5511985482360
5511985482456
5511985482464
5511985482466
5511985482633
5511985482744
5511985482759
5511985482838
5511985482979
5511985482999
5511985483184
5511985483248
5511985483277
5511985483311
5511985483465
5511985483614
5511985483653
5511985483853
5511985483879
5511985483929
5511985483983
5511985484069
5511985484131
5511985484173
5511985484193
5511985484252
5511985484267
5511985484274
5511985484363
5511985484548
5511985484571
5511985484696
5511985484820
5511985484944
5511985485000
5511985485056
5511985485160
5511985485161
5511985485221
5511985485392
5511985485490
5511985485528
5511985485641
5511985485695
5511985485924
5511985485984
5511985486048
5511985486155
5511985486163
5511985486192
5511985486214
5511985486254
5511985486295
5511985486385
5511985486553
5511985486615
5511985486683
5511985486776
5511985486837
5511985486858
5511985486863
5511985486877
5511985486918
5511985486936
5511985486951
5511985486983
5511985487173
5511985487213
5511985487222
5511985487308
5511985487535
5511985487689
5511985487690
5511985487880
5511985487958
5511985487979
5511985488004
5511985488112
5511985488226
5511985488281
5511985488367
5511985488457
5511985488501
5511985488567
5511985488728
5511985488885
5511985488930
5511985489030
5511985489152
5511985489230
5511985489344
5511985489403
5511985489429
5511985489558
5511985489613
5511985489645
5511985489646
5511985489659
5511985489774
5511985490082
5511985490095
5511985490160
5511985490270
5511985490280
5511985490514
5511985490540
5511985490580
5511985490715
5511985490806
5511985490844
5511985490891
5511985490928
5511985490937
5511985490954
5511985491121
5511985491170
5511985491214
5511985491228
5511985491329
5511985491404
5511985491517
5511985491540
5511985491560
5511985491617
5511985491626
5511985491641
5511985491733
5511985491763
5511985491777
5511985491960
5511985492066
5511985492120
5511985492205
5511985492217
5511985492222
5511985492245
5511985492274
5511985492465
5511985492487
5511985492500
5511985492544
5511985492575
5511985492603
5511985492729
5511985492765
5511985492820
5511985492851
5511985492928
5511985493038
5511985493079
5511985493124
5511985493221
5511985493225
5511985493426
5511985493452
5511985493608
5511985493611
5511985493690
5511985493706
5511985493787
5511985493811
5511985493887
5511985493902
5511985494001
5511985494002
5511985494036
5511985494062
5511985494078
5511985494143
5511985494211
5511985494301
5511985494312
5511985494366
5511985494395
5511985494984
5511985495096
5511985495171
5511985495237
5511985495315
5511985495448
5511985495512
5511985495571
5511985495601
5511985495791
5511985495812
5511985495830
5511985496034
5511985496048
5511985496280
5511985496306
5511985496377
5511985496433
5511985496457
5511985496504
5511985496524
5511985496573
5511985496783
5511985496820
5511985496836
5511985496838
5511985496845
5511985496873
5511985496883
5511985496911
5511985496940
5511985497054
5511985497084
5511985497085
5511985497168
5511985497246
5511985497279
5511985497418
5511985497446
5511985497504
5511985497533
5511985497539
5511985497558
5511985497572
5511985497664
5511985497692
5511985497783
5511985497896
5511985497938
5511985498277
5511985498280
5511985498352
5511985498388
5511985498422
5511985498423
5511985498931
5511985499262
5511985499447
5511985499455
5511985499485
5511985499764
5511985499788
5511985499817
5511985499937
5511985499942
5511985499951
5511985499958
5511985499960
5511985499984
5511985500051
5511985500205
5511985500301
5511985500304
5511985500396
5511985500409
5511985500487
5511985500886
5511985500888
5511985500914
5511985500917
5511985500924
5511985501010
5511985501015
5511985501133
5511985501163
5511985501250
5511985501269
5511985501434
5511985501470
5511985501536
5511985501595
5511985501721
5511985501742
5511985501777
5511985501811
5511985501859
5511985501916
5511985501932
5511985501988
5511985502157
5511985502236
5511985502241
5511985502247
5511985502397
5511985502883
5511985503168
5511985503222
5511985503276
5511985503298
5511985503463
5511985503559
5511985503620
5511985503631
5511985503695
5511985504025
5511985504167
5511985504169
5511985504448
5511985504631
5511985504650
5511985504701
5511985504739
5511985504758
5511985504790
5511985504866
5511985504879
5511985504951
5511985504984
5511985505201
5511985505354
5511985505529
5511985505561
5511985505685
5511985505771
5511985505823
5511985505903
5511985506158
5511985506183
5511985506340
5511985506485
5511985506570
5511985506600
5511985506604
5511985506606
5511985506667
5511985506759
5511985506929
5511985506974
5511985506979
5511985506985
5511985507004
5511985507031
5511985507152
5511985507257
5511985507510
5511985507696
5511985507774
5511985508134
5511985508170
5511985508346
5511985508384
5511985508433
5511985508489
5511985508635
5511985508969
5511985509076
5511985509092
5511985509109
5511985509410
5511985509578
5511985509587
5511985510097
5511985510705
5511985510713
5511985510740
5511985510814
5511985510830
5511985510893
5511985510899
5511985510935
5511985510960
5511985510995
5511985511001
5511985511067
5511985511085
5511985511093
5511985511187
5511985511228
5511985511309
5511985511511
5511985511548
5511985511609
5511985511626
5511985511673
5511985511694
5511985511834
5511985511892
5511985511912
5511985511916
5511985511985
5511985512018
5511985512268
5511985512368
5511985512419
5511985512422
5511985512587
5511985512882
5511985512886
5511985512927
5511985512951
5511985513190
5511985513278
5511985513341
5511985513343
5511985513542
5511985513615
5511985513618
5511985513627
5511985513791
5511985513806
5511985513851
5511985513871
5511985513877
5511985513993
5511985514055
5511985514124
5511985514136
5511985514169
5511985514197
5511985514236
5511985514284
5511985514288
5511985514319
5511985514346
5511985514406
5511985514657
5511985514681
5511985514838
5511985514910
5511985514998
5511985515003
5511985515007
5511985515045
5511985515071
5511985515179
5511985515236
5511985515281
5511985515412
5511985515618
5511985515650
5511985515665
5511985515687
5511985515711
5511985515746
5511985515763
5511985515772
5511985515841
5511985515878
5511985516126
5511985516174
5511985516227
5511985516376
5511985516385
5511985516391
5511985516476
5511985516520
5511985516549
5511985516633
5511985516730
5511985516790
5511985516879
5511985516928
5511985517082
5511985517117
5511985517139
5511985517251
5511985517290
5511985517464
5511985517482
5511985517483
5511985517673
5511985517702
5511985517844
5511985517872
5511985517950
5511985517963
5511985517970
5511985517975
5511985518052
5511985518075
5511985518079
5511985518157
5511985518281
5511985518365
5511985518410
5511985518558
5511985518660
5511985518713
5511985518785
5511985518803
5511985518825
5511985519035
5511985519052
5511985519280
5511985519291
5511985519397
5511985519468
5511985519539
5511985519640
5511985519824
5511985520047
5511985520072
5511985520087
5511985520140
5511985520175
5511985520280
5511985520363
5511985520436
5511985520510
5511985520548
5511985520549
5511985520575
5511985520597
5511985520740
5511985520765
5511985520777
5511985521029
5511985521089
5511985521219
5511985521240
5511985521242
5511985521244
5511985521245
5511985521324
5511985521379
5511985521504
5511985521566
5511985521573
5511985521589
5511985521592
5511985521593
5511985521693
5511985521721
5511985521738
5511985521751
5511985521758
5511985521790
5511985521818
5511985521826
5511985521852
5511985521898
5511985521931
5511985521936
5511985521950
5511985521953
5511985522048
5511985522049
5511985522117
5511985522288
5511985522296
5511985522311
5511985522471
5511985522535
5511985522669
5511985522688
5511985522707
5511985522815
5511985522891
5511985522921
5511985522931
5511985522955
5511985523239
5511985523361
5511985523460
5511985523484
5511985523499
5511985523593
5511985523641
5511985523654
5511985523692
5511985523767
5511985523822
5511985524128
5511985524229
5511985524323
5511985524463
5511985524676
5511985524681
5511985524730
5511985524757
5511985524790
5511985524817
5511985524968
5511985525067
5511985525068
5511985525243
5511985525252
5511985525594
5511985525635
5511985525904
5511985526043
5511985526104
5511985526136
5511985526150
5511985526183
5511985526230
5511985526326
5511985526442
5511985526584
5511985526642
5511985526779
5511985526785
5511985526798
5511985526801
5511985526882
5511985526951
5511985527009
5511985527017
5511985527020
5511985527068
5511985527183
5511985527214
5511985527298
5511985527306
5511985527398
5511985527408
5511985527470
5511985527510
5511985527554
5511985527653
5511985527706
5511985527777
5511985527806
5511985527968
5511985528014
5511985528337
5511985528380
5511985528409
5511985528494
5511985528496
5511985528666
5511985528755
5511985528897
5511985528963
5511985529110
5511985529211
5511985529411
5511985529495
5511985529538
5511985529583
5511985530000
5511985530080
5511985530083
5511985530101
5511985530183
5511985530368
5511985530370
5511985530388
5511985530439
5511985530467
5511985530631
5511985530715
5511985530745
5511985530958
5511985531158
5511985531230
5511985531251
5511985531441
5511985531446
5511985531512
5511985531524
5511985531533
5511985531580
5511985531582
5511985531813
5511985531864
5511985531884
5511985531902
5511985531915
5511985532193
5511985532234
5511985532260
5511985532276
5511985532409
5511985532419
5511985532444
5511985532508
5511985532592
5511985532667
5511985532702
5511985532822
5511985532902
5511985532951
5511985532991
5511985533144
5511985533243
5511985533296
5511985533351
5511985533370
5511985533589
5511985533596
5511985533610
5511985533784
5511985533830
5511985533864
5511985533925
5511985533953
5511985534225
5511985534509
5511985534535
5511985534634
5511985534664
5511985535140
5511985535192
5511985535214
5511985535304
5511985535315
5511985535330
5511985535364
5511985535365
5511985535387
5511985535459
5511985535672
5511985535708
5511985535782
5511985535824
5511985535929
5511985535943
5511985536043
5511985536126
5511985536155
5511985536205
5511985536230
5511985536238
5511985536276
5511985536291
5511985536366
5511985536379
5511985536385
5511985536428
5511985536452
5511985536513
5511985536615
5511985536794
5511985536804
5511985536863
5511985536881
5511985536943
5511985536950
5511985536958
5511985537016
5511985537060
5511985537073
5511985537088
5511985537449
5511985537602
5511985537688
5511985537702
5511985537754
5511985537881
5511985537951
5511985537975
5511985538004
5511985538110
5511985538286
5511985538297
5511985538299
5511985538370
5511985538371
5511985538375
5511985538475
5511985538504
5511985538528
5511985538638
5511985538648
5511985538708
5511985538817
5511985538870
5511985538884
5511985538910
5511985538984
5511985539003
5511985539047
5511985539068
5511985539149
5511985539155
5511985539491
5511985539651
5511985539748
5511985539836
5511985539890
5511985539934
5511985539935
5511985540056
5511985540057
5511985540120
5511985540455
5511985540456
5511985540472
5511985540556
5511985540656
5511985540789
5511985540821
5511985540874
5511985540923
5511985540928
5511985540987
5511985540992
5511985541173
5511985541187
5511985541232
5511985541238
5511985541294
5511985541411
5511985541421
5511985541499
5511985541501
5511985541520
5511985541557
5511985541562
5511985541630
5511985541726
5511985541730
5511985541785
5511985541826
5511985541897
5511985541933
5511985541954
5511985542042
5511985542198
5511985542243
5511985542258
5511985542276
5511985542304
5511985542374
5511985542401
5511985542443
5511985542624
5511985542699
5511985542762
5511985542794
5511985542995
5511985542997
5511985543109
5511985543160
5511985543177
5511985543206
5511985543443
5511985543540
5511985543694
5511985543704
5511985543734
5511985543763
5511985543778
5511985543831
5511985543894
5511985543979
5511985543987
5511985544106
5511985544181
5511985544278
5511985544450
5511985544453
5511985544535
5511985544567
5511985544579
5511985544596
5511985544633
5511985544815
5511985544987
5511985545032
5511985545046
5511985545052
5511985545059
5511985545352
5511985545476
5511985545565
5511985545596
5511985545613
5511985545734
5511985545812
5511985545915
5511985545990
5511985546072
5511985546136
5511985546151
5511985546164
5511985546304
5511985546411
5511985546485
5511985546515
5511985546539
5511985546540
5511985546653
5511985546755
5511985546840
5511985546914
5511985546933
5511985546960
5511985546984
5511985547086
5511985547238
5511985547382
5511985547498
5511985547566
5511985547574
5511985547935
5511985547952
5511985547967
5511985548136
5511985548163
5511985548665
5511985548688
5511985548869
5511985548893
5511985548978
5511985548993
5511985549056
5511985549178
5511985549181
5511985549208
5511985549235
5511985549298
5511985549341
5511985549409
5511985549466
5511985549635
5511985550010
5511985550078
5511985550085
5511985550103
5511985550159
5511985550186
5511985550187
5511985550297
5511985550333
5511985550518
5511985550544
5511985550696
5511985550732
5511985550858
5511985550948
5511985550965
5511985551025
5511985551138
5511985551166
5511985551180
5511985551285
5511985551322
5511985551364
5511985551402
5511985551432
5511985551450
5511985551636
5511985551678
5511985551735
5511985551830
5511985551855
5511985551866
5511985552111
5511985552164
5511985552463
5511985552472
5511985552597
5511985552623
5511985552911
5511985553030
5511985553144
5511985553220
5511985553322
5511985553326
5511985553336
5511985553529
5511985553551
5511985553580
5511985553673
5511985553677
5511985553800
5511985553869
5511985553871
5511985553902
5511985553988
5511985554026
5511985554065
5511985554115
5511985554320
5511985554344
5511985554501
5511985554517
5511985554545
5511985554581
5511985554586
5511985554718
5511985554740
5511985554872
5511985554881
5511985554898
5511985554914
5511985554921
5511985554978
5511985555028
5511985555044
5511985555045
5511985555046
5511985555062
5511985555086
5511985555088
5511985555126
5511985555155
5511985555162
5511985555171
5511985555213
5511985555283
5511985555414
5511985555431
5511985555454
5511985555502
5511985555509
5511985555511
5511985555536
5511985555539
5511985555548
5511985555550
5511985555551
5511985555555
5511985555577
5511985555653
5511985555680
5511985555696
5511985555715
5511985555766
5511985555771
5511985555826
5511985555833
5511985555837
5511985555857
5511985555871
5511985555969
5511985556005
5511985556069
5511985556098
5511985556120
5511985556181
5511985556202
5511985556212
5511985556235
5511985556277
5511985556301
5511985556374
5511985556405
5511985556478
5511985556503
5511985556506
5511985556533
5511985556582
5511985556592
5511985556600
5511985556603
5511985556613
5511985556689
5511985556711
5511985556717
5511985556752
5511985556760
5511985556811
5511985556816
5511985556857
5511985556878
5511985556919
5511985557025
5511985557030
5511985557037
5511985557042
5511985557060
5511985557109
5511985557150
5511985557225
5511985557283
5511985557302
5511985557328
5511985557347
5511985557424
5511985557521
5511985557568
5511985557622
5511985557655
5511985557705
5511985557717
5511985557731
5511985557738
5511985557887
5511985557966
5511985558035
5511985558077
5511985558148
5511985558225
5511985558297
5511985558329
5511985558337
5511985558394
5511985558403
5511985558423
5511985558467
5511985558522
5511985558566
5511985558599
5511985558688
5511985558693
5511985558700
5511985558759
5511985558788
5511985558838
5511985558839
5511985558849
5511985558860
5511985558865
5511985558882
5511985558886
5511985559011
5511985559012
5511985559097
5511985559108
5511985559141
5511985559187
5511985559290
5511985559295
5511985559326
5511985559392
5511985559413
5511985559467
5511985559474
5511985559553
5511985559601
5511985559611
5511985559639
5511985559662
5511985559685
5511985559696
5511985559703
5511985559804
5511985559882
5511985559883
5511985559886
5511985559897
5511985559929
5511985559978
5511985559982
5511985559985
5511985559999
5511985560027
5511985560046
5511985560071
5511985560147
5511985560157
5511985560168
5511985560321
5511985560473
5511985560499
5511985560609
5511985560853
5511985560966
5511985560974
5511985561024
5511985561054
5511985561100
5511985561115
5511985561343
5511985561377
5511985561528
5511985561572
5511985561634
5511985561707
5511985561844
5511985561961
5511985561991
5511985561998
5511985562062
5511985562235
5511985562305
5511985562307
5511985562312
5511985562339
5511985562576
5511985562623
5511985562625
5511985562715
5511985562827
5511985562894
5511985562990
5511985563052
5511985563092
5511985563207
5511985563225
5511985563291
5511985563303
5511985563428
5511985563550
5511985563566
5511985563643
5511985563787
5511985564000
5511985564219
5511985564243
5511985564322
5511985564331
5511985564338
5511985564561
5511985564604
5511985564631
5511985564651
5511985564686
5511985564728
5511985564961
5511985565050
5511985565064
5511985565083
5511985565351
5511985565368
5511985565752
5511985565945
5511985566034
5511985566087
5511985566244
5511985566311
5511985566448
5511985566469
5511985566484
5511985566488
5511985566601
5511985566616
5511985566630
5511985566672
5511985566950
5511985566953
5511985566970
5511985566982
5511985567133
5511985567148
5511985567158
5511985567168
5511985567223
5511985567273
5511985567305
5511985567331
5511985567356
5511985567420
5511985567528
5511985567548
5511985567579
5511985567593
5511985567776
5511985567778
5511985567841
5511985567854
5511985567899
5511985567963
5511985567967
5511985568058
5511985568218
5511985568231
5511985568520
5511985568548
5511985568557
5511985568612
5511985568626
5511985568889
5511985568892
5511985569045
5511985569072
5511985569101
5511985569217
5511985569229
5511985569240
5511985569274
5511985569336
5511985569429
5511985569472
5511985569733
5511985569788
5511985569790
5511985569915
5511985569925
5511985569947
5511985569992
5511985570002
5511985570110
5511985570146
5511985570151
5511985570194
5511985570198
5511985570291
5511985570404
5511985570409
5511985570464
5511985570573
5511985570601
5511985570668
5511985570684
5511985570710
5511985570732
5511985570801
5511985570956
5511985570962
5511985570991
5511985571137
5511985571170
5511985571208
5511985571289
5511985571599
5511985571600
5511985571602
5511985571637
5511985571664
5511985571692
5511985571737
5511985571757
5511985571810
