5511994500624
5511994500717
5511994500779
5511994500886
5511994500889
5511994500900
5511994500938
5511994501200
5511994501258
5511994501299
5511994501339
5511994501615
5511994501621
5511994501624
5511994501746
5511994501793
5511994501949
5511994501955
5511994501966
5511994502141
5511994502220
5511994502372
5511994502395
5511994502475
5511994502562
5511994502605
5511994502606
5511994502650
5511994502665
5511994502748
5511994502795
5511994502926
5511994502995
5511994503044
5511994503169
5511994503179
5511994503342
5511994503450
5511994503487
5511994503506
5511994503548
5511994503669
5511994503774
5511994503802
5511994503841
5511994503896
5511994503899
5511994503946
5511994504008
5511994504091
5511994504140
5511994504155
5511994504356
5511994504512
5511994504540
5511994504596
5511994504616
5511994504651
5511994504925
5511994505052
5511994505220
5511994505314
5511994505356
5511994505362
5511994505541
5511994505608
5511994505631
5511994505808
5511994505813
5511994505906
5511994505943
5511994505959
5511994505963
5511994505984
5511994505999
5511994506023
5511994506027
5511994506055
5511994506233
5511994506303
5511994506339
5511994506378
5511994506418
5511994506569
5511994506652
5511994506689
5511994506713
5511994506841
5511994506859
5511994506889
5511994506928
5511994506947
5511994506958
5511994506980
5511994507007
5511994507079
5511994507144
5511994507160
5511994507204
5511994507379
5511994507459
5511994507525
5511994507600
5511994507611
5511994507628
5511994507636
5511994507680
5511994507739
5511994507762
5511994507787
5511994507791
5511994507911
5511994508028
5511994508111
5511994508161
5511994508183
5511994508197
5511994508232
5511994508250
5511994508262
5511994508293
5511994508328
5511994508400
5511994508418
5511994508433
5511994508651
5511994508708
5511994508781
5511994508910
5511994508986
5511994509022
5511994509039
5511994509080
5511994509090
5511994509095
5511994509283
5511994509326
5511994509578
5511994509582
5511994509583
5511994509635
5511994509680
5511994509753
5511994509794
5511994509873
5511994509877
5511994509893
5511994509917
5511994510029
5511994510116
5511994510137
5511994510146
5511994510147
5511994510184
5511994510190
5511994510215
5511994510250
5511994510323
5511994510357
5511994510408
5511994510410
5511994510454
5511994510458
5511994510491
5511994510504
5511994510570
5511994510576
5511994510578
5511994510714
5511994510730
5511994510775
5511994510782
5511994510791
5511994510792
5511994510828
5511994510838
5511994510916
5511994510944
5511994510996
5511994510999
5511994511036
5511994511068
5511994511071
5511994511091
5511994511136
5511994511156
5511994511163
5511994511215
5511994511245
5511994511253
5511994511329
5511994511339
5511994511410
5511994511437
5511994511454
5511994511498
5511994511546
5511994511563
5511994511578
5511994511583
5511994511590
5511994511626
5511994511662
5511994511741
5511994511762
5511994511774
5511994511792
5511994511862
5511994511936
5511994511973
5511994512000
5511994512150
5511994512300
5511994512303
5511994512401
5511994512492
5511994512500
5511994512510
5511994512566
5511994512573
5511994512579
5511994512582
5511994512604
5511994512703
5511994512868
5511994512869
5511994512888
5511994512899
5511994512920
5511994512981
5511994513010
5511994513019
5511994513034
5511994513046
5511994513067
5511994513096
5511994513125
5511994513147
5511994513179
5511994513197
5511994513235
5511994513245
5511994513367
5511994513383
5511994513397
5511994513437
5511994513461
5511994513495
5511994513523
5511994513639
5511994513673
5511994513733
5511994513750
5511994513824
5511994513826
5511994513957
5511994514020
5511994514059
5511994514160
5511994514182
5511994514193
5511994514262
5511994514267
5511994514279
5511994514320
5511994514330
5511994514365
5511994514415
5511994514436
5511994514462
5511994514549
5511994514598
5511994514640
5511994514648
5511994514653
5511994514657
5511994514668
5511994514689
5511994514700
5511994514757
5511994514837
5511994514846
5511994514904
5511994514945
5511994514984
5511994514999
5511994515022
5511994515094
5511994515098
5511994515102
5511994515140
5511994515144
5511994515146
5511994515147
5511994515161
5511994515176
5511994515197
5511994515256
5511994515259
5511994515311
5511994515322
5511994515337
5511994515360
5511994515442
5511994515473
5511994515484
5511994515567
5511994515598
5511994515605
5511994515623
5511994515629
5511994515641
5511994515756
5511994515761
5511994515946
5511994515952
5511994516017
5511994516111
5511994516121
5511994516162
5511994516164
5511994516195
5511994516234
5511994516291
5511994516378
5511994516383
5511994516466
5511994516497
5511994516520
5511994516543
5511994516615
5511994516644
5511994516664
5511994516699
5511994516711
5511994516736
5511994516745
5511994516750
5511994516812
5511994516868
5511994516887
5511994516929
5511994516943
5511994516982
5511994516999
5511994517068
5511994517171
5511994517301
5511994517328
5511994517386
5511994517415
5511994517446
5511994517455
5511994517463
5511994517506
5511994517554
5511994517675
5511994517680
5511994517686
5511994517717
5511994517751
5511994517758
5511994517795
5511994517888
5511994517895
5511994517912
5511994517936
5511994517948
5511994517951
5511994517985
5511994518037
5511994518041
5511994518058
5511994518066
5511994518115
5511994518151
5511994518160
5511994518203
5511994518226
5511994518242
5511994518273
5511994518277
5511994518322
5511994518333
5511994518342
5511994518370
5511994518419
5511994518429
5511994518440
5511994518450
5511994518456
5511994518482
5511994518507
5511994518513
5511994518522
5511994518543
5511994518549
5511994518564
5511994518583
5511994518589
5511994518625
5511994518638
5511994518665
5511994518675
5511994518691
5511994518694
5511994518747
5511994518811
5511994518813
5511994518866
5511994518867
5511994518882
5511994518902
5511994518904
5511994518915
5511994518932
5511994518943
5511994519009
5511994519022
5511994519080
5511994519083
5511994519107
5511994519185
5511994519277
5511994519341
5511994519346
5511994519363
5511994519372
5511994519508
5511994519577
5511994519615
5511994519618
5511994519650
5511994519694
5511994519711
5511994519737
5511994519832
5511994519846
5511994519986
5511994520002
5511994520006
5511994520007
5511994520057
5511994520071
5511994520090
5511994520110
5511994520112
5511994520156
5511994520162
5511994520209
5511994520281
5511994520285
5511994520291
5511994520314
5511994520319
5511994520321
5511994520366
5511994520378
5511994520400
5511994520401
5511994520408
5511994520445
5511994520504
5511994520539
5511994520555
5511994520585
5511994520603
5511994520624
5511994520645
5511994520654
5511994520667
5511994520675
5511994520679
5511994520688
5511994520699
5511994520707
5511994520727
5511994520737
5511994520738
5511994520781
5511994520816
5511994520831
5511994520867
5511994520868
5511994520914
5511994520945
5511994520947
5511994520970
5511994520988
5511994521016
5511994521017
5511994521020
5511994521042
5511994521050
5511994521053
5511994521070
5511994521071
5511994521072
5511994521115
5511994521132
5511994521133
5511994521146
5511994521150
5511994521174
5511994521211
5511994521236
5511994521253
5511994521271
5511994521301
5511994521312
5511994521313
5511994521330
5511994521358
5511994521428
5511994521443
5511994521447
5511994521478
5511994521495
5511994521501
5511994521528
5511994521561
5511994521598
5511994521610
5511994521638
5511994521673
5511994521689
5511994521802
5511994521819
5511994521841
5511994521850
5511994521889
5511994521890
5511994521914
5511994521917
5511994521966
5511994521982
5511994522002
5511994522030
5511994522038
5511994522057
5511994522108
5511994522152
5511994522173
5511994522182
5511994522186
5511994522197
5511994522198
5511994522203
5511994522220
5511994522221
5511994522226
5511994522230
5511994522234
5511994522252
5511994522298
5511994522302
5511994522313
5511994522357
5511994522370
5511994522401
5511994522439
5511994522442
5511994522449
5511994522452
5511994522473
5511994522484
5511994522487
5511994522502
5511994522516
5511994522524
5511994522527
5511994522538
5511994522554
5511994522558
5511994522563
5511994522583
5511994522584
5511994522595
5511994522598
5511994522602
5511994522637
5511994522662
5511994522678
5511994522680
5511994522733
5511994522734
5511994522740
5511994522796
5511994522811
5511994522817
5511994522855
5511994522878
5511994522898
5511994522901
5511994522921
5511994522928
5511994522963
5511994522970
5511994522979
5511994522988
5511994523033
5511994523036
5511994523041
5511994523080
5511994523093
5511994523098
5511994523111
5511994523120
5511994523124
5511994523133
5511994523144
5511994523165
5511994523174
5511994523186
5511994523201
5511994523218
5511994523244
5511994523245
5511994523258
5511994523265
5511994523272
5511994523290
5511994523298
5511994523307
5511994523309
5511994523315
5511994523320
5511994523328
5511994523368
5511994523392
5511994523399
5511994523444
5511994523446
5511994523451
5511994523455
5511994523467
5511994523470
5511994523520
5511994523532
5511994523535
5511994523599
5511994523653
5511994523659
5511994523674
5511994523710
5511994523739
5511994523819
5511994523821
5511994523846
5511994523853
5511994523864
5511994523874
5511994523877
5511994523886
5511994523899
5511994523901
5511994523906
5511994523911
5511994523921
5511994523953
5511994523986
5511994524004
5511994524037
5511994524042
5511994524048
5511994524050
5511994524067
5511994524092
5511994524119
5511994524121
5511994524132
5511994524176
5511994524210
5511994524252
5511994524298
5511994524299
5511994524330
5511994524352
5511994524355
5511994524408
5511994524441
5511994524455
5511994524470
5511994524485
5511994524499
5511994524500
5511994524501
5511994524503
5511994524518
5511994524540
5511994524556
5511994524563
5511994524575
5511994524582
5511994524590
5511994524615
5511994524625
5511994524626
5511994524644
5511994524647
5511994524661
5511994524685
5511994524705
5511994524712
5511994524724
5511994524725
5511994524763
5511994524786
5511994524792
5511994524801
5511994524802
5511994524821
5511994524829
5511994524843
5511994524880
5511994524885
5511994524906
5511994524931
5511994524961
5511994524963
5511994524977
5511994524986
5511994525005
5511994525007
5511994525033
5511994525041
5511994525047
5511994525097
5511994525106
5511994525119
5511994525123
5511994525170
5511994525185
5511994525270
5511994525279
5511994525292
5511994525297
5511994525325
5511994525390
5511994525394
5511994525401
5511994525404
5511994525413
5511994525423
5511994525433
5511994525460
5511994525470
5511994525543
5511994525552
5511994525594
5511994525603
5511994525606
5511994525620
5511994525622
5511994525647
5511994525658
5511994525660
5511994525663
5511994525708
5511994525799
5511994525804
5511994525820
5511994525821
5511994525852
5511994525881
5511994525888
5511994525909
5511994525922
5511994525928
5511994525931
5511994525951
5511994525977
5511994526024
5511994526034
5511994526059
5511994526069
5511994526074
5511994526080
5511994526109
5511994526126
5511994526182
5511994526185
5511994526228
5511994526233
5511994526244
5511994526267
5511994526268
5511994526294
5511994526336
5511994526401
5511994526405
5511994526412
5511994526415
5511994526427
5511994526433
5511994526435
5511994526456
5511994526469
5511994526473
5511994526486
5511994526500
5511994526507
5511994526517
5511994526541
5511994526547
5511994526555
5511994526558
5511994526563
5511994526587
5511994526588
5511994526597
5511994526599
5511994526619
5511994526626
5511994526645
5511994526665
5511994526704
5511994526758
5511994526759
5511994526818
5511994526833
5511994526871
5511994526873
5511994526892
5511994526934
5511994526940
5511994526955
5511994526998
5511994526999
5511994527051
5511994527061
5511994527099
5511994527107
5511994527131
5511994527138
5511994527161
5511994527191
5511994527199
5511994527236
5511994527268
5511994527281
5511994527320
5511994527324
5511994527341
5511994527345
5511994527350
5511994527359
5511994527450
5511994527473
5511994527497
5511994527506
5511994527515
5511994527563
5511994527566
5511994527569
5511994527570
5511994527578
5511994527585
5511994527597
5511994527616
5511994527629
5511994527669
5511994527685
5511994527692
5511994527712
5511994527759
5511994527773
5511994527781
5511994527828
5511994527832
5511994527858
5511994527882
5511994527883
5511994528011
5511994528012
5511994528035
5511994528066
5511994528078
5511994528090
5511994528123
5511994528142
5511994528149
5511994528212
5511994528224
5511994528230
5511994528244
5511994528255
5511994528288
5511994528292
5511994528303
5511994528305
5511994528313
5511994528330
5511994528354
5511994528380
5511994528385
5511994528409
5511994528443
5511994528462
5511994528476
5511994528477
5511994528509
5511994528535
5511994528559
5511994528633
5511994528668
5511994528702
5511994528705
5511994528719
5511994528760
5511994528779
5511994528809
5511994528865
5511994528882
5511994528888
5511994528918
5511994528933
5511994528994
5511994529007
5511994529011
5511994529030
5511994529046
5511994529050
5511994529072
5511994529098
5511994529102
5511994529108
5511994529133
5511994529154
5511994529155
5511994529215
5511994529229
5511994529264
5511994529267
5511994529309
5511994529324
5511994529355
5511994529368
5511994529377
5511994529440
5511994529441
5511994529464
5511994529486
5511994529493
5511994529494
5511994529523
5511994529554
5511994529567
5511994529590
5511994529601
5511994529610
5511994529613
5511994529614
5511994529617
5511994529619
5511994529622
5511994529644
5511994529694
5511994529714
5511994529777
5511994529834
5511994529837
5511994529850
5511994529853
5511994529859
5511994529884
5511994529930
5511994529951
5511994529955
5511994529966
5511994529998
5511994530025
5511994530055
5511994530069
5511994530107
5511994530146
5511994530150
5511994530216
5511994530219
5511994530236
5511994530267
5511994530311
5511994530320
5511994530349
5511994530363
5511994530390
5511994530417
5511994530431
5511994530469
5511994530476
5511994530479
5511994530483
5511994530496
5511994530575
5511994530584
5511994530637
5511994530672
5511994530704
5511994530819
5511994530853
5511994530881
5511994530914
5511994530920
5511994530953
5511994531025
5511994531046
5511994531080
5511994531164
5511994531193
5511994531207
5511994531273
5511994531301
5511994531314
5511994531333
5511994531363
5511994531377
5511994531380
5511994531404
5511994531424
5511994531488
5511994531514
5511994531516
5511994531549
5511994531560
5511994531579
5511994531653
5511994531662
5511994531664
5511994531683
5511994531685
5511994531692
5511994531735
5511994531773
5511994531778
5511994531780
5511994531790
5511994531798
5511994531846
5511994531859
5511994531872
5511994531874
5511994531901
5511994531914
5511994531964
5511994532003
5511994532015
5511994532031
5511994532059
5511994532070
5511994532073
5511994532090
5511994532091
5511994532096
5511994532119
5511994532127
5511994532238
5511994532242
5511994532258
5511994532260
5511994532274
5511994532298
5511994532345
5511994532355
5511994532356
5511994532391
5511994532401
5511994532425
5511994532432
5511994532455
5511994532467
5511994532505
5511994532506
5511994532507
5511994532512
5511994532521
5511994532525
5511994532533
5511994532575
5511994532580
5511994532609
5511994532614
5511994532618
5511994532625
5511994532668
5511994532739
5511994532799
5511994532839
5511994532901
5511994532910
5511994532944
5511994533040
5511994533063
5511994533140
5511994533159
5511994533163
5511994533169
5511994533232
5511994533341
5511994533411
5511994533484
5511994533504
5511994533534
5511994533568
5511994533596
5511994533602
5511994533696
5511994533709
5511994533715
5511994533844
5511994533878
5511994533930
5511994533980
5511994534008
5511994534014
5511994534035
5511994534040
5511994534071
5511994534116
5511994534147
5511994534161
5511994534226
5511994534229
5511994534290
5511994534291
5511994534325
5511994534347
5511994534387
5511994534418
5511994534427
5511994534432
5511994534442
5511994534490
5511994534538
5511994534601
5511994534610
5511994534650
5511994534651
5511994534685
5511994534716
5511994534721
5511994534729
5511994534731
5511994534733
5511994534766
5511994534779
5511994534830
5511994534857
5511994534861
5511994534869
5511994534914
5511994534920
5511994534953
5511994534961
5511994534974
5511994534984
5511994534996
5511994534999
5511994535003
5511994535031
5511994535041
5511994535051
5511994535068
5511994535132
5511994535141
5511994535179
5511994535190
5511994535222
5511994535236
5511994535243
5511994535267
5511994535281
5511994535313
5511994535322
5511994535323
5511994535335
5511994535352
5511994535369
5511994535382
5511994535456
5511994535477
5511994535498
5511994535511
5511994535567
5511994535577
5511994535607
5511994535610
5511994535611
5511994535612
5511994535617
5511994535673
5511994535677
5511994535683
5511994535698
5511994535702
5511994535771
5511994535791
5511994535819
5511994535820
5511994535855
5511994535915
5511994535932
5511994535937
5511994535946
5511994535964
5511994535967
5511994535992
5511994536037
5511994536048
5511994536055
5511994536065
5511994536084
5511994536103
5511994536115
5511994536128
5511994536139
5511994536148
5511994536181
5511994536189
5511994536196
5511994536202
5511994536227
5511994536232
5511994536264
5511994536265
5511994536270
5511994536362
5511994536382
5511994536416
5511994536450
5511994536464
5511994536583
5511994536590
5511994536620
5511994536644
5511994536669
5511994536756
5511994536766
5511994536850
5511994536874
5511994536878
5511994536925
5511994536926
5511994536931
5511994536934
5511994536936
5511994536938
5511994536991
5511994536995
5511994537083
5511994537086
5511994537200
5511994537213
5511994537227
5511994537245
5511994537317
5511994537326
5511994537344
5511994537390
5511994537403
5511994537469
5511994537480
5511994537490
5511994537539
5511994537570
5511994537578
5511994537599
5511994537620
5511994537652
5511994537673
5511994537676
5511994537685
5511994537715
5511994537741
5511994537763
5511994537777
5511994537786
5511994537793
5511994537812
5511994537832
5511994537879
5511994537890
5511994537901
5511994538010
5511994538031
5511994538060
5511994538066
5511994538108
5511994538115
5511994538122
5511994538220
5511994538237
5511994538245
5511994538258
5511994538290
5511994538323
5511994538328
5511994538329
5511994538333
5511994538336
5511994538391
5511994538400
5511994538411
5511994538450
5511994538491
5511994538525
5511994538530
5511994538541
5511994538543
5511994538600
5511994538649
5511994538661
5511994538705
5511994538708
5511994538780
5511994538785
5511994538813
5511994538817
5511994538835
5511994538841
5511994538886
5511994538911
5511994538917
5511994538920
5511994539027
5511994539086
5511994539101
5511994539114
5511994539148
5511994539167
5511994539202
5511994539216
5511994539219
5511994539263
5511994539266
5511994539372
5511994539383
5511994539431
5511994539447
5511994539453
5511994539470
5511994539524
5511994539565
5511994539583
5511994539599
5511994539635
5511994539688
5511994539692
5511994539746
5511994539847
5511994539848
5511994539934
5511994539968
5511994539995
5511994540020
5511994540021
5511994540024
5511994540035
5511994540057
5511994540078
5511994540083
5511994540087
5511994540093
5511994540102
5511994540107
5511994540113
5511994540119
5511994540172
5511994540181
5511994540188
5511994540193
5511994540205
5511994540206
5511994540214
5511994540223
5511994540242
5511994540246
5511994540249
5511994540253
5511994540262
5511994540272
5511994540305
5511994540351
5511994540359
5511994540407
5511994540423
5511994540426
5511994540432
5511994540442
5511994540467
5511994540479
5511994540483
5511994540518
5511994540552
5511994540621
5511994540642
5511994540672
5511994540678
5511994540701
5511994540704
5511994540710
5511994540713
5511994540718
5511994540728
5511994540729
5511994540806
5511994540816
5511994540827
5511994540834
5511994540863
5511994540868
5511994540871
5511994540906
5511994540911
5511994540913
5511994540936
5511994540995
5511994541035
5511994541074
5511994541075
5511994541128
5511994541140
5511994541154
5511994541187
5511994541197
5511994541215
5511994541222
5511994541244
5511994541249
5511994541317
5511994541335
5511994541336
5511994541368
5511994541372
5511994541404
5511994541416
5511994541445
5511994541462
5511994541466
5511994541475
5511994541503
5511994541513
5511994541544
5511994541552
5511994541553
5511994541555
5511994541561
5511994541565
5511994541566
5511994541583
5511994541610
5511994541632
5511994541661
5511994541664
5511994541705
5511994541752
5511994541758
5511994541760
5511994541768
5511994541778
5511994541822
5511994541826
5511994541828
5511994541846
5511994541861
5511994541898
5511994541925
5511994541927
5511994541936
5511994541986
5511994542000
5511994542019
5511994542025
5511994542027
5511994542052
5511994542065
5511994542073
5511994542076
5511994542077
5511994542080
5511994542082
5511994542085
5511994542094
5511994542101
5511994542115
5511994542121
5511994542122
5511994542127
5511994542128
5511994542129
5511994542134
5511994542139
5511994542154
5511994542156
5511994542171
5511994542187
5511994542204
5511994542206
5511994542242
5511994542258
5511994542259
5511994542274
5511994542294
5511994542295
5511994542296
5511994542313
5511994542324
5511994542339
5511994542349
5511994542357
5511994542361
5511994542367
5511994542426
5511994542439
5511994542475
5511994542476
5511994542506
5511994542528
5511994542533
5511994542547
5511994542548
5511994542561
5511994542570
5511994542577
5511994542578
5511994542595
5511994542616
5511994542635
5511994542638
5511994542644
5511994542646
5511994542666
5511994542696
5511994542700
5511994542710
5511994542712
5511994542714
5511994542725
5511994542750
5511994542752
5511994542813
5511994542823
5511994542835
5511994542858
5511994542895
5511994542919
5511994542932
5511994542973
5511994542978
5511994542984
5511994543011
5511994543013
5511994543033
5511994543052
5511994543056
5511994543062
5511994543075
5511994543076
5511994543101
5511994543116
5511994543118
5511994543123
5511994543139
5511994543147
5511994543157
5511994543159
5511994543167
5511994543171
5511994543183
5511994543208
5511994543220
5511994543223
5511994543226
5511994543236
5511994543277
5511994543328
5511994543343
5511994543351
5511994543360
5511994543375
5511994543389
5511994543397
5511994543408
5511994543422
5511994543458
5511994543470
5511994543479
5511994543486
5511994543498
5511994543500
5511994543530
5511994543552
5511994543562
5511994543586
5511994543587
5511994543594
5511994543598
5511994543619
5511994543636
5511994543661
5511994543662
5511994543685
5511994543712
5511994543720
5511994543733
5511994543742
5511994543759
5511994543786
5511994543794
5511994543795
5511994543803
5511994543829
5511994543841
5511994543846
5511994543858
5511994543860
5511994543865
5511994543896
5511994543899
5511994543905
5511994543919
5511994543929
5511994543931
5511994543938
5511994543956
5511994543967
5511994543971
5511994543976
5511994543979
5511994543981
5511994543993
5511994544000
5511994544001
5511994544049
5511994544051
5511994544058
5511994544073
5511994544076
5511994544085
5511994544093
5511994544121
5511994544131
5511994544136
5511994544154
5511994544160
5511994544175
5511994544193
5511994544212
5511994544252
5511994544254
5511994544258
5511994544292
5511994544325
5511994544329
5511994544348
5511994544371
5511994544382
5511994544389
5511994544401
5511994544414
5511994544416
5511994544425
5511994544427
5511994544431
5511994544434
5511994544435
5511994544466
5511994544475
5511994544513
5511994544515
5511994544520
5511994544522
5511994544523
5511994544533
5511994544551
5511994544579
5511994544583
5511994544604
5511994544615
5511994544618
5511994544621
5511994544623
5511994544626
5511994544655
5511994544669
5511994544701
5511994544704
5511994544724
5511994544745
5511994544750
5511994544762
5511994544767
5511994544771
5511994544774
5511994544790
5511994544810
5511994544816
5511994544829
5511994544851
5511994544856
5511994544864
5511994544873
5511994544878
5511994544888
5511994544934
5511994544964
5511994544965
5511994544989
5511994545001
5511994545012
5511994545020
5511994545054
5511994545056
5511994545063
5511994545074
5511994545081
5511994545085
5511994545089
5511994545100
5511994545112
5511994545114
5511994545128
5511994545140
5511994545145
5511994545155
5511994545192
5511994545204
5511994545245
5511994545246
5511994545250
5511994545268
5511994545276
5511994545284
5511994545306
5511994545314
5511994545351
5511994545354
5511994545355
5511994545366
5511994545369
5511994545374
5511994545377
5511994545392
5511994545394
5511994545401
5511994545405
5511994545410
5511994545417
5511994545424
5511994545429
5511994545465
5511994545472
5511994545479
5511994545497
5511994545504
5511994545512
5511994545534
5511994545622
5511994545623
5511994545629
5511994545648
5511994545650
5511994545652
5511994545674
5511994545677
5511994545691
5511994545741
5511994545774
5511994545790
5511994545823
5511994545836
5511994545838
5511994545852
5511994545878
5511994545879
5511994545900
5511994545918
5511994545939
5511994545971
5511994545980
5511994546024
5511994546029
5511994546031
5511994546037
5511994546039
5511994546044
5511994546047
5511994546050
5511994546076
5511994546078
5511994546101
5511994546113
5511994546119
5511994546124
5511994546158
5511994546174
5511994546190
5511994546218
5511994546244
5511994546264
5511994546267
5511994546282
5511994546342
5511994546370
5511994546375
5511994546381
5511994546387
5511994546393
5511994546412
5511994546414
5511994546417
5511994546423
5511994546439
5511994546455
5511994546458
5511994546483
5511994546488
5511994546489
5511994546493
5511994546510
5511994546519
5511994546539
5511994546544
5511994546552
5511994546557
5511994546563
5511994546570
5511994546599
5511994546607
5511994546609
5511994546623
5511994546642
5511994546649
5511994546672
5511994546675
5511994546685
5511994546710
5511994546717
5511994546718
5511994546749
5511994546763
5511994546764
5511994546771
5511994546833
5511994546868
5511994546870
5511994546898
5511994546907
5511994546923
5511994546930
5511994546945
5511994546953
5511994546964
5511994546973
5511994546975
5511994547003
5511994547010
5511994547011
5511994547026
5511994547033
5511994547052
5511994547073
5511994547077
5511994547080
5511994547082
5511994547117
5511994547130
5511994547144
5511994547161
5511994547173
5511994547199
5511994547212
5511994547215
5511994547217
5511994547240
5511994547291
5511994547298
5511994547302
5511994547314
5511994547403
5511994547430
5511994547468
5511994547469
5511994547470
5511994547477
5511994547479
5511994547482
5511994547491
5511994547512
5511994547516
5511994547523
5511994547527
5511994547529
5511994547537
5511994547594
5511994547606
5511994547628
5511994547647
5511994547668
5511994547672
5511994547680
5511994547703
5511994547704
5511994547708
5511994547745
5511994547746
5511994547749
5511994547753
5511994547756
5511994547768
5511994547779
5511994547791
5511994547795
5511994547818
5511994547871
5511994547888
5511994547922
5511994547934
5511994547935
5511994547938
5511994547959
5511994547967
5511994548029
5511994548031
5511994548043
5511994548112
5511994548137
5511994548139
5511994548152
5511994548164
5511994548188
5511994548199
5511994548227
5511994548236
5511994548240
5511994548247
5511994548296
5511994548315
5511994548341
5511994548357
5511994548435
5511994548440
5511994548549
5511994548553
5511994548559
5511994548628
5511994548663
5511994548687
5511994548697
5511994548705
5511994548712
5511994548714
5511994548742
5511994548748
5511994548756
5511994548771
5511994548776
5511994548777
5511994548790
5511994548805
5511994548812
5511994548841
5511994548854
5511994548887
5511994548895
5511994548907
5511994548914
5511994548915
5511994548917
5511994548919
5511994548996
5511994549000
5511994549009
5511994549026
5511994549034
5511994549051
5511994549059
5511994549071
5511994549090
5511994549093
5511994549094
5511994549099
5511994549101
5511994549117
5511994549141
5511994549146
5511994549187
5511994549191
5511994549212
5511994549262
5511994549271
5511994549306
5511994549329
5511994549354
5511994549362
5511994549380
5511994549402
5511994549405
5511994549435
5511994549437
5511994549438
