5511975543377
5511975544352
5511975544599
5511975545190
5511975545258
5511975545848
5511975545884
5511975546037
5511975546718
5511975546961
5511975547150
5511975547735
5511975547766
5511975548921
5511975548947
5511975548969
5511975549414
5511975549757
5511975549768
5511975550151
5511975550881
5511975551071
5511975551414
5511975551494
5511975551607
5511975552180
5511975552318
5511975552620
5511975553257
5511975553959
5511975554312
5511975554635
5511975555079
5511975555371
5511975555408
5511975555602
5511975555931
5511975556090
5511975556184
5511975556208
5511975556235
5511975556932
5511975557107
5511975557960
5511975559089
5511975559196
5511975559419
5511975559849
5511975560789
5511975560882
5511975561463
5511975561596
5511975562018
5511975562744
5511975562874
5511975562881
5511975563420
5511975563452
5511975564068
5511975564112
5511975564132
5511975564400
5511975564482
5511975564680
5511975564859
5511975564862
5511975565649
5511975566536
5511975567401
5511975567452
5511975567486
5511975567557
5511975567715
5511975567898
5511975568460
5511975568790
5511975569046
5511975569133
5511975569192
5511975569415
5511975569460
5511975569655
5511975570133
5511975570293
5511975570902
5511975570909
5511975570910
5511975570995
5511975571631
5511975571762
5511975571946
5511975571953
5511975572142
5511975572277
5511975572298
5511975572500
5511975572535
5511975572600
5511975572803
5511975573203
5511975573815
5511975574212
5511975574277
5511975574376
5511975575710
5511975576240
5511975576494
5511975576894
5511975577398
5511975577687
5511975578181
5511975578359
5511975578556
5511975579086
5511975579262
5511975579281
5511975579456
5511975579473
5511975580318
5511975580353
5511975581511
5511975581679
5511975581842
5511975582321
5511975582373
5511975582745
5511975582813
5511975583216
5511975583503
5511975584158
5511975585906
5511975586393
5511975587434
5511975588168
5511975588928
5511975589253
5511975589448
5511975589516
5511975589517
5511975589519
5511975589975
5511975590071
5511975590185
5511975590400
5511975590446
5511975590572
5511975590758
5511975590896
5511975591012
5511975591040
5511975591300
5511975591378
5511975591492
5511975591889
5511975592288
5511975593133
5511975593532
5511975593753
5511975595130
5511975595245
5511975595258
5511975595431
5511975595507
5511975595736
5511975596151
5511975596240
5511975596389
5511975596516
5511975596582
5511975596846
5511975597034
5511975597416
5511975598180
5511975598289
5511975598564
5511975599099
5511975599312
5511975599965
5511975599978
5511975600100
5511975600241
5511975600376
5511975600460
5511975600550
5511975600748
5511975601355
5511975601644
5511975601862
5511975601957
5511975602272
5511975602360
5511975602505
5511975603656
5511975604007
5511975604148
5511975604332
5511975604334
5511975604499
5511975604550
5511975605324
5511975605360
5511975605364
5511975605457
5511975605803
5511975606242
5511975606566
5511975606808
5511975607357
5511975607772
5511975608247
5511975608714
5511975608833
5511975608918
5511975609020
5511975609047
5511975609152
5511975609201
5511975609712
5511975611111
5511975611124
5511975611650
5511975612000
5511975612710
5511975613080
5511975613591
5511975613963
5511975613969
5511975614018
5511975614134
5511975615659
5511975615833
5511975616361
5511975617158
5511975617591
5511975617890
5511975617921
5511975618343
5511975619966
5511975620352
5511975621220
5511975621446
5511975621550
5511975621689
5511975621716
5511975621810
5511975622753
5511975622790
5511975623138
5511975623148
5511975623260
5511975624220
5511975624533
5511975625533
5511975626413
5511975626430
5511975626523
5511975626941
5511975627133
5511975627720
5511975628200
5511975628380
5511975629011
5511975629220
5511975629424
5511975629426
5511975629483
5511975629680
5511975629714
5511975629750
5511975630257
5511975630281
5511975630460
5511975630530
5511975630599
5511975630922
5511975630983
5511975631166
5511975631780
5511975631990
5511975632182
5511975633544
5511975633589
5511975633743
5511975633865
5511975634182
5511975635197
5511975635327
5511975635665
5511975636643
5511975636800
5511975639222
5511975640130
5511975640320
5511975641225
5511975641754
5511975642380
5511975642530
5511975643000
5511975643047
5511975643479
5511975644140
5511975644742
5511975645289
5511975645320
5511975645324
5511975645682
5511975646168
5511975646310
5511975646421
5511975646568
5511975646870
5511975646939
5511975647189
5511975647230
5511975647316
5511975648880
5511975648953
5511975649106
5511975649188
5511975649705
5511975650066
5511975650225
5511975650434
5511975650870
5511975651726
5511975651897
5511975652188
5511975652297
5511975652335
5511975653304
5511975653507
5511975653755
5511975653934
5511975654115
5511975654240
5511975654698
5511975654934
5511975654993
5511975655067
5511975655308
5511975655685
5511975655902
5511975656295
5511975656782
5511975656934
5511975657179
5511975657361
5511975657446
5511975657475
5511975657900
5511975657928
5511975657942
5511975659110
5511975659196
5511975659370
5511975659439
5511975659942
5511975660768
5511975661030
5511975661075
5511975661140
5511975661157
5511975661345
5511975661877
5511975662218
5511975662337
5511975662763
5511975663064
5511975663390
5511975663490
5511975663904
5511975664271
5511975664598
5511975664942
5511975664957
5511975665821
5511975666197
5511975666214
5511975666257
5511975666584
5511975666626
5511975666661
5511975666690
5511975666699
5511975666799
5511975666907
5511975667090
5511975667125
5511975667346
5511975667719
5511975667774
5511975667812
5511975668217
5511975668422
5511975668478
5511975668578
5511975668848
5511975669023
5511975669453
5511975669725
5511975670271
5511975670388
5511975670480
5511975670540
5511975670548
5511975670568
5511975670575
5511975670620
5511975670628
5511975670838
5511975671307
5511975671733
5511975671939
5511975672330
5511975672440
5511975673004
5511975673340
5511975673530
5511975673540
5511975673990
5511975674160
5511975674770
5511975674869
5511975675595
5511975675762
5511975676024
5511975676119
5511975676261
5511975676470
5511975676620
5511975677038
5511975677464
5511975677933
5511975678128
5511975678368
5511975678426
5511975678665
5511975678767
5511975678972
5511975679182
5511975679251
5511975680704
5511975680738
5511975681030
5511975681194
5511975681210
5511975681633
5511975681774
5511975681938
5511975682286
5511975682554
5511975683149
5511975683393
5511975684000
5511975684202
5511975684327
5511975684864
5511975685086
5511975685694
5511975685780
5511975685890
5511975685980
5511975686381
5511975686641
5511975686766
5511975686799
5511975687512
5511975687805
5511975688032
5511975688085
5511975688338
5511975688402
5511975688747
5511975688754
5511975688878
5511975689966
5511975690209
5511975690388
5511975690622
5511975690708
5511975691036
5511975691130
5511975691700
5511975691727
5511975691758
5511975691820
5511975692055
5511975692466
5511975692520
5511975692625
5511975692774
5511975692815
5511975693236
5511975693566
5511975693922
5511975693989
5511975694518
5511975694799
5511975695017
5511975695151
5511975695556
5511975696163
5511975696185
5511975696300
5511975696838
5511975697001
5511975697720
5511975697796
5511975698112
5511975699030
5511975699992
5511975700071
5511975700632
5511975701486
5511975702199
5511975702354
5511975702694
5511975703933
5511975704039
5511975704081
5511975704418
5511975704812
5511975705703
5511975706063
5511975706127
5511975706605
5511975706793
5511975708239
5511975708297
5511975709170
5511975710744
5511975710853
5511975711378
5511975711757
5511975712540
5511975712763
5511975713094
5511975713417
5511975713420
5511975714101
5511975714283
5511975714739
5511975714920
5511975714971
5511975715015
5511975715579
5511975715845
5511975715888
5511975716196
5511975716816
5511975716823
5511975717660
5511975717796
5511975717962
5511975718853
5511975719937
5511975720006
5511975720890
5511975721347
5511975721621
5511975721808
5511975721894
5511975722172
5511975723266
5511975723479
5511975723524
5511975724165
5511975724231
5511975725048
5511975725115
5511975725347
5511975726047
5511975727149
5511975727472
5511975727777
5511975727977
5511975729612
5511975729688
5511975729818
5511975729994
5511975730183
5511975730318
5511975730609
5511975730858
5511975731015
5511975731039
5511975731898
5511975731945
5511975732605
5511975732724
5511975732893
5511975732988
5511975733117
5511975733493
5511975734214
5511975734577
5511975734685
5511975734764
5511975735054
5511975735268
5511975735400
5511975735655
5511975736423
5511975736436
5511975736711
5511975736798
5511975736889
5511975737268
5511975737339
5511975737810
5511975738172
5511975738234
5511975738340
5511975738341
5511975738489
5511975739568
5511975739914
5511975741049
5511975741273
5511975741690
5511975741877
5511975742091
5511975742217
5511975742289
5511975742526
5511975742637
5511975743352
5511975743641
5511975743696
5511975743763
5511975743894
5511975743931
5511975743939
5511975744093
5511975744212
5511975744304
5511975744473
5511975744994
5511975745089
5511975745127
5511975745720
5511975746386
5511975746503
5511975746658
5511975747830
5511975747972
5511975748322
5511975748685
5511975750554
5511975751898
5511975752138
5511975752590
5511975753111
5511975753949
5511975754042
5511975754142
5511975754338
5511975754387
5511975754392
5511975754791
5511975754802
5511975754878
5511975754940
5511975755517
5511975755811
5511975755932
5511975756005
5511975756276
5511975757575
5511975757763
5511975757896
5511975758275
5511975758339
5511975759472
5511975759575
5511975760100
5511975760298
5511975760442
5511975760463
5511975760795
5511975762412
5511975762452
5511975762790
5511975762978
5511975763461
5511975763620
5511975763707
5511975764020
5511975764176
5511975764237
5511975764565
5511975764599
5511975764689
5511975764701
5511975765106
5511975766543
5511975766701
5511975766848
5511975767184
5511975767468
5511975767534
5511975767961
5511975768741
5511975769085
5511975769193
5511975769450
5511975769564
5511975769986
5511975770000
5511975771071
5511975771215
5511975771772
5511975772331
5511975773059
5511975773228
5511975773755
5511975773835
5511975774124
5511975775132
5511975775388
5511975776678
5511975776805
5511975777430
5511975777440
5511975777451
5511975777782
5511975777938
5511975778512
5511975779141
5511975779242
5511975779301
5511975779463
5511975779573
5511975779590
5511975779593
5511975779998
5511975780023
5511975780142
5511975780147
5511975780693
5511975780936
5511975782100
5511975782199
5511975782442
5511975782484
5511975782577
5511975782818
5511975783450
5511975783707
5511975784269
5511975784477
5511975784816
5511975785007
5511975785594
5511975785713
5511975786057
5511975786614
5511975786856
5511975787096
5511975787207
5511975787569
5511975787605
5511975787691
5511975787843
5511975788387
5511975788484
5511975789213
5511975789477
5511975790942
5511975791044
5511975791615
5511975791724
5511975792858
5511975793076
5511975793271
5511975793280
5511975793323
5511975793339
5511975793500
5511975793552
5511975793919
5511975795587
5511975795652
5511975795709
5511975795751
5511975796320
5511975796750
5511975796875
5511975797584
5511975797933
5511975797965
5511975798410
5511975798852
5511975799839
5511975800369
5511975801902
5511975801965
5511975802357
5511975802360
5511975802391
5511975802844
5511975803741
5511975804177
5511975804286
5511975804879
5511975805900
5511975806232
5511975806939
5511975807110
5511975807112
5511975807117
5511975807161
5511975807225
5511975807373
5511975807535
5511975808235
5511975808237
5511975808249
5511975808409
5511975808466
5511975809825
5511975810645
5511975810851
5511975811318
5511975811553
5511975811645
5511975811665
5511975811938
5511975812058
5511975812560
5511975812820
5511975813128
5511975813174
5511975813266
5511975813318
5511975813418
5511975813455
5511975815408
5511975815503
5511975815634
5511975815660
5511975815860
5511975816105
5511975816278
5511975816612
5511975816850
5511975816898
5511975817050
5511975817122
5511975818160
5511975818166
5511975819082
5511975819413
5511975819663
5511975819680
5511975819702
5511975819767
5511975820200
5511975820717
5511975821154
5511975821224
5511975821401
5511975821558
5511975821616
5511975821679
5511975821693
5511975822232
5511975822316
5511975822440
5511975823457
5511975824078
5511975824886
5511975825230
5511975825319
5511975827084
5511975827799
5511975827870
5511975827911
5511975828280
5511975828285
5511975828369
5511975828422
5511975828520
5511975828578
5511975828639
5511975828930
5511975829208
5511975829293
5511975829331
5511975829524
5511975829601
5511975829720
5511975829952
5511975830310
5511975830616
5511975831060
5511975831066
5511975831213
5511975831963
5511975832461
5511975832719
5511975832833
5511975833044
5511975833076
5511975833104
5511975833310
5511975833666
5511975833974
5511975834166
5511975835725
5511975836058
5511975836575
5511975837330
5511975838760
5511975839539
5511975840134
5511975840207
5511975840475
5511975840491
5511975841293
5511975842011
5511975842033
5511975842307
5511975842365
5511975842488
5511975843543
5511975843841
5511975844021
5511975844129
5511975844411
5511975845000
5511975846004
5511975846208
5511975846271
5511975846604
5511975847003
5511975847590
5511975847855
5511975848527
5511975848841
5511975848874
5511975849467
5511975849689
5511975849700
5511975850087
5511975850300
5511975850326
5511975850418
5511975851438
5511975851457
5511975851682
5511975852214
5511975852641
5511975852660
5511975853869
5511975854247
5511975854369
5511975854557
5511975855879
5511975856014
5511975856415
5511975856679
5511975857184
5511975857310
5511975857639
5511975857670
5511975857715
5511975858140
5511975858168
5511975858300
5511975858591
5511975858598
5511975859085
5511975860604
5511975860654
5511975861290
5511975861293
5511975861320
5511975861321
5511975861851
5511975861991
5511975862683
5511975862913
5511975863151
5511975863643
5511975864048
5511975864156
5511975864605
5511975865200
5511975865973
5511975866006
5511975866177
5511975866763
5511975866888
5511975867188
5511975867375
5511975869337
5511975869399
5511975869475
5511975869584
5511975870304
5511975870439
5511975870456
5511975870604
5511975870915
5511975871009
5511975872115
5511975872312
5511975872480
5511975873200
5511975873287
5511975874746
5511975874874
5511975875436
5511975875747
5511975875871
5511975876614
5511975876755
5511975876808
5511975876931
5511975877400
5511975878153
5511975878293
5511975878427
5511975878738
5511975878765
5511975879212
5511975880799
5511975880910
5511975881570
5511975881607
5511975882389
5511975882885
5511975883131
5511975883287
5511975883343
5511975883487
5511975883659
5511975883777
5511975883997
5511975884076
5511975884094
5511975884612
5511975884677
5511975884908
5511975884935
5511975885032
5511975885270
5511975885896
5511975886440
5511975887254
5511975888300
5511975888737
5511975890320
5511975890370
5511975890879
5511975891370
5511975891397
5511975891482
5511975892316
5511975892568
5511975892727
5511975893116
5511975893856
5511975893947
5511975894076
5511975894124
5511975894540
5511975894845
5511975894967
5511975895170
5511975895468
5511975895494
5511975895734
5511975896890
5511975897004
5511975897658
5511975898692
5511975898766
5511975898934
5511975898989
5511975899078
5511975899368
5511975899464
5511975899802
5511975900059
5511975900154
5511975900677
5511975902168
5511975902297
5511975903140
5511975903180
5511975903770
5511975904202
5511975904303
5511975904309
5511975904399
5511975904527
5511975906929
5511975907415
5511975908096
5511975908260
5511975908545
5511975909186
5511975909357
5511975909383
5511975909388
5511975910200
5511975910907
5511975911370
5511975911457
5511975911676
5511975911814
5511975911868
5511975911881
5511975912208
5511975912308
5511975912429
5511975913437
5511975914630
5511975914749
5511975914957
5511975915144
5511975915580
5511975916138
5511975916194
5511975916389
5511975916987
5511975918700
5511975918810
5511975919092
5511975919350
5511975919924
5511975920586
5511975920830
5511975921034
5511975921447
5511975921448
5511975921460
5511975921494
5511975921881
5511975922760
5511975923061
5511975923514
5511975924429
5511975925203
5511975925645
5511975925767
5511975926251
5511975926545
5511975926885
5511975927130
5511975927367
5511975928189
5511975928358
5511975929039
5511975929348
5511975929762
5511975929893
5511975930041
5511975931014
5511975931170
5511975931369
5511975931935
5511975932873
5511975933290
5511975933548
5511975933859
5511975934580
5511975934715
5511975935954
5511975936170
5511975936394
5511975936694
5511975936883
5511975937408
5511975937678
5511975938215
5511975938370
5511975938962
5511975939094
5511975939392
5511975939475
5511975939510
5511975939683
5511975939690
5511975939923
5511975940190
5511975940733
5511975940734
5511975940799
5511975941023
5511975941230
5511975941252
5511975941500
5511975942260
5511975942655
5511975942894
5511975942895
5511975943000
5511975943050
5511975943200
5511975943272
5511975943537
5511975943631
5511975943770
5511975943990
5511975943992
5511975944002
5511975944003
5511975944028
5511975944054
5511975944601
5511975944646
5511975944977
5511975945000
5511975945500
5511975945980
5511975946080
5511975946458
5511975947750
5511975948030
5511975948129
5511975949025
5511975949370
5511975951139
5511975951440
5511975951472
5511975951580
5511975951776
5511975952290
5511975952384
5511975952573
5511975952930
5511975953195
5511975953208
5511975953234
5511975953330
5511975953397
5511975953535
5511975953876
5511975954274
5511975955006
5511975955084
5511975955500
5511975955533
5511975955622
5511975955743
5511975956409
5511975956451
5511975956510
5511975956826
5511975956936
5511975957094
5511975957233
5511975957539
5511975957650
5511975957676
5511975957890
5511975958312
5511975958785
5511975959704
5511975960754
5511975960979
5511975961296
5511975961300
5511975961767
5511975961780
5511975961810
5511975961830
5511975961870
5511975962222
5511975962898
5511975963332
5511975963360
5511975963761
5511975964079
5511975964220
5511975964817
5511975964860
5511975965002
5511975965191
5511975965509
5511975965940
5511975966237
5511975966354
5511975966766
5511975966999
5511975967212
5511975967510
5511975968080
5511975968244
5511975968270
5511975968393
5511975968820
5511975968930
5511975969344
5511975970339
5511975970580
5511975971420
5511975971690
5511975972338
5511975972653
5511975973130
5511975973195
5511975974387
5511975975030
5511975975631
5511975976193
5511975976382
5511975976464
5511975976502
5511975976730
5511975977259
5511975977610
5511975977700
5511975978400
5511975978886
5511975979093
5511975979180
5511975979507
5511975979615
5511975980315
5511975980542
5511975980783
5511975981573
5511975982367
5511975982570
5511975982621
5511975982850
5511975982980
5511975983550
5511975983671
5511975983706
5511975984044
5511975984146
5511975984630
5511975984970
5511975985119
5511975985440
5511975985500
5511975985520
5511975985553
5511975986520
5511975986938
5511975987043
5511975987354
5511975987410
5511975987798
5511975988091
5511975988385
5511975988764
5511975989357
5511975989390
5511975989773
5511975990329
5511975991141
5511975991219
5511975991458
5511975991842
5511975992122
5511975992200
5511975992868
5511975993112
5511975993379
5511975993454
5511975993699
5511975993903
5511975994016
5511975994177
5511975994406
5511975994690
5511975994942
5511975994977
5511975995022
5511975996721
5511975997050
5511975998426
5511975998853
5511975998900
5511975999875
5511976000000
5511976000072
5511976000082
5511976000239
5511976000273
5511976000294
5511976000330
5511976000332
5511976000347
5511976000400
5511976000414
5511976000474
5511976000479
5511976000493
5511976000534
5511976000619
5511976000641
5511976000715
5511976000745
5511976000788
5511976000871
5511976000944
5511976000960
5511976000969
5511976001000
5511976001001
5511976001002
5511976001004
5511976001005
5511976001008
5511976001010
5511976001011
5511976001013
5511976001014
5511976001015
5511976001016
5511976001019
5511976001021
5511976001023
5511976001024
5511976001025
5511976001029
5511976001030
5511976001031
5511976001036
5511976001037
5511976001039
5511976001049
5511976001050
5511976001052
5511976001055
5511976001056
5511976001057
5511976001062
5511976001064
5511976001068
5511976001070
5511976001073
5511976001074
5511976001077
5511976001078
5511976001079
5511976001085
5511976001086
5511976001090
5511976001092
5511976001101
5511976001102
5511976001105
5511976001107
5511976001110
5511976001118
5511976001121
5511976001123
5511976001126
5511976001129
5511976001132
5511976001134
5511976001136
5511976001137
5511976001139
5511976001143
5511976001147
5511976001150
5511976001152
5511976001158
5511976001159
5511976001160
5511976001168
5511976001170
5511976001173
5511976001174
5511976001175
5511976001176
5511976001177
5511976001178
5511976001179
5511976001181
5511976001182
5511976001186
5511976001187
5511976001195
5511976001196
5511976001197
5511976001203
5511976001205
5511976001207
5511976001208
5511976001210
5511976001211
5511976001212
5511976001214
5511976001224
5511976001228
5511976001230
5511976001235
5511976001237
5511976001241
5511976001245
5511976001246
5511976001247
5511976001248
5511976001250
5511976001254
5511976001256
5511976001257
5511976001258
5511976001261
5511976001262
5511976001263
5511976001264
5511976001265
5511976001266
5511976001267
5511976001268
5511976001269
5511976001271
5511976001273
5511976001274
5511976001276
5511976001277
5511976001280
5511976001283
5511976001284
5511976001286
5511976001287
5511976001288
5511976001289
5511976001291
5511976001294
5511976001296
5511976001297
5511976001300
5511976001304
5511976001306
5511976001311
5511976001313
5511976001315
5511976001316
5511976001320
5511976001321
5511976001323
5511976001329
5511976001330
5511976001332
5511976001333
5511976001334
5511976001337
5511976001338
5511976001339
5511976001341
5511976001349
5511976001351
5511976001353
5511976001354
5511976001355
5511976001357
5511976001359
5511976001361
5511976001362
5511976001369
5511976001370
5511976001373
5511976001374
5511976001380
5511976001382
5511976001384
5511976001385
5511976001387
5511976001388
5511976001389
5511976001390
5511976001391
5511976001394
5511976001395
5511976001398
5511976001408
5511976001410
5511976001412
5511976001415
5511976001418
5511976001421
5511976001422
5511976001423
5511976001426
5511976001427
5511976001435
5511976001436
5511976001437
5511976001441
5511976001443
5511976001445
5511976001446
5511976001447
5511976001449
5511976001452
5511976001453
5511976001454
5511976001457
5511976001459
5511976001460
5511976001461
5511976001462
5511976001464
5511976001470
5511976001472
5511976001475
5511976001476
5511976001479
5511976001480
5511976001482
5511976001486
5511976001490
5511976001492
5511976001493
5511976001498
5511976001499
5511976001501
5511976001502
5511976001503
5511976001504
5511976001505
5511976001507
5511976001510
5511976001513
5511976001514
5511976001515
5511976001516
5511976001518
5511976001519
5511976001521
5511976001522
5511976001523
5511976001525
5511976001529
5511976001530
5511976001532
5511976001534
5511976001535
5511976001539
5511976001540
5511976001541
5511976001542
5511976001545
5511976001546
5511976001549
5511976001553
5511976001554
5511976001558
5511976001565
5511976001566
5511976001567
5511976001568
5511976001572
5511976001574
5511976001575
5511976001583
5511976001584
5511976001585
5511976001587
5511976001589
5511976001591
5511976001596
5511976001603
5511976001604
5511976001605
5511976001606
5511976001612
5511976001615
5511976001617
5511976001619
5511976001620
5511976001624
5511976001626
5511976001628
5511976001639
5511976001640
5511976001641
5511976001643
5511976001644
5511976001649
5511976001653
5511976001654
5511976001656
5511976001658
5511976001659
5511976001662
5511976001665
5511976001666
5511976001668
5511976001672
5511976001673
5511976001675
5511976001676
5511976001678
5511976001680
5511976001684
5511976001685
5511976001687
5511976001692
5511976001693
5511976001694
5511976001696
5511976001701
5511976001702
5511976001703
5511976001706
5511976001707
5511976001709
5511976001711
5511976001713
5511976001716
5511976001720
5511976001721
5511976001725
5511976001726
5511976001733
5511976001735
5511976001736
5511976001743
5511976001747
5511976001748
5511976001749
5511976001750
5511976001751
5511976001752
5511976001755
5511976001758
5511976001759
5511976001761
5511976001763
5511976001766
5511976001769
5511976001771
5511976001775
5511976001780
5511976001781
5511976001782
5511976001784
5511976001789
5511976001790
5511976001791
5511976001792
5511976001793
5511976001795
5511976001797
5511976001798
5511976001799
5511976001803
5511976001804
5511976001808
5511976001810
5511976001812
5511976001816
5511976001822
5511976001825
5511976001829
5511976001833
5511976001834
5511976001835
5511976001837
5511976001838
5511976001839
5511976001841
5511976001845
5511976001848
5511976001850
5511976001852
5511976001853
5511976001854
5511976001860
5511976001863
5511976001866
5511976001867
5511976001870
5511976001873
5511976001878
5511976001886
5511976001889
5511976001892
5511976001897
5511976001899
5511976001904
5511976001907
5511976001908
5511976001909
5511976001911
5511976001914
5511976001915
5511976001916
5511976001919
5511976001920
5511976001922
5511976001923
5511976001925
5511976001926
5511976001931
5511976001932
5511976001934
5511976001936
5511976001937
5511976001938
5511976001940
5511976001943
5511976001944
5511976001945
5511976001946
5511976001949
5511976001950
5511976001951
5511976001952
5511976001957
5511976001959
5511976001961
5511976001962
5511976001965
5511976001966
5511976001970
5511976001971
5511976001973
5511976001975
5511976001979
5511976001984
5511976001985
5511976001986
5511976001989
5511976001990
5511976001992
5511976001994
5511976001996
5511976001997
5511976001999
5511976002001
5511976002002
5511976002003
5511976002007
5511976002009
5511976002011
5511976002013
5511976002017
5511976002020
5511976002021
5511976002022
5511976002027
5511976002029
5511976002031
5511976002036
5511976002038
5511976002046
5511976002049
5511976002050
5511976002051
5511976002054
5511976002056
5511976002057
5511976002059
5511976002061
5511976002063
5511976002064
5511976002065
5511976002066
5511976002067
5511976002068
5511976002070
5511976002071
5511976002073
5511976002074
5511976002076
5511976002078
5511976002080
5511976002081
5511976002083
5511976002087
5511976002088
5511976002093
5511976002094
5511976002095
5511976002098
5511976002100
5511976002101
5511976002102
5511976002105
5511976002108
5511976002117
5511976002119
5511976002120
5511976002121
5511976002130
5511976002131
5511976002132
5511976002133
5511976002135
5511976002136
5511976002138
5511976002140
5511976002141
5511976002144
5511976002145
5511976002146
5511976002157
5511976002158
5511976002159
5511976002160
5511976002161
5511976002162
5511976002163
5511976002166
5511976002167
5511976002168
5511976002170
5511976002173
5511976002176
5511976002179
5511976002182
5511976002183
5511976002184
5511976002185
5511976002187
5511976002188
5511976002189
5511976002192
5511976002193
5511976002194
5511976002196
5511976002199
5511976002200
5511976002204
5511976002205
5511976002207
5511976002215
5511976002220
5511976002224
5511976002225
5511976002227
5511976002229
5511976002231
5511976002232
5511976002233
5511976002238
5511976002241
5511976002245
5511976002246
5511976002247
5511976002250
5511976002253
5511976002255
5511976002259
5511976002265
5511976002271
5511976002274
5511976002276
5511976002279
5511976002281
5511976002283
5511976002284
5511976002285
5511976002290
5511976002292
5511976002293
5511976002294
5511976002297
5511976002298
5511976002304
5511976002305
5511976002306
5511976002308
5511976002311
5511976002312
5511976002315
5511976002317
5511976002320
5511976002322
5511976002324
5511976002325
5511976002326
5511976002328
5511976002329
5511976002333
5511976002334
5511976002338
5511976002339
5511976002344
5511976002346
5511976002348
5511976002351
5511976002352
5511976002353
5511976002354
5511976002355
5511976002363
5511976002364
5511976002370
5511976002371
5511976002373
5511976002379
5511976002381
5511976002387
5511976002389
5511976002390
