5531992280311
5531992280404
5531992280435
5531992280440
5531992280465
5531992280488
5531992280504
5531992280536
5531992280548
5531992280558
5531992280559
5531992280564
5531992280607
5531992280642
5531992280659
5531992280668
5531992280701
5531992280708
5531992280753
5531992280759
5531992280772
5531992280789
5531992280806
5531992280814
5531992280830
5531992280841
5531992280950
5531992280997
5531992281025
5531992281050
5531992281106
5531992281127
5531992281162
5531992281184
5531992281196
5531992281206
5531992281215
5531992281233
5531992281253
5531992281283
5531992281292
5531992281294
5531992281297
5531992281305
5531992281333
5531992281353
5531992281377
5531992281402
5531992281431
5531992281478
5531992281484
5531992281499
5531992281540
5531992281562
5531992281579
5531992281597
5531992281719
5531992281765
5531992281767
5531992281858
5531992281893
5531992281906
5531992281916
5531992281946
5531992281965
5531992281969
5531992281999
5531992282018
5531992282030
5531992282053
5531992282078
5531992282100
5531992282126
5531992282212
5531992282236
5531992282251
5531992282255
5531992282282
5531992282358
5531992282382
5531992282400
5531992282428
5531992282450
5531992282479
5531992282588
5531992282591
5531992282664
5531992282681
5531992282720
5531992282761
5531992282763
5531992282777
5531992282804
5531992282810
5531992282811
5531992282842
5531992282864
5531992282871
5531992282897
5531992282898
5531992282980
5531992282993
5531992282999
5531992283011
5531992283015
5531992283021
5531992283033
5531992283095
5531992283110
5531992283161
5531992283189
5531992283194
5531992283216
5531992283218
5531992283221
5531992283256
5531992283262
5531992283276
5531992283343
5531992283360
5531992283387
5531992283434
5531992283518
5531992283519
5531992283531
5531992283546
5531992283563
5531992283610
5531992283616
5531992283632
5531992283672
5531992283693
5531992283698
5531992283712
5531992283719
5531992283757
5531992283762
5531992283792
5531992283796
5531992283823
5531992283830
5531992283871
5531992283883
5531992283892
5531992283995
5531992284016
5531992284031
5531992284041
5531992284050
5531992284052
5531992284074
5531992284094
5531992284095
5531992284115
5531992284116
5531992284123
5531992284157
5531992284159
5531992284247
5531992284273
5531992284277
5531992284308
5531992284321
5531992284378
5531992284381
5531992284386
5531992284396
5531992284432
5531992284442
5531992284496
5531992284498
5531992284517
5531992284550
5531992284595
5531992284607
5531992284656
5531992284688
5531992284689
5531992284724
5531992284747
5531992284748
5531992284803
5531992284815
5531992284821
5531992284848
5531992285045
5531992285061
5531992285077
5531992285108
5531992285135
5531992285153
5531992285204
5531992285244
5531992285245
5531992285274
5531992285295
5531992285313
5531992285324
5531992285343
5531992285348
5531992285378
5531992285409
5531992285447
5531992285537
5531992285544
5531992285560
5531992285616
5531992285622
5531992285657
5531992285681
5531992285698
5531992285705
5531992285743
5531992285771
5531992285772
5531992285812
5531992285842
5531992285865
5531992285884
5531992285966
5531992286040
5531992286064
5531992286086
5531992286109
5531992286112
5531992286176
5531992286182
5531992286231
5531992286253
5531992286270
5531992286287
5531992286306
5531992286416
5531992286447
5531992286477
5531992286482
5531992286512
5531992286515
5531992286592
5531992286608
5531992286673
5531992286746
5531992286783
5531992286819
5531992286830
5531992286856
5531992286864
5531992286865
5531992286899
5531992286909
5531992286997
5531992287020
5531992287035
5531992287040
5531992287077
5531992287091
5531992287118
5531992287167
5531992287172
5531992287190
5531992287194
5531992287216
5531992287434
5531992287447
5531992287458
5531992287472
5531992287504
5531992287516
5531992287558
5531992287571
5531992287577
5531992287595
5531992287613
5531992287628
5531992287631
5531992287651
5531992287664
5531992287688
5531992287689
5531992287753
5531992287774
5531992287790
5531992287831
5531992287832
5531992287849
5531992287913
5531992287938
5531992287956
5531992287960
5531992287977
5531992288002
5531992288015
5531992288069
5531992288070
5531992288074
5531992288116
5531992288122
5531992288123
5531992288125
5531992288126
5531992288134
5531992288163
5531992288167
5531992288237
5531992288241
5531992288264
5531992288287
5531992288292
5531992288363
5531992288374
5531992288384
5531992288426
5531992288493
5531992288508
5531992288554
5531992288597
5531992288600
5531992288619
5531992288668
5531992288698
5531992288699
5531992288741
5531992288776
5531992288790
5531992288868
5531992288909
5531992288911
5531992288948
5531992288962
5531992289008
5531992289013
5531992289036
5531992289061
5531992289150
5531992289203
5531992289255
5531992289276
5531992289283
5531992289326
5531992289337
5531992289345
5531992289389
5531992289418
5531992289455
5531992289461
5531992289477
5531992289492
5531992289529
5531992289557
5531992289577
5531992289579
5531992289602
5531992289617
5531992289640
5531992289671
5531992289682
5531992289715
5531992289779
5531992289799
5531992289809
5531992289860
5531992289890
5531992289898
5531992289913
5531992289997
5531992290010
5531992290016
5531992290059
5531992290068
5531992290135
5531992290177
5531992290216
5531992290231
5531992290252
5531992290262
5531992290277
5531992290300
5531992290305
5531992290337
5531992290366
5531992290374
5531992290379
5531992290386
5531992290387
5531992290408
5531992290411
5531992290435
5531992290471
5531992290506
5531992290531
5531992290544
5531992290560
5531992290571
5531992290600
5531992290642
5531992290657
5531992290670
5531992290678
5531992290680
5531992290707
5531992290723
5531992290748
5531992290764
5531992290800
5531992290807
5531992290810
5531992290829
5531992290860
5531992290887
5531992290902
5531992290905
5531992290917
5531992290929
5531992290943
5531992290955
5531992290957
5531992290963
5531992290975
5531992290976
5531992290981
5531992290985
5531992291000
5531992291011
5531992291035
5531992291060
5531992291075
5531992291110
5531992291134
5531992291160
5531992291166
5531992291185
5531992291211
5531992291231
5531992291238
5531992291285
5531992291304
5531992291330
5531992291332
5531992291333
5531992291338
5531992291354
5531992291420
5531992291421
5531992291429
5531992291434
5531992291668
5531992291704
5531992291735
5531992291745
5531992291747
5531992291755
5531992291767
5531992291772
5531992291856
5531992291880
5531992291939
5531992291954
5531992291956
5531992291986
5531992291998
5531992292031
5531992292033
5531992292035
5531992292043
5531992292047
5531992292056
5531992292062
5531992292080
5531992292089
5531992292122
5531992292148
5531992292172
5531992292173
5531992292174
5531992292178
5531992292204
5531992292220
5531992292268
5531992292270
5531992292277
5531992292308
5531992292347
5531992292370
5531992292488
5531992292520
5531992292559
5531992292566
5531992292584
5531992292601
5531992292624
5531992292634
5531992292642
5531992292754
5531992292761
5531992292770
5531992292779
5531992292818
5531992292829
5531992292848
5531992292873
5531992292875
5531992292918
5531992292921
5531992292938
5531992292943
5531992293017
5531992293102
5531992293254
5531992293262
5531992293268
5531992293283
5531992293321
5531992293347
5531992293351
5531992293363
5531992293387
5531992293454
5531992293455
5531992293509
5531992293643
5531992293649
5531992293671
5531992293682
5531992293759
5531992293812
5531992293822
5531992293840
5531992293862
5531992293912
5531992293918
5531992293929
5531992293969
5531992293996
5531992294005
5531992294006
5531992294023
5531992294037
5531992294039
5531992294043
5531992294061
5531992294079
5531992294085
5531992294107
5531992294131
5531992294176
5531992294182
5531992294203
5531992294213
5531992294215
5531992294236
5531992294306
5531992294308
5531992294364
5531992294373
5531992294410
5531992294426
5531992294432
5531992294435
5531992294439
5531992294444
5531992294526
5531992294527
5531992294547
5531992294612
5531992294621
5531992294641
5531992294652
5531992294699
5531992294713
5531992294796
5531992294815
5531992294861
5531992294862
5531992294911
5531992294958
5531992294971
5531992294978
5531992295036
5531992295046
5531992295049
5531992295081
5531992295145
5531992295160
5531992295171
5531992295177
5531992295298
5531992295303
5531992295309
5531992295329
5531992295333
5531992295335
5531992295369
5531992295383
5531992295395
5531992295441
5531992295473
5531992295495
5531992295507
5531992295555
5531992295591
5531992295601
5531992295678
5531992295699
5531992295830
5531992295837
5531992295839
5531992295853
5531992295925
5531992295935
5531992295967
5531992295985
5531992295999
5531992296044
5531992296116
5531992296117
5531992296134
5531992296199
5531992296246
5531992296248
5531992296252
5531992296254
5531992296269
5531992296280
5531992296286
5531992296305
5531992296324
5531992296329
5531992296335
5531992296378
5531992296379
5531992296396
5531992296433
5531992296455
5531992296486
5531992296496
5531992296513
5531992296608
5531992296617
5531992296622
5531992296666
5531992296674
5531992296699
5531992296763
5531992296801
5531992296823
5531992296853
5531992296878
5531992296885
5531992296914
5531992296935
5531992296948
5531992296970
5531992297010
5531992297031
5531992297076
5531992297097
5531992297130
5531992297151
5531992297159
5531992297165
5531992297272
5531992297326
5531992297351
5531992297352
5531992297440
5531992297450
5531992297452
5531992297456
5531992297463
5531992297466
5531992297469
5531992297559
5531992297561
5531992297685
5531992297701
5531992297715
5531992297832
5531992297891
5531992297900
5531992298005
5531992298030
5531992298054
5531992298063
5531992298069
5531992298109
5531992298140
5531992298160
5531992298162
5531992298192
5531992298266
5531992298322
5531992298370
5531992298383
5531992298398
5531992298434
5531992298472
5531992298484
5531992298489
5531992298515
5531992298519
5531992298569
5531992298575
5531992298647
5531992298676
5531992298686
5531992298747
5531992298780
5531992298786
5531992298791
5531992298802
5531992298851
5531992298852
5531992298866
5531992298893
5531992298988
5531992299029
5531992299053
5531992299086
5531992299090
5531992299098
5531992299136
5531992299139
5531992299189
5531992299205
5531992299246
5531992299247
5531992299269
5531992299298
5531992299310
5531992299339
5531992299355
5531992299373
5531992299438
5531992299449
5531992299574
5531992299617
5531992299690
5531992299889
5531992299891
5531992299903
5531992299904
5531992299937
5531992299948
5531992299949
5531992299950
5531992299954
5531992299961
5531992299971
5531992299980
5531992299989
5531992300027
5531992300028
5531992300041
5531992300073
5531992300079
5531992300091
5531992300209
5531992300254
5531992300265
5531992300387
5531992300413
5531992300435
5531992300441
5531992300446
5531992300510
5531992300512
5531992300524
5531992300541
5531992300573
5531992300590
5531992300648
5531992300707
5531992300717
5531992300730
5531992300875
5531992300933
5531992300945
5531992301008
5531992301010
5531992301063
5531992301102
5531992301112
5531992301114
5531992301121
5531992301152
5531992301172
5531992301186
5531992301195
5531992301198
5531992301209
5531992301226
5531992301234
5531992301240
5531992301243
5531992301251
5531992301374
5531992301408
5531992301413
5531992301415
5531992301522
5531992301532
5531992301568
5531992301661
5531992301802
5531992301817
5531992301824
5531992301829
5531992301869
5531992301894
5531992301919
5531992301941
5531992302015
5531992302117
5531992302141
5531992302149
5531992302169
5531992302264
5531992302287
5531992302371
5531992302396
5531992302415
5531992302529
5531992302687
5531992302733
5531992302759
5531992302785
5531992302971
5531992303000
5531992303049
5531992303077
5531992303111
5531992303212
5531992303248
5531992303428
5531992303465
5531992303521
5531992303524
5531992303527
5531992303544
5531992303636
5531992303662
5531992303663
5531992303700
5531992303710
5531992303717
5531992303740
5531992303844
5531992303895
5531992303927
5531992304002
5531992304060
5531992304061
5531992304066
5531992304229
5531992304230
5531992304234
5531992304238
5531992304288
5531992304711
5531992304733
5531992304738
5531992304791
5531992304810
5531992304869
5531992304891
5531992304959
5531992304988
5531992305133
5531992305222
5531992305310
5531992305337
5531992305338
5531992305457
5531992305514
5531992305552
5531992305590
5531992305600
5531992305708
5531992305726
5531992305808
5531992305816
5531992305829
5531992305849
5531992305863
5531992305866
5531992305886
5531992305954
5531992306016
5531992306027
5531992306032
5531992306076
5531992306077
5531992306145
5531992306183
5531992306209
5531992306228
5531992306251
5531992306277
5531992306356
5531992306403
5531992306433
5531992306521
5531992306527
5531992306688
5531992306705
5531992306750
5531992306780
5531992306810
5531992306832
5531992306864
5531992306894
5531992306900
5531992306921
5531992306983
5531992307066
5531992307140
5531992307159
5531992307163
5531992307223
5531992307259
5531992307261
5531992307269
5531992307377
5531992307532
5531992307533
5531992307557
5531992307579
5531992307605
5531992307626
5531992307662
5531992307738
5531992307782
5531992307809
5531992307825
5531992307954
5531992307964
5531992308190
5531992308201
5531992308212
5531992308236
5531992308243
5531992308269
5531992308270
5531992308281
5531992308354
5531992308358
5531992308418
5531992308423
5531992308478
5531992308517
5531992308521
5531992308531
5531992308552
5531992308563
5531992308605
5531992308613
5531992308657
5531992308679
5531992308689
5531992308760
5531992308771
5531992308775
5531992308805
5531992308888
5531992308898
5531992308928
5531992308959
5531992309002
5531992309016
5531992309133
5531992309160
5531992309221
5531992309246
5531992309330
5531992309425
5531992309453
5531992309513
5531992309572
5531992309584
5531992309610
5531992309643
5531992309680
5531992309707
5531992309798
5531992309832
5531992309922
5531992309996
5531992310009
5531992310027
5531992310058
5531992310073
5531992310087
5531992310098
5531992310105
5531992310111
5531992310120
5531992310135
5531992310142
5531992310197
5531992310224
5531992310226
5531992310237
5531992310250
5531992310267
5531992310269
5531992310271
5531992310277
5531992310280
5531992310306
5531992310313
5531992310318
5531992310319
5531992310327
5531992310378
5531992310399
5531992310408
5531992310444
5531992310467
5531992310530
5531992310550
5531992310570
5531992310590
5531992310594
5531992310658
5531992310676
5531992310716
5531992310718
5531992310757
5531992310800
5531992310806
5531992310811
5531992310853
5531992310896
5531992310920
5531992310964
5531992310998
5531992311054
5531992311059
5531992311098
5531992311118
5531992311155
5531992311177
5531992311191
5531992311221
5531992311248
5531992311252
5531992311303
5531992311310
5531992311314
5531992311388
5531992311398
5531992311407
5531992311409
5531992311419
5531992311464
5531992311472
5531992311532
5531992311563
5531992311571
5531992311607
5531992311621
5531992311641
5531992311655
5531992311682
5531992311691
5531992311704
5531992311709
5531992311710
5531992311726
5531992311759
5531992311773
5531992311783
5531992311798
5531992311872
5531992311914
5531992311930
5531992311963
5531992312014
5531992312038
5531992312050
5531992312083
5531992312084
5531992312256
5531992312318
5531992312411
5531992312428
5531992312450
5531992312488
5531992312495
5531992312605
5531992312645
5531992312796
5531992312815
5531992312819
5531992312831
5531992312842
5531992312900
5531992312915
5531992312930
5531992312939
5531992312941
5531992313028
5531992313039
5531992313051
5531992313054
5531992313104
5531992313131
5531992313143
5531992313188
5531992313238
5531992313242
5531992313253
5531992313274
5531992313301
5531992313334
5531992313393
5531992313483
5531992313484
5531992313511
5531992313517
5531992313535
5531992313588
5531992313618
5531992313637
5531992313655
5531992313708
5531992313713
5531992313739
5531992313742
5531992313775
5531992313777
5531992313779
5531992313800
5531992313818
5531992313838
5531992313849
5531992313851
5531992313922
5531992313941
5531992313964
5531992313967
5531992313997
5531992313998
5531992314008
5531992314055
5531992314064
5531992314091
5531992314102
5531992314122
5531992314212
5531992314218
5531992314219
5531992314250
5531992314254
5531992314267
5531992314303
5531992314309
5531992314312
5531992314326
5531992314352
5531992314376
5531992314381
5531992314465
5531992314655
5531992314664
5531992314666
5531992314672
5531992314691
5531992314705
5531992314758
5531992314759
5531992314821
5531992314841
5531992314982
5531992314992
5531992315134
5531992315212
5531992315224
5531992315259
5531992315269
5531992315277
5531992315447
5531992315452
5531992315462
5531992315467
5531992315484
5531992315487
5531992315545
5531992315557
5531992315564
5531992315630
5531992315650
5531992315663
5531992315773
5531992315775
5531992315816
5531992315821
5531992315832
5531992315837
5531992315876
5531992315897
5531992315898
5531992315926
5531992315941
5531992315955
5531992315975
5531992316007
5531992316019
5531992316035
5531992316074
5531992316095
5531992316133
5531992316181
5531992316196
5531992316199
5531992316210
5531992316235
5531992316238
5531992316341
5531992316387
5531992316403
5531992316424
5531992316436
5531992316444
5531992316462
5531992316470
5531992316477
5531992316483
5531992316520
5531992316540
5531992316548
5531992316575
5531992316600
5531992316603
5531992316688
5531992316756
5531992316760
5531992316778
5531992316781
5531992316797
5531992316828
5531992316841
5531992316887
5531992316920
5531992316940
5531992316953
5531992316998
5531992317015
5531992317018
5531992317054
5531992317071
5531992317080
5531992317093
5531992317121
5531992317173
5531992317182
5531992317204
5531992317230
5531992317246
5531992317248
5531992317267
5531992317275
5531992317316
5531992317361
5531992317417
5531992317424
5531992317425
5531992317436
5531992317452
5531992317456
5531992317481
5531992317496
5531992317514
5531992317517
5531992317518
5531992317522
5531992317550
5531992317556
5531992317569
5531992317581
5531992317644
5531992317657
5531992317663
5531992317690
5531992317699
5531992317710
5531992317726
5531992317738
5531992317747
5531992317756
5531992317758
5531992317760
5531992317784
5531992317828
5531992317847
5531992317886
5531992317888
5531992317925
5531992317954
5531992317956
5531992317967
5531992317984
5531992317995
5531992318008
5531992318035
5531992318072
5531992318104
5531992318165
5531992318225
5531992318248
5531992318314
5531992318340
5531992318366
5531992318421
5531992318462
5531992318479
5531992318488
5531992318503
5531992318511
5531992318522
5531992318557
5531992318571
5531992318598
5531992318605
5531992318654
5531992318727
5531992318733
5531992318752
5531992318785
5531992318790
5531992318797
5531992318807
5531992318809
5531992318863
5531992318888
5531992318900
5531992318904
5531992318914
5531992318920
5531992318921
5531992318927
5531992318933
5531992318993
5531992318995
5531992319011
5531992319013
5531992319017
5531992319045
5531992319056
5531992319077
5531992319115
5531992319118
5531992319131
5531992319169
5531992319212
5531992319231
5531992319236
5531992319238
5531992319253
5531992319256
5531992319266
5531992319277
5531992319278
5531992319331
5531992319347
5531992319350
5531992319378
5531992319383
5531992319425
5531992319446
5531992319454
5531992319479
5531992319487
5531992319490
5531992319512
5531992319515
5531992319521
5531992319545
5531992319556
5531992319572
5531992319606
5531992319632
5531992319633
5531992319667
5531992319668
5531992319771
5531992319848
5531992319907
5531992319917
5531992319945
5531992319960
5531992319994
5531992320051
5531992320053
5531992320072
5531992320117
5531992320122
5531992320143
5531992320144
5531992320219
5531992320232
5531992320271
5531992320273
5531992320320
5531992320384
5531992320393
5531992320435
5531992320454
5531992320462
5531992320485
5531992320490
5531992320498
5531992320512
5531992320514
5531992320556
5531992320571
5531992320579
5531992320611
5531992320654
5531992320658
5531992320689
5531992320729
5531992320768
5531992320779
5531992320791
5531992320793
5531992320828
5531992320862
5531992320868
5531992320892
5531992320908
5531992320920
5531992320932
5531992320959
5531992320977
5531992321019
5531992321025
5531992321084
5531992321086
5531992321090
5531992321091
5531992321096
5531992321101
5531992321108
5531992321109
5531992321118
5531992321152
5531992321160
5531992321171
5531992321190
5531992321193
5531992321204
5531992321206
5531992321215
5531992321232
5531992321253
5531992321275
5531992321281
5531992321285
5531992321288
5531992321328
5531992321335
5531992321343
5531992321453
5531992321524
5531992321527
5531992321543
5531992321559
5531992321576
5531992321585
5531992321606
5531992321665
5531992321674
5531992321679
5531992321690
5531992321691
5531992321703
5531992321710
5531992321743
5531992321745
5531992321748
5531992321760
5531992321762
5531992321769
5531992321771
5531992321776
5531992321785
5531992321798
5531992321817
5531992321823
5531992321841
5531992321842
5531992321849
5531992321850
5531992321852
5531992321857
5531992321876
5531992321963
5531992321987
5531992322013
5531992322015
5531992322074
5531992322095
5531992322111
5531992322132
5531992322191
5531992322197
5531992322208
5531992322210
5531992322225
5531992322231
5531992322234
5531992322263
5531992322270
5531992322320
5531992322342
5531992322344
5531992322356
5531992322370
5531992322398
5531992322415
5531992322419
5531992322424
5531992322452
5531992322485
5531992322503
5531992322510
5531992322521
5531992322541
5531992322543
5531992322551
5531992322563
5531992322614
5531992322629
5531992322636
5531992322670
5531992322674
5531992322689
5531992322700
5531992322713
5531992322717
5531992322721
5531992322734
5531992322747
5531992322749
5531992322770
5531992322780
5531992322799
5531992322805
5531992322840
5531992322854
5531992322866
5531992322934
5531992322955
5531992322971
5531992322978
5531992322985
5531992323002
5531992323017
5531992323062
5531992323087
5531992323099
5531992323106
5531992323128
5531992323130
5531992323152
5531992323175
5531992323192
5531992323221
5531992323248
5531992323255
5531992323264
5531992323270
5531992323275
5531992323312
5531992323336
5531992323338
5531992323405
5531992323406
5531992323407
5531992323420
5531992323421
5531992323463
5531992323479
5531992323488
5531992323491
5531992323511
5531992323522
5531992323532
5531992323533
5531992323556
5531992323562
5531992323586
5531992323614
5531992323615
5531992323644
5531992323686
5531992323694
5531992323702
5531992323703
5531992323722
5531992323738
5531992323769
5531992323780
5531992323792
5531992323826
5531992323828
5531992323834
5531992323839
5531992323856
5531992323874
5531992323894
5531992323942
5531992323960
5531992324000
5531992324006
5531992324020
5531992324035
5531992324127
5531992324129
5531992324140
5531992324141
5531992324146
5531992324171
5531992324172
5531992324178
5531992324180
5531992324188
5531992324202
5531992324204
5531992324217
5531992324235
5531992324271
5531992324307
5531992324392
5531992324404
5531992324419
5531992324435
5531992324446
5531992324468
5531992324472
5531992324535
5531992324550
5531992324596
5531992324615
5531992324665
5531992324688
5531992324713
5531992324730
5531992324756
5531992324774
5531992324784
5531992324801
5531992324804
5531992324887
5531992324914
5531992324925
5531992324938
5531992324943
5531992324950
5531992324969
5531992324978
5531992324983
5531992324994
5531992325040
5531992325050
5531992325086
5531992325204
5531992325261
5531992325271
5531992325311
5531992325359
5531992325361
5531992325372
5531992325389
5531992325402
5531992325432
5531992325573
5531992325600
5531992325623
5531992325632
5531992325674
5531992325699
5531992325776
5531992325800
5531992325806
5531992325820
5531992325851
5531992325897
5531992325923
5531992325959
5531992326048
5531992326049
5531992326059
5531992326091
5531992326107
5531992326117
5531992326177
5531992326180
5531992326218
5531992326225
5531992326250
5531992326298
5531992326365
5531992326404
5531992326434
5531992326470
5531992326562
5531992326606
5531992326611
5531992326629
5531992326641
5531992326688
5531992326696
5531992326704
5531992326711
5531992326758
5531992326834
5531992326887
5531992326928
5531992326943
5531992327007
5531992327084
5531992327133
5531992327152
5531992327161
5531992327209
5531992327238
5531992327246
5531992327360
5531992327367
5531992327376
5531992327395
5531992327404
5531992327428
5531992327439
5531992327490
5531992327500
5531992327529
5531992327530
5531992327605
5531992327621
5531992327652
5531992327654
5531992327660
5531992327746
5531992327753
5531992327756
5531992327777
5531992327779
5531992327840
5531992327859
5531992327881
5531992327887
5531992327944
5531992327946
5531992328011
5531992328046
5531992328057
5531992328114
5531992328176
5531992328242
5531992328276
5531992328323
5531992328381
5531992328427
5531992328437
5531992328446
5531992328516
5531992328544
5531992328578
5531992328591
5531992328594
5531992328605
5531992328649
5531992328719
5531992328760
5531992328859
5531992328877
5531992328903
5531992328976
5531992328982
5531992328987
5531992328989
5531992328997
5531992329000
5531992329019
5531992329052
5531992329062
5531992329102
5531992329106
5531992329111
5531992329148
5531992329149
5531992329174
5531992329260
5531992329344
5531992329345
5531992329346
5531992329353
5531992329377
5531992329397
5531992329436
5531992329447
5531992329509
5531992329518
5531992329574
5531992329579
5531992329594
5531992329615
5531992329668
5531992329703
5531992329705
5531992329727
5531992329811
5531992329815
5531992329830
5531992329845
5531992329855
5531992329858
5531992329910
5531992329938
5531992329966
5531992329992
5531992330014
5531992330017
5531992330083
5531992330109
5531992330142
5531992330167
5531992330204
5531992330205
5531992330208
5531992330235
5531992330239
5531992330244
5531992330245
5531992330269
5531992330290
5531992330303
5531992330325
5531992330365
5531992330398
5531992330444
5531992330468
5531992330481
5531992330486
5531992330499
5531992330536
5531992330558
5531992330584
5531992330588
5531992330610
5531992330629
5531992330638
5531992330640
5531992330641
5531992330642
5531992330656
5531992330658
5531992330685
5531992330700
5531992330745
5531992330878
5531992330938
5531992330942
5531992331028
5531992331033
5531992331035
5531992331065
5531992331084
5531992331102
5531992331109
5531992331115
5531992331117
5531992331142
5531992331161
5531992331198
5531992331246
5531992331275
5531992331278
5531992331279
5531992331295
5531992331328
5531992331390
5531992331427
5531992331433
5531992331442
5531992331459
5531992331460
5531992331503
5531992331515
5531992331516
5531992331547
5531992331618
5531992331626
5531992331639
5531992331645
5531992331663
5531992331706
5531992331721
5531992331754
5531992331790
5531992331835
5531992331844
5531992331857
5531992331885
5531992331916
5531992331927
5531992331975
5531992332030
5531992332074
5531992332091
5531992332098
5531992332137
5531992332170
5531992332177
5531992332190
5531992332206
5531992332211
5531992332222
5531992332256
5531992332274
5531992332304
5531992332310
5531992332336
5531992332359
5531992332394
5531992332402
5531992332405
5531992332435
5531992332440
5531992332460
5531992332468
5531992332474
5531992332482
5531992332509
5531992332613
5531992332629
5531992332651
5531992332656
5531992332673
5531992332687
5531992332712
5531992332812
5531992332846
5531992332855
5531992332962
5531992333019
5531992333021
5531992333022
5531992333031
5531992333038
5531992333042
5531992333066
5531992333080
5531992333131
5531992333155
5531992333199
5531992333225
5531992333231
5531992333250
5531992333301
5531992333313
5531992333326
5531992333344
5531992333349
5531992333351
5531992333363
5531992333390
5531992333425
5531992333454
5531992333456
5531992333461
5531992333508
5531992333510
5531992333533
5531992333547
5531992333550
5531992333565
5531992333571
5531992333644
5531992333674
5531992333689
5531992333696
5531992333708
5531992333741
5531992333759
5531992333760
5531992333769
5531992333782
5531992333798
5531992333805
5531992333849
5531992333864
5531992333894
5531992333929
5531992333930
5531992333949
5531992333958
