5531995414298
5531995414379
5531995414464
5531995414481
5531995414508
5531995414560
5531995414575
5531995414586
5531995414609
5531995414648
5531995414669
5531995414679
5531995414700
5531995414701
5531995414781
5531995414792
5531995414802
5531995414837
5531995414847
5531995414848
5531995414868
5531995414869
5531995414973
5531995414977
5531995415022
5531995415025
5531995415055
5531995415085
5531995415116
5531995415135
5531995415178
5531995415183
5531995415188
5531995415222
5531995415229
5531995415245
5531995415273
5531995415287
5531995415316
5531995415353
5531995415367
5531995415430
5531995415493
5531995415512
5531995415538
5531995415539
5531995415560
5531995415565
5531995415592
5531995415660
5531995415713
5531995415746
5531995415758
5531995415786
5531995415910
5531995415944
5531995415962
5531995415997
5531995416014
5531995416018
5531995416028
5531995416093
5531995416111
5531995416140
5531995416195
5531995416204
5531995416265
5531995416295
5531995416382
5531995416391
5531995416430
5531995416465
5531995416468
5531995416470
5531995416484
5531995416513
5531995416547
5531995416568
5531995416596
5531995416603
5531995416615
5531995416673
5531995416707
5531995416759
5531995416768
5531995416848
5531995416877
5531995416882
5531995416911
5531995416918
5531995416936
5531995416965
5531995416967
5531995416992
5531995416999
5531995417001
5531995417005
5531995417025
5531995417155
5531995417177
5531995417194
5531995417231
5531995417243
5531995417260
5531995417264
5531995417306
5531995417318
5531995417337
5531995417354
5531995417355
5531995417368
5531995417377
5531995417388
5531995417392
5531995417425
5531995417442
5531995417445
5531995417516
5531995417520
5531995417529
5531995417537
5531995417550
5531995417579
5531995417583
5531995417620
5531995417633
5531995417677
5531995417721
5531995417760
5531995417841
5531995417855
5531995417859
5531995417925
5531995417933
5531995417940
5531995417942
5531995418031
5531995418088
5531995418114
5531995418117
5531995418118
5531995418122
5531995418141
5531995418170
5531995418208
5531995418222
5531995418234
5531995418265
5531995418303
5531995418329
5531995418354
5531995418373
5531995418409
5531995418487
5531995418489
5531995418528
5531995418543
5531995418561
5531995418595
5531995418606
5531995418706
5531995418772
5531995418845
5531995418875
5531995418883
5531995418907
5531995418911
5531995418937
5531995418951
5531995418958
5531995418976
5531995418979
5531995419017
5531995419024
5531995419037
5531995419067
5531995419076
5531995419088
5531995419112
5531995419134
5531995419146
5531995419157
5531995419161
5531995419178
5531995419180
5531995419191
5531995419199
5531995419209
5531995419218
5531995419244
5531995419292
5531995419297
5531995419306
5531995419326
5531995419334
5531995419342
5531995419369
5531995419374
5531995419465
5531995419484
5531995419512
5531995419538
5531995419544
5531995419548
5531995419555
5531995419648
5531995419656
5531995419669
5531995419684
5531995419688
5531995419704
5531995419738
5531995419745
5531995419746
5531995419828
5531995419832
5531995419849
5531995419875
5531995419958
5531995419986
5531995420012
5531995420026
5531995420063
5531995420109
5531995420138
5531995420201
5531995420207
5531995420245
5531995420250
5531995420311
5531995420318
5531995420336
5531995420345
5531995420350
5531995420354
5531995420359
5531995420384
5531995420403
5531995420438
5531995420443
5531995420461
5531995420474
5531995420489
5531995420506
5531995420553
5531995420564
5531995420568
5531995420591
5531995420649
5531995420666
5531995420691
5531995420692
5531995420759
5531995420796
5531995420809
5531995420898
5531995420923
5531995420958
5531995420967
5531995420982
5531995420992
5531995421012
5531995421018
5531995421023
5531995421026
5531995421036
5531995421064
5531995421073
5531995421085
5531995421169
5531995421172
5531995421182
5531995421187
5531995421241
5531995421246
5531995421270
5531995421361
5531995421458
5531995421459
5531995421463
5531995421466
5531995421476
5531995421477
5531995421479
5531995421481
5531995421498
5531995421548
5531995421549
5531995421602
5531995421603
5531995421624
5531995421694
5531995421712
5531995421828
5531995421837
5531995421852
5531995421854
5531995421874
5531995421882
5531995421892
5531995421895
5531995421935
5531995421941
5531995421942
5531995421964
5531995422007
5531995422012
5531995422028
5531995422034
5531995422055
5531995422067
5531995422074
5531995422089
5531995422095
5531995422128
5531995422138
5531995422149
5531995422178
5531995422183
5531995422188
5531995422210
5531995422220
5531995422238
5531995422264
5531995422277
5531995422279
5531995422417
5531995422441
5531995422464
5531995422484
5531995422495
5531995422503
5531995422523
5531995422541
5531995422542
5531995422550
5531995422567
5531995422578
5531995422603
5531995422607
5531995422616
5531995422618
5531995422625
5531995422636
5531995422706
5531995422709
5531995422719
5531995422736
5531995422750
5531995422763
5531995422775
5531995422810
5531995422867
5531995422905
5531995422909
5531995422915
5531995422922
5531995422955
5531995423004
5531995423096
5531995423110
5531995423192
5531995423200
5531995423234
5531995423237
5531995423268
5531995423274
5531995423280
5531995423294
5531995423302
5531995423303
5531995423306
5531995423385
5531995423397
5531995423450
5531995423458
5531995423499
5531995423506
5531995423507
5531995423515
5531995423526
5531995423539
5531995423556
5531995423610
5531995423700
5531995423721
5531995423762
5531995423784
5531995423788
5531995423817
5531995423824
5531995423837
5531995423912
5531995423944
5531995423957
5531995424011
5531995424023
5531995424077
5531995424087
5531995424096
5531995424097
5531995424143
5531995424207
5531995424218
5531995424227
5531995424235
5531995424249
5531995424261
5531995424272
5531995424342
5531995424350
5531995424425
5531995424441
5531995424468
5531995424510
5531995424531
5531995424556
5531995424576
5531995424648
5531995424661
5531995424715
5531995424783
5531995424813
5531995424858
5531995424875
5531995424892
5531995424964
5531995424994
5531995424996
5531995425010
5531995425042
5531995425061
5531995425121
5531995425146
5531995425154
5531995425162
5531995425165
5531995425182
5531995425220
5531995425249
5531995425263
5531995425274
5531995425275
5531995425285
5531995425288
5531995425384
5531995425393
5531995425414
5531995425428
5531995425461
5531995425467
5531995425485
5531995425496
5531995425500
5531995425511
5531995425520
5531995425556
5531995425614
5531995425629
5531995425654
5531995425697
5531995425789
5531995425824
5531995425895
5531995425903
5531995425938
5531995425962
5531995425995
5531995426024
5531995426052
5531995426095
5531995426141
5531995426143
5531995426154
5531995426179
5531995426182
5531995426195
5531995426255
5531995426257
5531995426292
5531995426300
5531995426303
5531995426320
5531995426357
5531995426381
5531995426402
5531995426426
5531995426433
5531995426478
5531995426511
5531995426600
5531995426620
5531995426685
5531995426790
5531995426832
5531995426853
5531995426884
5531995426907
5531995427003
5531995427048
5531995427057
5531995427100
5531995427103
5531995427107
5531995427130
5531995427146
5531995427168
5531995427170
5531995427180
5531995427213
5531995427221
5531995427247
5531995427262
5531995427288
5531995427294
5531995427306
5531995427342
5531995427348
5531995427357
5531995427366
5531995427368
5531995427379
5531995427432
5531995427446
5531995427472
5531995427534
5531995427567
5531995427593
5531995427600
5531995427657
5531995427684
5531995427691
5531995427692
5531995427704
5531995427730
5531995427854
5531995427883
5531995427911
5531995427917
5531995427992
5531995428051
5531995428080
5531995428141
5531995428163
5531995428189
5531995428207
5531995428234
5531995428281
5531995428308
5531995428388
5531995428420
5531995428430
5531995428464
5531995428470
5531995428517
5531995428555
5531995428577
5531995428586
5531995428603
5531995428606
5531995428627
5531995428652
5531995428656
5531995428685
5531995428761
5531995428801
5531995428809
5531995428812
5531995428829
5531995428897
5531995428903
5531995428927
5531995428952
5531995428967
5531995428982
5531995429007
5531995429063
5531995429100
5531995429121
5531995429129
5531995429140
5531995429161
5531995429177
5531995429222
5531995429224
5531995429248
5531995429252
5531995429277
5531995429287
5531995429291
5531995429395
5531995429397
5531995429420
5531995429423
5531995429510
5531995429584
5531995429595
5531995429596
5531995429614
5531995429636
5531995429648
5531995429662
5531995429671
5531995429695
5531995429731
5531995429780
5531995429784
5531995429798
5531995429800
5531995429852
5531995429853
5531995429910
5531995429944
5531995429945
5531995429952
5531995429962
5531995430044
5531995430048
5531995430056
5531995430078
5531995430204
5531995430226
5531995430231
5531995430303
5531995430307
5531995430372
5531995430460
5531995430473
5531995430484
5531995430523
5531995430638
5531995430651
5531995430652
5531995430664
5531995430666
5531995430731
5531995430804
5531995430846
5531995430872
5531995430901
5531995430911
5531995430916
5531995430929
5531995430943
5531995430976
5531995431005
5531995431023
5531995431027
5531995431079
5531995431086
5531995431129
5531995431146
5531995431155
5531995431181
5531995431212
5531995431217
5531995431243
5531995431262
5531995431263
5531995431284
5531995431289
5531995431321
5531995431327
5531995431346
5531995431365
5531995431382
5531995431563
5531995431605
5531995431688
5531995431690
5531995431763
5531995431787
5531995431809
5531995431814
5531995431834
5531995431854
5531995431860
5531995431870
5531995431891
5531995431894
5531995431904
5531995431951
5531995431960
5531995431975
5531995431992
5531995432037
5531995432039
5531995432044
5531995432046
5531995432102
5531995432107
5531995432125
5531995432275
5531995432286
5531995432298
5531995432380
5531995432439
5531995432445
5531995432520
5531995432549
5531995432559
5531995432567
5531995432589
5531995432596
5531995432616
5531995432627
5531995432702
5531995432733
5531995432741
5531995432766
5531995432836
5531995432840
5531995432872
5531995432913
5531995432914
5531995432926
5531995432992
5531995433049
5531995433104
5531995433130
5531995433134
5531995433135
5531995433140
5531995433154
5531995433183
5531995433263
5531995433291
5531995433354
5531995433358
5531995433417
5531995433421
5531995433431
5531995433445
5531995433469
5531995433482
5531995433490
5531995433533
5531995433536
5531995433547
5531995433557
5531995433635
5531995433639
5531995433754
5531995433952
5531995433961
5531995433985
5531995433995
5531995433998
5531995434067
5531995434095
5531995434120
5531995434154
5531995434155
5531995434204
5531995434212
5531995434215
5531995434224
5531995434229
5531995434253
5531995434335
5531995434366
5531995434401
5531995434414
5531995434435
5531995434454
5531995434461
5531995434462
5531995434475
5531995434484
5531995434492
5531995434509
5531995434520
5531995434530
5531995434562
5531995434573
5531995434641
5531995434696
5531995434716
5531995434720
5531995434727
5531995434764
5531995434774
5531995434791
5531995434830
5531995434842
5531995434891
5531995434932
5531995434949
5531995434951
5531995435002
5531995435036
5531995435042
5531995435067
5531995435126
5531995435147
5531995435221
5531995435252
5531995435287
5531995435288
5531995435296
5531995435303
5531995435334
5531995435337
5531995435397
5531995435410
5531995435441
5531995435481
5531995435534
5531995435542
5531995435548
5531995435553
5531995435558
5531995435579
5531995435669
5531995435707
5531995435725
5531995435727
5531995435757
5531995435759
5531995435792
5531995435885
5531995436008
5531995436038
5531995436119
5531995436176
5531995436179
5531995436192
5531995436241
5531995436242
5531995436305
5531995436349
5531995436359
5531995436364
5531995436369
5531995436413
5531995436488
5531995436512
5531995436534
5531995436554
5531995436572
5531995436578
5531995436618
5531995436665
5531995436705
5531995436717
5531995436745
5531995436763
5531995436767
5531995436796
5531995436817
5531995436901
5531995436919
5531995436941
5531995436952
5531995436973
5531995437008
5531995437051
5531995437052
5531995437089
5531995437091
5531995437108
5531995437111
5531995437114
5531995437142
5531995437156
5531995437184
5531995437211
5531995437248
5531995437252
5531995437254
5531995437274
5531995437303
5531995437318
5531995437347
5531995437364
5531995437369
5531995437401
5531995437426
5531995437461
5531995437640
5531995437665
5531995437670
5531995437704
5531995437725
5531995437737
5531995437821
5531995437843
5531995437844
5531995437960
5531995437967
5531995437994
5531995438005
5531995438049
5531995438065
5531995438066
5531995438072
5531995438074
5531995438096
5531995438102
5531995438124
5531995438293
5531995438366
5531995438373
5531995438389
5531995438466
5531995438468
5531995438488
5531995438576
5531995438592
5531995438608
5531995438611
5531995438629
5531995438642
5531995438679
5531995438704
5531995438709
5531995438777
5531995438797
5531995438805
5531995438836
5531995438861
5531995438887
5531995438900
5531995438921
5531995438928
5531995438931
5531995438937
5531995439014
5531995439091
5531995439181
5531995439218
5531995439229
5531995439241
5531995439250
5531995439261
5531995439311
5531995439337
5531995439354
5531995439429
5531995439475
5531995439480
5531995439526
5531995439528
5531995439544
5531995439612
5531995439617
5531995439624
5531995439649
5531995439663
5531995439782
5531995439795
5531995439803
5531995439815
5531995439891
5531995439909
5531995439915
5531995439969
5531995439992
5531995440022
5531995440115
5531995440135
5531995440136
5531995440162
5531995440192
5531995440206
5531995440279
5531995440284
5531995440324
5531995440370
5531995440445
5531995440454
5531995440491
5531995440501
5531995440519
5531995440529
5531995440569
5531995440588
5531995440602
5531995440658
5531995440660
5531995440688
5531995440751
5531995440791
5531995440792
5531995440802
5531995440805
5531995440817
5531995440856
5531995440897
5531995440918
5531995441003
5531995441015
5531995441022
5531995441035
5531995441041
5531995441049
5531995441063
5531995441072
5531995441073
5531995441113
5531995441117
5531995441140
5531995441151
5531995441215
5531995441266
5531995441308
5531995441322
5531995441326
5531995441330
5531995441404
5531995441422
5531995441445
5531995441450
5531995441479
5531995441480
5531995441499
5531995441536
5531995441607
5531995441608
5531995441619
5531995441658
5531995441669
5531995441683
5531995441738
5531995441770
5531995441772
5531995441779
5531995441783
5531995441798
5531995441804
5531995441807
5531995441819
5531995441828
5531995441830
5531995441860
5531995441866
5531995441914
5531995441922
5531995441942
5531995441961
5531995441990
5531995441992
5531995441996
5531995442130
5531995442182
5531995442184
5531995442192
5531995442218
5531995442226
5531995442352
5531995442364
5531995442462
5531995442532
5531995442542
5531995442566
5531995442625
5531995442679
5531995442710
5531995442747
5531995442787
5531995442835
5531995442842
5531995442848
5531995442914
5531995442916
5531995442928
5531995442955
5531995443057
5531995443086
5531995443102
5531995443114
5531995443132
5531995443151
5531995443168
5531995443183
5531995443189
5531995443192
5531995443294
5531995443322
5531995443393
5531995443423
5531995443432
5531995443459
5531995443484
5531995443576
5531995443579
5531995443625
5531995443669
5531995443744
5531995443754
5531995443757
5531995443758
5531995443765
5531995443772
5531995443826
5531995443828
5531995443874
5531995443951
5531995443960
5531995443975
5531995443988
5531995443992
5531995444008
5531995444032
5531995444036
5531995444077
5531995444081
5531995444093
5531995444123
5531995444184
5531995444208
5531995444236
5531995444242
5531995444254
5531995444296
5531995444315
5531995444325
5531995444329
5531995444335
5531995444358
5531995444366
5531995444401
5531995444422
5531995444447
5531995444500
5531995444537
5531995444571
5531995444604
5531995444644
5531995444695
5531995444724
5531995444744
5531995444753
5531995444756
5531995444760
5531995444777
5531995444813
5531995444814
5531995444860
5531995444867
5531995444897
5531995444903
5531995444908
5531995444940
5531995444970
5531995444984
5531995444989
5531995444994
5531995445009
5531995445020
5531995445041
5531995445047
5531995445112
5531995445128
5531995445182
5531995445193
5531995445197
5531995445208
5531995445210
5531995445264
5531995445315
5531995445398
5531995445413
5531995445436
5531995445438
5531995445478
5531995445482
5531995445522
5531995445536
5531995445612
5531995445674
5531995445703
5531995445706
5531995445740
5531995445760
5531995445770
5531995445807
5531995445831
5531995445886
5531995445945
5531995445957
5531995445959
5531995445962
5531995446022
5531995446053
5531995446077
5531995446098
5531995446109
5531995446121
5531995446201
5531995446210
5531995446217
5531995446229
5531995446233
5531995446238
5531995446255
5531995446299
5531995446314
5531995446364
5531995446367
5531995446388
5531995446407
5531995446412
5531995446436
5531995446444
5531995446482
5531995446496
5531995446497
5531995446546
5531995446556
5531995446573
5531995446601
5531995446684
5531995446742
5531995446764
5531995446808
5531995446830
5531995446874
5531995446878
5531995446962
5531995446994
5531995447002
5531995447009
5531995447058
5531995447072
5531995447076
5531995447098
5531995447127
5531995447136
5531995447175
5531995447181
5531995447217
5531995447224
5531995447238
5531995447287
5531995447306
5531995447312
5531995447317
5531995447333
5531995447402
5531995447418
5531995447419
5531995447426
5531995447431
5531995447444
5531995447459
5531995447484
5531995447504
5531995447529
5531995447558
5531995447576
5531995447677
5531995447705
5531995447739
5531995447764
5531995447766
5531995447807
5531995447852
5531995447854
5531995447883
5531995447926
5531995447931
5531995447978
5531995447979
5531995447991
5531995448030
5531995448033
5531995448063
5531995448155
5531995448274
5531995448282
5531995448335
5531995448365
5531995448382
5531995448402
5531995448417
5531995448425
5531995448479
5531995448495
5531995448519
5531995448537
5531995448584
5531995448599
5531995448613
5531995448624
5531995448626
5531995448635
5531995448650
5531995448655
5531995448688
5531995448710
5531995448740
5531995448791
5531995448847
5531995448869
5531995448872
5531995449004
5531995449041
5531995449085
5531995449170
5531995449194
5531995449202
5531995449231
5531995449342
5531995449355
5531995449455
5531995449492
5531995449506
5531995449515
5531995449521
5531995449533
5531995449602
5531995449609
5531995449614
5531995449634
5531995449651
5531995449685
5531995449694
5531995449698
5531995449703
5531995449713
5531995449730
5531995449820
5531995449844
5531995449891
5531995449918
5531995449959
5531995449969
5531995450044
5531995450052
5531995450054
5531995450105
5531995450175
5531995450201
5531995450212
5531995450228
5531995450236
5531995450259
5531995450273
5531995450280
5531995450299
5531995450349
5531995450377
5531995450397
5531995450404
5531995450420
5531995450466
5531995450481
5531995450497
5531995450521
5531995450532
5531995450564
5531995450567
5531995450572
5531995450613
5531995450637
5531995450689
5531995450765
5531995450810
5531995450822
5531995450876
5531995450944
5531995450998
5531995451006
5531995451012
5531995451108
5531995451146
5531995451168
5531995451172
5531995451177
5531995451215
5531995451237
5531995451249
5531995451315
5531995451327
5531995451348
5531995451369
5531995451409
5531995451416
5531995451444
5531995451580
5531995451615
5531995451722
5531995451732
5531995451740
5531995451749
5531995451790
5531995451792
5531995451809
5531995451825
5531995451833
5531995451839
5531995451844
5531995451863
5531995451865
5531995451919
5531995451968
5531995451989
5531995452072
5531995452096
5531995452142
5531995452144
5531995452146
5531995452147
5531995452148
5531995452150
5531995452165
5531995452190
5531995452203
5531995452204
5531995452215
5531995452221
5531995452264
5531995452290
5531995452310
5531995452375
5531995452427
5531995452429
5531995452474
5531995452497
5531995452506
5531995452521
5531995452530
5531995452559
5531995452616
5531995452633
5531995452654
5531995452668
5531995452732
5531995452765
5531995452770
5531995452814
5531995452817
5531995452846
5531995452877
5531995452900
5531995452905
5531995452992
5531995453048
5531995453082
5531995453123
5531995453126
5531995453131
5531995453220
5531995453235
5531995453244
5531995453277
5531995453283
5531995453284
5531995453359
5531995453442
5531995453449
5531995453471
5531995453475
5531995453493
5531995453507
5531995453530
5531995453535
5531995453541
5531995453638
5531995453652
5531995453662
5531995453667
5531995453668
5531995453779
5531995453787
5531995453811
5531995453837
5531995453871
5531995453874
5531995453883
5531995453941
5531995453944
5531995454050
5531995454072
5531995454075
5531995454154
5531995454191
5531995454206
5531995454222
5531995454228
5531995454279
5531995454336
5531995454373
5531995454383
5531995454466
5531995454475
5531995454503
5531995454504
5531995454506
5531995454532
5531995454590
5531995454626
5531995454670
5531995454681
5531995454694
5531995454707
5531995454779
5531995454802
5531995454822
5531995454853
5531995454931
5531995454936
5531995454973
5531995454997
5531995455001
5531995455016
5531995455017
5531995455030
5531995455089
5531995455093
5531995455146
5531995455169
5531995455185
5531995455276
5531995455307
5531995455330
5531995455343
5531995455414
5531995455421
5531995455448
5531995455485
5531995455587
5531995455614
5531995455634
5531995455652
5531995455709
5531995455778
5531995455785
5531995455797
5531995455806
5531995455827
5531995455911
5531995455920
5531995455933
5531995455938
5531995455946
5531995455959
5531995455973
5531995455975
5531995455985
5531995456006
5531995456055
5531995456066
5531995456079
5531995456090
5531995456104
5531995456154
5531995456177
5531995456199
5531995456235
5531995456242
5531995456244
5531995456254
5531995456258
5531995456267
5531995456288
5531995456336
5531995456348
5531995456351
5531995456373
5531995456380
5531995456476
5531995456480
5531995456500
5531995456505
5531995456507
5531995456519
5531995456530
5531995456592
5531995456622
5531995456643
5531995456674
5531995456680
5531995456698
5531995456705
5531995456716
5531995456719
5531995456739
5531995456782
5531995456807
5531995456834
5531995456850
5531995456893
5531995456914
5531995456921
5531995456981
5531995456984
5531995457008
5531995457080
5531995457083
5531995457099
5531995457120
5531995457137
5531995457149
5531995457181
5531995457217
5531995457225
5531995457259
5531995457260
5531995457268
5531995457316
5531995457331
5531995457341
5531995457357
5531995457358
5531995457375
5531995457421
5531995457445
5531995457449
5531995457521
5531995457524
5531995457563
5531995457581
5531995457590
5531995457597
5531995457642
5531995457672
5531995457687
5531995457689
5531995457700
5531995457702
5531995457729
5531995457746
5531995457757
5531995457780
5531995457799
5531995457887
5531995457889
5531995457913
5531995457915
5531995457952
5531995457970
5531995458022
5531995458053
5531995458074
5531995458111
5531995458129
5531995458152
5531995458184
5531995458194
5531995458196
5531995458277
5531995458285
5531995458303
5531995458318
5531995458331
5531995458380
5531995458400
5531995458454
5531995458474
5531995458552
5531995458611
5531995458646
5531995458685
5531995458714
5531995458809
5531995458818
5531995458851
5531995458915
5531995458956
5531995458960
5531995458966
5531995458976
5531995459009
5531995459106
5531995459128
5531995459134
5531995459228
5531995459231
5531995459250
5531995459287
5531995459317
5531995459329
5531995459336
5531995459338
5531995459340
5531995459346
5531995459359
5531995459424
5531995459431
5531995459442
5531995459445
5531995459448
5531995459540
5531995459560
5531995459590
5531995459592
5531995459621
5531995459645
5531995459684
5531995459692
5531995459712
5531995459713
5531995459776
5531995459777
5531995459808
5531995459830
5531995459850
5531995459915
5531995459926
5531995459940
5531995459953
5531995459970
5531995459978
5531995459997
5531995460039
5531995460061
5531995460106
5531995460109
5531995460149
5531995460161
5531995460276
5531995460303
5531995460306
5531995460345
5531995460391
5531995460560
5531995460561
5531995460599
5531995460604
5531995460614
5531995460618
5531995460650
5531995460654
5531995460666
5531995460672
5531995460674
5531995460689
5531995460716
5531995460783
5531995460810
5531995460834
5531995460837
5531995460842
5531995460855
5531995461002
5531995461003
5531995461013
5531995461026
5531995461035
5531995461045
5531995461102
5531995461117
5531995461188
5531995461192
5531995461193
5531995461232
5531995461290
5531995461326
5531995461421
5531995461423
5531995461440
5531995461470
5531995461490
5531995461579
5531995461597
5531995461665
5531995461703
5531995461822
5531995461863
5531995461922
5531995461926
5531995461930
5531995461932
5531995461936
5531995461938
5531995461982
5531995462007
5531995462021
5531995462043
5531995462066
5531995462078
5531995462085
5531995462110
5531995462152
5531995462192
5531995462196
5531995462216
5531995462227
5531995462228
5531995462239
5531995462257
5531995462289
5531995462308
5531995462356
5531995462382
5531995462408
5531995462409
5531995462425
5531995462443
5531995462458
5531995462463
5531995462465
5531995462474
5531995462507
5531995462536
5531995462589
5531995462667
5531995462701
5531995462709
5531995462713
5531995462731
5531995462749
5531995462762
5531995462817
5531995462848
5531995462849
5531995462866
5531995462878
5531995462891
5531995462896
5531995462909
5531995462927
5531995462929
5531995462961
5531995462964
5531995463005
5531995463015
5531995463020
5531995463060
5531995463114
5531995463127
5531995463151
5531995463198
5531995463210
5531995463233
5531995463261
5531995463280
5531995463332
5531995463334
5531995463373
5531995463377
5531995463417
5531995463435
5531995463477
5531995463496
5531995463544
5531995463603
5531995463609
5531995463644
5531995463665
5531995463675
5531995463701
5531995463704
5531995463707
5531995463708
5531995463720
5531995463730
5531995463742
5531995463745
5531995463751
5531995463760
5531995463817
5531995463857
5531995463862
5531995463926
5531995463947
5531995463976
5531995463987
5531995463994
5531995464082
5531995464084
5531995464149
5531995464189
5531995464201
5531995464272
5531995464289
5531995464304
5531995464360
5531995464361
5531995464364
5531995464412
5531995464448
5531995464464
5531995464477
5531995464494
5531995464549
5531995464555
5531995464564
5531995464565
5531995464566
5531995464575
5531995464580
5531995464589
5531995464591
5531995464599
5531995464600
5531995464604
5531995464652
5531995464689
5531995464713
5531995464726
5531995464745
5531995464746
5531995464773
5531995464866
5531995464872
5531995464882
5531995464885
5531995464898
5531995464936
5531995464957
5531995464963
5531995464971
5531995465008
5531995465158
5531995465174
5531995465176
5531995465217
5531995465245
5531995465276
5531995465292
5531995465303
5531995465321
5531995465329
5531995465331
5531995465389
5531995465407
5531995465419
5531995465422
5531995465466
5531995465484
5531995465501
5531995465520
5531995465577
5531995465582
5531995465656
5531995465675
5531995465725
5531995465743
5531995465784
5531995465802
5531995465816
5531995465821
5531995465882
5531995465890
5531995465914
5531995465938
5531995465942
5531995466067
5531995466098
5531995466162
5531995466195
5531995466202
5531995466207
5531995466233
5531995466244
5531995466262
5531995466361
5531995466371
5531995466422
5531995466431
5531995466485
5531995466509
5531995466535
5531995466599
5531995466607
5531995466611
5531995466617
5531995466699
5531995466720
5531995466837
5531995466852
5531995466855
5531995466865
5531995466881
5531995466884
5531995466895
5531995466918
5531995466929
5531995466959
5531995466963
5531995466976
5531995466992
5531995466999
5531995467035
5531995467085
5531995467086
5531995467163
5531995467185
5531995467358
5531995467376
5531995467409
5531995467432
5531995467438
5531995467446
5531995467458
5531995467493
5531995467545
5531995467677
5531995467750
5531995467761
5531995467790
5531995467796
5531995467827
5531995467835
5531995467836
5531995467867
5531995467879
