5511992766125
5511992766141
5511992766155
5511992766195
5511992766205
5511992766207
5511992766332
5511992766334
5511992766356
5511992766358
5511992766391
5511992766422
5511992766427
5511992766437
5511992766442
5511992766443
5511992766465
5511992766485
5511992766515
5511992766531
5511992766540
5511992766564
5511992766566
5511992766623
5511992766630
5511992766656
5511992766696
5511992766710
5511992766715
5511992766716
5511992766756
5511992766760
5511992766795
5511992766807
5511992766922
5511992766995
5511992766997
5511992767018
5511992767119
5511992767209
5511992767261
5511992767300
5511992767330
5511992767379
5511992767458
5511992767526
5511992767529
5511992767544
5511992767663
5511992767675
5511992767685
5511992767778
5511992767901
5511992767955
5511992768028
5511992768047
5511992768112
5511992768121
5511992768139
5511992768185
5511992768190
5511992768192
5511992768195
5511992768251
5511992768252
5511992768303
5511992768343
5511992768388
5511992768432
5511992768454
5511992768457
5511992768466
5511992768493
5511992768533
5511992768584
5511992768597
5511992768633
5511992768642
5511992768700
5511992768738
5511992768777
5511992768800
5511992768802
5511992768863
5511992768883
5511992768896
5511992768940
5511992768949
5511992768961
5511992768974
5511992768982
5511992769075
5511992769082
5511992769103
5511992769136
5511992769137
5511992769209
5511992769213
5511992769222
5511992769239
5511992769257
5511992769264
5511992769273
5511992769324
5511992769369
5511992769431
5511992769440
5511992769461
5511992769505
5511992769525
5511992769544
5511992769596
5511992769608
5511992769654
5511992769662
5511992769763
5511992769816
5511992769921
5511992769930
5511992770006
5511992770095
5511992770102
5511992770118
5511992770126
5511992770141
5511992770196
5511992770203
5511992770205
5511992770262
5511992770272
5511992770276
5511992770285
5511992770301
5511992770334
5511992770340
5511992770342
5511992770347
5511992770397
5511992770420
5511992770430
5511992770432
5511992770464
5511992770500
5511992770502
5511992770503
5511992770508
5511992770512
5511992770537
5511992770538
5511992770550
5511992770567
5511992770581
5511992770586
5511992770588
5511992770599
5511992770602
5511992770626
5511992770636
5511992770645
5511992770666
5511992770694
5511992770699
5511992770774
5511992770888
5511992770890
5511992771007
5511992771023
5511992771033
5511992771040
5511992771042
5511992771059
5511992771112
5511992771126
5511992771162
5511992771182
5511992771195
5511992771207
5511992771217
5511992771276
5511992771300
5511992771305
5511992771314
5511992771320
5511992771331
5511992771333
5511992771348
5511992771351
5511992771368
5511992771374
5511992771382
5511992771438
5511992771455
5511992771461
5511992771480
5511992771520
5511992771545
5511992771560
5511992771662
5511992771731
5511992771737
5511992771774
5511992771833
5511992771844
5511992771849
5511992771870
5511992771905
5511992771918
5511992771951
5511992771956
5511992772002
5511992772006
5511992772053
5511992772132
5511992772141
5511992772142
5511992772154
5511992772173
5511992772219
5511992772303
5511992772325
5511992772370
5511992772375
5511992772427
5511992772448
5511992772484
5511992772492
5511992772506
5511992772532
5511992772552
5511992772599
5511992772604
5511992772633
5511992772683
5511992772712
5511992772729
5511992772732
5511992772734
5511992772736
5511992772742
5511992772772
5511992772791
5511992772796
5511992772806
5511992772811
5511992772821
5511992772827
5511992772850
5511992772855
5511992772857
5511992772883
5511992772900
5511992772901
5511992772946
5511992773013
5511992773040
5511992773073
5511992773137
5511992773141
5511992773156
5511992773162
5511992773169
5511992773195
5511992773200
5511992773247
5511992773270
5511992773271
5511992773275
5511992773295
5511992773317
5511992773358
5511992773397
5511992773405
5511992773429
5511992773454
5511992773457
5511992773463
5511992773467
5511992773481
5511992773497
5511992773499
5511992773505
5511992773513
5511992773523
5511992773547
5511992773556
5511992773558
5511992773560
5511992773565
5511992773582
5511992773636
5511992773644
5511992773645
5511992773682
5511992773711
5511992773716
5511992773729
5511992773737
5511992773762
5511992773766
5511992773772
5511992773780
5511992773805
5511992773813
5511992773845
5511992773852
5511992773862
5511992773873
5511992773884
5511992773923
5511992773924
5511992773926
5511992773937
5511992773944
5511992773971
5511992774027
5511992774035
5511992774047
5511992774063
5511992774076
5511992774090
5511992774102
5511992774113
5511992774123
5511992774124
5511992774146
5511992774153
5511992774185
5511992774205
5511992774222
5511992774227
5511992774238
5511992774246
5511992774254
5511992774318
5511992774352
5511992774353
5511992774358
5511992774371
5511992774382
5511992774402
5511992774413
5511992774414
5511992774441
5511992774445
5511992774446
5511992774451
5511992774461
5511992774485
5511992774505
5511992774524
5511992774526
5511992774553
5511992774569
5511992774572
5511992774573
5511992774608
5511992774613
5511992774627
5511992774628
5511992774640
5511992774641
5511992774651
5511992774656
5511992774665
5511992774669
5511992774676
5511992774694
5511992774707
5511992774712
5511992774718
5511992774733
5511992774744
5511992774748
5511992774772
5511992774793
5511992774823
5511992774827
5511992774868
5511992774879
5511992774887
5511992774911
5511992774945
5511992774949
5511992774957
5511992774970
5511992774995
5511992775011
5511992775046
5511992775056
5511992775068
5511992775092
5511992775108
5511992775181
5511992775212
5511992775213
5511992775217
5511992775224
5511992775252
5511992775256
5511992775276
5511992775303
5511992775324
5511992775343
5511992775344
5511992775364
5511992775378
5511992775380
5511992775382
5511992775392
5511992775394
5511992775407
5511992775408
5511992775411
5511992775412
5511992775454
5511992775461
5511992775476
5511992775487
5511992775494
5511992775504
5511992775510
5511992775517
5511992775519
5511992775560
5511992775564
5511992775577
5511992775601
5511992775658
5511992775660
5511992775694
5511992775702
5511992775713
5511992775734
5511992775741
5511992775755
5511992775791
5511992775827
5511992775857
5511992775880
5511992775881
5511992775888
5511992775899
5511992775913
5511992775921
5511992775946
5511992775967
5511992775993
5511992776049
5511992776078
5511992776113
5511992776119
5511992776162
5511992776165
5511992776168
5511992776169
5511992776171
5511992776174
5511992776204
5511992776224
5511992776259
5511992776276
5511992776351
5511992776370
5511992776479
5511992776505
5511992776577
5511992776604
5511992776630
5511992776637
5511992776646
5511992776660
5511992776665
5511992776717
5511992776732
5511992776737
5511992776781
5511992776787
5511992776799
5511992776861
5511992776899
5511992776944
5511992777003
5511992777007
5511992777019
5511992777058
5511992777074
5511992777116
5511992777120
5511992777121
5511992777132
5511992777136
5511992777139
5511992777144
5511992777178
5511992777185
5511992777189
5511992777260
5511992777265
5511992777267
5511992777276
5511992777285
5511992777379
5511992777384
5511992777386
5511992777392
5511992777398
5511992777414
5511992777430
5511992777444
5511992777450
5511992777492
5511992777511
5511992777642
5511992777677
5511992777714
5511992777733
5511992777749
5511992777810
5511992777868
5511992777873
5511992777880
5511992777891
5511992777906
5511992777909
5511992777916
5511992777923
5511992777927
5511992777930
5511992778012
5511992778023
5511992778098
5511992778102
5511992778123
5511992778144
5511992778157
5511992778210
5511992778262
5511992778323
5511992778330
5511992778364
5511992778382
5511992778412
5511992778419
5511992778434
5511992778442
5511992778504
5511992778523
5511992778550
5511992778573
5511992778581
5511992778613
5511992778616
5511992778619
5511992778621
5511992778661
5511992778664
5511992778668
5511992778670
5511992778686
5511992778706
5511992778745
5511992778747
5511992778777
5511992778787
5511992778800
5511992778892
5511992778909
5511992778926
5511992778931
5511992778966
5511992778983
5511992778997
5511992779019
5511992779043
5511992779067
5511992779114
5511992779133
5511992779138
5511992779161
5511992779165
5511992779210
5511992779227
5511992779317
5511992779336
5511992779374
5511992779393
5511992779459
5511992779467
5511992779481
5511992779485
5511992779490
5511992779492
5511992779494
5511992779506
5511992779508
5511992779531
5511992779536
5511992779564
5511992779567
5511992779577
5511992779629
5511992779656
5511992779668
5511992779756
5511992779771
5511992779803
5511992779854
5511992779877
5511992779884
5511992779941
5511992779965
5511992779996
5511992780000
5511992780052
5511992780073
5511992780102
5511992780131
5511992780154
5511992780155
5511992780233
5511992780235
5511992780258
5511992780320
5511992780352
5511992780401
5511992780430
5511992780436
5511992780447
5511992780454
5511992780535
5511992780536
5511992780592
5511992780616
5511992780669
5511992780679
5511992780699
5511992780708
5511992780714
5511992780736
5511992780825
5511992780838
5511992780841
5511992780843
5511992780850
5511992780897
5511992780916
5511992781000
5511992781042
5511992781063
5511992781100
5511992781102
5511992781283
5511992781324
5511992781368
5511992781405
5511992781408
5511992781437
5511992781441
5511992781465
5511992781473
5511992781492
5511992781527
5511992781583
5511992781591
5511992781599
5511992781667
5511992781689
5511992781704
5511992781707
5511992781716
5511992781791
5511992781799
5511992781810
5511992781856
5511992781879
5511992781894
5511992781908
5511992781990
5511992781996
5511992782005
5511992782027
5511992782044
5511992782051
5511992782080
5511992782106
5511992782122
5511992782124
5511992782167
5511992782168
5511992782175
5511992782186
5511992782191
5511992782192
5511992782225
5511992782231
5511992782240
5511992782253
5511992782257
5511992782259
5511992782271
5511992782282
5511992782296
5511992782303
5511992782313
5511992782318
5511992782323
5511992782328
5511992782342
5511992782347
5511992782371
5511992782402
5511992782451
5511992782490
5511992782508
5511992782516
5511992782527
5511992782531
5511992782532
5511992782537
5511992782546
5511992782565
5511992782584
5511992782655
5511992782709
5511992782734
5511992782796
5511992782823
5511992782829
5511992782838
5511992782840
5511992782876
5511992782881
5511992782891
5511992782973
5511992782974
5511992783073
5511992783107
5511992783178
5511992783191
5511992783311
5511992783381
5511992783384
5511992783389
5511992783467
5511992783490
5511992783493
5511992783497
5511992783518
5511992783521
5511992783534
5511992783537
5511992783555
5511992783559
5511992783582
5511992783588
5511992783607
5511992783615
5511992783619
5511992783641
5511992783653
5511992783667
5511992783705
5511992783724
5511992783748
5511992783780
5511992783823
5511992783826
5511992783830
5511992783837
5511992783839
5511992783851
5511992783868
5511992783910
5511992783924
5511992783931
5511992783934
5511992783963
5511992783982
5511992784000
5511992784010
5511992784016
5511992784021
5511992784027
5511992784028
5511992784077
5511992784081
5511992784090
5511992784157
5511992784241
5511992784244
5511992784276
5511992784370
5511992784416
5511992784426
5511992784443
5511992784473
5511992784479
5511992784611
5511992784630
5511992784638
5511992784652
5511992784657
5511992784679
5511992784727
5511992784748
5511992784751
5511992784777
5511992784783
5511992784802
5511992784824
5511992784905
5511992784958
5511992784984
5511992784999
5511992785007
5511992785079
5511992785134
5511992785184
5511992785223
5511992785463
5511992785599
5511992785618
5511992785647
5511992785652
5511992785664
5511992785717
5511992785743
5511992785745
5511992785800
5511992785872
5511992785927
5511992785963
5511992785992
5511992785998
5511992786022
5511992786036
5511992786045
5511992786084
5511992786086
5511992786103
5511992786116
5511992786169
5511992786211
5511992786237
5511992786241
5511992786257
5511992786270
5511992786315
5511992786337
5511992786407
5511992786419
5511992786501
5511992786544
5511992786565
5511992786571
5511992786606
5511992786624
5511992786628
5511992786637
5511992786639
5511992786668
5511992786680
5511992786724
5511992786746
5511992786754
5511992786755
5511992786788
5511992786849
5511992786856
5511992786865
5511992786874
5511992786875
5511992786904
5511992786915
5511992786919
5511992786965
5511992787034
5511992787054
5511992787076
5511992787100
5511992787153
5511992787159
5511992787170
5511992787199
5511992787231
5511992787260
5511992787276
5511992787282
5511992787320
5511992787377
5511992787379
5511992787385
5511992787422
5511992787447
5511992787448
5511992787466
5511992787468
5511992787482
5511992787492
5511992787507
5511992787513
5511992787524
5511992787534
5511992787556
5511992787570
5511992787575
5511992787595
5511992787622
5511992787623
5511992787650
5511992787664
5511992787674
5511992787699
5511992787712
5511992787753
5511992787765
5511992787769
5511992787772
5511992787778
5511992787790
5511992787798
5511992787801
5511992787802
5511992787807
5511992787813
5511992787829
5511992787834
5511992787853
5511992787855
5511992787860
5511992787861
5511992787867
5511992787869
5511992787870
5511992787874
5511992787887
5511992787904
5511992787914
5511992787920
5511992787921
5511992787924
5511992787933
5511992787943
5511992787973
5511992788011
5511992788015
5511992788041
5511992788057
5511992788072
5511992788141
5511992788155
5511992788188
5511992788192
5511992788233
5511992788279
5511992788282
5511992788333
5511992788344
5511992788408
5511992788472
5511992788504
5511992788511
5511992788542
5511992788573
5511992788615
5511992788630
5511992788650
5511992788663
5511992788674
5511992788717
5511992788740
5511992788762
5511992788764
5511992789000
5511992789120
5511992789492
5511992789560
5511992789578
5511992789600
5511992789601
5511992789621
5511992789623
5511992789648
5511992789690
5511992789732
5511992789881
5511992789966
5511992789971
5511992789980
5511992789990
5511992789997
5511992790044
5511992790054
5511992790083
5511992790117
5511992790158
5511992790160
5511992790170
5511992790176
5511992790178
5511992790191
5511992790237
5511992790259
5511992790313
5511992790326
5511992790336
5511992790394
5511992790431
5511992790433
5511992790440
5511992790442
5511992790476
5511992790483
5511992790509
5511992790544
5511992790550
5511992790553
5511992790554
5511992790589
5511992790614
5511992790625
5511992790626
5511992790672
5511992790708
5511992790715
5511992790719
5511992790780
5511992790784
5511992790827
5511992790847
5511992790861
5511992790886
5511992790887
5511992790944
5511992790984
5511992790988
5511992791004
5511992791055
5511992791079
5511992791082
5511992791113
5511992791123
5511992791133
5511992791144
5511992791163
5511992791205
5511992791213
5511992791244
5511992791260
5511992791291
5511992791292
5511992791293
5511992791328
5511992791342
5511992791347
5511992791365
5511992791378
5511992791386
5511992791431
5511992791435
5511992791481
5511992791485
5511992791502
5511992791507
5511992791532
5511992791538
5511992791549
5511992791564
5511992791606
5511992791618
5511992791629
5511992791651
5511992791659
5511992791677
5511992791699
5511992791755
5511992791780
5511992791811
5511992791891
5511992791912
5511992791939
5511992791949
5511992791957
5511992791958
5511992791967
5511992791993
5511992792013
5511992792017
5511992792061
5511992792066
5511992792088
5511992792106
5511992792144
5511992792241
5511992792260
5511992792271
5511992792303
5511992792333
5511992792363
5511992792369
5511992792399
5511992792403
5511992792428
5511992792429
5511992792435
5511992792436
5511992792466
5511992792478
5511992792517
5511992792536
5511992792540
5511992792552
5511992792609
5511992792677
5511992792738
5511992792802
5511992792815
5511992792879
5511992792980
5511992792998
5511992793049
5511992793083
5511992793090
5511992793117
5511992793119
5511992793128
5511992793132
5511992793144
5511992793173
5511992793231
5511992793328
5511992793331
5511992793355
5511992793391
5511992793517
5511992793662
5511992793673
5511992793683
5511992793687
5511992793701
5511992793727
5511992793780
5511992793784
5511992793799
5511992793801
5511992793828
5511992793897
5511992793898
5511992793977
5511992794006
5511992794038
5511992794120
5511992794152
5511992794201
5511992794202
5511992794221
5511992794247
5511992794264
5511992794282
5511992794298
5511992794300
5511992794301
5511992794302
5511992794308
5511992794311
5511992794349
5511992794364
5511992794379
5511992794389
5511992794402
5511992794404
5511992794416
5511992794494
5511992794516
5511992794523
5511992794532
5511992794552
5511992794575
5511992794672
5511992794712
5511992794741
5511992794746
5511992794749
5511992794750
5511992794778
5511992794789
5511992794812
5511992794831
5511992794838
5511992794880
5511992794923
5511992794946
5511992794955
5511992794959
5511992794960
5511992795002
5511992795033
5511992795104
5511992795152
5511992795177
5511992795191
5511992795214
5511992795233
5511992795286
5511992795309
5511992795337
5511992795355
5511992795388
5511992795435
5511992795454
5511992795466
5511992795480
5511992795505
5511992795521
5511992795528
5511992795529
5511992795543
5511992795564
5511992795592
5511992795600
5511992795688
5511992795713
5511992795727
5511992795772
5511992795783
5511992795802
5511992795827
5511992795841
5511992795954
5511992795965
5511992795973
5511992796004
5511992796026
5511992796032
5511992796050
5511992796052
5511992796061
5511992796077
5511992796125
5511992796128
5511992796175
5511992796179
5511992796267
5511992796286
5511992796320
5511992796329
5511992796357
5511992796363
5511992796371
5511992796389
5511992796444
5511992796464
5511992796477
5511992796498
5511992796509
5511992796530
5511992796544
5511992796563
5511992796569
5511992796613
5511992796623
5511992796634
5511992796652
5511992796654
5511992796659
5511992796741
5511992796831
5511992796868
5511992796890
5511992796898
5511992796908
5511992796914
5511992796937
5511992796964
5511992796981
5511992796984
5511992796997
5511992797001
5511992797005
5511992797023
5511992797030
5511992797089
5511992797107
5511992797115
5511992797160
5511992797185
5511992797202
5511992797243
5511992797288
5511992797327
5511992797340
5511992797341
5511992797444
5511992797472
5511992797478
5511992797482
5511992797489
5511992797505
5511992797522
5511992797525
5511992797552
5511992797668
5511992797772
5511992797778
5511992797799
5511992797842
5511992797893
5511992797915
5511992797924
5511992797969
5511992797977
5511992798000
5511992798001
5511992798006
5511992798017
5511992798019
5511992798022
5511992798033
5511992798037
5511992798110
5511992798131
5511992798193
5511992798207
5511992798222
5511992798226
5511992798240
5511992798323
5511992798373
5511992798378
5511992798446
5511992798475
5511992798588
5511992798598
5511992798635
5511992798668
5511992798671
5511992798689
5511992798721
5511992798763
5511992798805
5511992798808
5511992798817
5511992798825
5511992798882
5511992798899
5511992798920
5511992798922
5511992798923
5511992798925
5511992798968
5511992798969
5511992799039
5511992799108
5511992799110
5511992799113
5511992799221
5511992799223
5511992799262
5511992799277
5511992799285
5511992799343
5511992799354
5511992799386
5511992799392
5511992799412
5511992799429
5511992799441
5511992799473
5511992799480
5511992799486
5511992799516
5511992799518
5511992799611
5511992799630
5511992799647
5511992799665
5511992799799
5511992799829
5511992799844
5511992799864
5511992799904
5511992799913
5511992799950
5511992799983
5511992799989
5511992800024
5511992800034
5511992800043
5511992800125
5511992800242
5511992800260
5511992800297
5511992800311
5511992800465
5511992800743
5511992800858
5511992800874
5511992800896
5511992800920
5511992800950
5511992800974
5511992801064
5511992801208
5511992801228
5511992801347
5511992801367
5511992801502
5511992801558
5511992801597
5511992801621
5511992801674
5511992801683
5511992801717
5511992801808
5511992801867
5511992801873
5511992801888
5511992801955
5511992801985
5511992802040
5511992802126
5511992802166
5511992802237
5511992802372
5511992802409
5511992802411
5511992802463
5511992802528
5511992802619
5511992802937
5511992802950
5511992803002
5511992803017
5511992803039
5511992803100
5511992803132
5511992803133
5511992803246
5511992803311
5511992803420
5511992803482
5511992803518
5511992803620
5511992803701
5511992803707
5511992803796
5511992803929
5511992803934
5511992803938
5511992804015
5511992804028
5511992804062
5511992804215
5511992804330
5511992804391
5511992804435
5511992804454
5511992804494
5511992804536
5511992804540
5511992804555
5511992804568
5511992804624
5511992804652
5511992804701
5511992804725
5511992804727
5511992804775
5511992804872
5511992804949
5511992804958
5511992804991
5511992805040
5511992805145
5511992805164
5511992805242
5511992805246
5511992805279
5511992805344
5511992805380
5511992805459
5511992805654
5511992805712
5511992805809
5511992805834
5511992805866
5511992805928
5511992806013
5511992806046
5511992806245
5511992806301
5511992806366
5511992806400
5511992806408
5511992806498
5511992806572
5511992806578
5511992806585
5511992806614
5511992806762
5511992806850
5511992807010
5511992807101
5511992807168
5511992807190
5511992807241
5511992807255
5511992807298
5511992807381
5511992807453
5511992807508
5511992807557
5511992807615
5511992807676
5511992807733
5511992807745
5511992807772
5511992807849
5511992807935
5511992807938
5511992808191
5511992808218
5511992808242
5511992808250
5511992808259
5511992808400
5511992808442
5511992808549
5511992808592
5511992808627
5511992808632
5511992808726
5511992808833
5511992808871
5511992808916
5511992808920
5511992809029
5511992809046
5511992809119
5511992809166
5511992809201
5511992809261
5511992809289
5511992809382
5511992809468
5511992809529
5511992809571
5511992809796
5511992809840
5511992809875
5511992810014
5511992810028
5511992810033
5511992810035
5511992810088
5511992810130
5511992810133
5511992810140
5511992810162
5511992810205
5511992810244
5511992810295
5511992810316
5511992810360
5511992810368
5511992810376
5511992810385
5511992810404
5511992810447
5511992810481
5511992810486
5511992810487
5511992810512
5511992810535
5511992810587
5511992810588
5511992810592
5511992810599
5511992810608
5511992810614
5511992810624
5511992810634
5511992810636
5511992810669
5511992810686
5511992810716
5511992810719
5511992810774
5511992810785
5511992810839
5511992810854
5511992810878
5511992810938
5511992810953
5511992810982
5511992810986
5511992810999
5511992811002
5511992811048
5511992811066
5511992811071
5511992811106
5511992811111
5511992811167
5511992811183
5511992811208
5511992811213
5511992811228
5511992811240
5511992811244
5511992811256
5511992811273
5511992811294
5511992811307
5511992811308
5511992811314
5511992811363
5511992811365
5511992811381
5511992811393
5511992811406
5511992811417
5511992811420
5511992811478
5511992811486
5511992811498
5511992811515
5511992811553
5511992811556
5511992811587
5511992811632
5511992811700
5511992811721
5511992811737
5511992811757
5511992811765
5511992811809
5511992811824
5511992811833
5511992811837
5511992811870
5511992811884
5511992811898
5511992811929
5511992811930
5511992811931
5511992811941
5511992811955
5511992811971
5511992811994
5511992812038
5511992812085
5511992812089
5511992812120
5511992812152
5511992812161
5511992812172
5511992812178
5511992812206
5511992812212
5511992812220
5511992812251
5511992812300
5511992812324
5511992812363
5511992812380
5511992812421
5511992812422
5511992812464
5511992812469
5511992812477
5511992812487
5511992812519
5511992812552
5511992812575
5511992812592
5511992812611
5511992812634
5511992812636
5511992812662
5511992812672
5511992812673
5511992812678
5511992812680
5511992812701
5511992812731
5511992812733
5511992812752
5511992812753
5511992812762
5511992812767
5511992812819
5511992812839
5511992812844
5511992812845
5511992812881
5511992812916
5511992812919
5511992812920
5511992812946
5511992813020
5511992813024
5511992813071
5511992813076
5511992813082
5511992813174
5511992813232
5511992813234
5511992813243
5511992813245
5511992813279
5511992813281
5511992813282
5511992813286
5511992813296
5511992813310
5511992813329
5511992813332
5511992813338
5511992813383
5511992813400
5511992813405
5511992813420
5511992813435
5511992813492
5511992813500
5511992813530
5511992813535
5511992813578
5511992813614
5511992813661
5511992813666
5511992813671
5511992813678
5511992813696
5511992813708
5511992813749
5511992813751
5511992813766
5511992813779
5511992813794
5511992813888
5511992813893
5511992813969
5511992813992
5511992813998
5511992814120
5511992814229
5511992814260
5511992814320
5511992814403
5511992814432
5511992814435
5511992814441
5511992814569
5511992814589
5511992814595
5511992814598
5511992814636
5511992814686
5511992814691
5511992814740
5511992814768
5511992814783
5511992814796
5511992814803
5511992814821
5511992814846
5511992814866
5511992814899
5511992814924
5511992814934
5511992814941
5511992814964
5511992814981
5511992814996
5511992815021
5511992815034
5511992815058
5511992815060
5511992815072
5511992815077
5511992815080
5511992815087
5511992815101
5511992815108
5511992815121
5511992815122
5511992815195
5511992815216
5511992815229
5511992815240
5511992815247
5511992815256
5511992815258
5511992815259
5511992815277
5511992815295
5511992815299
5511992815337
5511992815350
5511992815363
5511992815379
5511992815401
5511992815424
5511992815433
5511992815437
5511992815453
5511992815470
5511992815477
5511992815479
5511992815495
5511992815500
5511992815502
5511992815510
5511992815531
5511992815613
5511992815627
5511992815632
5511992815634
5511992815673
5511992815679
5511992815682
5511992815688
5511992815693
5511992815711
5511992815738
5511992815740
5511992815827
5511992815844
5511992815845
5511992815847
5511992815873
5511992815874
5511992815884
5511992815891
5511992815944
5511992815948
5511992815977
5511992815994
5511992815997
5511992816010
5511992816024
5511992816030
5511992816043
5511992816052
5511992816084
5511992816140
5511992816161
5511992816164
5511992816174
5511992816191
5511992816207
5511992816215
5511992816281
5511992816288
5511992816335
5511992816360
5511992816368
5511992816373
5511992816379
5511992816390
5511992816396
5511992816419
5511992816433
5511992816467
5511992816496
5511992816513
5511992816577
5511992816606
5511992816619
5511992816628
5511992816668
5511992816669
5511992816670
5511992816694
5511992816768
5511992816778
5511992816858
5511992816901
5511992816905
5511992816924
5511992816965
5511992816975
5511992816996
5511992816999
5511992817007
5511992817014
5511992817019
5511992817059
5511992817073
5511992817088
5511992817092
5511992817105
5511992817109
5511992817117
5511992817123
5511992817141
5511992817170
5511992817171
5511992817180
5511992817198
5511992817203
5511992817206
5511992817228
5511992817234
5511992817240
5511992817258
5511992817262
5511992817271
5511992817276
5511992817281
5511992817303
5511992817305
5511992817307
5511992817315
5511992817334
5511992817351
5511992817365
5511992817370
5511992817372
5511992817375
5511992817399
5511992817448
5511992817458
5511992817504
5511992817505
5511992817520
5511992817525
5511992817530
5511992817553
5511992817613
5511992817629
5511992817637
5511992817659
5511992817664
5511992817700
5511992817704
5511992817709
5511992817722
5511992817740
5511992817750
5511992817787
5511992817865
5511992817874
5511992817890
5511992817912
5511992817917
5511992817920
5511992817970
5511992817994
5511992818004
5511992818015
5511992818025
5511992818031
5511992818035
5511992818052
5511992818065
5511992818068
5511992818070
5511992818080
5511992818093
5511992818104
5511992818111
5511992818113
5511992818122
5511992818132
5511992818133
5511992818134
5511992818160
5511992818164
5511992818179
5511992818181
5511992818187
5511992818198
5511992818206
5511992818209
5511992818212
5511992818217
5511992818232
5511992818234
5511992818239
5511992818250
5511992818266
5511992818294
5511992818303
5511992818382
5511992818400
5511992818418
5511992818441
5511992818453
5511992818458
5511992818487
5511992818492
5511992818509
5511992818510
5511992818530
5511992818539
5511992818542
5511992818558
