5511992912134
5511992912140
5511992912194
5511992912195
5511992912233
5511992912263
5511992912267
5511992912275
5511992912281
5511992912294
5511992912324
5511992912328
5511992912343
5511992912344
5511992912360
5511992912365
5511992912369
5511992912371
5511992912389
5511992912396
5511992912402
5511992912418
5511992912453
5511992912471
5511992912472
5511992912473
5511992912478
5511992912488
5511992912491
5511992912499
5511992912527
5511992912562
5511992912568
5511992912579
5511992912583
5511992912588
5511992912590
5511992912609
5511992912633
5511992912658
5511992912662
5511992912667
5511992912681
5511992912682
5511992912702
5511992912711
5511992912712
5511992912729
5511992912733
5511992912746
5511992912750
5511992912787
5511992912809
5511992912815
5511992912844
5511992912859
5511992912860
5511992912877
5511992912879
5511992912883
5511992912898
5511992912906
5511992912911
5511992912922
5511992912925
5511992912949
5511992912975
5511992912984
5511992912999
5511992913002
5511992913021
5511992913022
5511992913046
5511992913049
5511992913066
5511992913074
5511992913076
5511992913101
5511992913121
5511992913133
5511992913139
5511992913164
5511992913168
5511992913173
5511992913241
5511992913244
5511992913253
5511992913267
5511992913268
5511992913269
5511992913279
5511992913280
5511992913296
5511992913310
5511992913318
5511992913360
5511992913361
5511992913373
5511992913382
5511992913386
5511992913390
5511992913394
5511992913396
5511992913432
5511992913446
5511992913452
5511992913460
5511992913462
5511992913467
5511992913486
5511992913490
5511992913502
5511992913503
5511992913509
5511992913523
5511992913527
5511992913535
5511992913545
5511992913549
5511992913562
5511992913575
5511992913578
5511992913592
5511992913630
5511992913633
5511992913640
5511992913650
5511992913657
5511992913670
5511992913694
5511992913700
5511992913709
5511992913718
5511992913721
5511992913731
5511992913734
5511992913752
5511992913756
5511992913760
5511992913762
5511992913789
5511992913793
5511992913798
5511992913802
5511992913814
5511992913825
5511992913836
5511992913837
5511992913847
5511992913853
5511992913865
5511992913874
5511992913881
5511992913886
5511992913890
5511992913900
5511992913902
5511992913904
5511992913905
5511992913916
5511992913937
5511992913939
5511992913951
5511992913955
5511992913959
5511992913984
5511992913999
5511992914012
5511992914020
5511992914085
5511992914089
5511992914094
5511992914112
5511992914146
5511992914154
5511992914161
5511992914168
5511992914190
5511992914205
5511992914225
5511992914254
5511992914257
5511992914290
5511992914302
5511992914338
5511992914344
5511992914429
5511992914441
5511992914445
5511992914456
5511992914490
5511992914493
5511992914511
5511992914524
5511992914541
5511992914556
5511992914562
5511992914566
5511992914573
5511992914585
5511992914614
5511992914620
5511992914676
5511992914688
5511992914704
5511992914708
5511992914711
5511992914725
5511992914727
5511992914761
5511992914821
5511992914850
5511992914887
5511992914889
5511992914893
5511992914901
5511992914938
5511992914947
5511992914950
5511992914957
5511992914961
5511992914964
5511992914980
5511992914984
5511992914985
5511992914991
5511992915015
5511992915024
5511992915030
5511992915049
5511992915050
5511992915060
5511992915066
5511992915067
5511992915076
5511992915087
5511992915097
5511992915112
5511992915160
5511992915170
5511992915177
5511992915182
5511992915189
5511992915195
5511992915198
5511992915203
5511992915209
5511992915222
5511992915235
5511992915239
5511992915249
5511992915257
5511992915260
5511992915274
5511992915283
5511992915285
5511992915287
5511992915289
5511992915293
5511992915305
5511992915312
5511992915317
5511992915327
5511992915329
5511992915330
5511992915377
5511992915381
5511992915434
5511992915441
5511992915445
5511992915483
5511992915501
5511992915528
5511992915554
5511992915555
5511992915562
5511992915565
5511992915570
5511992915579
5511992915584
5511992915597
5511992915599
5511992915609
5511992915633
5511992915638
5511992915644
5511992915656
5511992915664
5511992915668
5511992915699
5511992915727
5511992915732
5511992915733
5511992915745
5511992915750
5511992915753
5511992915754
5511992915756
5511992915769
5511992915778
5511992915781
5511992915787
5511992915792
5511992915816
5511992915832
5511992915857
5511992915870
5511992915885
5511992915903
5511992915910
5511992915911
5511992915915
5511992915918
5511992915924
5511992915932
5511992915942
5511992915960
5511992915981
5511992915989
5511992915999
5511992916002
5511992916012
5511992916022
5511992916030
5511992916031
5511992916037
5511992916038
5511992916040
5511992916064
5511992916083
5511992916092
5511992916101
5511992916113
5511992916116
5511992916145
5511992916155
5511992916166
5511992916195
5511992916196
5511992916200
5511992916230
5511992916233
5511992916248
5511992916266
5511992916277
5511992916279
5511992916289
5511992916293
5511992916327
5511992916344
5511992916357
5511992916385
5511992916386
5511992916390
5511992916396
5511992916413
5511992916423
5511992916443
5511992916447
5511992916459
5511992916469
5511992916470
5511992916471
5511992916495
5511992916500
5511992916506
5511992916516
5511992916520
5511992916543
5511992916574
5511992916583
5511992916584
5511992916585
5511992916589
5511992916594
5511992916618
5511992916633
5511992916639
5511992916645
5511992916646
5511992916656
5511992916658
5511992916662
5511992916672
5511992916675
5511992916676
5511992916678
5511992916682
5511992916684
5511992916689
5511992916720
5511992916721
5511992916725
5511992916733
5511992916738
5511992916766
5511992916768
5511992916773
5511992916775
5511992916786
5511992916792
5511992916801
5511992916803
5511992916805
5511992916822
5511992916826
5511992916834
5511992916839
5511992916858
5511992916867
5511992916872
5511992916886
5511992916891
5511992916893
5511992916901
5511992916913
5511992916914
5511992916917
5511992916925
5511992916931
5511992916989
5511992917006
5511992917012
5511992917032
5511992917044
5511992917069
5511992917078
5511992917091
5511992917103
5511992917108
5511992917117
5511992917139
5511992917164
5511992917192
5511992917193
5511992917207
5511992917211
5511992917219
5511992917229
5511992917250
5511992917251
5511992917282
5511992917287
5511992917296
5511992917297
5511992917310
5511992917317
5511992917360
5511992917385
5511992917389
5511992917393
5511992917402
5511992917420
5511992917445
5511992917448
5511992917481
5511992917486
5511992917489
5511992917511
5511992917518
5511992917521
5511992917551
5511992917552
5511992917554
5511992917563
5511992917565
5511992917570
5511992917583
5511992917587
5511992917598
5511992917616
5511992917617
5511992917632
5511992917645
5511992917663
5511992917664
5511992917687
5511992917693
5511992917696
5511992917715
5511992917721
5511992917744
5511992917753
5511992917762
5511992917769
5511992917770
5511992917780
5511992917809
5511992917810
5511992917818
5511992917832
5511992917835
5511992917836
5511992917846
5511992917849
5511992917856
5511992917880
5511992917883
5511992917884
5511992917896
5511992917899
5511992917931
5511992917935
5511992917963
5511992917964
5511992917977
5511992917978
5511992917984
5511992918014
5511992918035
5511992918050
5511992918073
5511992918075
5511992918087
5511992918088
5511992918107
5511992918126
5511992918128
5511992918141
5511992918143
5511992918163
5511992918164
5511992918169
5511992918175
5511992918178
5511992918183
5511992918195
5511992918201
5511992918203
5511992918210
5511992918212
5511992918213
5511992918229
5511992918264
5511992918343
5511992918352
5511992918361
5511992918370
5511992918393
5511992918412
5511992918421
5511992918471
5511992918485
5511992918495
5511992918497
5511992918499
5511992918506
5511992918522
5511992918525
5511992918534
5511992918558
5511992918563
5511992918582
5511992918588
5511992918589
5511992918591
5511992918612
5511992918633
5511992918641
5511992918674
5511992918675
5511992918688
5511992918699
5511992918711
5511992918737
5511992918750
5511992918762
5511992918773
5511992918776
5511992918785
5511992918788
5511992918795
5511992918821
5511992918868
5511992918871
5511992918901
5511992918927
5511992918945
5511992918949
5511992918951
5511992918954
5511992918955
5511992918962
5511992918971
5511992918974
5511992918979
5511992919027
5511992919033
5511992919034
5511992919037
5511992919043
5511992919056
5511992919059
5511992919065
5511992919074
5511992919077
5511992919085
5511992919113
5511992919126
5511992919133
5511992919134
5511992919136
5511992919139
5511992919164
5511992919213
5511992919225
5511992919234
5511992919238
5511992919260
5511992919270
5511992919280
5511992919286
5511992919298
5511992919317
5511992919321
5511992919326
5511992919333
5511992919336
5511992919340
5511992919346
5511992919370
5511992919377
5511992919395
5511992919401
5511992919423
5511992919430
5511992919437
5511992919445
5511992919452
5511992919456
5511992919459
5511992919473
5511992919474
5511992919489
5511992919499
5511992919507
5511992919514
5511992919515
5511992919526
5511992919530
5511992919573
5511992919576
5511992919586
5511992919605
5511992919627
5511992919633
5511992919654
5511992919661
5511992919664
5511992919670
5511992919677
5511992919680
5511992919686
5511992919706
5511992919755
5511992919763
5511992919768
5511992919771
5511992919786
5511992919794
5511992919831
5511992919839
5511992919854
5511992919857
5511992919871
5511992919879
5511992919885
5511992919908
5511992919911
5511992919915
5511992919927
5511992919929
5511992919936
5511992919944
5511992919953
5511992919973
5511992919989
5511992919992
5511992920017
5511992920022
5511992920037
5511992920044
5511992920051
5511992920059
5511992920066
5511992920085
5511992920088
5511992920121
5511992920142
5511992920145
5511992920148
5511992920155
5511992920176
5511992920182
5511992920208
5511992920222
5511992920240
5511992920241
5511992920243
5511992920246
5511992920251
5511992920275
5511992920282
5511992920285
5511992920291
5511992920298
5511992920302
5511992920303
5511992920304
5511992920308
5511992920348
5511992920350
5511992920387
5511992920400
5511992920406
5511992920415
5511992920425
5511992920426
5511992920456
5511992920464
5511992920470
5511992920475
5511992920481
5511992920486
5511992920490
5511992920573
5511992920583
5511992920591
5511992920598
5511992920600
5511992920623
5511992920627
5511992920642
5511992920645
5511992920649
5511992920664
5511992920669
5511992920673
5511992920682
5511992920704
5511992920714
5511992920731
5511992920740
5511992920748
5511992920750
5511992920756
5511992920760
5511992920766
5511992920784
5511992920862
5511992920907
5511992920908
5511992920914
5511992920966
5511992920979
5511992920982
5511992920985
5511992920988
5511992920993
5511992920994
5511992920997
5511992921018
5511992921019
5511992921029
5511992921033
5511992921043
5511992921047
5511992921055
5511992921076
5511992921086
5511992921090
5511992921099
5511992921107
5511992921139
5511992921148
5511992921154
5511992921158
5511992921172
5511992921182
5511992921183
5511992921188
5511992921192
5511992921195
5511992921215
5511992921218
5511992921249
5511992921252
5511992921253
5511992921257
5511992921262
5511992921267
5511992921276
5511992921311
5511992921313
5511992921342
5511992921350
5511992921370
5511992921377
5511992921386
5511992921408
5511992921413
5511992921426
5511992921430
5511992921441
5511992921449
5511992921464
5511992921516
5511992921525
5511992921536
5511992921540
5511992921551
5511992921571
5511992921603
5511992921622
5511992921625
5511992921627
5511992921634
5511992921657
5511992921665
5511992921666
5511992921672
5511992921674
5511992921691
5511992921735
5511992921750
5511992921755
5511992921760
5511992921766
5511992921774
5511992921787
5511992921796
5511992921806
5511992921810
5511992921817
5511992921820
5511992921826
5511992921834
5511992921835
5511992921840
5511992921843
5511992921844
5511992921850
5511992921867
5511992921888
5511992921899
5511992921920
5511992921941
5511992921945
5511992921961
5511992921964
5511992921973
5511992921975
5511992921986
5511992921990
5511992921998
5511992922012
5511992922017
5511992922030
5511992922039
5511992922041
5511992922053
5511992922057
5511992922065
5511992922066
5511992922074
5511992922075
5511992922079
5511992922119
5511992922125
5511992922139
5511992922140
5511992922149
5511992922150
5511992922161
5511992922183
5511992922192
5511992922198
5511992922199
5511992922210
5511992922224
5511992922227
5511992922234
5511992922251
5511992922252
5511992922265
5511992922279
5511992922294
5511992922329
5511992922345
5511992922346
5511992922364
5511992922365
5511992922366
5511992922381
5511992922388
5511992922410
5511992922412
5511992922432
5511992922438
5511992922442
5511992922447
5511992922461
5511992922468
5511992922488
5511992922496
5511992922530
5511992922542
5511992922560
5511992922567
5511992922570
5511992922587
5511992922624
5511992922644
5511992922650
5511992922655
5511992922659
5511992922666
5511992922672
5511992922673
5511992922676
5511992922678
5511992922686
5511992922689
5511992922690
5511992922696
5511992922703
5511992922711
5511992922733
5511992922750
5511992922770
5511992922780
5511992922788
5511992922796
5511992922805
5511992922813
5511992922833
5511992922855
5511992922874
5511992922900
5511992922916
5511992922917
5511992922928
5511992922944
5511992922949
5511992922953
5511992922960
5511992922973
5511992923023
5511992923027
5511992923028
5511992923032
5511992923053
5511992923065
5511992923069
5511992923082
5511992923101
5511992923102
5511992923124
5511992923125
5511992923127
5511992923132
5511992923148
5511992923152
5511992923157
5511992923177
5511992923181
5511992923187
5511992923213
5511992923220
5511992923224
5511992923227
5511992923230
5511992923247
5511992923248
5511992923254
5511992923285
5511992923292
5511992923294
5511992923330
5511992923331
5511992923333
5511992923340
5511992923344
5511992923367
5511992923382
5511992923404
5511992923421
5511992923434
5511992923436
5511992923448
5511992923454
5511992923458
5511992923464
5511992923472
5511992923478
5511992923493
5511992923494
5511992923499
5511992923505
5511992923511
5511992923518
5511992923527
5511992923543
5511992923544
5511992923546
5511992923562
5511992923581
5511992923591
5511992923593
5511992923603
5511992923610
5511992923615
5511992923626
5511992923628
5511992923629
5511992923633
5511992923635
5511992923642
5511992923643
5511992923666
5511992923681
5511992923689
5511992923692
5511992923718
5511992923721
5511992923725
5511992923729
5511992923732
5511992923753
5511992923756
5511992923779
5511992923783
5511992923795
5511992923804
5511992923807
5511992923810
5511992923814
5511992923825
5511992923841
5511992923860
5511992923872
5511992923875
5511992923880
5511992923899
5511992923904
5511992923909
5511992923917
5511992923923
5511992923949
5511992923952
5511992923965
5511992923971
5511992923984
5511992924003
5511992924020
5511992924036
5511992924047
5511992924057
5511992924059
5511992924081
5511992924082
5511992924087
5511992924101
5511992924104
5511992924105
5511992924113
5511992924122
5511992924140
5511992924141
5511992924159
5511992924161
5511992924162
5511992924175
5511992924218
5511992924224
5511992924248
5511992924249
5511992924261
5511992924288
5511992924296
5511992924300
5511992924319
5511992924320
5511992924329
5511992924340
5511992924367
5511992924380
5511992924391
5511992924401
5511992924407
5511992924411
5511992924421
5511992924422
5511992924439
5511992924455
5511992924469
5511992924478
5511992924551
5511992924557
5511992924586
5511992924588
5511992924593
5511992924605
5511992924606
5511992924609
5511992924621
5511992924632
5511992924636
5511992924639
5511992924641
5511992924644
5511992924665
5511992924667
5511992924675
5511992924684
5511992924700
5511992924723
5511992924728
5511992924735
5511992924737
5511992924755
5511992924764
5511992924821
5511992924844
5511992924845
5511992924850
5511992924864
5511992924867
5511992924886
5511992924894
5511992924895
5511992924910
5511992924923
5511992924924
5511992924925
5511992924930
5511992924942
5511992924944
5511992924959
5511992924961
5511992924963
5511992924978
5511992924981
5511992925023
5511992925026
5511992925028
5511992925038
5511992925042
5511992925064
5511992925068
5511992925092
5511992925113
5511992925120
5511992925122
5511992925127
5511992925131
5511992925141
5511992925145
5511992925155
5511992925194
5511992925198
5511992925201
5511992925207
5511992925223
5511992925232
5511992925234
5511992925235
5511992925236
5511992925240
5511992925248
5511992925252
5511992925254
5511992925288
5511992925323
5511992925333
5511992925342
5511992925369
5511992925383
5511992925419
5511992925420
5511992925421
5511992925431
5511992925433
5511992925434
5511992925436
5511992925442
5511992925464
5511992925474
5511992925475
5511992925480
5511992925491
5511992925497
5511992925499
5511992925515
5511992925519
5511992925525
5511992925527
5511992925532
5511992925582
5511992925585
5511992925602
5511992925676
5511992925681
5511992925690
5511992925713
5511992925714
5511992925736
5511992925739
5511992925740
5511992925758
5511992925761
5511992925781
5511992925804
5511992925810
5511992925833
5511992925842
5511992925856
5511992925862
5511992925871
5511992925873
5511992925894
5511992925905
5511992925914
5511992925916
5511992925947
5511992925952
5511992925976
5511992925986
5511992925999
5511992926020
5511992926026
5511992926028
5511992926042
5511992926049
5511992926050
5511992926070
5511992926097
5511992926103
5511992926108
5511992926113
5511992926119
5511992926123
5511992926144
5511992926150
5511992926151
5511992926159
5511992926162
5511992926175
5511992926181
5511992926188
5511992926191
5511992926201
5511992926211
5511992926234
5511992926239
5511992926242
5511992926257
5511992926259
5511992926262
5511992926279
5511992926284
5511992926289
5511992926293
5511992926298
5511992926300
5511992926311
5511992926319
5511992926346
5511992926348
5511992926370
5511992926372
5511992926375
5511992926384
5511992926395
5511992926413
5511992926414
5511992926419
5511992926424
5511992926445
5511992926452
5511992926454
5511992926460
5511992926466
5511992926476
5511992926480
5511992926488
5511992926533
5511992926544
5511992926551
5511992926552
5511992926595
5511992926612
5511992926621
5511992926624
5511992926627
5511992926630
5511992926640
5511992926642
5511992926659
5511992926660
5511992926677
5511992926713
5511992926717
5511992926729
5511992926736
5511992926743
5511992926750
5511992926763
5511992926768
5511992926769
5511992926784
5511992926811
5511992926834
5511992926847
5511992926848
5511992926855
5511992926861
5511992926867
5511992926875
5511992926884
5511992926897
5511992926899
5511992926901
5511992926911
5511992926915
5511992926925
5511992926926
5511992926939
5511992926950
5511992926958
5511992927027
5511992927042
5511992927064
5511992927079
5511992927081
5511992927083
5511992927091
5511992927099
5511992927125
5511992927138
5511992927143
5511992927144
5511992927155
5511992927162
5511992927165
5511992927167
5511992927168
5511992927174
5511992927176
5511992927209
5511992927219
5511992927248
5511992927287
5511992927288
5511992927296
5511992927297
5511992927335
5511992927338
5511992927346
5511992927357
5511992927420
5511992927434
5511992927437
5511992927450
5511992927455
5511992927467
5511992927497
5511992927499
5511992927500
5511992927525
5511992927536
5511992927539
5511992927544
5511992927557
5511992927559
5511992927577
5511992927595
5511992927605
5511992927611
5511992927633
5511992927635
5511992927636
5511992927640
5511992927653
5511992927676
5511992927694
5511992927697
5511992927702
5511992927715
5511992927724
5511992927736
5511992927741
5511992927742
5511992927748
5511992927767
5511992927768
5511992927773
5511992927777
5511992927783
5511992927787
5511992927791
5511992927820
5511992927829
5511992927832
5511992927847
5511992927905
5511992927914
5511992927917
5511992927927
5511992927940
5511992927946
5511992927960
5511992927993
5511992928029
5511992928030
5511992928040
5511992928047
5511992928060
5511992928061
5511992928068
5511992928073
5511992928079
5511992928081
5511992928087
5511992928100
5511992928103
5511992928116
5511992928118
5511992928124
5511992928140
5511992928157
5511992928170
5511992928179
5511992928189
5511992928201
5511992928218
5511992928221
5511992928227
5511992928247
5511992928258
5511992928262
5511992928269
5511992928288
5511992928295
5511992928316
5511992928319
5511992928321
5511992928326
5511992928337
5511992928338
5511992928355
5511992928383
5511992928408
5511992928410
5511992928420
5511992928441
5511992928454
5511992928470
5511992928472
5511992928474
5511992928504
5511992928524
5511992928531
5511992928540
5511992928556
5511992928559
5511992928567
5511992928593
5511992928605
5511992928609
5511992928630
5511992928633
5511992928677
5511992928687
5511992928690
5511992928714
5511992928762
5511992928783
5511992928787
5511992928820
5511992928826
5511992928830
5511992928831
5511992928834
5511992928838
5511992928841
5511992928860
5511992928889
5511992928892
5511992928894
5511992928904
5511992928917
5511992928930
5511992928932
5511992928934
5511992928935
5511992928941
5511992928950
5511992928957
5511992928972
5511992928985
5511992928988
5511992928993
5511992929000
5511992929015
5511992929018
5511992929028
5511992929032
5511992929039
5511992929044
5511992929057
5511992929058
5511992929071
5511992929086
5511992929088
5511992929089
5511992929094
5511992929103
5511992929135
5511992929143
5511992929153
5511992929172
5511992929181
5511992929214
5511992929222
5511992929223
5511992929234
5511992929241
5511992929251
5511992929253
5511992929274
5511992929280
5511992929292
5511992929305
5511992929311
5511992929314
5511992929319
5511992929326
5511992929343
5511992929359
5511992929363
5511992929365
5511992929384
5511992929412
5511992929419
5511992929423
5511992929426
5511992929428
5511992929439
5511992929441
5511992929475
5511992929505
5511992929507
5511992929520
5511992929528
5511992929543
5511992929547
5511992929559
5511992929560
5511992929562
5511992929565
5511992929578
5511992929607
5511992929614
5511992929645
5511992929661
5511992929667
5511992929672
5511992929682
5511992929689
5511992929697
5511992929702
5511992929707
5511992929710
5511992929725
5511992929730
5511992929732
5511992929735
5511992929743
5511992929746
5511992929766
5511992929773
5511992929786
5511992929788
5511992929805
5511992929814
5511992929823
5511992929824
5511992929842
5511992929845
5511992929846
5511992929869
5511992929878
5511992929886
5511992929896
5511992929909
5511992929910
5511992929932
5511992929934
5511992929942
5511992929959
5511992929974
5511992930000
5511992930010
5511992930021
5511992930025
5511992930038
5511992930039
5511992930072
5511992930074
5511992930077
5511992930081
5511992930090
5511992930105
5511992930110
5511992930129
5511992930139
5511992930165
5511992930201
5511992930203
5511992930204
5511992930227
5511992930242
5511992930247
5511992930250
5511992930254
5511992930265
5511992930281
5511992930305
5511992930308
5511992930337
5511992930339
5511992930353
5511992930354
5511992930372
5511992930396
5511992930428
5511992930442
5511992930443
5511992930470
5511992930487
5511992930499
5511992930508
5511992930512
5511992930533
5511992930544
5511992930567
5511992930580
5511992930588
5511992930592
5511992930601
5511992930621
5511992930633
5511992930657
5511992930691
5511992930696
5511992930702
5511992930714
5511992930718
5511992930720
5511992930722
5511992930735
5511992930742
5511992930744
5511992930751
5511992930753
5511992930767
5511992930775
5511992930783
5511992930807
5511992930811
5511992930813
5511992930815
5511992930816
5511992930818
5511992930828
5511992930859
5511992930871
5511992930872
5511992930880
5511992930884
5511992930888
5511992930901
5511992930917
5511992930921
5511992930923
5511992930927
5511992930928
5511992930934
5511992930969
5511992930972
5511992930977
5511992931015
5511992931020
5511992931036
5511992931037
5511992931043
5511992931044
5511992931046
5511992931047
5511992931051
5511992931057
5511992931118
5511992931133
5511992931136
5511992931137
5511992931140
5511992931152
5511992931159
5511992931171
5511992931172
5511992931178
5511992931179
5511992931187
5511992931196
5511992931200
5511992931209
5511992931211
5511992931213
5511992931215
5511992931228
5511992931249
5511992931251
5511992931253
5511992931271
5511992931276
5511992931279
5511992931303
5511992931304
5511992931309
5511992931319
5511992931337
5511992931339
5511992931340
5511992931346
5511992931370
5511992931379
5511992931389
5511992931393
5511992931401
5511992931411
5511992931412
5511992931430
5511992931448
5511992931458
5511992931483
5511992931487
5511992931491
5511992931502
5511992931508
5511992931536
5511992931544
5511992931552
5511992931557
5511992931569
5511992931579
5511992931583
5511992931600
5511992931601
5511992931604
5511992931623
5511992931625
5511992931628
5511992931629
5511992931630
5511992931631
5511992931659
5511992931663
5511992931688
5511992931720
5511992931723
5511992931729
5511992931747
5511992931760
5511992931789
5511992931800
5511992931811
5511992931815
5511992931818
5511992931820
5511992931829
5511992931835
5511992931838
5511992931852
5511992931858
5511992931860
5511992931882
5511992931895
5511992931926
5511992931953
5511992931962
5511992931963
5511992931976
5511992931983
5511992931990
5511992931997
5511992932001
5511992932009
5511992932019
5511992932027
5511992932030
5511992932031
5511992932042
5511992932045
5511992932069
5511992932089
5511992932101
5511992932118
5511992932124
5511992932127
5511992932133
5511992932143
5511992932149
5511992932150
5511992932152
5511992932160
5511992932170
5511992932179
5511992932195
5511992932196
5511992932202
5511992932207
5511992932211
5511992932225
5511992932237
5511992932250
5511992932259
5511992932273
5511992932276
5511992932280
5511992932285
5511992932289
5511992932295
5511992932315
5511992932317
5511992932336
5511992932339
5511992932352
5511992932379
5511992932402
5511992932405
5511992932414
5511992932424
5511992932427
5511992932429
5511992932430
5511992932453
5511992932474
5511992932488
5511992932491
5511992932496
5511992932514
5511992932537
5511992932541
5511992932547
5511992932570
5511992932571
5511992932579
5511992932580
5511992932583
5511992932587
5511992932597
5511992932612
5511992932619
5511992932631
5511992932646
5511992932653
5511992932655
5511992932669
5511992932675
5511992932679
5511992932687
5511992932688
5511992932695
5511992932698
5511992932717
5511992932722
5511992932734
5511992932740
5511992932750
5511992932759
5511992932771
5511992932777
5511992932787
5511992932799
5511992932804
5511992932808
5511992932812
5511992932818
5511992932824
5511992932839
5511992932842
5511992932855
5511992932860
5511992932873
5511992932874
5511992932879
5511992932880
5511992932882
5511992932891
5511992932899
5511992932902
5511992932911
5511992932914
5511992932921
5511992932929
5511992932957
5511992932961
5511992933000
5511992933003
5511992933010
5511992933028
5511992933035
5511992933055
5511992933058
5511992933075
5511992933095
5511992933096
5511992933105
5511992933122
5511992933123
5511992933134
5511992933143
5511992933144
5511992933156
5511992933159
5511992933161
5511992933163
5511992933177
5511992933190
5511992933194
5511992933204
5511992933257
5511992933258
5511992933260
5511992933265
5511992933266
5511992933273
5511992933287
5511992933290
5511992933293
5511992933312
5511992933325
5511992933327
5511992933328
5511992933333
5511992933351
5511992933352
5511992933381
5511992933385
5511992933387
5511992933400
5511992933401
5511992933410
5511992933413
5511992933424
5511992933435
5511992933452
5511992933461
5511992933465
5511992933466
5511992933478
5511992933492
5511992933517
5511992933539
5511992933540
5511992933541
5511992933545
5511992933546
5511992933551
5511992933555
5511992933566
5511992933575
5511992933580
5511992933598
5511992933599
5511992933602
5511992933607
5511992933608
5511992933622
5511992933635
5511992933643
5511992933661
5511992933663
5511992933678
5511992933682
5511992933690
5511992933691
5511992933696
5511992933702
5511992933719
5511992933728
5511992933730
5511992933734
5511992933737
5511992933752
5511992933760
5511992933786
5511992933797
5511992933809
