5511976363312
5511976363315
5511976363319
5511976363320
5511976363321
5511976363322
5511976363324
5511976363326
5511976363327
5511976363328
5511976363329
5511976363330
5511976363331
5511976363333
5511976363337
5511976363338
5511976363340
5511976363342
5511976363345
5511976363346
5511976363347
5511976363352
5511976363354
5511976363358
5511976363359
5511976363366
5511976363369
5511976363372
5511976363375
5511976363378
5511976363379
5511976363380
5511976363384
5511976363385
5511976363388
5511976363389
5511976363391
5511976363393
5511976363395
5511976363396
5511976363397
5511976363398
5511976363399
5511976363400
5511976363401
5511976363403
5511976363404
5511976363407
5511976363411
5511976363412
5511976363413
5511976363416
5511976363420
5511976363421
5511976363424
5511976363425
5511976363426
5511976363427
5511976363430
5511976363431
5511976363432
5511976363435
5511976363436
5511976363437
5511976363439
5511976363440
5511976363442
5511976363446
5511976363448
5511976363449
5511976363450
5511976363456
5511976363459
5511976363460
5511976363461
5511976363462
5511976363464
5511976363465
5511976363473
5511976363474
5511976363476
5511976363478
5511976363479
5511976363480
5511976363483
5511976363484
5511976363485
5511976363489
5511976363493
5511976363496
5511976363502
5511976363503
5511976363505
5511976363506
5511976363507
5511976363509
5511976363510
5511976363511
5511976363512
5511976363516
5511976363518
5511976363519
5511976363520
5511976363521
5511976363523
5511976363524
5511976363525
5511976363528
5511976363529
5511976363530
5511976363534
5511976363536
5511976363538
5511976363539
5511976363540
5511976363541
5511976363542
5511976363544
5511976363545
5511976363547
5511976363548
5511976363549
5511976363551
5511976363552
5511976363554
5511976363560
5511976363561
5511976363563
5511976363565
5511976363568
5511976363573
5511976363575
5511976363576
5511976363577
5511976363578
5511976363583
5511976363585
5511976363586
5511976363587
5511976363588
5511976363590
5511976363593
5511976363596
5511976363598
5511976363599
5511976363600
5511976363601
5511976363603
5511976363604
5511976363606
5511976363608
5511976363609
5511976363610
5511976363612
5511976363618
5511976363621
5511976363625
5511976363629
5511976363630
5511976363634
5511976363637
5511976363641
5511976363642
5511976363643
5511976363645
5511976363646
5511976363651
5511976363652
5511976363653
5511976363656
5511976363657
5511976363659
5511976363661
5511976363662
5511976363664
5511976363667
5511976363668
5511976363670
5511976363675
5511976363676
5511976363681
5511976363684
5511976363687
5511976363688
5511976363690
5511976363691
5511976363693
5511976363694
5511976363697
5511976363698
5511976363700
5511976363702
5511976363707
5511976363713
5511976363715
5511976363717
5511976363719
5511976363724
5511976363725
5511976363726
5511976363729
5511976363732
5511976363733
5511976363734
5511976363737
5511976363739
5511976363741
5511976363747
5511976363748
5511976363749
5511976363751
5511976363753
5511976363759
5511976363761
5511976363765
5511976363766
5511976363769
5511976363770
5511976363771
5511976363772
5511976363773
5511976363778
5511976363783
5511976363784
5511976363785
5511976363789
5511976363792
5511976363793
5511976363794
5511976363795
5511976363797
5511976363799
5511976363801
5511976363802
5511976363804
5511976363805
5511976363808
5511976363812
5511976363814
5511976363815
5511976363816
5511976363818
5511976363821
5511976363822
5511976363825
5511976363828
5511976363829
5511976363834
5511976363838
5511976363839
5511976363840
5511976363841
5511976363842
5511976363847
5511976363848
5511976363850
5511976363852
5511976363855
5511976363858
5511976363860
5511976363862
5511976363870
5511976363871
5511976363873
5511976363874
5511976363876
5511976363877
5511976363878
5511976363880
5511976363881
5511976363882
5511976363883
5511976363886
5511976363887
5511976363888
5511976363890
5511976363894
5511976363896
5511976363898
5511976363899
5511976363900
5511976363901
5511976363907
5511976363915
5511976363916
5511976363917
5511976363918
5511976363922
5511976363924
5511976363925
5511976363926
5511976363927
5511976363935
5511976363937
5511976363940
5511976363943
5511976363945
5511976363946
5511976363949
5511976363950
5511976363953
5511976363954
5511976363956
5511976363957
5511976363958
5511976363959
5511976363962
5511976363964
5511976363965
5511976363966
5511976363968
5511976363971
5511976363972
5511976363973
5511976363975
5511976363976
5511976363978
5511976363980
5511976363983
5511976363984
5511976363987
5511976363988
5511976363989
5511976363991
5511976363993
5511976363994
5511976363995
5511976363998
5511976364001
5511976364002
5511976364003
5511976364004
5511976364005
5511976364008
5511976364009
5511976364010
5511976364012
5511976364013
5511976364017
5511976364018
5511976364022
5511976364023
5511976364025
5511976364029
5511976364030
5511976364032
5511976364036
5511976364040
5511976364041
5511976364044
5511976364045
5511976364046
5511976364048
5511976364050
5511976364053
5511976364055
5511976364056
5511976364057
5511976364059
5511976364060
5511976364063
5511976364065
5511976364066
5511976364068
5511976364069
5511976364072
5511976364073
5511976364074
5511976364075
5511976364076
5511976364077
5511976364079
5511976364080
5511976364089
5511976364091
5511976364092
5511976364096
5511976364097
5511976364102
5511976364104
5511976364108
5511976364111
5511976364113
5511976364114
5511976364117
5511976364118
5511976364119
5511976364120
5511976364122
5511976364126
5511976364128
5511976364131
5511976364132
5511976364134
5511976364141
5511976364143
5511976364151
5511976364152
5511976364153
5511976364155
5511976364156
5511976364158
5511976364159
5511976364161
5511976364162
5511976364165
5511976364169
5511976364175
5511976364176
5511976364177
5511976364180
5511976364182
5511976364186
5511976364188
5511976364197
5511976364199
5511976364200
5511976364203
5511976364206
5511976364212
5511976364215
5511976364216
5511976364220
5511976364224
5511976364225
5511976364228
5511976364231
5511976364232
5511976364233
5511976364235
5511976364236
5511976364238
5511976364242
5511976364243
5511976364244
5511976364245
5511976364247
5511976364254
5511976364257
5511976364258
5511976364264
5511976364265
5511976364266
5511976364267
5511976364270
5511976364271
5511976364272
5511976364273
5511976364274
5511976364275
5511976364277
5511976364279
5511976364283
5511976364285
5511976364286
5511976364287
5511976364288
5511976364290
5511976364292
5511976364293
5511976364294
5511976364295
5511976364300
5511976364302
5511976364304
5511976364306
5511976364312
5511976364314
5511976364316
5511976364317
5511976364318
5511976364319
5511976364321
5511976364322
5511976364323
5511976364326
5511976364327
5511976364329
5511976364330
5511976364336
5511976364337
5511976364341
5511976364343
5511976364344
5511976364345
5511976364348
5511976364349
5511976364350
5511976364351
5511976364352
5511976364353
5511976364354
5511976364357
5511976364360
5511976364362
5511976364366
5511976364367
5511976364369
5511976364370
5511976364373
5511976364374
5511976364375
5511976364376
5511976364377
5511976364378
5511976364379
5511976364380
5511976364382
5511976364384
5511976364385
5511976364387
5511976364389
5511976364390
5511976364391
5511976364395
5511976364396
5511976364400
5511976364402
5511976364403
5511976364404
5511976364409
5511976364410
5511976364412
5511976364413
5511976364415
5511976364416
5511976364417
5511976364418
5511976364419
5511976364420
5511976364423
5511976364426
5511976364431
5511976364432
5511976364434
5511976364435
5511976364436
5511976364437
5511976364438
5511976364440
5511976364442
5511976364445
5511976364447
5511976364453
5511976364455
5511976364456
5511976364457
5511976364460
5511976364461
5511976364473
5511976364474
5511976364476
5511976364478
5511976364479
5511976364482
5511976364485
5511976364486
5511976364492
5511976364499
5511976364500
5511976364507
5511976364512
5511976364513
5511976364516
5511976364517
5511976364520
5511976364523
5511976364527
5511976364530
5511976364532
5511976364533
5511976364537
5511976364539
5511976364541
5511976364547
5511976364550
5511976364552
5511976364554
5511976364555
5511976364557
5511976364559
5511976364560
5511976364565
5511976364566
5511976364567
5511976364569
5511976364570
5511976364574
5511976364581
5511976364582
5511976364594
5511976364597
5511976364599
5511976364602
5511976364603
5511976364605
5511976364611
5511976364614
5511976364615
5511976364616
5511976364619
5511976364621
5511976364623
5511976364625
5511976364627
5511976364631
5511976364636
5511976364639
5511976364642
5511976364647
5511976364648
5511976364649
5511976364650
5511976364651
5511976364652
5511976364656
5511976364657
5511976364658
5511976364659
5511976364664
5511976364665
5511976364666
5511976364670
5511976364672
5511976364673
5511976364675
5511976364676
5511976364677
5511976364678
5511976364679
5511976364681
5511976364682
5511976364683
5511976364686
5511976364690
5511976364693
5511976364695
5511976364697
5511976364702
5511976364703
5511976364704
5511976364706
5511976364711
5511976364714
5511976364715
5511976364719
5511976364722
5511976364724
5511976364726
5511976364730
5511976364736
5511976364738
5511976364740
5511976364742
5511976364746
5511976364748
5511976364749
5511976364751
5511976364755
5511976364757
5511976364759
5511976364764
5511976364768
5511976364771
5511976364779
5511976364780
5511976364781
5511976364782
5511976364785
5511976364786
5511976364789
5511976364791
5511976364794
5511976364799
5511976364802
5511976364804
5511976364805
5511976364806
5511976364807
5511976364809
5511976364811
5511976364812
5511976364813
5511976364814
5511976364815
5511976364819
5511976364823
5511976364825
5511976364826
5511976364830
5511976364831
5511976364832
5511976364834
5511976364840
5511976364841
5511976364846
5511976364848
5511976364850
5511976364852
5511976364853
5511976364854
5511976364855
5511976364859
5511976364860
5511976364861
5511976364862
5511976364863
5511976364864
5511976364865
5511976364868
5511976364870
5511976364872
5511976364874
5511976364879
5511976364880
5511976364882
5511976364885
5511976364887
5511976364897
5511976364899
5511976364902
5511976364904
5511976364907
5511976364909
5511976364911
5511976364913
5511976364915
5511976364919
5511976364920
5511976364921
5511976364923
5511976364928
5511976364931
5511976364933
5511976364936
5511976364937
5511976364940
5511976364941
5511976364942
5511976364943
5511976364944
5511976364945
5511976364950
5511976364952
5511976364953
5511976364955
5511976364957
5511976364958
5511976364959
5511976364963
5511976364968
5511976364970
5511976364972
5511976364975
5511976364979
5511976364982
5511976364985
5511976364986
5511976364987
5511976364990
5511976364991
5511976364992
5511976364993
5511976364994
5511976364995
5511976364996
5511976364998
5511976364999
5511976365000
5511976365001
5511976365002
5511976365005
5511976365006
5511976365009
5511976365010
5511976365011
5511976365013
5511976365015
5511976365016
5511976365017
5511976365019
5511976365037
5511976365039
5511976365042
5511976365043
5511976365045
5511976365046
5511976365049
5511976365051
5511976365052
5511976365053
5511976365059
5511976365060
5511976365066
5511976365072
5511976365073
5511976365074
5511976365075
5511976365079
5511976365083
5511976365084
5511976365086
5511976365088
5511976365089
5511976365090
5511976365095
5511976365097
5511976365098
5511976365102
5511976365105
5511976365112
5511976365113
5511976365114
5511976365115
5511976365116
5511976365117
5511976365118
5511976365119
5511976365120
5511976365121
5511976365122
5511976365124
5511976365125
5511976365126
5511976365127
5511976365130
5511976365132
5511976365134
5511976365143
5511976365144
5511976365145
5511976365146
5511976365150
5511976365157
5511976365163
5511976365164
5511976365165
5511976365166
5511976365167
5511976365168
5511976365170
5511976365171
5511976365175
5511976365176
5511976365177
5511976365178
5511976365181
5511976365182
5511976365183
5511976365185
5511976365186
5511976365187
5511976365189
5511976365191
5511976365192
5511976365193
5511976365194
5511976365196
5511976365197
5511976365198
5511976365199
5511976365200
5511976365208
5511976365216
5511976365220
5511976365221
5511976365224
5511976365226
5511976365227
5511976365231
5511976365234
5511976365236
5511976365256
5511976365257
5511976365261
5511976365263
5511976365270
5511976365275
5511976365278
5511976365279
5511976365283
5511976365293
5511976365294
5511976365295
5511976365301
5511976365303
5511976365305
5511976365312
5511976365322
5511976365323
5511976365324
5511976365325
5511976365328
5511976365330
5511976365333
5511976365336
5511976365339
5511976365342
5511976365349
5511976365350
5511976365356
5511976365359
5511976365361
5511976365363
5511976365367
5511976365371
5511976365374
5511976365381
5511976365382
5511976365388
5511976365394
5511976365395
5511976365400
5511976365401
5511976365405
5511976365407
5511976365408
5511976365412
5511976365413
5511976365414
5511976365415
5511976365417
5511976365421
5511976365422
5511976365425
5511976365426
5511976365427
5511976365428
5511976365430
5511976365431
5511976365433
5511976365434
5511976365435
5511976365443
5511976365447
5511976365448
5511976365451
5511976365452
5511976365453
5511976365454
5511976365458
5511976365460
5511976365461
5511976365465
5511976365467
5511976365471
5511976365477
5511976365478
5511976365479
5511976365480
5511976365481
5511976365482
5511976365485
5511976365486
5511976365488
5511976365493
5511976365495
5511976365497
5511976365499
5511976365500
5511976365501
5511976365502
5511976365503
5511976365504
5511976365506
5511976365507
5511976365509
5511976365510
5511976365512
5511976365515
5511976365517
5511976365520
5511976365523
5511976365528
5511976365529
5511976365530
5511976365533
5511976365534
5511976365538
5511976365548
5511976365551
5511976365554
5511976365556
5511976365560
5511976365561
5511976365562
5511976365574
5511976365577
5511976365578
5511976365580
5511976365585
5511976365589
5511976365596
5511976365598
5511976365599
5511976365602
5511976365619
5511976365622
5511976365625
5511976365629
5511976365632
5511976365637
5511976365639
5511976365641
5511976365649
5511976365650
5511976365654
5511976365660
5511976365662
5511976365665
5511976365671
5511976365672
5511976365679
5511976365685
5511976365686
5511976365688
5511976365691
5511976365692
5511976365694
5511976365695
5511976365699
5511976365700
5511976365704
5511976365706
5511976365707
5511976365708
5511976365710
5511976365711
5511976365712
5511976365714
5511976365717
5511976365719
5511976365721
5511976365724
5511976365726
5511976365729
5511976365730
5511976365733
5511976365736
5511976365737
5511976365739
5511976365741
5511976365742
5511976365744
5511976365745
5511976365747
5511976365749
5511976365752
5511976365758
5511976365764
5511976365766
5511976365769
5511976365771
5511976365772
5511976365773
5511976365774
5511976365775
5511976365783
5511976365785
5511976365787
5511976365790
5511976365793
5511976365796
5511976365798
5511976365802
5511976365804
5511976365806
5511976365811
5511976365816
5511976365817
5511976365820
5511976365824
5511976365828
5511976365830
5511976365832
5511976365834
5511976365835
5511976365837
5511976365838
5511976365846
5511976365849
5511976365850
5511976365851
5511976365852
5511976365853
5511976365855
5511976365858
5511976365859
5511976365860
5511976365866
5511976365867
5511976365868
5511976365869
5511976365873
5511976365875
5511976365878
5511976365881
5511976365882
5511976365884
5511976365886
5511976365887
5511976365891
5511976365892
5511976365903
5511976365906
5511976365907
5511976365908
5511976365909
5511976365912
5511976365915
5511976365916
5511976365918
5511976365919
5511976365932
5511976365933
5511976365935
5511976365936
5511976365939
5511976365944
5511976365945
5511976365947
5511976365948
5511976365949
5511976365950
5511976365952
5511976365953
5511976365959
5511976365960
5511976365969
5511976365971
5511976365972
5511976365973
5511976365976
5511976365979
5511976365981
5511976365982
5511976365983
5511976365984
5511976365987
5511976365988
5511976365992
5511976365994
5511976365996
5511976365999
5511976366006
5511976366007
5511976366009
5511976366013
5511976366015
5511976366020
5511976366023
5511976366024
5511976366027
5511976366028
5511976366029
5511976366030
5511976366034
5511976366038
5511976366041
5511976366045
5511976366046
5511976366048
5511976366050
5511976366056
5511976366057
5511976366058
5511976366060
5511976366063
5511976366065
5511976366066
5511976366067
5511976366068
5511976366071
5511976366075
5511976366080
5511976366083
5511976366084
5511976366091
5511976366093
5511976366094
5511976366095
5511976366097
5511976366099
5511976366100
5511976366101
5511976366105
5511976366106
5511976366107
5511976366109
5511976366111
5511976366118
5511976366121
5511976366123
5511976366124
5511976366128
5511976366131
5511976366132
5511976366134
5511976366135
5511976366136
5511976366155
5511976366160
5511976366162
5511976366165
5511976366166
5511976366170
5511976366175
5511976366177
5511976366179
5511976366180
5511976366183
5511976366188
5511976366189
5511976366193
5511976366197
5511976366199
5511976366204
5511976366205
5511976366207
5511976366209
5511976366211
5511976366214
5511976366221
5511976366224
5511976366227
5511976366228
5511976366229
5511976366231
5511976366232
5511976366233
5511976366234
5511976366237
5511976366242
5511976366245
5511976366248
5511976366252
5511976366254
5511976366256
5511976366265
5511976366266
5511976366270
5511976366276
5511976366278
5511976366280
5511976366281
5511976366284
5511976366285
5511976366286
5511976366289
5511976366293
5511976366298
5511976366299
5511976366300
5511976366305
5511976366307
5511976366308
5511976366309
5511976366310
5511976366311
5511976366312
5511976366313
5511976366314
5511976366316
5511976366317
5511976366318
5511976366320
5511976366323
5511976366326
5511976366327
5511976366329
5511976366330
5511976366331
5511976366332
5511976366335
5511976366337
5511976366338
5511976366339
5511976366341
5511976366343
5511976366346
5511976366349
5511976366351
5511976366352
5511976366353
5511976366356
5511976366358
5511976366359
5511976366360
5511976366361
5511976366362
5511976366363
5511976366364
5511976366366
5511976366367
5511976366369
5511976366370
5511976366374
5511976366375
5511976366380
5511976366384
5511976366386
5511976366390
5511976366394
5511976366398
5511976366399
5511976366400
5511976366402
5511976366403
5511976366406
5511976366408
5511976366409
5511976366410
5511976366411
5511976366412
5511976366414
5511976366416
5511976366420
5511976366423
5511976366424
5511976366425
5511976366426
5511976366431
5511976366432
5511976366433
5511976366438
5511976366440
5511976366444
5511976366446
5511976366448
5511976366449
5511976366450
5511976366452
5511976366454
5511976366459
5511976366461
5511976366463
5511976366464
5511976366465
5511976366467
5511976366468
5511976366475
5511976366478
5511976366479
5511976366480
5511976366483
5511976366487
5511976366493
5511976366494
5511976366495
5511976366496
5511976366497
5511976366499
5511976366501
5511976366503
5511976366506
5511976366508
5511976366509
5511976366510
5511976366513
5511976366517
5511976366522
5511976366523
5511976366524
5511976366525
5511976366526
5511976366530
5511976366533
5511976366534
5511976366535
5511976366542
5511976366543
5511976366546
5511976366547
5511976366552
5511976366554
5511976366557
5511976366561
5511976366562
5511976366568
5511976366570
5511976366573
5511976366574
5511976366578
5511976366579
5511976366580
5511976366581
5511976366582
5511976366583
5511976366586
5511976366590
5511976366591
5511976366592
5511976366599
5511976366601
5511976366602
5511976366603
5511976366606
5511976366608
5511976366609
5511976366610
5511976366615
5511976366617
5511976366618
5511976366624
5511976366627
5511976366630
5511976366634
5511976366635
5511976366638
5511976366639
5511976366641
5511976366642
5511976366646
5511976366649
5511976366651
5511976366653
5511976366655
5511976366656
5511976366659
5511976366660
5511976366663
5511976366665
5511976366670
5511976366671
5511976366675
5511976366676
5511976366678
5511976366685
5511976366688
5511976366689
5511976366694
5511976366700
5511976366701
5511976366707
5511976366708
5511976366710
5511976366712
5511976366715
5511976366716
5511976366717
5511976366720
5511976366723
5511976366728
5511976366731
5511976366735
5511976366736
5511976366738
5511976366739
5511976366743
5511976366745
5511976366746
5511976366754
5511976366756
5511976366760
5511976366765
5511976366766
5511976366769
5511976366774
5511976366775
5511976366776
5511976366778
5511976366780
5511976366781
5511976366784
5511976366785
5511976366792
5511976366793
5511976366794
5511976366795
5511976366797
5511976366798
5511976366800
5511976366801
5511976366804
5511976366810
5511976366814
5511976366815
5511976366817
5511976366828
5511976366829
5511976366830
5511976366832
5511976366835
5511976366836
5511976366837
5511976366840
5511976366841
5511976366849
5511976366850
5511976366856
5511976366857
5511976366858
5511976366861
5511976366863
5511976366866
5511976366869
5511976366870
5511976366873
5511976366874
5511976366880
5511976366886
5511976366887
5511976366888
5511976366892
5511976366893
5511976366897
5511976366903
5511976366906
5511976366918
5511976366919
5511976366920
5511976366923
5511976366924
5511976366932
5511976366936
5511976366941
5511976366942
5511976366943
5511976366945
5511976366948
5511976366950
5511976366956
5511976366957
5511976366959
5511976366960
5511976366962
5511976366963
5511976366970
5511976366972
5511976366973
5511976366977
5511976366978
5511976366979
5511976366982
5511976366984
5511976366986
5511976366989
5511976366994
5511976366996
5511976366998
5511976367003
5511976367014
5511976367016
5511976367017
5511976367020
5511976367021
5511976367027
5511976367031
5511976367033
5511976367035
5511976367038
5511976367041
5511976367048
5511976367049
5511976367051
5511976367053
5511976367059
5511976367062
5511976367066
5511976367067
5511976367071
5511976367072
5511976367073
5511976367078
5511976367086
5511976367091
5511976367092
5511976367094
5511976367095
5511976367097
5511976367099
5511976367101
5511976367105
5511976367108
5511976367113
5511976367117
5511976367118
5511976367126
5511976367130
5511976367134
5511976367137
5511976367138
5511976367139
5511976367140
5511976367141
5511976367142
5511976367143
5511976367145
5511976367146
5511976367148
5511976367150
5511976367151
5511976367152
5511976367153
5511976367155
5511976367156
5511976367157
5511976367160
5511976367161
5511976367162
5511976367164
5511976367166
5511976367167
5511976367172
5511976367173
5511976367175
5511976367178
5511976367179
5511976367182
5511976367187
5511976367188
5511976367191
5511976367192
5511976367193
5511976367197
5511976367204
5511976367207
5511976367208
5511976367211
5511976367214
5511976367215
5511976367216
5511976367217
5511976367219
5511976367228
5511976367235
5511976367238
5511976367239
5511976367240
5511976367241
5511976367245
5511976367246
5511976367248
5511976367249
5511976367255
5511976367256
5511976367257
5511976367258
5511976367265
5511976367268
5511976367271
5511976367272
5511976367273
5511976367277
5511976367284
5511976367285
5511976367286
5511976367288
5511976367290
5511976367294
5511976367295
5511976367300
5511976367304
5511976367306
5511976367309
5511976367310
5511976367313
5511976367314
5511976367315
5511976367316
5511976367317
5511976367319
5511976367320
5511976367323
5511976367328
5511976367330
5511976367334
5511976367338
5511976367340
5511976367342
5511976367345
5511976367346
5511976367351
5511976367353
5511976367357
5511976367358
5511976367359
5511976367366
5511976367367
5511976367369
5511976367370
5511976367371
5511976367373
5511976367374
5511976367375
5511976367376
5511976367377
5511976367379
5511976367381
5511976367384
5511976367388
5511976367389
5511976367396
5511976367398
5511976367400
5511976367404
5511976367405
5511976367411
5511976367412
5511976367416
5511976367419
5511976367421
5511976367423
5511976367424
5511976367426
5511976367428
5511976367433
5511976367434
5511976367436
5511976367437
5511976367438
5511976367439
5511976367440
5511976367441
5511976367442
5511976367443
5511976367446
5511976367449
5511976367450
5511976367452
5511976367461
5511976367462
5511976367463
5511976367466
5511976367469
5511976367470
5511976367472
5511976367473
5511976367474
5511976367475
5511976367481
5511976367482
5511976367484
5511976367485
5511976367486
5511976367487
5511976367488
5511976367489
5511976367491
5511976367495
5511976367496
5511976367499
5511976367501
5511976367502
5511976367505
5511976367507
5511976367511
5511976367513
5511976367516
5511976367518
5511976367519
5511976367520
5511976367521
5511976367525
5511976367526
5511976367528
5511976367531
5511976367532
5511976367536
5511976367537
5511976367539
5511976367541
5511976367543
5511976367545
5511976367550
5511976367551
5511976367552
5511976367554
5511976367555
5511976367559
5511976367560
5511976367565
5511976367566
5511976367568
5511976367572
5511976367575
5511976367580
5511976367582
5511976367585
5511976367589
5511976367590
5511976367593
5511976367597
5511976367598
5511976367599
5511976367603
5511976367604
5511976367605
5511976367608
5511976367609
5511976367612
5511976367619
5511976367620
5511976367621
5511976367622
5511976367624
5511976367625
5511976367626
5511976367627
5511976367629
5511976367631
5511976367635
5511976367637
5511976367639
5511976367641
5511976367643
5511976367647
5511976367650
5511976367652
5511976367653
5511976367654
5511976367655
5511976367657
5511976367659
5511976367662
5511976367663
5511976367669
5511976367671
5511976367673
5511976367676
5511976367680
5511976367681
5511976367687
5511976367689
5511976367695
5511976367696
5511976367698
5511976367699
5511976367700
5511976367701
5511976367703
5511976367706
5511976367708
5511976367710
5511976367711
5511976367712
5511976367713
5511976367714
5511976367715
5511976367716
5511976367717
5511976367720
5511976367721
5511976367724
5511976367725
5511976367726
5511976367728
5511976367729
5511976367732
5511976367733
5511976367737
5511976367738
5511976367742
5511976367743
5511976367750
5511976367751
5511976367752
5511976367754
5511976367757
5511976367760
5511976367764
5511976367766
5511976367769
5511976367773
5511976367774
5511976367775
5511976367776
5511976367779
5511976367780
5511976367782
5511976367786
5511976367788
5511976367793
5511976367794
5511976367797
5511976367798
5511976367807
5511976367809
5511976367811
5511976367813
5511976367814
5511976367815
5511976367818
5511976367820
5511976367821
5511976367824
5511976367825
5511976367826
5511976367827
5511976367829
5511976367831
5511976367837
5511976367838
5511976367840
5511976367841
5511976367842
5511976367845
5511976367853
5511976367854
5511976367855
5511976367856
5511976367857
5511976367858
5511976367861
5511976367862
5511976367866
5511976367872
5511976367883
5511976367884
5511976367885
5511976367891
5511976367895
5511976367896
5511976367897
5511976367904
5511976367906
5511976367907
5511976367908
5511976367909
5511976367910
5511976367913
5511976367915
5511976367918
5511976367919
5511976367923
5511976367924
5511976367925
5511976367926
5511976367929
5511976367930
5511976367931
5511976367933
5511976367935
5511976367938
5511976367940
5511976367941
5511976367942
5511976367943
5511976367944
5511976367945
5511976367946
5511976367947
5511976367948
5511976367949
5511976367952
5511976367954
5511976367956
5511976367959
5511976367960
5511976367965
5511976367966
5511976367970
5511976367972
5511976367973
5511976367974
5511976367975
5511976367976
5511976367981
5511976367982
5511976367987
5511976367990
5511976367993
5511976367996
5511976367997
5511976367999
5511976368000
5511976368001
5511976368003
5511976368004
5511976368007
5511976368010
5511976368013
5511976368017
5511976368022
5511976368030
5511976368034
5511976368036
5511976368037
5511976368039
5511976368040
5511976368043
5511976368045
5511976368046
5511976368047
5511976368049
5511976368051
5511976368056
5511976368058
5511976368059
5511976368060
5511976368061
5511976368063
5511976368064
5511976368068
5511976368069
5511976368072
5511976368079
5511976368081
5511976368082
5511976368085
