5511983359052
5511983359082
5511983359141
5511983359197
5511983359216
5511983359226
5511983359268
5511983359280
5511983359301
5511983359304
5511983359365
5511983359366
5511983359409
5511983359439
5511983359457
5511983359459
5511983359484
5511983359545
5511983359567
5511983359607
5511983359693
5511983359771
5511983359772
5511983359773
5511983359797
5511983359804
5511983359807
5511983359812
5511983359821
5511983359823
5511983359859
5511983359863
5511983359891
5511983359923
5511983359927
5511983359930
5511983359942
5511983359958
5511983359959
5511983359963
5511983359973
5511983359975
5511983359977
5511983360033
5511983360044
5511983360100
5511983360176
5511983360230
5511983360313
5511983360377
5511983360404
5511983360425
5511983360454
5511983360529
5511983360532
5511983360533
5511983360569
5511983360591
5511983360707
5511983360746
5511983360786
5511983360871
5511983360892
5511983360929
5511983360970
5511983360976
5511983360986
5511983361018
5511983361027
5511983361076
5511983361177
5511983361178
5511983361286
5511983361313
5511983361348
5511983361357
5511983361362
5511983361821
5511983361832
5511983361859
5511983361903
5511983361919
5511983361978
5511983361988
5511983361993
5511983362003
5511983362006
5511983362034
5511983362060
5511983362090
5511983362173
5511983362175
5511983362236
5511983362288
5511983362332
5511983362359
5511983362365
5511983362373
5511983362412
5511983362424
5511983362615
5511983362658
5511983362668
5511983362705
5511983362723
5511983362751
5511983362811
5511983362819
5511983362858
5511983362944
5511983362945
5511983362998
5511983363035
5511983363057
5511983363106
5511983363117
5511983363172
5511983363223
5511983363250
5511983363259
5511983363294
5511983363333
5511983363350
5511983363355
5511983363391
5511983363412
5511983363418
5511983363422
5511983363511
5511983363516
5511983363530
5511983363603
5511983363660
5511983363663
5511983363680
5511983363703
5511983363710
5511983363748
5511983363750
5511983363813
5511983363879
5511983363887
5511983363959
5511983363989
5511983364018
5511983364026
5511983364038
5511983364170
5511983364185
5511983364213
5511983364231
5511983364408
5511983364434
5511983364459
5511983364464
5511983364671
5511983364688
5511983364690
5511983364732
5511983364863
5511983364869
5511983364903
5511983364912
5511983364937
5511983364990
5511983364992
5511983365041
5511983365123
5511983365127
5511983365226
5511983365228
5511983365310
5511983365348
5511983365353
5511983365361
5511983365449
5511983365500
5511983365545
5511983365697
5511983365730
5511983365757
5511983365790
5511983365968
5511983365986
5511983366004
5511983366299
5511983366315
5511983366359
5511983366440
5511983366444
5511983366457
5511983366481
5511983366506
5511983366569
5511983366654
5511983366666
5511983366675
5511983366697
5511983366796
5511983366881
5511983366901
5511983366904
5511983366913
5511983367024
5511983367112
5511983367234
5511983367509
5511983367523
5511983367556
5511983367579
5511983367671
5511983367714
5511983367738
5511983367820
5511983368118
5511983368126
5511983368234
5511983368282
5511983368334
5511983368448
5511983368456
5511983368532
5511983368570
5511983368616
5511983368648
5511983368817
5511983368828
5511983368847
5511983368852
5511983368853
5511983368890
5511983368894
5511983368946
5511983368988
5511983369015
5511983369038
5511983369057
5511983369059
5511983369071
5511983369215
5511983369280
5511983369326
5511983369402
5511983369492
5511983369501
5511983369564
5511983369654
5511983369672
5511983369682
5511983369713
5511983369724
5511983369727
5511983369779
5511983370150
5511983370162
5511983370185
5511983370196
5511983370290
5511983370298
5511983370404
5511983370410
5511983370413
5511983370435
5511983370561
5511983370567
5511983370585
5511983370724
5511983370728
5511983370777
5511983370808
5511983370823
5511983370831
5511983370854
5511983370859
5511983370989
5511983370992
5511983370996
5511983371015
5511983371040
5511983371044
5511983371068
5511983371083
5511983371098
5511983371109
5511983371113
5511983371119
5511983371162
5511983371166
5511983371212
5511983371276
5511983371291
5511983371310
5511983371323
5511983371353
5511983371354
5511983371429
5511983371505
5511983371516
5511983371520
5511983371527
5511983371590
5511983371692
5511983371700
5511983371717
5511983371740
5511983371812
5511983371927
5511983371978
5511983372140
5511983372178
5511983372181
5511983372233
5511983372380
5511983372416
5511983372459
5511983372525
5511983372545
5511983372560
5511983372569
5511983372597
5511983372751
5511983372770
5511983372892
5511983372914
5511983372917
5511983373001
5511983373019
5511983373127
5511983373138
5511983373177
5511983373202
5511983373239
5511983373296
5511983373311
5511983373323
5511983373332
5511983373445
5511983373610
5511983373667
5511983373696
5511983373716
5511983373719
5511983373746
5511983373777
5511983373779
5511983373861
5511983373910
5511983373938
5511983373957
5511983374001
5511983374007
5511983374041
5511983374139
5511983374156
5511983374198
5511983374420
5511983374447
5511983374482
5511983374486
5511983374548
5511983374551
5511983374556
5511983374595
5511983374642
5511983374751
5511983374833
5511983374885
5511983374948
5511983374980
5511983375008
5511983375035
5511983375050
5511983375085
5511983375092
5511983375191
5511983375235
5511983375240
5511983375249
5511983375298
5511983375320
5511983375346
5511983375507
5511983375532
5511983375547
5511983375571
5511983375623
5511983375663
5511983375684
5511983375778
5511983375791
5511983375831
5511983375857
5511983375985
5511983376012
5511983376134
5511983376135
5511983376144
5511983376156
5511983376227
5511983376236
5511983376242
5511983376261
5511983376293
5511983376304
5511983376333
5511983376339
5511983376630
5511983376631
5511983376651
5511983376730
5511983376827
5511983376915
5511983377000
5511983377040
5511983378616
5511983380007
5511983380013
5511983380037
5511983380088
5511983380176
5511983380206
5511983380233
5511983380373
5511983380401
5511983380404
5511983380428
5511983380433
5511983380444
5511983380454
5511983380516
5511983380519
5511983380550
5511983380561
5511983380660
5511983380661
5511983380808
5511983380855
5511983380907
5511983380909
5511983380910
5511983380921
5511983380940
5511983380949
5511983381001
5511983381017
5511983381052
5511983381064
5511983381077
5511983381094
5511983381105
5511983381106
5511983381155
5511983381160
5511983381223
5511983381233
5511983381261
5511983381386
5511983381417
5511983381436
5511983381468
5511983381478
5511983381550
5511983381600
5511983381666
5511983381686
5511983381703
5511983381730
5511983381781
5511983381808
5511983381874
5511983381960
5511983381980
5511983381999
5511983382044
5511983382063
5511983382071
5511983382100
5511983382133
5511983382203
5511983382262
5511983382270
5511983382300
5511983382344
5511983382352
5511983382427
5511983382444
5511983382458
5511983382463
5511983382546
5511983382560
5511983382563
5511983382585
5511983382627
5511983382641
5511983382651
5511983382664
5511983382666
5511983382675
5511983382696
5511983382728
5511983382827
5511983382957
5511983382975
5511983383032
5511983383076
5511983383127
5511983383154
5511983383180
5511983383290
5511983383322
5511983383444
5511983383515
5511983383647
5511983383665
5511983383686
5511983383717
5511983383730
5511983383731
5511983383747
5511983383810
5511983383828
5511983383846
5511983383852
5511983383857
5511983383888
5511983383889
5511983383895
5511983383897
5511983383937
5511983383941
5511983383992
5511983384007
5511983384008
5511983384073
5511983384142
5511983384200
5511983384223
5511983384267
5511983384300
5511983384313
5511983384366
5511983384370
5511983384449
5511983384484
5511983384552
5511983384566
5511983384653
5511983384656
5511983384685
5511983384698
5511983384700
5511983384736
5511983384740
5511983384744
5511983384828
5511983384830
5511983384840
5511983384882
5511983384884
5511983384955
5511983384997
5511983385009
5511983385013
5511983385016
5511983385048
5511983385126
5511983385217
5511983385221
5511983385267
5511983385354
5511983385381
5511983385393
5511983385408
5511983385416
5511983385478
5511983385514
5511983385531
5511983385539
5511983385577
5511983385614
5511983385657
5511983385693
5511983385699
5511983385709
5511983385719
5511983385756
5511983385762
5511983385809
5511983385838
5511983385840
5511983385855
5511983385888
5511983385907
5511983385980
5511983386004
5511983386106
5511983386114
5511983386119
5511983386162
5511983386185
5511983386448
5511983386509
5511983386556
5511983386804
5511983386816
5511983386837
5511983386845
5511983386862
5511983386864
5511983386900
5511983387002
5511983387069
5511983387128
5511983387186
5511983387209
5511983387241
5511983387273
5511983387285
5511983387363
5511983387440
5511983387476
5511983387480
5511983387503
5511983387508
5511983387530
5511983387549
5511983387613
5511983387654
5511983387708
5511983387770
5511983387775
5511983387796
5511983387799
5511983387803
5511983387853
5511983387946
5511983387990
5511983388030
5511983388058
5511983388066
5511983388119
5511983388129
5511983388142
5511983388169
5511983388192
5511983388211
5511983388222
5511983388283
5511983388357
5511983388382
5511983388391
5511983388423
5511983388534
5511983388564
5511983388598
5511983388717
5511983388762
5511983388767
5511983388837
5511983388884
5511983388896
5511983388900
5511983388913
5511983388975
5511983388991
5511983388995
5511983389048
5511983389057
5511983389087
5511983389091
5511983389103
5511983389106
5511983389111
5511983389148
5511983389190
5511983389202
5511983389298
5511983389322
5511983389323
5511983389334
5511983389353
5511983389391
5511983389394
5511983389400
5511983389401
5511983389414
5511983389415
5511983389416
5511983389451
5511983389471
5511983389486
5511983389488
5511983389496
5511983389507
5511983389539
5511983389540
5511983389543
5511983389550
5511983389565
5511983389578
5511983389598
5511983389601
5511983389605
5511983389618
5511983389623
5511983389626
5511983389671
5511983389683
5511983389684
5511983389685
5511983389729
5511983389795
5511983389797
5511983389799
5511983389811
5511983389815
5511983389855
5511983389865
5511983389870
5511983389883
5511983389895
5511983389907
5511983389909
5511983389914
5511983389920
5511983389974
5511983389995
5511983390003
5511983390100
5511983390122
5511983390123
5511983390153
5511983390191
5511983390200
5511983390215
5511983390216
5511983390240
5511983390267
5511983390275
5511983390276
5511983390343
5511983390355
5511983390405
5511983390449
5511983390470
5511983390607
5511983390639
5511983390665
5511983390696
5511983390698
5511983390706
5511983390785
5511983390808
5511983390833
5511983390873
5511983390880
5511983390910
5511983390924
5511983390931
5511983390962
5511983390982
5511983391001
5511983391014
5511983391027
5511983391034
5511983391042
5511983391091
5511983391112
5511983391156
5511983391164
5511983391188
5511983391204
5511983391210
5511983391212
5511983391219
5511983391220
5511983391278
5511983391419
5511983391494
5511983391515
5511983391519
5511983391535
5511983391551
5511983391604
5511983391632
5511983391648
5511983391727
5511983391741
5511983391800
5511983391830
5511983391861
5511983391883
5511983391887
5511983391917
5511983391925
5511983392030
5511983392127
5511983392161
5511983392169
5511983392211
5511983392221
5511983392229
5511983392239
5511983392273
5511983392287
5511983392334
5511983392361
5511983392441
5511983392470
5511983392481
5511983392534
5511983392557
5511983392622
5511983392629
5511983392641
5511983392652
5511983392730
5511983392848
5511983392894
5511983392933
5511983392955
5511983392988
5511983393002
5511983393075
5511983393333
5511983393346
5511983393442
5511983393491
5511983393518
5511983393597
5511983393670
5511983393743
5511983393745
5511983393770
5511983393799
5511983393817
5511983393818
5511983393821
5511983393829
5511983393864
5511983393903
5511983393916
5511983393943
5511983393945
5511983393955
5511983393956
5511983393960
5511983393962
5511983393988
5511983393991
5511983393996
5511983394010
5511983394060
5511983394084
5511983394177
5511983394205
5511983394210
5511983394220
5511983394221
5511983394230
5511983394231
5511983394314
5511983394320
5511983394342
5511983394355
5511983394420
5511983394431
5511983394439
5511983394454
5511983394480
5511983394482
5511983394550
5511983394553
5511983394569
5511983394594
5511983394607
5511983394612
5511983394660
5511983394717
5511983394763
5511983394769
5511983394778
5511983394817
5511983394822
5511983394872
5511983394881
5511983394894
5511983394895
5511983394903
5511983394918
5511983394920
5511983394929
5511983394930
5511983394938
5511983394945
5511983394959
5511983394997
5511983395003
5511983395024
5511983395038
5511983395126
5511983395140
5511983395153
5511983395224
5511983395228
5511983395248
5511983395250
5511983395257
5511983395259
5511983395262
5511983395265
5511983395298
5511983395316
5511983395353
5511983395356
5511983395365
5511983395369
5511983395370
5511983395378
5511983395389
5511983395401
5511983395441
5511983395447
5511983395452
5511983395453
5511983395499
5511983395504
5511983395512
5511983395518
5511983395523
5511983395580
5511983395594
5511983395620
5511983395634
5511983395636
5511983395643
5511983395661
5511983395690
5511983395693
5511983395745
5511983395749
5511983395750
5511983395761
5511983395763
5511983395769
5511983395794
5511983395804
5511983395815
5511983395823
5511983395849
5511983395880
5511983395882
5511983395940
5511983395966
5511983395988
5511983395994
5511983396007
5511983396012
5511983396029
5511983396035
5511983396043
5511983396064
5511983396107
5511983396130
5511983396134
5511983396156
5511983396166
5511983396194
5511983396204
5511983396205
5511983396206
5511983396228
5511983396270
5511983396293
5511983396294
5511983396304
5511983396309
5511983396320
5511983396376
5511983396399
5511983396410
5511983396420
5511983396425
5511983396442
5511983396452
5511983396472
5511983396481
5511983396510
5511983396577
5511983396596
5511983396610
5511983396641
5511983396646
5511983396663
5511983396689
5511983396727
5511983396762
5511983396769
5511983396791
5511983396797
5511983396811
5511983396812
5511983396824
5511983396832
5511983396860
5511983396862
5511983396863
5511983396868
5511983396882
5511983396901
5511983396906
5511983396916
5511983396938
5511983396941
5511983396953
5511983396973
5511983397079
5511983397107
5511983397110
5511983397136
5511983397182
5511983397198
5511983397209
5511983397210
5511983397236
5511983397238
5511983397257
5511983397260
5511983397270
5511983397309
5511983397323
5511983397359
5511983397363
5511983397369
5511983397374
5511983397384
5511983397388
5511983397392
5511983397407
5511983397414
5511983397491
5511983397513
5511983397518
5511983397546
5511983397572
5511983397627
5511983397630
5511983397643
5511983397650
5511983397715
5511983397724
5511983397735
5511983397784
5511983397789
5511983397804
5511983397809
5511983397810
5511983397811
5511983397846
5511983397886
5511983397911
5511983397917
5511983397947
5511983397970
5511983397988
5511983397993
5511983398001
5511983398010
5511983398055
5511983398065
5511983398086
5511983398101
5511983398108
5511983398115
5511983398146
5511983398168
5511983398186
5511983398190
5511983398194
5511983398199
5511983398213
5511983398216
5511983398309
5511983398319
5511983398330
5511983398350
5511983398373
5511983398387
5511983398388
5511983398393
5511983398394
5511983398459
5511983398492
5511983398524
5511983398527
5511983398528
5511983398540
5511983398545
5511983398583
5511983398589
5511983398630
5511983398643
5511983398645
5511983398670
5511983398735
5511983398754
5511983398810
5511983398812
5511983398913
5511983398932
5511983398934
5511983398958
5511983398969
5511983398979
5511983398987
5511983399010
5511983399046
5511983399113
5511983399117
5511983399128
5511983399138
5511983399141
5511983399164
5511983399165
5511983399178
5511983399190
5511983399207
5511983399209
5511983399263
5511983399283
5511983399284
5511983399290
5511983399301
5511983399327
5511983399336
5511983399359
5511983399369
5511983399391
5511983399406
5511983399452
5511983399505
5511983399522
5511983399560
5511983399606
5511983399621
5511983399623
5511983399630
5511983399682
5511983399692
5511983399703
5511983399711
5511983399717
5511983399729
5511983399730
5511983399735
5511983399741
5511983399748
5511983399775
5511983399801
5511983399817
5511983399843
5511983399926
5511983399929
5511983399938
5511983399943
5511983399950
5511983399958
5511983399961
5511983399981
5511983400073
5511983400085
5511983400131
5511983400204
5511983400243
5511983400307
5511983400689
5511983400718
5511983400747
5511983400810
5511983400902
5511983401050
5511983401277
5511983401394
5511983401596
5511983401700
5511983401911
5511983402076
5511983402382
5511983402388
5511983402581
5511983402583
5511983402603
5511983402685
5511983402732
5511983402820
5511983402856
5511983402873
5511983402908
5511983402935
5511983403237
5511983403271
5511983403596
5511983403603
5511983403908
5511983403926
5511983404155
5511983404239
5511983404370
5511983404586
5511983404595
5511983404632
5511983404702
5511983404712
5511983404727
5511983404811
5511983404846
5511983404882
5511983404904
5511983404916
5511983405018
5511983405267
5511983405394
5511983405402
5511983405457
5511983405581
5511983405595
5511983405606
5511983406000
5511983406010
5511983406054
5511983406132
5511983406289
5511983406314
5511983406340
5511983406353
5511983406358
5511983406389
5511983406505
5511983406538
5511983406667
5511983406673
5511983406716
5511983406741
5511983406845
5511983406881
5511983406903
5511983407028
5511983407030
5511983407045
5511983407047
5511983407144
5511983407146
5511983407179
5511983407208
5511983407260
5511983407395
5511983407418
5511983407445
5511983407469
5511983407490
5511983407568
5511983407594
5511983407601
5511983407649
5511983407682
5511983407710
5511983407820
5511983408122
5511983408274
5511983408312
5511983408436
5511983408531
5511983408532
5511983408649
5511983408652
5511983409086
5511983409212
5511983409420
5511983409421
5511983409496
5511983409598
5511983409768
5511983409826
5511983409950
5511983410009
5511983410034
5511983410061
5511983410071
5511983410091
5511983410224
5511983410239
5511983410257
5511983410271
5511983410449
5511983410472
5511983410555
5511983410590
5511983410597
5511983410608
5511983410674
5511983410702
5511983410740
5511983410801
5511983410811
5511983410925
5511983410986
5511983411035
5511983411068
5511983411132
5511983411180
5511983411207
5511983411212
5511983411233
5511983411272
5511983411454
5511983411558
5511983411620
5511983411645
5511983411667
5511983411693
5511983411709
5511983411717
5511983411743
5511983411766
5511983411855
5511983411879
5511983411916
5511983412038
5511983412090
5511983412095
5511983412133
5511983412141
5511983412215
5511983412230
5511983412272
5511983412290
5511983412309
5511983412469
5511983412484
5511983412557
5511983412588
5511983412594
5511983412604
5511983412613
5511983412625
5511983412704
5511983412707
5511983412724
5511983412737
5511983412802
5511983412852
5511983412856
5511983412909
5511983412981
5511983412987
5511983412998
5511983413037
5511983413098
5511983413155
5511983413167
5511983413238
5511983413348
5511983413371
5511983413430
5511983413475
5511983413512
5511983413736
5511983413837
5511983413838
5511983413873
5511983413877
5511983413923
5511983414001
5511983414002
5511983414068
5511983414114
5511983414120
5511983414121
5511983414302
5511983414354
5511983414482
5511983414532
5511983414539
5511983414541
5511983414544
5511983414550
5511983414566
5511983414633
5511983414701
5511983414751
5511983414760
5511983414848
5511983414855
5511983414924
5511983415021
5511983415066
5511983415119
5511983415149
5511983415174
5511983415191
5511983415342
5511983415379
5511983415448
5511983415555
5511983415585
5511983415630
5511983415713
5511983415757
5511983415766
5511983415831
5511983415838
5511983415876
5511983415964
5511983416016
5511983416081
5511983416131
5511983416271
5511983416364
5511983416404
5511983416417
5511983416440
5511983416450
5511983416486
5511983416522
5511983416550
5511983416581
5511983416599
5511983416624
5511983416696
5511983416736
5511983416760
5511983416815
5511983416823
5511983416883
5511983416949
5511983416958
5511983416977
5511983417000
5511983417022
5511983417045
5511983417110
5511983417155
5511983417209
5511983417214
5511983417237
5511983417245
5511983417250
5511983417261
5511983417279
5511983417314
5511983417448
5511983417473
5511983417493
5511983417509
5511983417515
5511983417536
5511983417566
5511983417615
5511983417631
5511983417786
5511983417829
5511983417893
5511983417918
5511983417993
5511983417994
5511983418020
5511983418084
5511983418112
5511983418124
5511983418134
5511983418136
5511983418207
5511983418270
5511983418354
5511983418387
5511983418393
5511983418425
5511983418460
5511983418464
5511983418495
5511983418510
5511983418544
5511983418549
5511983418610
5511983418710
5511983418775
5511983418777
5511983418797
5511983418875
5511983418933
5511983418960
5511983418962
5511983419049
5511983419073
5511983419150
5511983419277
5511983419289
5511983419303
5511983419329
5511983419473
5511983419580
5511983419633
5511983419718
5511983419725
5511983419735
5511983419785
5511983419835
5511983419883
5511983419913
5511983419966
5511983419975
5511983419985
5511983420000
5511983420005
5511983420050
5511983420060
5511983420070
5511983420094
5511983420146
5511983420175
5511983420185
5511983420197
5511983420256
5511983420298
5511983420299
5511983420307
5511983420430
5511983420477
5511983420527
5511983420841
5511983420850
5511983420866
5511983420897
5511983420975
5511983421001
5511983421008
5511983421103
5511983421107
5511983421125
5511983421167
5511983421361
5511983421490
5511983421558
5511983421610
5511983421682
5511983421700
5511983421890
5511983422006
5511983422013
5511983422051
5511983422068
5511983422111
5511983422184
5511983422218
5511983422318
5511983422390
5511983422397
5511983422401
5511983422424
5511983422448
5511983422539
5511983422576
5511983422687
5511983422728
5511983422868
5511983422898
5511983422956
5511983423000
5511983423048
5511983423176
5511983423181
5511983423193
5511983423321
5511983423325
5511983423349
5511983423485
5511983423506
5511983423609
5511983423623
5511983423624
5511983423697
5511983423732
5511983423777
5511983423779
5511983423789
5511983423888
5511983424145
5511983424197
5511983424244
5511983424269
5511983424374
5511983424381
5511983424520
5511983424525
5511983424539
5511983424552
5511983424557
5511983424558
5511983424590
5511983424622
5511983424643
5511983424677
5511983424741
5511983424776
5511983424836
5511983424868
5511983424919
5511983424926
5511983425047
5511983425102
5511983425105
5511983425188
5511983425252
5511983425264
5511983425328
5511983425565
5511983425570
5511983425592
5511983425615
5511983425648
5511983425654
5511983425711
5511983425751
5511983425847
5511983425889
5511983425902
5511983425968
5511983426031
5511983426056
5511983426124
5511983426141
5511983426156
5511983426219
5511983426292
5511983426412
5511983426434
5511983426449
5511983426460
5511983426520
5511983426572
5511983426579
5511983426597
5511983426630
5511983427019
5511983427027
5511983427064
5511983427190
5511983427191
5511983427255
5511983427257
5511983427362
5511983427438
5511983427445
5511983427449
5511983427467
5511983427484
5511983427537
5511983427540
5511983427594
5511983427620
5511983427859
5511983428029
5511983428058
5511983428084
5511983428122
5511983428196
5511983428206
5511983428285
5511983428310
5511983428342
5511983428392
5511983428400
5511983428484
5511983428491
5511983428615
5511983428627
5511983428652
5511983428728
5511983428788
5511983429067
5511983429097
5511983429140
5511983429291
5511983429298
5511983429397
5511983429398
5511983429410
5511983429462
5511983429498
5511983429508
5511983429545
5511983429559
5511983429592
5511983429639
5511983429658
5511983429684
5511983429722
5511983429752
5511983429779
5511983429787
5511983429862
5511983429863
5511983429866
5511983429889
5511983429896
5511983429945
5511983430004
5511983430028
5511983430040
5511983430071
5511983430093
5511983430099
5511983430120
5511983430153
5511983430193
5511983430202
5511983430206
5511983430209
5511983430242
5511983430261
5511983430286
5511983430302
5511983430318
5511983430400
5511983430405
5511983430414
5511983430478
5511983430533
5511983430660
5511983430807
5511983430823
5511983430858
5511983430882
5511983430941
5511983430970
5511983430986
5511983431075
5511983431108
5511983431109
5511983431114
5511983431123
5511983431190
5511983431208
5511983431268
5511983431305
5511983431382
5511983431436
5511983431438
5511983431447
5511983431456
5511983431499
5511983431523
5511983431535
5511983431573
5511983431604
5511983431613
5511983431666
5511983431695
5511983431729
5511983431782
5511983431823
5511983431891
5511983431897
5511983431933
5511983431966
5511983431981
5511983431984
5511983431987
5511983432003
5511983432070
5511983432074
5511983432261
5511983432264
5511983432403
5511983432409
5511983432426
5511983432445
5511983432622
5511983432646
5511983432667
5511983432696
5511983432709
5511983432732
5511983432775
5511983432781
5511983432837
5511983432885
5511983432926
5511983432931
5511983432999
5511983433000
5511983433061
5511983433091
5511983433125
5511983433131
5511983433199
5511983433253
5511983433317
5511983433339
5511983433445
5511983433489
5511983433501
5511983433554
5511983433605
5511983433640
5511983433661
5511983433717
5511983433753
5511983433764
5511983433773
5511983433809
5511983433910
5511983433916
5511983433947
5511983433948
5511983433954
5511983434139
5511983434242
5511983434265
5511983434267
5511983434269
5511983434297
5511983434311
5511983434321
5511983434370
5511983434436
5511983434453
5511983434559
5511983434563
5511983434581
5511983434586
5511983434638
5511983434667
5511983434675
5511983434702
5511983434850
5511983434855
5511983434901
5511983434909
5511983434920
5511983434923
5511983434970
5511983434982
5511983434994
5511983434997
5511983435081
5511983435104
5511983435105
5511983435121
5511983435163
5511983435164
5511983435184
5511983435219
5511983435247
5511983435259
5511983435263
5511983435264
5511983435324
5511983435328
5511983435364
5511983435368
5511983435424
5511983435432
5511983435444
5511983435494
5511983435639
5511983435652
5511983435760
5511983435762
5511983435766
5511983435780
5511983435791
5511983436076
5511983436224
5511983436325
5511983436357
5511983436422
5511983436440
5511983436600
5511983436659
5511983436735
5511983436748
5511983436767
5511983436783
5511983436801
5511983436824
5511983436859
5511983436935
5511983436964
5511983436978
5511983436983
5511983437001
5511983437015
5511983437031
5511983437038
5511983437039
5511983437067
5511983437096
5511983437151
5511983437291
5511983437310
5511983437314
5511983437320
5511983437340
5511983437401
5511983437550
5511983437551
5511983437601
5511983437659
5511983437713
5511983437765
5511983437790
5511983437812
5511983437831
5511983437874
5511983437951
5511983438031
5511983438035
5511983438042
5511983438054
5511983438060
5511983438076
5511983438085
5511983438093
5511983438110
5511983438120
5511983438127
5511983438131
5511983438187
5511983438188
5511983438258
5511983438292
5511983438302
5511983438342
5511983438344
5511983438376
5511983438380
5511983438435
5511983438484
5511983438492
5511983438495
5511983438543
5511983438611
5511983438618
5511983438646
5511983438683
5511983438694
5511983438725
5511983438766
5511983438768
5511983438928
5511983439325
5511983439415
5511983439448
5511983439486
5511983439588
5511983439597
5511983439608
5511983439699
5511983439720
5511983439726
5511983439744
5511983439767
5511983439780
5511983439781
5511983439816
5511983439820
5511983439871
5511983439953
5511983439958
5511983439976
5511983439980
5511983439989
5511983440011
5511983440053
5511983440082
5511983440096
5511983440151
5511983440239
5511983440277
5511983440282
5511983440300
5511983440319
5511983440403
5511983440404
5511983440447
5511983440777
5511983440809
5511983440863
5511983440920
5511983440922
5511983440961
5511983440972
5511983440996
5511983441011
5511983441083
5511983441089
5511983441115
5511983441133
5511983441146
