5511993189227
5511993189237
5511993189247
5511993189257
5511993189262
5511993189264
5511993189266
5511993189272
5511993189276
5511993189284
5511993189285
5511993189290
5511993189300
5511993189301
5511993189303
5511993189304
5511993189308
5511993189315
5511993189328
5511993189331
5511993189335
5511993189339
5511993189340
5511993189342
5511993189354
5511993189378
5511993189379
5511993189389
5511993189390
5511993189395
5511993189396
5511993189407
5511993189408
5511993189421
5511993189429
5511993189430
5511993189441
5511993189442
5511993189453
5511993189466
5511993189481
5511993189505
5511993189511
5511993189537
5511993189541
5511993189545
5511993189554
5511993189560
5511993189567
5511993189583
5511993189597
5511993189614
5511993189615
5511993189620
5511993189625
5511993189633
5511993189642
5511993189646
5511993189649
5511993189654
5511993189669
5511993189672
5511993189684
5511993189698
5511993189706
5511993189720
5511993189725
5511993189733
5511993189777
5511993189781
5511993189791
5511993189814
5511993189821
5511993189822
5511993189828
5511993189842
5511993189843
5511993189847
5511993189863
5511993189864
5511993189870
5511993189889
5511993189894
5511993189900
5511993189904
5511993189907
5511993189914
5511993189916
5511993189917
5511993189921
5511993189922
5511993189955
5511993189957
5511993189963
5511993189998
5511993190004
5511993190014
5511993190015
5511993190019
5511993190020
5511993190022
5511993190035
5511993190038
5511993190040
5511993190053
5511993190066
5511993190113
5511993190128
5511993190136
5511993190144
5511993190163
5511993190168
5511993190170
5511993190171
5511993190186
5511993190190
5511993190193
5511993190194
5511993190196
5511993190222
5511993190224
5511993190225
5511993190244
5511993190245
5511993190251
5511993190259
5511993190260
5511993190264
5511993190270
5511993190274
5511993190280
5511993190289
5511993190308
5511993190309
5511993190315
5511993190318
5511993190323
5511993190329
5511993190332
5511993190367
5511993190378
5511993190391
5511993190394
5511993190398
5511993190410
5511993190414
5511993190436
5511993190448
5511993190454
5511993190458
5511993190459
5511993190474
5511993190478
5511993190480
5511993190492
5511993190504
5511993190534
5511993190540
5511993190542
5511993190543
5511993190544
5511993190560
5511993190561
5511993190572
5511993190592
5511993190604
5511993190605
5511993190607
5511993190609
5511993190625
5511993190637
5511993190645
5511993190677
5511993190682
5511993190696
5511993190703
5511993190704
5511993190722
5511993190726
5511993190735
5511993190740
5511993190745
5511993190755
5511993190757
5511993190764
5511993190766
5511993190770
5511993190771
5511993190773
5511993190779
5511993190792
5511993190793
5511993190836
5511993190839
5511993190843
5511993190854
5511993190855
5511993190870
5511993190875
5511993190882
5511993190914
5511993190937
5511993190947
5511993190969
5511993190980
5511993190983
5511993191003
5511993191029
5511993191031
5511993191032
5511993191033
5511993191061
5511993191064
5511993191069
5511993191075
5511993191076
5511993191093
5511993191104
5511993191120
5511993191122
5511993191133
5511993191155
5511993191169
5511993191184
5511993191188
5511993191200
5511993191208
5511993191216
5511993191227
5511993191232
5511993191233
5511993191252
5511993191263
5511993191267
5511993191273
5511993191282
5511993191302
5511993191305
5511993191312
5511993191315
5511993191324
5511993191331
5511993191332
5511993191340
5511993191349
5511993191374
5511993191375
5511993191392
5511993191395
5511993191396
5511993191416
5511993191430
5511993191431
5511993191450
5511993191453
5511993191466
5511993191469
5511993191471
5511993191478
5511993191479
5511993191501
5511993191524
5511993191528
5511993191540
5511993191541
5511993191542
5511993191543
5511993191551
5511993191554
5511993191571
5511993191585
5511993191605
5511993191611
5511993191622
5511993191623
5511993191625
5511993191639
5511993191641
5511993191659
5511993191662
5511993191663
5511993191665
5511993191672
5511993191681
5511993191682
5511993191685
5511993191687
5511993191700
5511993191702
5511993191714
5511993191716
5511993191721
5511993191728
5511993191737
5511993191745
5511993191748
5511993191759
5511993191765
5511993191767
5511993191772
5511993191774
5511993191784
5511993191803
5511993191822
5511993191826
5511993191829
5511993191834
5511993191844
5511993191850
5511993191855
5511993191859
5511993191860
5511993191868
5511993191875
5511993191882
5511993191883
5511993191890
5511993191894
5511993191907
5511993191913
5511993191914
5511993191919
5511993191923
5511993191926
5511993191927
5511993191930
5511993191933
5511993191941
5511993191958
5511993191966
5511993191967
5511993191968
5511993191976
5511993191978
5511993191980
5511993191990
5511993191995
5511993191999
5511993192005
5511993192014
5511993192023
5511993192034
5511993192048
5511993192066
5511993192067
5511993192070
5511993192072
5511993192077
5511993192083
5511993192088
5511993192091
5511993192096
5511993192097
5511993192100
5511993192102
5511993192106
5511993192107
5511993192108
5511993192133
5511993192137
5511993192159
5511993192165
5511993192170
5511993192171
5511993192189
5511993192190
5511993192192
5511993192193
5511993192213
5511993192220
5511993192232
5511993192277
5511993192278
5511993192285
5511993192296
5511993192302
5511993192310
5511993192312
5511993192313
5511993192348
5511993192367
5511993192368
5511993192373
5511993192378
5511993192380
5511993192398
5511993192423
5511993192437
5511993192439
5511993192444
5511993192454
5511993192457
5511993192458
5511993192467
5511993192484
5511993192489
5511993192496
5511993192498
5511993192499
5511993192511
5511993192520
5511993192526
5511993192540
5511993192546
5511993192547
5511993192550
5511993192551
5511993192552
5511993192555
5511993192562
5511993192584
5511993192586
5511993192591
5511993192598
5511993192606
5511993192607
5511993192628
5511993192635
5511993192656
5511993192660
5511993192666
5511993192691
5511993192697
5511993192703
5511993192706
5511993192710
5511993192715
5511993192721
5511993192728
5511993192735
5511993192739
5511993192750
5511993192767
5511993192769
5511993192771
5511993192774
5511993192791
5511993192798
5511993192811
5511993192814
5511993192817
5511993192824
5511993192864
5511993192876
5511993192878
5511993192882
5511993192911
5511993192916
5511993192921
5511993192942
5511993192961
5511993192963
5511993192974
5511993192977
5511993192985
5511993192990
5511993193001
5511993193010
5511993193015
5511993193026
5511993193033
5511993193035
5511993193036
5511993193043
5511993193045
5511993193051
5511993193066
5511993193080
5511993193095
5511993193098
5511993193102
5511993193139
5511993193142
5511993193147
5511993193155
5511993193162
5511993193165
5511993193185
5511993193186
5511993193188
5511993193195
5511993193198
5511993193199
5511993193220
5511993193231
5511993193250
5511993193261
5511993193264
5511993193270
5511993193274
5511993193281
5511993193291
5511993193311
5511993193313
5511993193314
5511993193315
5511993193325
5511993193328
5511993193360
5511993193364
5511993193370
5511993193377
5511993193392
5511993193422
5511993193423
5511993193438
5511993193444
5511993193445
5511993193448
5511993193452
5511993193467
5511993193472
5511993193488
5511993193492
5511993193497
5511993193499
5511993193524
5511993193528
5511993193562
5511993193563
5511993193585
5511993193586
5511993193588
5511993193592
5511993193594
5511993193598
5511993193603
5511993193605
5511993193609
5511993193619
5511993193642
5511993193656
5511993193667
5511993193675
5511993193680
5511993193684
5511993193696
5511993193699
5511993193710
5511993193712
5511993193722
5511993193727
5511993193729
5511993193742
5511993193746
5511993193753
5511993193764
5511993193791
5511993193811
5511993193820
5511993193821
5511993193835
5511993193837
5511993193838
5511993193844
5511993193845
5511993193846
5511993193858
5511993193873
5511993193894
5511993193901
5511993193909
5511993193927
5511993193929
5511993193931
5511993193938
5511993193945
5511993193950
5511993193953
5511993193954
5511993193983
5511993193985
5511993193987
5511993193989
5511993194010
5511993194043
5511993194044
5511993194047
5511993194053
5511993194062
5511993194074
5511993194075
5511993194082
5511993194086
5511993194099
5511993194100
5511993194102
5511993194114
5511993194130
5511993194155
5511993194163
5511993194167
5511993194179
5511993194184
5511993194191
5511993194192
5511993194193
5511993194211
5511993194215
5511993194221
5511993194247
5511993194248
5511993194266
5511993194275
5511993194285
5511993194293
5511993194298
5511993194300
5511993194307
5511993194334
5511993194341
5511993194346
5511993194358
5511993194361
5511993194364
5511993194369
5511993194374
5511993194377
5511993194382
5511993194383
5511993194384
5511993194390
5511993194408
5511993194451
5511993194453
5511993194457
5511993194461
5511993194466
5511993194476
5511993194488
5511993194499
5511993194504
5511993194505
5511993194514
5511993194531
5511993194546
5511993194573
5511993194574
5511993194575
5511993194580
5511993194592
5511993194596
5511993194598
5511993194604
5511993194608
5511993194609
5511993194613
5511993194617
5511993194629
5511993194639
5511993194642
5511993194652
5511993194666
5511993194671
5511993194680
5511993194687
5511993194688
5511993194691
5511993194694
5511993194709
5511993194731
5511993194735
5511993194737
5511993194740
5511993194748
5511993194749
5511993194756
5511993194760
5511993194761
5511993194765
5511993194770
5511993194772
5511993194785
5511993194796
5511993194811
5511993194821
5511993194847
5511993194860
5511993194864
5511993194865
5511993194867
5511993194871
5511993194888
5511993194889
5511993194896
5511993194906
5511993194921
5511993194924
5511993194932
5511993194940
5511993194950
5511993194964
5511993194969
5511993194984
5511993194986
5511993194992
5511993194994
5511993194997
5511993195012
5511993195023
5511993195026
5511993195036
5511993195042
5511993195062
5511993195067
5511993195071
5511993195082
5511993195083
5511993195091
5511993195095
5511993195096
5511993195097
5511993195115
5511993195128
5511993195131
5511993195136
5511993195137
5511993195140
5511993195141
5511993195148
5511993195156
5511993195164
5511993195166
5511993195167
5511993195171
5511993195172
5511993195176
5511993195178
5511993195180
5511993195191
5511993195205
5511993195206
5511993195230
5511993195237
5511993195244
5511993195254
5511993195262
5511993195276
5511993195289
5511993195296
5511993195297
5511993195299
5511993195300
5511993195301
5511993195323
5511993195325
5511993195327
5511993195347
5511993195352
5511993195357
5511993195361
5511993195371
5511993195394
5511993195399
5511993195415
5511993195429
5511993195430
5511993195434
5511993195440
5511993195444
5511993195454
5511993195455
5511993195460
5511993195474
5511993195475
5511993195481
5511993195483
5511993195488
5511993195500
5511993195505
5511993195509
5511993195513
5511993195526
5511993195527
5511993195536
5511993195543
5511993195549
5511993195553
5511993195554
5511993195560
5511993195561
5511993195566
5511993195567
5511993195575
5511993195592
5511993195595
5511993195597
5511993195604
5511993195608
5511993195612
5511993195616
5511993195622
5511993195623
5511993195626
5511993195628
5511993195630
5511993195632
5511993195634
5511993195638
5511993195643
5511993195651
5511993195654
5511993195659
5511993195662
5511993195671
5511993195673
5511993195688
5511993195694
5511993195707
5511993195714
5511993195719
5511993195723
5511993195732
5511993195733
5511993195746
5511993195748
5511993195750
5511993195758
5511993195761
5511993195765
5511993195776
5511993195780
5511993195781
5511993195803
5511993195809
5511993195826
5511993195846
5511993195853
5511993195856
5511993195859
5511993195860
5511993195884
5511993195892
5511993195897
5511993195901
5511993195912
5511993195936
5511993195941
5511993195956
5511993195967
5511993195968
5511993195969
5511993195982
5511993196003
5511993196007
5511993196013
5511993196019
5511993196021
5511993196036
5511993196040
5511993196045
5511993196053
5511993196057
5511993196059
5511993196091
5511993196102
5511993196112
5511993196115
5511993196123
5511993196125
5511993196127
5511993196129
5511993196142
5511993196144
5511993196148
5511993196150
5511993196151
5511993196165
5511993196177
5511993196179
5511993196186
5511993196189
5511993196194
5511993196195
5511993196205
5511993196206
5511993196209
5511993196213
5511993196220
5511993196223
5511993196232
5511993196241
5511993196247
5511993196249
5511993196257
5511993196265
5511993196270
5511993196281
5511993196284
5511993196293
5511993196301
5511993196303
5511993196309
5511993196320
5511993196326
5511993196339
5511993196353
5511993196366
5511993196369
5511993196370
5511993196377
5511993196400
5511993196407
5511993196409
5511993196412
5511993196417
5511993196418
5511993196423
5511993196427
5511993196434
5511993196438
5511993196444
5511993196455
5511993196462
5511993196499
5511993196502
5511993196504
5511993196527
5511993196547
5511993196550
5511993196562
5511993196576
5511993196578
5511993196582
5511993196591
5511993196594
5511993196595
5511993196600
5511993196602
5511993196613
5511993196616
5511993196621
5511993196633
5511993196647
5511993196648
5511993196653
5511993196664
5511993196678
5511993196685
5511993196695
5511993196700
5511993196702
5511993196733
5511993196742
5511993196746
5511993196763
5511993196767
5511993196771
5511993196773
5511993196774
5511993196803
5511993196815
5511993196824
5511993196840
5511993196849
5511993196850
5511993196855
5511993196860
5511993196861
5511993196863
5511993196873
5511993196874
5511993196887
5511993196891
5511993196900
5511993196906
5511993196912
5511993196914
5511993196916
5511993196925
5511993196940
5511993196941
5511993196959
5511993196967
5511993196969
5511993196971
5511993197001
5511993197005
5511993197019
5511993197021
5511993197034
5511993197039
5511993197043
5511993197044
5511993197045
5511993197046
5511993197051
5511993197073
5511993197096
5511993197102
5511993197124
5511993197140
5511993197150
5511993197151
5511993197153
5511993197160
5511993197161
5511993197165
5511993197173
5511993197176
5511993197178
5511993197189
5511993197193
5511993197203
5511993197211
5511993197215
5511993197216
5511993197232
5511993197238
5511993197241
5511993197294
5511993197303
5511993197305
5511993197312
5511993197330
5511993197343
5511993197356
5511993197357
5511993197363
5511993197370
5511993197371
5511993197374
5511993197377
5511993197387
5511993197389
5511993197393
5511993197395
5511993197396
5511993197400
5511993197405
5511993197412
5511993197420
5511993197435
5511993197436
5511993197443
5511993197449
5511993197469
5511993197487
5511993197492
5511993197504
5511993197507
5511993197511
5511993197513
5511993197516
5511993197529
5511993197533
5511993197534
5511993197544
5511993197556
5511993197559
5511993197563
5511993197570
5511993197574
5511993197596
5511993197601
5511993197603
5511993197617
5511993197622
5511993197635
5511993197648
5511993197668
5511993197671
5511993197672
5511993197673
5511993197674
5511993197683
5511993197705
5511993197710
5511993197718
5511993197730
5511993197743
5511993197747
5511993197752
5511993197788
5511993197793
5511993197818
5511993197825
5511993197826
5511993197828
5511993197831
5511993197846
5511993197865
5511993197871
5511993197903
5511993197910
5511993197923
5511993197924
5511993197925
5511993197935
5511993197936
5511993197944
5511993197945
5511993197947
5511993197956
5511993197959
5511993197962
5511993197973
5511993197983
5511993197990
5511993198011
5511993198014
5511993198017
5511993198026
5511993198044
5511993198060
5511993198064
5511993198073
5511993198083
5511993198097
5511993198101
5511993198102
5511993198111
5511993198117
5511993198118
5511993198126
5511993198134
5511993198137
5511993198145
5511993198149
5511993198154
5511993198159
5511993198160
5511993198167
5511993198173
5511993198177
5511993198178
5511993198182
5511993198193
5511993198196
5511993198197
5511993198198
5511993198211
5511993198222
5511993198267
5511993198276
5511993198278
5511993198286
5511993198287
5511993198309
5511993198311
5511993198314
5511993198317
5511993198339
5511993198345
5511993198364
5511993198368
5511993198380
5511993198389
5511993198390
5511993198401
5511993198402
5511993198414
5511993198429
5511993198457
5511993198458
5511993198459
5511993198470
5511993198481
5511993198484
5511993198494
5511993198503
5511993198520
5511993198525
5511993198538
5511993198554
5511993198562
5511993198596
5511993198608
5511993198626
5511993198635
5511993198642
5511993198664
5511993198675
5511993198683
5511993198687
5511993198694
5511993198725
5511993198728
5511993198749
5511993198755
5511993198761
5511993198762
5511993198775
5511993198777
5511993198786
5511993198788
5511993198816
5511993198818
5511993198821
5511993198827
5511993198843
5511993198844
5511993198871
5511993198881
5511993198892
5511993198896
5511993198899
5511993198912
5511993198913
5511993198922
5511993198923
5511993198938
5511993198945
5511993198946
5511993198967
5511993198973
5511993198976
5511993198977
5511993198981
5511993198992
5511993198993
5511993199010
5511993199011
5511993199016
5511993199022
5511993199026
5511993199035
5511993199042
5511993199044
5511993199054
5511993199057
5511993199065
5511993199068
5511993199071
5511993199072
5511993199076
5511993199092
5511993199094
5511993199111
5511993199118
5511993199128
5511993199142
5511993199144
5511993199150
5511993199170
5511993199182
5511993199195
5511993199200
5511993199220
5511993199223
5511993199227
5511993199234
5511993199235
5511993199241
5511993199247
5511993199272
5511993199292
5511993199320
5511993199334
5511993199339
5511993199345
5511993199366
5511993199369
5511993199397
5511993199412
5511993199418
5511993199427
5511993199445
5511993199457
5511993199465
5511993199476
5511993199484
5511993199487
5511993199490
5511993199492
5511993199506
5511993199512
5511993199514
5511993199520
5511993199536
5511993199540
5511993199543
5511993199559
5511993199560
5511993199561
5511993199573
5511993199604
5511993199614
5511993199622
5511993199629
5511993199632
5511993199637
5511993199645
5511993199652
5511993199656
5511993199659
5511993199665
5511993199672
5511993199677
5511993199678
5511993199680
5511993199697
5511993199713
5511993199729
5511993199755
5511993199770
5511993199784
5511993199785
5511993199791
5511993199795
5511993199805
5511993199808
5511993199813
5511993199814
5511993199819
5511993199824
5511993199831
5511993199838
5511993199842
5511993199855
5511993199875
5511993199880
5511993199887
5511993199889
5511993199891
5511993199898
5511993199907
5511993199920
5511993199922
5511993199925
5511993199928
5511993199929
5511993199940
5511993199962
5511993199984
5511993199985
5511993199992
5511993199996
5511993200151
5511993200231
5511993200620
5511993200852
5511993200909
5511993200912
5511993200921
5511993200989
5511993201013
5511993201027
5511993201032
5511993201121
5511993201166
5511993201186
5511993201207
5511993201239
5511993201415
5511993201425
5511993201437
5511993201518
5511993201622
5511993201641
5511993201690
5511993201696
5511993201717
5511993201734
5511993201736
5511993201761
5511993201963
5511993202105
5511993202126
5511993202163
5511993202188
5511993202300
5511993202323
5511993202423
5511993202447
5511993202471
5511993202539
5511993202545
5511993202569
5511993202596
5511993202679
5511993202683
5511993202706
5511993202714
5511993202724
5511993202782
5511993202794
5511993202871
5511993202946
5511993202947
5511993202951
5511993203073
5511993203268
5511993203387
5511993203468
5511993203564
5511993203717
5511993203733
5511993203735
5511993203740
5511993203828
5511993203926
5511993203939
5511993203950
5511993203954
5511993203999
5511993204111
5511993204153
5511993204164
5511993204237
5511993204283
5511993204298
5511993204313
5511993204407
5511993204439
5511993204518
5511993204597
5511993204816
5511993204850
5511993204853
5511993204855
5511993204869
5511993204922
5511993204929
5511993205092
5511993205266
5511993205284
5511993205300
5511993205304
5511993205333
5511993205342
5511993205366
5511993205372
5511993205414
5511993205431
5511993205531
5511993205578
5511993205594
5511993205612
5511993205775
5511993205812
5511993205824
5511993205922
5511993206222
5511993206247
5511993206267
5511993206325
5511993206402
5511993206442
5511993206503
5511993206582
5511993206587
5511993206612
5511993206678
5511993206790
5511993206824
5511993206838
5511993206852
5511993206903
5511993206930
5511993206966
5511993206995
5511993207000
5511993207014
5511993207020
5511993207087
5511993207097
5511993207187
5511993207198
5511993207329
5511993207357
5511993207377
5511993207394
5511993207426
5511993207434
5511993207575
5511993207621
5511993207651
5511993207658
5511993207741
5511993207766
5511993207821
5511993207837
5511993207893
5511993207935
5511993207961
5511993207979
5511993208001
5511993208098
5511993208114
5511993208131
5511993208182
5511993208214
5511993208362
5511993208395
5511993208398
5511993208426
5511993208473
5511993208506
5511993208564
5511993208693
5511993208695
5511993208738
5511993208792
5511993208855
5511993208880
5511993208921
5511993208937
5511993208984
5511993209001
5511993209037
5511993209051
5511993209250
5511993209308
5511993209322
5511993209374
5511993209593
5511993209711
5511993209785
5511993209786
5511993209787
5511993209932
5511993210002
5511993210008
5511993210009
5511993210013
5511993210031
5511993210033
5511993210040
5511993210045
5511993210048
5511993210049
5511993210053
5511993210058
5511993210064
5511993210071
5511993210073
5511993210081
5511993210111
5511993210112
5511993210120
5511993210129
5511993210132
5511993210135
5511993210138
5511993210155
5511993210187
5511993210189
5511993210202
5511993210211
5511993210215
5511993210218
5511993210230
5511993210245
5511993210248
5511993210271
5511993210283
5511993210285
5511993210306
5511993210319
5511993210339
5511993210343
5511993210354
5511993210363
5511993210369
5511993210375
5511993210378
5511993210381
5511993210403
5511993210404
5511993210405
5511993210428
5511993210443
5511993210456
5511993210458
5511993210460
5511993210464
5511993210487
5511993210493
5511993210506
5511993210512
5511993210522
5511993210534
5511993210537
5511993210538
5511993210548
5511993210549
5511993210551
5511993210579
5511993210582
5511993210606
5511993210618
5511993210630
5511993210634
5511993210641
5511993210645
5511993210650
5511993210651
5511993210661
5511993210666
5511993210680
5511993210682
5511993210684
5511993210695
5511993210701
5511993210708
5511993210709
5511993210712
5511993210713
5511993210725
5511993210736
5511993210741
5511993210750
5511993210757
5511993210759
5511993210774
5511993210779
5511993210787
5511993210790
5511993210794
5511993210795
5511993210800
5511993210805
5511993210809
5511993210812
5511993210818
5511993210822
5511993210826
5511993210829
5511993210830
5511993210837
5511993210838
5511993210844
5511993210851
5511993210868
5511993210875
5511993210877
5511993210882
5511993210886
5511993210888
5511993210905
5511993210906
5511993210907
5511993210921
5511993210926
5511993210947
5511993210965
5511993210966
5511993210975
5511993210981
5511993210985
5511993210994
5511993210995
5511993211000
5511993211011
5511993211013
5511993211022
5511993211023
5511993211024
5511993211033
5511993211038
5511993211052
5511993211088
5511993211093
5511993211107
5511993211119
5511993211124
5511993211131
5511993211146
5511993211148
5511993211149
5511993211164
5511993211172
5511993211173
5511993211176
5511993211192
5511993211207
5511993211213
5511993211218
5511993211223
5511993211272
5511993211290
5511993211325
5511993211331
5511993211332
5511993211336
5511993211339
5511993211373
5511993211374
5511993211399
5511993211401
5511993211431
5511993211438
5511993211440
5511993211445
5511993211455
5511993211457
5511993211465
5511993211469
5511993211470
5511993211493
5511993211499
5511993211512
5511993211519
5511993211522
5511993211523
5511993211528
5511993211545
5511993211548
5511993211554
5511993211556
5511993211560
5511993211567
5511993211569
5511993211594
5511993211602
5511993211604
5511993211618
5511993211630
5511993211637
5511993211643
5511993211645
5511993211649
5511993211658
5511993211674
5511993211675
5511993211680
5511993211717
5511993211718
5511993211722
5511993211729
5511993211730
5511993211737
5511993211763
5511993211775
5511993211783
5511993211784
5511993211796
5511993211797
5511993211802
5511993211809
5511993211811
5511993211822
5511993211829
5511993211840
5511993211854
5511993211861
5511993211875
5511993211879
5511993211905
5511993211914
5511993211918
5511993211929
5511993211931
5511993211937
5511993211938
5511993211942
5511993211955
5511993211956
5511993211957
5511993211959
5511993211963
5511993211974
5511993211977
5511993211987
5511993212006
5511993212020
5511993212049
5511993212056
5511993212058
5511993212060
5511993212061
5511993212064
5511993212067
5511993212072
5511993212093
5511993212099
5511993212111
5511993212123
5511993212124
5511993212126
5511993212127
5511993212133
5511993212138
5511993212141
5511993212147
5511993212151
5511993212159
5511993212160
5511993212173
5511993212175
5511993212190
5511993212192
5511993212200
5511993212201
5511993212202
5511993212205
5511993212208
5511993212235
5511993212237
5511993212254
5511993212261
5511993212270
5511993212278
5511993212280
5511993212289
5511993212304
5511993212313
5511993212316
5511993212325
5511993212339
5511993212347
5511993212359
5511993212373
5511993212380
5511993212385
5511993212390
5511993212392
5511993212410
5511993212414
5511993212416
5511993212417
5511993212423
5511993212427
5511993212444
5511993212450
5511993212455
5511993212469
5511993212477
5511993212478
5511993212483
5511993212484
5511993212509
5511993212524
5511993212530
5511993212531
5511993212549
5511993212567
5511993212569
5511993212580
5511993212594
5511993212596
5511993212611
5511993212613
5511993212647
5511993212652
5511993212669
5511993212693
5511993212698
5511993212702
5511993212715
5511993212723
5511993212726
5511993212730
5511993212734
5511993212740
5511993212758
5511993212764
5511993212776
5511993212781
5511993212813
5511993212816
5511993212821
5511993212825
5511993212832
5511993212834
5511993212841
5511993212846
5511993212848
5511993212867
5511993212871
5511993212879
5511993212902
5511993212911
5511993212921
5511993212940
5511993212947
5511993212950
5511993212970
5511993212973
5511993212980
5511993212986
5511993212990
5511993213015
5511993213020
5511993213027
5511993213040
5511993213053
5511993213061
5511993213064
5511993213077
5511993213100
5511993213103
5511993213111
5511993213112
5511993213113
5511993213114
5511993213120
5511993213123
5511993213134
5511993213139
5511993213145
5511993213150
5511993213151
5511993213156
5511993213160
5511993213173
5511993213178
5511993213187
5511993213188
5511993213194
5511993213202
5511993213208
5511993213215
5511993213223
5511993213232
5511993213238
5511993213254
5511993213258
5511993213264
5511993213267
5511993213282
5511993213306
5511993213316
5511993213325
5511993213328
5511993213335
5511993213351
5511993213375
5511993213377
5511993213382
5511993213394
5511993213396
5511993213425
5511993213426
5511993213440
5511993213445
5511993213476
5511993213505
5511993213518
5511993213524
5511993213530
5511993213531
5511993213537
5511993213542
5511993213544
5511993213552
5511993213568
5511993213571
5511993213581
5511993213587
5511993213596
5511993213617
5511993213633
5511993213639
5511993213660
5511993213663
5511993213664
5511993213681
5511993213691
5511993213695
5511993213700
5511993213724
5511993213740
5511993213754
5511993213768
5511993213797
5511993213817
5511993213822
5511993213826
5511993213828
5511993213835
5511993213836
5511993213842
5511993213845
5511993213866
5511993213874
5511993213898
5511993213913
5511993213915
5511993213920
5511993213921
5511993213929
5511993213932
5511993213937
5511993213946
5511993213952
5511993213958
5511993213962
5511993213970
5511993213975
5511993213978
5511993213985
5511993213987
5511993213988
5511993213991
5511993213994
5511993214003
5511993214004
5511993214007
5511993214025
5511993214038
5511993214058
5511993214065
5511993214099
5511993214105
5511993214110
5511993214111
5511993214113
5511993214115
