5511971429298
5511971429373
5511971429378
5511971429388
5511971429394
5511971429405
5511971429409
5511971429452
5511971429465
5511971429489
5511971429502
5511971429597
5511971429608
5511971429632
5511971429671
5511971429678
5511971429717
5511971429723
5511971429724
5511971429728
5511971429742
5511971429786
5511971429857
5511971429872
5511971429879
5511971429909
5511971429940
5511971429943
5511971429963
5511971429968
5511971429973
5511971429992
5511971430001
5511971430020
5511971430030
5511971430036
5511971430040
5511971430041
5511971430057
5511971430068
5511971430099
5511971430103
5511971430113
5511971430118
5511971430125
5511971430193
5511971430222
5511971430239
5511971430258
5511971430270
5511971430295
5511971430312
5511971430320
5511971430335
5511971430383
5511971430399
5511971430424
5511971430428
5511971430444
5511971430451
5511971430474
5511971430483
5511971430518
5511971430524
5511971430532
5511971430545
5511971430548
5511971430577
5511971430586
5511971430603
5511971430607
5511971430676
5511971430703
5511971430722
5511971430737
5511971430755
5511971430760
5511971430780
5511971430787
5511971430795
5511971430817
5511971430831
5511971430833
5511971430837
5511971430846
5511971430852
5511971430868
5511971430879
5511971430890
5511971430911
5511971430922
5511971430927
5511971430936
5511971430939
5511971430979
5511971430986
5511971431026
5511971431030
5511971431035
5511971431044
5511971431071
5511971431114
5511971431122
5511971431133
5511971431156
5511971431162
5511971431169
5511971431170
5511971431232
5511971431277
5511971431314
5511971431365
5511971431381
5511971431404
5511971431417
5511971431430
5511971431436
5511971431464
5511971431473
5511971431478
5511971431480
5511971431525
5511971431538
5511971431549
5511971431584
5511971431588
5511971431590
5511971431605
5511971431654
5511971431660
5511971431707
5511971431820
5511971431825
5511971431827
5511971431848
5511971431854
5511971431855
5511971431868
5511971431875
5511971431876
5511971431881
5511971431891
5511971431902
5511971431908
5511971431921
5511971431960
5511971431994
5511971432034
5511971432048
5511971432063
5511971432132
5511971432215
5511971432296
5511971432320
5511971432321
5511971432327
5511971432391
5511971432424
5511971432438
5511971432449
5511971432452
5511971432462
5511971432476
5511971432479
5511971432498
5511971432532
5511971432534
5511971432540
5511971432564
5511971432574
5511971432581
5511971432601
5511971432627
5511971432655
5511971432677
5511971432716
5511971432733
5511971432777
5511971432814
5511971432818
5511971432823
5511971432830
5511971432841
5511971432849
5511971432854
5511971432952
5511971433009
5511971433016
5511971433053
5511971433065
5511971433090
5511971433128
5511971433159
5511971433163
5511971433188
5511971433206
5511971433207
5511971433215
5511971433231
5511971433242
5511971433271
5511971433272
5511971433274
5511971433333
5511971433344
5511971433361
5511971433371
5511971433374
5511971433386
5511971433443
5511971433447
5511971433476
5511971433523
5511971433558
5511971433572
5511971433589
5511971433599
5511971433604
5511971433620
5511971433623
5511971433637
5511971433649
5511971433711
5511971433750
5511971433751
5511971433760
5511971433775
5511971433882
5511971433886
5511971433895
5511971433962
5511971433972
5511971434012
5511971434023
5511971434031
5511971434045
5511971434078
5511971434088
5511971434094
5511971434142
5511971434159
5511971434256
5511971434283
5511971434286
5511971434322
5511971434378
5511971434396
5511971434406
5511971434423
5511971434488
5511971434493
5511971434525
5511971434531
5511971434575
5511971434640
5511971434644
5511971434652
5511971434659
5511971434699
5511971434707
5511971434759
5511971434777
5511971434791
5511971434805
5511971434823
5511971434860
5511971434869
5511971434875
5511971434892
5511971434895
5511971434902
5511971434903
5511971434950
5511971434959
5511971434975
5511971434989
5511971434990
5511971435002
5511971435013
5511971435028
5511971435037
5511971435047
5511971435049
5511971435050
5511971435073
5511971435107
5511971435115
5511971435132
5511971435136
5511971435165
5511971435171
5511971435177
5511971435203
5511971435252
5511971435254
5511971435299
5511971435304
5511971435305
5511971435320
5511971435323
5511971435341
5511971435363
5511971435391
5511971435392
5511971435434
5511971435443
5511971435464
5511971435508
5511971435557
5511971435593
5511971435607
5511971435661
5511971435675
5511971435704
5511971435727
5511971435765
5511971435780
5511971435792
5511971435803
5511971435809
5511971435847
5511971435875
5511971435882
5511971435885
5511971435908
5511971435918
5511971435920
5511971435939
5511971435970
5511971435975
5511971436052
5511971436066
5511971436096
5511971436108
5511971436159
5511971436163
5511971436184
5511971436204
5511971436230
5511971436236
5511971436237
5511971436260
5511971436279
5511971436315
5511971436330
5511971436333
5511971436349
5511971436351
5511971436354
5511971436374
5511971436413
5511971436436
5511971436439
5511971436447
5511971436462
5511971436466
5511971436501
5511971436535
5511971436546
5511971436567
5511971436612
5511971436641
5511971436650
5511971436655
5511971436669
5511971436676
5511971436733
5511971436755
5511971436780
5511971436792
5511971436822
5511971436825
5511971436885
5511971436892
5511971436905
5511971436921
5511971436971
5511971436979
5511971436995
5511971437000
5511971437016
5511971437018
5511971437026
5511971437030
5511971437059
5511971437074
5511971437077
5511971437086
5511971437095
5511971437097
5511971437116
5511971437129
5511971437137
5511971437144
5511971437146
5511971437152
5511971437180
5511971437193
5511971437203
5511971437204
5511971437205
5511971437250
5511971437254
5511971437264
5511971437270
5511971437320
5511971437399
5511971437400
5511971437430
5511971437448
5511971437464
5511971437469
5511971437538
5511971437542
5511971437548
5511971437552
5511971437590
5511971437702
5511971437741
5511971437776
5511971437832
5511971437876
5511971437930
5511971437966
5511971437991
5511971437998
5511971438024
5511971438030
5511971438037
5511971438043
5511971438085
5511971438114
5511971438122
5511971438181
5511971438189
5511971438200
5511971438231
5511971438378
5511971438413
5511971438500
5511971438537
5511971438538
5511971438571
5511971438572
5511971438581
5511971438625
5511971438643
5511971438673
5511971438699
5511971438700
5511971438746
5511971438867
5511971438939
5511971438962
5511971439007
5511971439018
5511971439044
5511971439092
5511971439103
5511971439110
5511971439114
5511971439126
5511971439170
5511971439240
5511971439241
5511971439266
5511971439267
5511971439292
5511971439305
5511971439307
5511971439412
5511971439432
5511971439455
5511971439459
5511971439481
5511971439532
5511971439581
5511971439594
5511971439660
5511971439665
5511971439737
5511971439779
5511971439855
5511971439910
5511971439928
5511971439929
5511971439980
5511971440057
5511971440061
5511971440071
5511971440097
5511971440117
5511971440135
5511971440152
5511971440209
5511971440294
5511971440335
5511971440342
5511971440405
5511971440572
5511971440585
5511971440670
5511971440849
5511971440900
5511971440929
5511971440930
5511971440937
5511971440964
5511971440976
5511971440978
5511971441007
5511971441011
5511971441055
5511971441123
5511971441225
5511971441273
5511971441304
5511971441310
5511971441321
5511971441344
5511971441470
5511971441546
5511971441576
5511971441635
5511971441667
5511971441671
5511971441731
5511971441783
5511971441797
5511971441848
5511971441959
5511971441979
5511971441994
5511971441998
5511971442033
5511971442069
5511971442071
5511971442090
5511971442153
5511971442245
5511971442265
5511971442349
5511971442363
5511971442394
5511971442405
5511971442410
5511971442468
5511971442469
5511971442499
5511971442510
5511971442540
5511971442545
5511971442578
5511971442617
5511971442688
5511971442724
5511971442725
5511971442796
5511971442852
5511971442896
5511971442899
5511971442916
5511971442971
5511971442976
5511971442986
5511971442988
5511971443074
5511971443135
5511971443288
5511971443313
5511971443430
5511971443431
5511971443490
5511971443559
5511971443599
5511971443614
5511971443639
5511971443656
5511971443657
5511971443708
5511971443756
5511971443922
5511971443925
5511971443988
5511971444014
5511971444101
5511971444213
5511971444321
5511971444382
5511971444440
5511971444493
5511971444501
5511971444520
5511971444563
5511971444568
5511971444569
5511971444579
5511971444594
5511971444623
5511971444633
5511971444665
5511971444754
5511971444758
5511971444789
5511971444792
5511971444798
5511971444815
5511971444858
5511971444874
5511971444879
5511971444912
5511971444922
5511971444943
5511971444952
5511971444999
5511971445009
5511971445119
5511971445151
5511971445182
5511971445317
5511971445422
5511971445426
5511971445433
5511971445442
5511971445454
5511971445527
5511971445611
5511971445693
5511971445702
5511971445730
5511971445754
5511971445758
5511971445830
5511971445880
5511971445886
5511971445916
5511971445953
5511971445972
5511971445974
5511971446055
5511971446061
5511971446079
5511971446145
5511971446236
5511971446247
5511971446291
5511971446347
5511971446359
5511971446408
5511971446497
5511971446606
5511971446614
5511971446681
5511971446695
5511971446696
5511971446714
5511971446833
5511971446887
5511971446973
5511971446974
5511971446990
5511971446991
5511971447024
5511971447132
5511971447149
5511971447152
5511971447157
5511971447166
5511971447176
5511971447205
5511971447211
5511971447256
5511971447344
5511971447384
5511971447402
5511971447418
5511971447425
5511971447449
5511971447561
5511971447606
5511971447622
5511971447648
5511971447769
5511971447791
5511971447824
5511971447877
5511971447882
5511971447908
5511971447909
5511971447924
5511971448004
5511971448023
5511971448040
5511971448053
5511971448063
5511971448123
5511971448139
5511971448153
5511971448162
5511971448173
5511971448177
5511971448179
5511971448223
5511971448244
5511971448251
5511971448253
5511971448420
5511971448469
5511971448630
5511971448638
5511971448696
5511971448785
5511971448853
5511971448865
5511971448877
5511971448973
5511971449018
5511971449021
5511971449022
5511971449037
5511971449139
5511971449211
5511971449215
5511971449262
5511971449265
5511971449343
5511971449352
5511971449372
5511971449402
5511971449440
5511971449472
5511971449672
5511971449706
5511971449832
5511971449855
5511971449902
5511971449905
5511971449916
5511971449963
5511971450000
5511971450051
5511971450054
5511971450071
5511971450078
5511971450129
5511971450150
5511971450158
5511971450161
5511971450222
5511971450230
5511971450258
5511971450311
5511971450317
5511971450321
5511971450365
5511971450396
5511971450514
5511971450541
5511971450564
5511971450580
5511971450613
5511971450623
5511971450629
5511971450637
5511971450657
5511971450667
5511971450671
5511971450684
5511971450695
5511971450713
5511971450741
5511971450757
5511971450832
5511971450865
5511971450895
5511971450921
5511971450951
5511971450985
5511971451013
5511971451077
5511971451086
5511971451144
5511971451175
5511971451207
5511971451222
5511971451229
5511971451249
5511971451302
5511971451321
5511971451336
5511971451366
5511971451456
5511971451518
5511971451522
5511971451523
5511971451524
5511971451533
5511971451551
5511971451610
5511971451625
5511971451660
5511971451669
5511971451692
5511971451718
5511971451719
5511971451736
5511971451805
5511971451818
5511971451870
5511971451918
5511971451946
5511971451963
5511971451974
5511971452017
5511971452030
5511971452067
5511971452069
5511971452085
5511971452086
5511971452152
5511971452196
5511971452211
5511971452301
5511971452325
5511971452330
5511971452340
5511971452413
5511971452423
5511971452435
5511971452473
5511971452531
5511971452561
5511971452604
5511971452619
5511971452672
5511971452684
5511971452760
5511971452776
5511971452783
5511971452807
5511971452884
5511971452948
5511971453025
5511971453050
5511971453117
5511971453131
5511971453132
5511971453134
5511971453136
5511971453155
5511971453180
5511971453214
5511971453235
5511971453236
5511971453238
5511971453241
5511971453303
5511971453322
5511971453338
5511971453343
5511971453349
5511971453361
5511971453405
5511971453416
5511971453453
5511971453458
5511971453462
5511971453482
5511971453525
5511971453550
5511971453558
5511971453561
5511971453562
5511971453606
5511971453626
5511971453635
5511971453639
5511971453669
5511971453673
5511971453674
5511971453686
5511971453718
5511971453722
5511971453743
5511971453771
5511971453799
5511971453813
5511971453888
5511971453897
5511971453991
5511971453997
5511971454022
5511971454098
5511971454102
5511971454185
5511971454237
5511971454243
5511971454260
5511971454269
5511971454276
5511971454292
5511971454300
5511971454308
5511971454310
5511971454315
5511971454333
5511971454353
5511971454408
5511971454414
5511971454456
5511971454463
5511971454467
5511971454483
5511971454493
5511971454516
5511971454532
5511971454548
5511971454591
5511971454592
5511971454608
5511971454625
5511971454639
5511971454672
5511971454712
5511971454773
5511971454787
5511971454795
5511971454807
5511971454811
5511971454843
5511971454909
5511971454917
5511971454925
5511971454934
5511971454999
5511971455044
5511971455051
5511971455077
5511971455245
5511971455254
5511971455298
5511971455350
5511971455359
5511971455479
5511971455513
5511971455516
5511971455535
5511971455544
5511971455546
5511971455601
5511971455659
5511971455667
5511971455712
5511971455732
5511971455783
5511971455835
5511971455845
5511971455859
5511971455863
5511971455878
5511971455941
5511971455943
5511971455977
5511971455986
5511971456001
5511971456015
5511971456031
5511971456037
5511971456077
5511971456102
5511971456107
5511971456116
5511971456117
5511971456120
5511971456123
5511971456128
5511971456134
5511971456184
5511971456227
5511971456265
5511971456312
5511971456331
5511971456338
5511971456356
5511971456362
5511971456371
5511971456434
5511971456500
5511971456512
5511971456515
5511971456539
5511971456547
5511971456568
5511971456587
5511971456614
5511971456634
5511971456649
5511971456664
5511971456680
5511971456691
5511971456693
5511971456699
5511971456710
5511971456727
5511971456754
5511971456785
5511971456809
5511971456837
5511971456873
5511971456909
5511971456914
5511971456931
5511971457029
5511971457066
5511971457080
5511971457145
5511971457160
5511971457229
5511971457264
5511971457290
5511971457304
5511971457305
5511971457350
5511971457353
5511971457422
5511971457430
5511971457482
5511971457509
5511971457522
5511971457546
5511971457567
5511971457611
5511971457629
5511971457633
5511971457639
5511971457640
5511971457651
5511971457721
5511971457732
5511971457755
5511971457758
5511971457807
5511971457821
5511971457823
5511971457833
5511971457851
5511971457862
5511971457866
5511971457873
5511971457878
5511971457904
5511971457927
5511971457929
5511971457933
5511971457937
5511971457952
5511971457993
5511971458006
5511971458076
5511971458091
5511971458125
5511971458146
5511971458154
5511971458162
5511971458172
5511971458219
5511971458220
5511971458225
5511971458233
5511971458308
5511971458337
5511971458350
5511971458362
5511971458403
5511971458449
5511971458450
5511971458453
5511971458465
5511971458466
5511971458590
5511971458610
5511971458760
5511971458798
5511971458804
5511971458829
5511971458870
5511971458935
5511971458942
5511971458943
5511971458957
5511971459000
5511971459029
5511971459033
5511971459052
5511971459059
5511971459104
5511971459111
5511971459124
5511971459164
5511971459168
5511971459197
5511971459211
5511971459243
5511971459299
5511971459341
5511971459387
5511971459411
5511971459428
5511971459485
5511971459546
5511971459609
5511971459624
5511971459625
5511971459630
5511971459651
5511971459670
5511971459684
5511971459687
5511971459736
5511971459745
5511971459761
5511971459796
5511971459799
5511971459811
5511971459841
5511971459924
5511971459934
5511971459945
5511971459968
5511971459992
5511971460025
5511971460073
5511971460138
5511971460167
5511971460169
5511971460172
5511971460226
5511971460249
5511971460255
5511971460257
5511971460303
5511971460310
5511971460334
5511971460363
5511971460372
5511971460386
5511971460442
5511971460474
5511971460521
5511971460524
5511971460530
5511971460554
5511971460600
5511971460609
5511971460646
5511971460664
5511971460682
5511971460699
5511971460702
5511971460725
5511971460750
5511971460751
5511971460768
5511971460784
5511971460799
5511971460805
5511971460821
5511971460825
5511971460835
5511971460839
5511971460851
5511971460884
5511971460899
5511971460904
5511971460916
5511971460925
5511971461066
5511971461092
5511971461103
5511971461108
5511971461112
5511971461149
5511971461187
5511971461195
5511971461225
5511971461256
5511971461318
5511971461357
5511971461406
5511971461504
5511971461517
5511971461521
5511971461541
5511971461547
5511971461570
5511971461587
5511971461615
5511971461686
5511971461700
5511971461731
5511971461746
5511971461781
5511971461788
5511971461796
5511971461843
5511971461864
5511971461889
5511971461902
5511971461908
5511971461911
5511971462028
5511971462050
5511971462054
5511971462096
5511971462111
5511971462169
5511971462170
5511971462183
5511971462200
5511971462248
5511971462271
5511971462278
5511971462355
5511971462364
5511971462373
5511971462387
5511971462407
5511971462433
5511971462442
5511971462466
5511971462502
5511971462537
5511971462586
5511971462640
5511971462662
5511971462663
5511971462668
5511971462670
5511971462705
5511971462714
5511971462715
5511971462767
5511971462772
5511971462803
5511971462921
5511971462950
5511971462956
5511971462958
5511971462975
5511971462998
5511971463029
5511971463082
5511971463133
5511971463168
5511971463213
5511971463231
5511971463258
5511971463282
5511971463303
5511971463311
5511971463334
5511971463339
5511971463357
5511971463358
5511971463413
5511971463462
5511971463474
5511971463492
5511971463622
5511971463627
5511971463658
5511971463662
5511971463694
5511971463716
5511971463725
5511971463727
5511971463797
5511971463810
5511971463817
5511971463831
5511971463900
5511971463924
5511971463936
5511971463953
5511971463985
5511971464037
5511971464086
5511971464099
5511971464136
5511971464172
5511971464210
5511971464243
5511971464262
5511971464287
5511971464345
5511971464346
5511971464382
5511971464421
5511971464438
5511971464450
5511971464459
5511971464464
5511971464480
5511971464488
5511971464518
5511971464524
5511971464530
5511971464568
5511971464614
5511971464620
5511971464668
5511971464686
5511971464731
5511971464734
5511971464760
5511971464779
5511971464811
5511971464831
5511971464838
5511971464842
5511971464887
5511971464977
5511971464981
5511971465025
5511971465031
5511971465042
5511971465054
5511971465074
5511971465154
5511971465169
5511971465209
5511971465238
5511971465272
5511971465281
5511971465379
5511971465405
5511971465421
5511971465437
5511971465442
5511971465468
5511971465486
5511971465550
5511971465574
5511971465578
5511971465597
5511971465633
5511971465646
5511971465666
5511971465685
5511971465738
5511971465814
5511971465833
5511971465868
5511971465911
5511971465971
5511971465986
5511971466038
5511971466053
5511971466060
5511971466093
5511971466109
5511971466124
5511971466131
5511971466169
5511971466175
5511971466203
5511971466209
5511971466245
5511971466323
5511971466345
5511971466372
5511971466384
5511971466414
5511971466434
5511971466444
5511971466480
5511971466500
5511971466551
5511971466591
5511971466664
5511971466667
5511971466688
5511971466689
5511971466694
5511971466714
5511971466748
5511971466749
5511971466750
5511971466781
5511971466787
5511971466843
5511971466846
5511971466881
5511971466916
5511971466960
5511971466962
5511971467030
5511971467044
5511971467055
5511971467116
5511971467119
5511971467123
5511971467150
5511971467151
5511971467161
5511971467176
5511971467183
5511971467190
5511971467222
5511971467226
5511971467229
5511971467240
5511971467286
5511971467303
5511971467308
5511971467360
5511971467403
5511971467437
5511971467543
5511971467549
5511971467566
5511971467572
5511971467609
5511971467624
5511971467650
5511971467672
5511971467683
5511971467686
5511971467708
5511971467741
5511971467803
5511971467839
5511971467862
5511971467881
5511971467916
5511971467946
5511971467974
5511971467989
5511971468006
5511971468010
5511971468055
5511971468109
5511971468239
5511971468277
5511971468301
5511971468306
5511971468363
5511971468388
5511971468414
5511971468434
5511971468444
5511971468501
5511971468518
5511971468562
5511971468568
5511971468610
5511971468613
5511971468620
5511971468667
5511971468670
5511971468682
5511971468684
5511971468695
5511971468702
5511971468715
5511971468726
5511971468783
5511971468789
5511971468799
5511971468915
5511971468997
5511971469010
5511971469017
5511971469076
5511971469081
5511971469121
5511971469134
5511971469143
5511971469172
5511971469216
5511971469266
5511971469363
5511971469382
5511971469389
5511971469407
5511971469432
5511971469433
5511971469459
5511971469463
5511971469467
5511971469491
5511971469494
5511971469500
5511971469501
5511971469547
5511971469591
5511971469619
5511971469622
5511971469644
5511971469658
5511971469671
5511971469673
5511971469699
5511971469723
5511971469742
5511971469756
5511971469796
5511971469810
5511971469862
5511971469876
5511971469885
5511971469933
5511971469935
5511971469958
5511971469971
5511971470045
5511971470046
5511971470077
5511971470124
5511971470172
5511971470226
5511971470240
5511971470267
5511971470288
5511971470305
5511971470326
5511971470347
5511971470366
5511971470430
5511971470446
5511971470474
5511971470478
5511971470498
5511971470503
5511971470522
5511971470555
5511971470577
5511971470581
5511971470605
5511971470614
5511971470615
5511971470658
5511971470674
5511971470684
5511971470712
5511971470719
5511971470730
5511971470751
5511971470757
5511971470758
5511971470761
5511971470766
5511971470782
5511971470797
5511971470799
5511971470822
5511971470839
5511971470922
5511971470944
5511971471057
5511971471060
5511971471071
5511971471087
5511971471118
5511971471128
5511971471145
5511971471164
5511971471220
5511971471245
5511971471268
5511971471311
5511971471336
5511971471342
5511971471348
5511971471364
5511971471381
5511971471387
5511971471389
5511971471407
5511971471440
5511971471446
5511971471479
5511971471498
5511971471500
5511971471561
5511971471564
5511971471588
5511971471596
5511971471598
5511971471600
5511971471617
5511971471626
5511971471643
5511971471647
5511971471692
5511971471733
5511971471757
5511971471760
5511971471785
5511971471816
5511971471831
5511971471932
5511971471967
5511971471977
5511971472047
5511971472077
5511971472120
5511971472144
5511971472148
5511971472152
5511971472174
5511971472222
5511971472242
5511971472276
5511971472314
5511971472375
5511971472385
5511971472390
5511971472392
5511971472417
5511971472420
5511971472423
5511971472455
5511971472465
5511971472471
5511971472525
5511971472558
5511971472564
5511971472580
5511971472612
5511971472623
5511971472643
5511971472649
5511971472666
5511971472720
5511971472772
5511971472813
5511971472818
5511971472849
5511971472862
5511971472866
5511971472880
5511971472886
5511971472896
5511971472917
5511971472919
5511971472942
5511971472970
5511971472996
5511971473004
5511971473016
5511971473037
5511971473067
5511971473085
5511971473127
5511971473150
5511971473168
5511971473214
5511971473243
5511971473267
5511971473277
5511971473285
5511971473294
5511971473326
5511971473338
5511971473362
5511971473413
5511971473416
5511971473429
5511971473518
5511971473530
5511971473536
5511971473566
5511971473569
5511971473580
5511971473599
5511971473608
5511971473654
5511971473659
5511971473674
5511971473714
5511971473783
5511971473788
5511971473792
5511971473848
5511971473881
5511971473903
5511971473925
5511971473949
5511971473982
5511971474004
5511971474036
5511971474065
5511971474096
5511971474104
5511971474106
5511971474144
5511971474149
5511971474160
5511971474238
5511971474253
5511971474260
5511971474280
5511971474303
5511971474375
5511971474386
5511971474405
5511971474409
5511971474416
5511971474420
5511971474430
5511971474457
5511971474464
5511971474475
5511971474478
5511971474511
5511971474544
5511971474573
5511971474585
5511971474656
5511971474675
5511971474684
5511971474704
5511971474720
5511971474731
5511971474733
5511971474753
5511971474761
5511971474772
5511971474776
5511971474845
5511971474859
5511971474894
5511971474899
5511971474920
5511971474952
5511971475001
5511971475063
5511971475064
5511971475099
5511971475104
5511971475131
5511971475193
5511971475208
5511971475217
5511971475228
5511971475233
5511971475246
5511971475265
5511971475267
5511971475272
5511971475302
5511971475349
5511971475350
5511971475370
5511971475396
5511971475425
5511971475447
5511971475454
5511971475458
5511971475475
5511971475480
5511971475509
5511971475533
5511971475560
5511971475599
5511971475654
5511971475666
5511971475681
5511971475713
5511971475750
5511971475765
5511971475806
5511971475883
5511971475932
5511971475978
5511971475996
5511971476011
5511971476012
5511971476019
5511971476021
5511971476046
5511971476142
5511971476165
5511971476184
5511971476192
5511971476218
5511971476224
5511971476243
5511971476265
5511971476267
5511971476297
5511971476309
5511971476331
5511971476340
5511971476396
5511971476400
5511971476418
5511971476467
5511971476491
5511971476531
5511971476582
5511971476590
5511971476615
5511971476651
5511971476682
5511971476685
5511971476718
5511971476730
5511971476740
5511971476764
5511971476782
5511971476786
5511971476803
5511971476878
5511971476899
5511971476907
5511971476919
5511971476922
5511971476928
5511971476949
5511971476974
5511971477048
5511971477067
5511971477087
5511971477121
5511971477133
5511971477153
5511971477160
5511971477208
5511971477246
5511971477259
5511971477337
5511971477357
5511971477370
5511971477450
5511971477529
5511971477559
5511971477567
5511971477571
5511971477575
5511971477576
5511971477589
5511971477614
5511971477640
5511971477680
5511971477704
5511971477758
5511971477768
5511971477806
5511971477832
5511971477876
5511971477882
5511971477895
5511971477902
5511971478010
5511971478041
5511971478044
5511971478049
5511971478091
5511971478187
5511971478200
5511971478206
5511971478248
5511971478262
5511971478290
5511971478299
5511971478324
5511971478355
5511971478388
5511971478393
5511971478429
5511971478433
5511971478517
5511971478535
5511971478556
5511971478602
5511971478627
5511971478642
5511971478675
5511971478742
5511971478763
5511971478862
5511971478943
5511971478948
5511971478984
5511971479002
5511971479022
5511971479026
5511971479053
5511971479054
5511971479069
5511971479208
5511971479215
5511971479271
5511971479278
5511971479304
5511971479336
5511971479362
5511971479370
5511971479371
5511971479373
5511971479378
5511971479400
5511971479401
5511971479422
5511971479423
5511971479445
5511971479459
5511971479461
5511971479464
5511971479490
5511971479525
5511971479529
5511971479560
5511971479561
5511971479589
5511971479606
5511971479639
5511971479645
5511971479695
5511971479712
5511971479724
5511971479732
5511971479834
5511971479835
5511971479848
5511971479904
5511971479907
5511971479914
5511971479923
5511971479936
5511971479940
5511971479961
5511971479965
5511971480033
5511971480096
5511971480115
5511971480152
5511971480187
5511971480235
5511971480351
5511971480380
5511971480420
5511971480471
5511971480476
5511971480479
5511971480552
5511971480573
5511971480579
5511971480582
5511971480676
5511971480690
5511971480708
5511971480719
5511971480730
5511971480741
5511971480811
5511971480831
5511971480840
5511971480910
5511971480920
5511971480936
5511971480956
5511971480980
5511971480992
5511971480994
5511971480996
5511971481005
5511971481112
5511971481153
5511971481185
5511971481187
5511971481240
5511971481288
5511971481312
5511971481318
5511971481376
5511971481379
5511971481404
5511971481408
5511971481419
5511971481465
5511971481491
5511971481511
5511971481538
5511971481565
5511971481578
5511971481583
5511971481602
5511971481615
5511971481618
5511971481680
5511971481712
5511971481718
5511971481731
5511971481743
5511971481785
5511971481830
5511971481852
