5511992457367
5511992457382
5511992457390
5511992457393
5511992457398
5511992457401
5511992457404
5511992457443
5511992457445
5511992457455
5511992457479
5511992457483
5511992457488
5511992457489
5511992457511
5511992457532
5511992457536
5511992457543
5511992457560
5511992457564
5511992457579
5511992457591
5511992457612
5511992457617
5511992457618
5511992457666
5511992457678
5511992457683
5511992457684
5511992457696
5511992457700
5511992457737
5511992457739
5511992457741
5511992457787
5511992457797
5511992457812
5511992457824
5511992457842
5511992457843
5511992457860
5511992457863
5511992457873
5511992457883
5511992457887
5511992457890
5511992457891
5511992457899
5511992457904
5511992457920
5511992457944
5511992457953
5511992457963
5511992457976
5511992457985
5511992457999
5511992458002
5511992458015
5511992458022
5511992458023
5511992458040
5511992458064
5511992458070
5511992458071
5511992458083
5511992458099
5511992458108
5511992458116
5511992458130
5511992458138
5511992458148
5511992458170
5511992458175
5511992458184
5511992458187
5511992458194
5511992458196
5511992458198
5511992458216
5511992458218
5511992458219
5511992458233
5511992458266
5511992458287
5511992458304
5511992458316
5511992458353
5511992458362
5511992458392
5511992458411
5511992458424
5511992458426
5511992458484
5511992458500
5511992458516
5511992458562
5511992458625
5511992458640
5511992458642
5511992458682
5511992458694
5511992458760
5511992458776
5511992458783
5511992458797
5511992458807
5511992458833
5511992458861
5511992458883
5511992458901
5511992458904
5511992458910
5511992458944
5511992458950
5511992458965
5511992458974
5511992458990
5511992458998
5511992459010
5511992459065
5511992459071
5511992459097
5511992459117
5511992459120
5511992459138
5511992459139
5511992459171
5511992459179
5511992459182
5511992459196
5511992459203
5511992459205
5511992459209
5511992459232
5511992459240
5511992459241
5511992459245
5511992459252
5511992459253
5511992459255
5511992459260
5511992459285
5511992459322
5511992459327
5511992459335
5511992459345
5511992459355
5511992459360
5511992459373
5511992459382
5511992459399
5511992459400
5511992459418
5511992459424
5511992459434
5511992459449
5511992459472
5511992459473
5511992459491
5511992459494
5511992459505
5511992459534
5511992459537
5511992459560
5511992459566
5511992459590
5511992459599
5511992459616
5511992459619
5511992459698
5511992459701
5511992459713
5511992459714
5511992459731
5511992459738
5511992459751
5511992459753
5511992459763
5511992459767
5511992459775
5511992459783
5511992459786
5511992459796
5511992459807
5511992459808
5511992459813
5511992459857
5511992459868
5511992459876
5511992459888
5511992459902
5511992459907
5511992459917
5511992459921
5511992459926
5511992459943
5511992459967
5511992459995
5511992460021
5511992460024
5511992460064
5511992460073
5511992460090
5511992460109
5511992460120
5511992460132
5511992460137
5511992460146
5511992460218
5511992460248
5511992460249
5511992460250
5511992460256
5511992460276
5511992460352
5511992460362
5511992460368
5511992460370
5511992460408
5511992460430
5511992460434
5511992460436
5511992460439
5511992460481
5511992460546
5511992460559
5511992460584
5511992460608
5511992460617
5511992460641
5511992460650
5511992460696
5511992460787
5511992460805
5511992460824
5511992460871
5511992460879
5511992460883
5511992460913
5511992460920
5511992460928
5511992460938
5511992460941
5511992460979
5511992461080
5511992461082
5511992461086
5511992461164
5511992461166
5511992461180
5511992461218
5511992461220
5511992461226
5511992461234
5511992461256
5511992461261
5511992461265
5511992461271
5511992461283
5511992461287
5511992461311
5511992461364
5511992461384
5511992461406
5511992461421
5511992461423
5511992461455
5511992461459
5511992461461
5511992461519
5511992461524
5511992461529
5511992461591
5511992461600
5511992461635
5511992461655
5511992461659
5511992461660
5511992461676
5511992461682
5511992461683
5511992461698
5511992461713
5511992461748
5511992461752
5511992461802
5511992461815
5511992461833
5511992461838
5511992461840
5511992461843
5511992461856
5511992461861
5511992461888
5511992461918
5511992461919
5511992461936
5511992461953
5511992461977
5511992461980
5511992461992
5511992461994
5511992462000
5511992462019
5511992462032
5511992462045
5511992462046
5511992462055
5511992462099
5511992462113
5511992462139
5511992462149
5511992462150
5511992462203
5511992462253
5511992462266
5511992462267
5511992462273
5511992462298
5511992462299
5511992462325
5511992462375
5511992462376
5511992462392
5511992462399
5511992462408
5511992462450
5511992462457
5511992462459
5511992462486
5511992462535
5511992462538
5511992462614
5511992462625
5511992462655
5511992462697
5511992462723
5511992462725
5511992462776
5511992462785
5511992462802
5511992462878
5511992462894
5511992462911
5511992462936
5511992462957
5511992462970
5511992463009
5511992463032
5511992463067
5511992463082
5511992463103
5511992463151
5511992463194
5511992463200
5511992463205
5511992463259
5511992463260
5511992463264
5511992463274
5511992463275
5511992463330
5511992463339
5511992463355
5511992463373
5511992463408
5511992463424
5511992463436
5511992463452
5511992463453
5511992463478
5511992463485
5511992463492
5511992463510
5511992463539
5511992463548
5511992463614
5511992463653
5511992463662
5511992463664
5511992463668
5511992463672
5511992463705
5511992463707
5511992463721
5511992463723
5511992463730
5511992463736
5511992463744
5511992463762
5511992463767
5511992463777
5511992463779
5511992463784
5511992463785
5511992463791
5511992463838
5511992463843
5511992463845
5511992463852
5511992463862
5511992463877
5511992463893
5511992463898
5511992463924
5511992463952
5511992463961
5511992463969
5511992463977
5511992463984
5511992463996
5511992464016
5511992464021
5511992464029
5511992464036
5511992464067
5511992464069
5511992464073
5511992464093
5511992464096
5511992464109
5511992464117
5511992464149
5511992464165
5511992464173
5511992464177
5511992464210
5511992464211
5511992464212
5511992464223
5511992464248
5511992464252
5511992464320
5511992464334
5511992464346
5511992464406
5511992464421
5511992464517
5511992464526
5511992464534
5511992464550
5511992464552
5511992464555
5511992464562
5511992464573
5511992464599
5511992464622
5511992464640
5511992464643
5511992464705
5511992464706
5511992464709
5511992464734
5511992464744
5511992464774
5511992464785
5511992464859
5511992464860
5511992464868
5511992464883
5511992464905
5511992464915
5511992464959
5511992464998
5511992465001
5511992465002
5511992465007
5511992465030
5511992465053
5511992465081
5511992465100
5511992465112
5511992465114
5511992465129
5511992465132
5511992465179
5511992465221
5511992465232
5511992465255
5511992465274
5511992465314
5511992465377
5511992465429
5511992465449
5511992465450
5511992465459
5511992465465
5511992465486
5511992465502
5511992465558
5511992465565
5511992465567
5511992465590
5511992465591
5511992465649
5511992465674
5511992465678
5511992465736
5511992465743
5511992465775
5511992465828
5511992465855
5511992465870
5511992465882
5511992465919
5511992465956
5511992465960
5511992465973
5511992465989
5511992466068
5511992466080
5511992466131
5511992466167
5511992466193
5511992466194
5511992466224
5511992466233
5511992466249
5511992466275
5511992466293
5511992466294
5511992466303
5511992466311
5511992466373
5511992466376
5511992466377
5511992466391
5511992466415
5511992466443
5511992466459
5511992466462
5511992466613
5511992466622
5511992466629
5511992466642
5511992466663
5511992466693
5511992466721
5511992466737
5511992466774
5511992466792
5511992466822
5511992466824
5511992466845
5511992466873
5511992466940
5511992466942
5511992466948
5511992466976
5511992467006
5511992467007
5511992467009
5511992467019
5511992467043
5511992467061
5511992467085
5511992467089
5511992467090
5511992467093
5511992467112
5511992467173
5511992467182
5511992467220
5511992467222
5511992467344
5511992467395
5511992467412
5511992467417
5511992467438
5511992467540
5511992467603
5511992467629
5511992467650
5511992467657
5511992467672
5511992467689
5511992467690
5511992467691
5511992467696
5511992467706
5511992467716
5511992467751
5511992467766
5511992467773
5511992467780
5511992467806
5511992467807
5511992467855
5511992467891
5511992467922
5511992467929
5511992468242
5511992468249
5511992468298
5511992468312
5511992468325
5511992468337
5511992468351
5511992468357
5511992468366
5511992468368
5511992468373
5511992468422
5511992468561
5511992468577
5511992468604
5511992468609
5511992468614
5511992468645
5511992468652
5511992468659
5511992468760
5511992468823
5511992468839
5511992468840
5511992468932
5511992468962
5511992469009
5511992469045
5511992469095
5511992469096
5511992469102
5511992469115
5511992469146
5511992469152
5511992469157
5511992469168
5511992469241
5511992469258
5511992469286
5511992469290
5511992469295
5511992469378
5511992469379
5511992469380
5511992469397
5511992469510
5511992469555
5511992469565
5511992469572
5511992469619
5511992469689
5511992469694
5511992469697
5511992469806
5511992469840
5511992469858
5511992469888
5511992469929
5511992469932
5511992470002
5511992470010
5511992470013
5511992470051
5511992470088
5511992470106
5511992470196
5511992470226
5511992470287
5511992470340
5511992470418
5511992470558
5511992470575
5511992470716
5511992470757
5511992470760
5511992470787
5511992470840
5511992470990
5511992470998
5511992471085
5511992471092
5511992471116
5511992471147
5511992471161
5511992471181
5511992471289
5511992471305
5511992471324
5511992471328
5511992471350
5511992471364
5511992471384
5511992471390
5511992471410
5511992471556
5511992471610
5511992471612
5511992471644
5511992471752
5511992471800
5511992471833
5511992471853
5511992471869
5511992471931
5511992471978
5511992471985
5511992472014
5511992472016
5511992472050
5511992472052
5511992472070
5511992472096
5511992472109
5511992472117
5511992472124
5511992472182
5511992472286
5511992472361
5511992472411
5511992472469
5511992472492
5511992472506
5511992472551
5511992472576
5511992472680
5511992472781
5511992472806
5511992472833
5511992472987
5511992472989
5511992473053
5511992473114
5511992473208
5511992473232
5511992473274
5511992473275
5511992473293
5511992473349
5511992473365
5511992473413
5511992473507
5511992473509
5511992473518
5511992473526
5511992473548
5511992473643
5511992473779
5511992473780
5511992473806
5511992473832
5511992473848
5511992473867
5511992473877
5511992473890
5511992473918
5511992473934
5511992474070
5511992474116
5511992474196
5511992474200
5511992474212
5511992474219
5511992474278
5511992474293
5511992474297
5511992474306
5511992474317
5511992474332
5511992474387
5511992474388
5511992474402
5511992474405
5511992474407
5511992474408
5511992474414
5511992474458
5511992474510
5511992474548
5511992474595
5511992474636
5511992474691
5511992474714
5511992474748
5511992474754
5511992474794
5511992474802
5511992474805
5511992474851
5511992474860
5511992474899
5511992474904
5511992474923
5511992474926
5511992474936
5511992474962
5511992474973
5511992474982
5511992474988
5511992475026
5511992475033
5511992475045
5511992475058
5511992475061
5511992475073
5511992475112
5511992475123
5511992475198
5511992475201
5511992475237
5511992475285
5511992475310
5511992475348
5511992475349
5511992475351
5511992475373
5511992475379
5511992475399
5511992475410
5511992475423
5511992475502
5511992475518
5511992475554
5511992475565
5511992475569
5511992475642
5511992475656
5511992475657
5511992475676
5511992475683
5511992475705
5511992475725
5511992475735
5511992475753
5511992475806
5511992475811
5511992475836
5511992475843
5511992475875
5511992475892
5511992475909
5511992475924
5511992475985
5511992475995
5511992476000
5511992476035
5511992476066
5511992476069
5511992476073
5511992476083
5511992476106
5511992476153
5511992476175
5511992476199
5511992476216
5511992476263
5511992476296
5511992476328
5511992476341
5511992476342
5511992476371
5511992476394
5511992476413
5511992476447
5511992476477
5511992476534
5511992476554
5511992476579
5511992476629
5511992476654
5511992476665
5511992476715
5511992476731
5511992476744
5511992476755
5511992476757
5511992476797
5511992476807
5511992476828
5511992476899
5511992476917
5511992476971
5511992476974
5511992477064
5511992477068
5511992477088
5511992477114
5511992477131
5511992477163
5511992477195
5511992477213
5511992477227
5511992477291
5511992477378
5511992477407
5511992477433
5511992477440
5511992477453
5511992477464
5511992477493
5511992477512
5511992477518
5511992477569
5511992477570
5511992477589
5511992477605
5511992477626
5511992477719
5511992477754
5511992477851
5511992477898
5511992477904
5511992477920
5511992477932
5511992477964
5511992477998
5511992478000
5511992478056
5511992478084
5511992478114
5511992478116
5511992478134
5511992478151
5511992478152
5511992478257
5511992478355
5511992478378
5511992478380
5511992478414
5511992478474
5511992478580
5511992478662
5511992478690
5511992478847
5511992478855
5511992478888
5511992478915
5511992478917
5511992478958
5511992478997
5511992479020
5511992479068
5511992479135
5511992479229
5511992479244
5511992479266
5511992479344
5511992479455
5511992479465
5511992479482
5511992479491
5511992479528
5511992479576
5511992479580
5511992479584
5511992479594
5511992479599
5511992479609
5511992479610
5511992479632
5511992479654
5511992479691
5511992479705
5511992479707
5511992479722
5511992479725
5511992479747
5511992479763
5511992479770
5511992479772
5511992479775
5511992479778
5511992479788
5511992479810
5511992479811
5511992479833
5511992479840
5511992479889
5511992479903
5511992479929
5511992479932
5511992479937
5511992479938
5511992480030
5511992480041
5511992480048
5511992480054
5511992480090
5511992480094
5511992480096
5511992480108
5511992480109
5511992480119
5511992480128
5511992480137
5511992480140
5511992480143
5511992480167
5511992480187
5511992480212
5511992480259
5511992480264
5511992480281
5511992480286
5511992480288
5511992480302
5511992480305
5511992480326
5511992480362
5511992480377
5511992480380
5511992480402
5511992480408
5511992480429
5511992480441
5511992480449
5511992480465
5511992480470
5511992480502
5511992480532
5511992480558
5511992480567
5511992480569
5511992480595
5511992480640
5511992480660
5511992480666
5511992480685
5511992480739
5511992480782
5511992480792
5511992480794
5511992480800
5511992480805
5511992480868
5511992480909
5511992480912
5511992480946
5511992480954
5511992480981
5511992480991
5511992481029
5511992481045
5511992481104
5511992481110
5511992481135
5511992481141
5511992481235
5511992481259
5511992481263
5511992481283
5511992481290
5511992481458
5511992481464
5511992481508
5511992481515
5511992481573
5511992481575
5511992481590
5511992481600
5511992481625
5511992481690
5511992481708
5511992481767
5511992481972
5511992482021
5511992482022
5511992482031
5511992482047
5511992482048
5511992482097
5511992482102
5511992482145
5511992482159
5511992482181
5511992482194
5511992482214
5511992482222
5511992482263
5511992482291
5511992482353
5511992482360
5511992482461
5511992482477
5511992482498
5511992482505
5511992482522
5511992482524
5511992482545
5511992482558
5511992482607
5511992482608
5511992482616
5511992482646
5511992482654
5511992482655
5511992482664
5511992482678
5511992482679
5511992482709
5511992482710
5511992482712
5511992482720
5511992482725
5511992482733
5511992482734
5511992482783
5511992482789
5511992482818
5511992482828
5511992482853
5511992482862
5511992482873
5511992482925
5511992483042
5511992483057
5511992483102
5511992483140
5511992483148
5511992483158
5511992483167
5511992483169
5511992483170
5511992483177
5511992483178
5511992483188
5511992483196
5511992483220
5511992483226
5511992483229
5511992483263
5511992483268
5511992483287
5511992483295
5511992483346
5511992483368
5511992483384
5511992483423
5511992483425
5511992483447
5511992483456
5511992483465
5511992483475
5511992483481
5511992483482
5511992483490
5511992483501
5511992483502
5511992483529
5511992483532
5511992483541
5511992483543
5511992483574
5511992483576
5511992483578
5511992483580
5511992483593
5511992483611
5511992483670
5511992483691
5511992483725
5511992483727
5511992483738
5511992483740
5511992483751
5511992483755
5511992483761
5511992483762
5511992483780
5511992483788
5511992483838
5511992483872
5511992483877
5511992483879
5511992483898
5511992483907
5511992483925
5511992483932
5511992483944
5511992483949
5511992483971
5511992484033
5511992484057
5511992484066
5511992484068
5511992484097
5511992484100
5511992484103
5511992484120
5511992484122
5511992484172
5511992484174
5511992484189
5511992484191
5511992484213
5511992484230
5511992484234
5511992484238
5511992484308
5511992484331
5511992484334
5511992484353
5511992484388
5511992484397
5511992484402
5511992484419
5511992484450
5511992484453
5511992484454
5511992484457
5511992484470
5511992484478
5511992484487
5511992484490
5511992484491
5511992484494
5511992484523
5511992484533
5511992484561
5511992484641
5511992484670
5511992484689
5511992484700
5511992484710
5511992484732
5511992484763
5511992484804
5511992484812
5511992484844
5511992484846
5511992484861
5511992484872
5511992484882
5511992484892
5511992484924
5511992484937
5511992484947
5511992484950
5511992484977
5511992485001
5511992485037
5511992485041
5511992485063
5511992485087
5511992485092
5511992485095
5511992485097
5511992485169
5511992485181
5511992485204
5511992485209
5511992485273
5511992485284
5511992485286
5511992485288
5511992485324
5511992485328
5511992485351
5511992485354
5511992485365
5511992485379
5511992485394
5511992485395
5511992485412
5511992485473
5511992485482
5511992485508
5511992485532
5511992485554
5511992485588
5511992485600
5511992485607
5511992485621
5511992485627
5511992485634
5511992485638
5511992485653
5511992485656
5511992485659
5511992485677
5511992485684
5511992485688
5511992485719
5511992485738
5511992485739
5511992485770
5511992485802
5511992485807
5511992485811
5511992485824
5511992485833
5511992485839
5511992485889
5511992485891
5511992485917
5511992485918
5511992485923
5511992485951
5511992485954
5511992485955
5511992485966
5511992485970
5511992485998
5511992486000
5511992486017
5511992486019
5511992486021
5511992486045
5511992486060
5511992486101
5511992486106
5511992486115
5511992486174
5511992486203
5511992486206
5511992486210
5511992486217
5511992486235
5511992486240
5511992486250
5511992486299
5511992486333
5511992486378
5511992486412
5511992486430
5511992486460
5511992486479
5511992486509
5511992486511
5511992486519
5511992486542
5511992486568
5511992486595
5511992486597
5511992486622
5511992486626
5511992486628
5511992486637
5511992486655
5511992486668
5511992486684
5511992486739
5511992486763
5511992486770
5511992486779
5511992486781
5511992486818
5511992486822
5511992486831
5511992486854
5511992486869
5511992486871
5511992486882
5511992486888
5511992486918
5511992486930
5511992486941
5511992486969
5511992486972
5511992486986
5511992486991
5511992487029
5511992487035
5511992487039
5511992487054
5511992487061
5511992487080
5511992487132
5511992487142
5511992487146
5511992487150
5511992487178
5511992487180
5511992487203
5511992487211
5511992487219
5511992487242
5511992487244
5511992487252
5511992487262
5511992487273
5511992487293
5511992487295
5511992487311
5511992487327
5511992487329
5511992487341
5511992487345
5511992487370
5511992487418
5511992487455
5511992487528
5511992487546
5511992487560
5511992487578
5511992487593
5511992487602
5511992487628
5511992487636
5511992487652
5511992487701
5511992487721
5511992487748
5511992487760
5511992487845
5511992487870
5511992487888
5511992487914
5511992487916
5511992487974
5511992487986
5511992487994
5511992487996
5511992488002
5511992488024
5511992488041
5511992488057
5511992488092
5511992488094
5511992488098
5511992488119
5511992488138
5511992488146
5511992488226
5511992488257
5511992488290
5511992488307
5511992488313
5511992488316
5511992488320
5511992488336
5511992488351
5511992488418
5511992488422
5511992488428
5511992488444
5511992488450
5511992488456
5511992488459
5511992488517
5511992488533
5511992488536
5511992488544
5511992488568
5511992488589
5511992488646
5511992488658
5511992488698
5511992488750
5511992488784
5511992488852
5511992488872
5511992488911
5511992488977
5511992488979
5511992488990
5511992489000
5511992489005
5511992489008
5511992489027
5511992489035
5511992489050
5511992489161
5511992489186
5511992489226
5511992489234
5511992489405
5511992489440
5511992489506
5511992489528
5511992489533
5511992489535
5511992489542
5511992489548
5511992489588
5511992489619
5511992489648
5511992489677
5511992489690
5511992489738
5511992489754
5511992489764
5511992489801
5511992489838
5511992489842
5511992489843
5511992489857
5511992489860
5511992489875
5511992489881
5511992489884
5511992489890
5511992489901
5511992489916
5511992489929
5511992489935
5511992489949
5511992490004
5511992490009
5511992490013
5511992490030
5511992490032
5511992490052
5511992490075
5511992490078
5511992490092
5511992490093
5511992490095
5511992490100
5511992490101
5511992490112
5511992490119
5511992490123
5511992490146
5511992490157
5511992490162
5511992490170
5511992490178
5511992490179
5511992490217
5511992490233
5511992490237
5511992490246
5511992490256
5511992490257
5511992490260
5511992490284
5511992490298
5511992490304
5511992490314
5511992490317
5511992490319
5511992490322
5511992490328
5511992490332
5511992490355
5511992490405
5511992490414
5511992490448
5511992490497
5511992490500
5511992490513
5511992490515
5511992490517
5511992490519
5511992490541
5511992490544
5511992490554
5511992490558
5511992490572
5511992490621
5511992490622
5511992490635
5511992490651
5511992490654
5511992490670
5511992490688
5511992490689
5511992490702
5511992490704
5511992490705
5511992490706
5511992490795
5511992490803
5511992490804
5511992490808
5511992490810
5511992490813
5511992490867
5511992490872
5511992490892
5511992490900
5511992490904
5511992490929
5511992490944
5511992490949
5511992490971
5511992490986
5511992491001
5511992491008
5511992491022
5511992491028
5511992491056
5511992491063
5511992491065
5511992491097
5511992491126
5511992491136
5511992491167
5511992491172
5511992491187
5511992491205
5511992491239
5511992491246
5511992491279
5511992491320
5511992491326
5511992491337
5511992491339
5511992491370
5511992491371
5511992491372
5511992491376
5511992491383
5511992491390
5511992491396
5511992491400
5511992491401
5511992491435
5511992491443
5511992491456
5511992491493
5511992491495
5511992491500
5511992491550
5511992491584
5511992491587
5511992491598
5511992491614
5511992491619
5511992491622
5511992491623
5511992491656
5511992491666
5511992491689
5511992491713
5511992491721
5511992491753
5511992491764
5511992491765
5511992491783
5511992491784
5511992491832
5511992491833
5511992491841
5511992491848
5511992491854
5511992491855
5511992491883
5511992491886
5511992491896
5511992491968
5511992491986
5511992491987
5511992491988
5511992491999
5511992492011
5511992492018
5511992492080
5511992492113
5511992492120
5511992492123
5511992492126
5511992492141
5511992492162
5511992492215
5511992492230
5511992492244
5511992492255
5511992492268
5511992492301
5511992492321
5511992492389
5511992492418
5511992492425
5511992492439
5511992492442
5511992492465
5511992492472
5511992492484
5511992492511
5511992492537
5511992492551
5511992492566
5511992492572
5511992492605
5511992492618
5511992492646
5511992492647
5511992492667
5511992492737
5511992492745
5511992492790
5511992492792
5511992492801
5511992492804
5511992492806
5511992492818
5511992492822
5511992492824
5511992492845
5511992492924
5511992492938
5511992492959
5511992492964
5511992493012
5511992493043
5511992493052
5511992493072
5511992493076
5511992493092
5511992493132
5511992493144
5511992493152
5511992493171
5511992493175
5511992493179
5511992493198
5511992493226
5511992493248
5511992493253
5511992493271
5511992493288
5511992493296
5511992493307
5511992493378
5511992493403
5511992493494
5511992493516
5511992493546
5511992493577
5511992493598
5511992493604
5511992493605
5511992493614
5511992493650
5511992493672
5511992493717
5511992493739
5511992493789
5511992493795
5511992493801
5511992493818
5511992493822
5511992493832
5511992493870
5511992493903
5511992493932
5511992493963
5511992493966
5511992493977
5511992493998
5511992494000
5511992494002
5511992494005
5511992494051
5511992494071
5511992494076
5511992494088
5511992494093
5511992494115
5511992494129
5511992494168
5511992494174
5511992494198
5511992494200
5511992494220
5511992494243
5511992494246
5511992494248
5511992494282
5511992494300
5511992494304
5511992494319
5511992494334
5511992494349
5511992494368
5511992494374
5511992494391
5511992494436
5511992494448
5511992494459
5511992494469
5511992494482
5511992494491
5511992494496
5511992494517
5511992494557
5511992494559
5511992494568
5511992494593
5511992494596
5511992494597
5511992494607
5511992494620
5511992494627
5511992494651
5511992494658
5511992494665
5511992494740
5511992494743
5511992494749
5511992494770
5511992494780
5511992494810
5511992494889
5511992494892
5511992494904
5511992494907
5511992494908
5511992494918
5511992494937
5511992494944
5511992495004
5511992495024
5511992495031
5511992495046
5511992495056
5511992495090
5511992495091
5511992495099
5511992495101
5511992495108
5511992495112
5511992495113
5511992495133
5511992495162
5511992495180
5511992495186
5511992495204
5511992495227
5511992495260
5511992495262
5511992495266
5511992495298
5511992495312
5511992495313
5511992495318
5511992495336
5511992495352
5511992495356
5511992495358
5511992495394
5511992495433
5511992495443
5511992495523
5511992495536
5511992495537
5511992495562
5511992495596
5511992495614
5511992495622
5511992495636
5511992495692
5511992495739
5511992495750
5511992495760
5511992495762
5511992495796
5511992495803
5511992495804
5511992495818
5511992495829
5511992495883
5511992495890
5511992495893
5511992495913
5511992495930
5511992495939
5511992495945
5511992495956
5511992495959
5511992495963
5511992495970
5511992495976
5511992495993
5511992496011
5511992496016
5511992496065
5511992496094
5511992496119
5511992496124
5511992496130
5511992496133
5511992496140
5511992496148
5511992496161
5511992496166
5511992496177
5511992496217
5511992496223
5511992496228
5511992496248
5511992496250
5511992496251
5511992496256
5511992496287
5511992496310
5511992496312
5511992496313
5511992496323
5511992496325
5511992496326
5511992496353
5511992496367
5511992496394
5511992496414
5511992496435
5511992496437
5511992496495
5511992496496
5511992496511
5511992496575
5511992496578
5511992496598
5511992496639
5511992496645
5511992496700
5511992496738
5511992496759
5511992496786
5511992496787
5511992496798
5511992496801
5511992496806
5511992496814
5511992496819
5511992496822
5511992496850
5511992496851
5511992496857
5511992496898
5511992496901
5511992496916
5511992496925
5511992496926
5511992496941
5511992496944
5511992496949
5511992496959
5511992496977
5511992497012
5511992497015
5511992497019
5511992497031
5511992497040
5511992497065
5511992497070
5511992497106
5511992497142
5511992497146
5511992497147
5511992497165
5511992497179
5511992497185
5511992497206
5511992497241
5511992497248
5511992497256
5511992497257
5511992497285
5511992497288
5511992497290
5511992497294
5511992497305
5511992497342
5511992497350
5511992497368
5511992497371
5511992497386
5511992497401
5511992497408
5511992497444
5511992497452
5511992497457
5511992497459
5511992497503
5511992497513
5511992497554
5511992497565
5511992497577
5511992497592
5511992497610
5511992497622
5511992497659
5511992497671
5511992497710
5511992497733
5511992497743
5511992497745
5511992497751
5511992497757
5511992497778
5511992497840
5511992497875
5511992497885
5511992497891
5511992497906
5511992497907
5511992497908
5511992497926
5511992497927
5511992497941
5511992498071
5511992498093
5511992498100
5511992498131
5511992498137
5511992498141
5511992498166
5511992498168
5511992498212
5511992498236
5511992498247
5511992498258
5511992498259
5511992498293
5511992498314
5511992498321
5511992498348
