5511976773563
5511976773566
5511976773569
5511976773572
5511976773577
5511976773578
5511976773582
5511976773583
5511976773585
5511976773589
5511976773590
5511976773591
5511976773596
5511976773597
5511976773599
5511976773604
5511976773609
5511976773613
5511976773614
5511976773617
5511976773618
5511976773619
5511976773620
5511976773621
5511976773623
5511976773625
5511976773626
5511976773627
5511976773628
5511976773629
5511976773631
5511976773633
5511976773645
5511976773649
5511976773652
5511976773653
5511976773654
5511976773658
5511976773661
5511976773666
5511976773669
5511976773670
5511976773674
5511976773676
5511976773677
5511976773680
5511976773681
5511976773683
5511976773687
5511976773693
5511976773699
5511976773700
5511976773701
5511976773703
5511976773705
5511976773706
5511976773712
5511976773718
5511976773721
5511976773723
5511976773727
5511976773728
5511976773729
5511976773731
5511976773735
5511976773750
5511976773753
5511976773754
5511976773755
5511976773762
5511976773763
5511976773764
5511976773766
5511976773770
5511976773774
5511976773777
5511976773779
5511976773781
5511976773784
5511976773786
5511976773787
5511976773790
5511976773791
5511976773793
5511976773798
5511976773801
5511976773804
5511976773805
5511976773806
5511976773809
5511976773818
5511976773819
5511976773821
5511976773824
5511976773828
5511976773829
5511976773832
5511976773836
5511976773838
5511976773839
5511976773840
5511976773841
5511976773844
5511976773846
5511976773847
5511976773848
5511976773851
5511976773852
5511976773855
5511976773857
5511976773862
5511976773869
5511976773873
5511976773881
5511976773884
5511976773885
5511976773886
5511976773891
5511976773899
5511976773904
5511976773908
5511976773909
5511976773916
5511976773918
5511976773919
5511976773922
5511976773923
5511976773924
5511976773930
5511976773931
5511976773934
5511976773936
5511976773937
5511976773938
5511976773943
5511976773945
5511976773946
5511976773948
5511976773950
5511976773953
5511976773954
5511976773959
5511976773962
5511976773965
5511976773966
5511976773968
5511976773973
5511976773975
5511976773976
5511976773977
5511976773979
5511976773980
5511976773981
5511976773984
5511976773992
5511976773994
5511976774001
5511976774002
5511976774003
5511976774006
5511976774008
5511976774009
5511976774013
5511976774016
5511976774018
5511976774019
5511976774024
5511976774027
5511976774029
5511976774035
5511976774043
5511976774048
5511976774049
5511976774052
5511976774053
5511976774055
5511976774060
5511976774067
5511976774074
5511976774075
5511976774078
5511976774080
5511976774084
5511976774085
5511976774088
5511976774095
5511976774099
5511976774104
5511976774116
5511976774118
5511976774120
5511976774122
5511976774124
5511976774125
5511976774128
5511976774130
5511976774131
5511976774133
5511976774137
5511976774139
5511976774141
5511976774142
5511976774145
5511976774146
5511976774152
5511976774158
5511976774164
5511976774165
5511976774171
5511976774172
5511976774182
5511976774183
5511976774184
5511976774187
5511976774189
5511976774191
5511976774197
5511976774201
5511976774202
5511976774204
5511976774211
5511976774214
5511976774220
5511976774222
5511976774224
5511976774226
5511976774231
5511976774235
5511976774237
5511976774239
5511976774249
5511976774252
5511976774255
5511976774264
5511976774265
5511976774277
5511976774278
5511976774280
5511976774281
5511976774286
5511976774293
5511976774298
5511976774301
5511976774303
5511976774308
5511976774315
5511976774318
5511976774322
5511976774323
5511976774341
5511976774345
5511976774354
5511976774355
5511976774362
5511976774368
5511976774369
5511976774372
5511976774376
5511976774377
5511976774384
5511976774387
5511976774397
5511976774406
5511976774407
5511976774408
5511976774409
5511976774418
5511976774420
5511976774421
5511976774422
5511976774425
5511976774431
5511976774438
5511976774442
5511976774446
5511976774448
5511976774450
5511976774452
5511976774455
5511976774456
5511976774457
5511976774459
5511976774467
5511976774469
5511976774471
5511976774477
5511976774484
5511976774485
5511976774495
5511976774501
5511976774510
5511976774514
5511976774517
5511976774519
5511976774520
5511976774529
5511976774533
5511976774534
5511976774535
5511976774536
5511976774537
5511976774538
5511976774539
5511976774544
5511976774549
5511976774553
5511976774554
5511976774556
5511976774563
5511976774564
5511976774567
5511976774570
5511976774571
5511976774572
5511976774579
5511976774580
5511976774582
5511976774587
5511976774608
5511976774612
5511976774622
5511976774624
5511976774626
5511976774632
5511976774636
5511976774638
5511976774641
5511976774644
5511976774650
5511976774655
5511976774658
5511976774659
5511976774661
5511976774664
5511976774670
5511976774676
5511976774686
5511976774689
5511976774692
5511976774694
5511976774697
5511976774698
5511976774699
5511976774705
5511976774709
5511976774717
5511976774721
5511976774722
5511976774726
5511976774729
5511976774730
5511976774741
5511976774742
5511976774744
5511976774758
5511976774764
5511976774767
5511976774772
5511976774776
5511976774777
5511976774778
5511976774780
5511976774781
5511976774785
5511976774786
5511976774788
5511976774792
5511976774795
5511976774797
5511976774799
5511976774804
5511976774806
5511976774808
5511976774813
5511976774815
5511976774816
5511976774817
5511976774818
5511976774822
5511976774823
5511976774824
5511976774831
5511976774832
5511976774835
5511976774838
5511976774840
5511976774841
5511976774843
5511976774844
5511976774845
5511976774846
5511976774847
5511976774850
5511976774853
5511976774857
5511976774860
5511976774862
5511976774863
5511976774868
5511976774871
5511976774872
5511976774874
5511976774875
5511976774877
5511976774878
5511976774880
5511976774882
5511976774883
5511976774885
5511976774886
5511976774888
5511976774897
5511976774899
5511976774906
5511976774910
5511976774911
5511976774922
5511976774924
5511976774926
5511976774930
5511976774931
5511976774932
5511976774939
5511976774940
5511976774947
5511976774949
5511976774952
5511976774953
5511976774955
5511976774957
5511976774959
5511976774963
5511976774965
5511976774969
5511976774971
5511976774972
5511976774973
5511976774977
5511976774978
5511976774981
5511976774985
5511976774987
5511976774988
5511976774989
5511976774995
5511976774998
5511976774999
5511976775003
5511976775007
5511976775009
5511976775010
5511976775014
5511976775016
5511976775017
5511976775079
5511976775082
5511976775191
5511976775220
5511976775310
5511976775380
5511976775463
5511976775472
5511976775577
5511976775633
5511976775698
5511976775787
5511976775911
5511976776007
5511976776043
5511976776082
5511976776101
5511976776243
5511976776282
5511976776340
5511976776353
5511976776463
5511976776507
5511976776573
5511976776655
5511976777037
5511976777086
5511976777154
5511976777156
5511976777195
5511976777268
5511976777335
5511976777352
5511976777395
5511976777609
5511976777760
5511976777990
5511976778002
5511976778109
5511976778237
5511976778272
5511976778280
5511976778603
5511976778656
5511976778694
5511976778701
5511976778828
5511976778882
5511976778928
5511976779034
5511976779145
5511976779345
5511976779456
5511976779474
5511976779526
5511976779585
5511976779721
5511976779731
5511976779756
5511976779807
5511976779841
5511976780011
5511976780288
5511976780297
5511976780338
5511976780619
5511976780653
5511976780716
5511976780767
5511976780775
5511976780789
5511976780853
5511976780906
5511976781023
5511976781097
5511976781114
5511976781164
5511976781352
5511976781399
5511976781419
5511976781597
5511976781603
5511976781769
5511976781847
5511976781927
5511976781994
5511976782009
5511976782011
5511976782271
5511976782325
5511976782399
5511976782510
5511976782554
5511976782568
5511976782601
5511976782670
5511976782672
5511976782679
5511976782692
5511976782791
5511976783385
5511976783565
5511976783648
5511976783719
5511976783753
5511976783851
5511976783872
5511976784006
5511976784154
5511976784257
5511976784329
5511976784400
5511976784521
5511976784635
5511976784727
5511976784740
5511976784872
5511976784947
5511976785307
5511976785312
5511976785385
5511976785520
5511976785552
5511976785595
5511976785624
5511976785888
5511976786047
5511976786050
5511976786250
5511976786274
5511976786324
5511976786330
5511976786433
5511976786463
5511976786557
5511976786651
5511976786691
5511976786714
5511976786730
5511976786799
5511976786920
5511976786969
5511976787003
5511976787326
5511976787393
5511976787400
5511976787412
5511976787492
5511976787525
5511976787588
5511976787775
5511976787813
5511976788027
5511976788035
5511976788040
5511976788058
5511976788116
5511976788117
5511976788202
5511976788257
5511976788416
5511976788422
5511976788586
5511976788693
5511976788789
5511976788811
5511976788976
5511976788998
5511976789121
5511976789137
5511976789194
5511976789375
5511976789425
5511976789653
5511976789671
5511976789680
5511976789710
5511976789738
5511976789908
5511976790134
5511976790176
5511976790343
5511976790526
5511976791014
5511976791060
5511976791166
5511976791209
5511976791348
5511976791431
5511976791441
5511976791600
5511976791675
5511976791688
5511976791746
5511976791751
5511976791783
5511976791822
5511976791859
5511976791882
5511976791896
5511976791900
5511976791901
5511976791983
5511976792035
5511976792050
5511976792207
5511976792384
5511976792421
5511976792626
5511976792679
5511976792754
5511976792801
5511976792812
5511976793104
5511976793105
5511976793248
5511976793367
5511976793440
5511976793490
5511976793518
5511976793575
5511976793623
5511976793632
5511976793832
5511976793916
5511976794219
5511976794391
5511976794395
5511976794437
5511976794472
5511976794543
5511976794675
5511976794696
5511976794704
5511976794708
5511976794810
5511976794820
5511976795182
5511976795305
5511976795320
5511976795519
5511976795602
5511976795642
5511976795761
5511976795935
5511976795962
5511976796075
5511976796344
5511976796362
5511976796485
5511976796656
5511976796925
5511976796928
5511976796985
5511976797040
5511976797096
5511976797128
5511976797471
5511976797486
5511976797577
5511976797736
5511976797772
5511976797845
5511976797892
5511976797972
5511976798166
5511976798264
5511976798325
5511976798327
5511976798379
5511976798483
5511976798495
5511976798521
5511976798654
5511976798786
5511976798799
5511976798827
5511976798904
5511976798958
5511976799126
5511976799205
5511976799311
5511976799408
5511976799499
5511976799570
5511976799678
5511976799719
5511976799776
5511976799861
5511976799866
5511976799877
5511976800000
5511976800062
5511976800113
5511976800200
5511976800323
5511976800816
5511976800907
5511976801000
5511976801008
5511976801012
5511976801016
5511976801018
5511976801020
5511976801023
5511976801027
5511976801029
5511976801031
5511976801046
5511976801053
5511976801058
5511976801062
5511976801063
5511976801065
5511976801067
5511976801069
5511976801070
5511976801078
5511976801081
5511976801097
5511976801099
5511976801102
5511976801119
5511976801127
5511976801129
5511976801134
5511976801138
5511976801139
5511976801140
5511976801143
5511976801146
5511976801148
5511976801154
5511976801157
5511976801158
5511976801160
5511976801161
5511976801162
5511976801164
5511976801165
5511976801168
5511976801177
5511976801178
5511976801183
5511976801191
5511976801193
5511976801195
5511976801197
5511976801198
5511976801202
5511976801204
5511976801205
5511976801206
5511976801210
5511976801211
5511976801213
5511976801215
5511976801217
5511976801219
5511976801221
5511976801230
5511976801231
5511976801232
5511976801239
5511976801240
5511976801241
5511976801243
5511976801246
5511976801249
5511976801250
5511976801255
5511976801258
5511976801263
5511976801272
5511976801275
5511976801277
5511976801278
5511976801284
5511976801285
5511976801287
5511976801289
5511976801290
5511976801292
5511976801294
5511976801295
5511976801296
5511976801300
5511976801304
5511976801308
5511976801312
5511976801313
5511976801314
5511976801316
5511976801318
5511976801323
5511976801324
5511976801326
5511976801331
5511976801335
5511976801336
5511976801337
5511976801339
5511976801340
5511976801341
5511976801342
5511976801343
5511976801347
5511976801353
5511976801357
5511976801360
5511976801364
5511976801368
5511976801370
5511976801373
5511976801375
5511976801376
5511976801377
5511976801381
5511976801382
5511976801390
5511976801398
5511976801400
5511976801401
5511976801402
5511976801406
5511976801408
5511976801413
5511976801415
5511976801417
5511976801418
5511976801428
5511976801429
5511976801432
5511976801433
5511976801434
5511976801436
5511976801438
5511976801444
5511976801446
5511976801448
5511976801450
5511976801454
5511976801457
5511976801463
5511976801464
5511976801466
5511976801467
5511976801470
5511976801474
5511976801475
5511976801482
5511976801486
5511976801487
5511976801490
5511976801495
5511976801499
5511976801500
5511976801503
5511976801504
5511976801505
5511976801506
5511976801511
5511976801512
5511976801515
5511976801517
5511976801518
5511976801521
5511976801524
5511976801525
5511976801526
5511976801527
5511976801528
5511976801530
5511976801533
5511976801536
5511976801537
5511976801542
5511976801543
5511976801548
5511976801554
5511976801555
5511976801556
5511976801563
5511976801564
5511976801565
5511976801566
5511976801569
5511976801571
5511976801577
5511976801583
5511976801585
5511976801594
5511976801597
5511976801608
5511976801611
5511976801612
5511976801613
5511976801620
5511976801627
5511976801633
5511976801637
5511976801640
5511976801642
5511976801650
5511976801659
5511976801660
5511976801661
5511976801664
5511976801668
5511976801669
5511976801677
5511976801680
5511976801682
5511976801683
5511976801688
5511976801691
5511976801697
5511976801704
5511976801710
5511976801712
5511976801713
5511976801719
5511976801727
5511976801728
5511976801729
5511976801731
5511976801738
5511976801742
5511976801747
5511976801749
5511976801752
5511976801754
5511976801757
5511976801761
5511976801764
5511976801766
5511976801770
5511976801775
5511976801778
5511976801779
5511976801780
5511976801781
5511976801784
5511976801788
5511976801795
5511976801797
5511976801798
5511976801799
5511976801804
5511976801805
5511976801806
5511976801807
5511976801810
5511976801816
5511976801817
5511976801820
5511976801821
5511976801824
5511976801826
5511976801827
5511976801828
5511976801830
5511976801836
5511976801837
5511976801840
5511976801843
5511976801845
5511976801846
5511976801849
5511976801851
5511976801852
5511976801854
5511976801856
5511976801858
5511976801859
5511976801862
5511976801866
5511976801878
5511976801880
5511976801881
5511976801883
5511976801884
5511976801889
5511976801895
5511976801897
5511976801898
5511976801903
5511976801904
5511976801908
5511976801910
5511976801918
5511976801919
5511976801920
5511976801921
5511976801922
5511976801923
5511976801926
5511976801931
5511976801934
5511976801935
5511976801936
5511976801938
5511976801940
5511976801942
5511976801947
5511976801948
5511976801949
5511976801956
5511976801957
5511976801958
5511976801965
5511976801968
5511976801972
5511976801981
5511976801982
5511976801985
5511976801987
5511976801989
5511976801996
5511976801997
5511976802004
5511976802006
5511976802009
5511976802010
5511976802011
5511976802012
5511976802017
5511976802021
5511976802022
5511976802024
5511976802025
5511976802029
5511976802031
5511976802033
5511976802034
5511976802035
5511976802037
5511976802040
5511976802041
5511976802046
5511976802054
5511976802056
5511976802057
5511976802058
5511976802059
5511976802060
5511976802069
5511976802073
5511976802074
5511976802079
5511976802081
5511976802082
5511976802084
5511976802086
5511976802087
5511976802094
5511976802098
5511976802102
5511976802104
5511976802107
5511976802116
5511976802117
5511976802118
5511976802120
5511976802121
5511976802130
5511976802135
5511976802138
5511976802144
5511976802151
5511976802152
5511976802157
5511976802158
5511976802160
5511976802171
5511976802173
5511976802182
5511976802184
5511976802186
5511976802188
5511976802189
5511976802190
5511976802192
5511976802194
5511976802197
5511976802198
5511976802203
5511976802204
5511976802207
5511976802211
5511976802213
5511976802222
5511976802223
5511976802224
5511976802231
5511976802232
5511976802236
5511976802241
5511976802242
5511976802243
5511976802246
5511976802248
5511976802256
5511976802257
5511976802258
5511976802259
5511976802263
5511976802265
5511976802270
5511976802271
5511976802281
5511976802286
5511976802290
5511976802291
5511976802292
5511976802293
5511976802296
5511976802297
5511976802299
5511976802300
5511976802302
5511976802303
5511976802305
5511976802306
5511976802307
5511976802312
5511976802315
5511976802317
5511976802319
5511976802323
5511976802326
5511976802327
5511976802331
5511976802332
5511976802333
5511976802335
5511976802337
5511976802342
5511976802343
5511976802345
5511976802346
5511976802351
5511976802356
5511976802367
5511976802370
5511976802371
5511976802374
5511976802378
5511976802379
5511976802380
5511976802382
5511976802383
5511976802387
5511976802388
5511976802392
5511976802395
5511976802402
5511976802403
5511976802412
5511976802415
5511976802417
5511976802418
5511976802421
5511976802423
5511976802424
5511976802425
5511976802429
5511976802430
5511976802434
5511976802436
5511976802439
5511976802441
5511976802443
5511976802446
5511976802447
5511976802448
5511976802450
5511976802451
5511976802453
5511976802454
5511976802465
5511976802466
5511976802467
5511976802475
5511976802477
5511976802482
5511976802484
5511976802485
5511976802510
5511976802513
5511976802514
5511976802516
5511976802517
5511976802518
5511976802522
5511976802526
5511976802531
5511976802533
5511976802534
5511976802535
5511976802536
5511976802540
5511976802543
5511976802545
5511976802548
5511976802553
5511976802558
5511976802561
5511976802567
5511976802569
5511976802572
5511976802573
5511976802580
5511976802583
5511976802584
5511976802589
5511976802594
5511976802597
5511976802598
5511976802599
5511976802612
5511976802630
5511976802631
5511976802633
5511976802635
5511976802640
5511976802642
5511976802643
5511976802645
5511976802648
5511976802649
5511976802659
5511976802662
5511976802663
5511976802665
5511976802673
5511976802674
5511976802678
5511976802684
5511976802685
5511976802686
5511976802687
5511976802692
5511976802694
5511976802695
5511976802698
5511976802699
5511976802702
5511976802703
5511976802705
5511976802706
5511976802708
5511976802709
5511976802713
5511976802715
5511976802718
5511976802725
5511976802727
5511976802731
5511976802732
5511976802737
5511976802742
5511976802743
5511976802746
5511976802749
5511976802751
5511976802752
5511976802759
5511976802760
5511976802762
5511976802777
5511976802781
5511976802793
5511976802795
5511976802824
5511976802831
5511976802840
5511976802847
5511976802849
5511976802857
5511976802867
5511976802889
5511976802911
5511976802915
5511976802916
5511976802919
5511976802920
5511976802925
5511976802931
5511976802937
5511976802938
5511976802941
5511976802942
5511976802947
5511976802962
5511976802963
5511976802982
5511976802984
5511976803004
5511976803110
5511976803353
5511976803364
5511976803366
5511976803397
5511976803423
5511976803577
5511976803807
5511976803862
5511976803873
5511976803944
5511976803969
5511976803999
5511976804076
5511976804081
5511976804236
5511976804267
5511976804565
5511976804888
5511976805117
5511976805127
5511976805297
5511976805414
5511976805579
5511976805771
5511976805900
5511976805921
5511976805995
5511976806072
5511976806114
5511976806280
5511976806308
5511976806314
5511976806331
5511976806357
5511976806763
5511976806983
5511976807010
5511976807186
5511976807553
5511976807607
5511976807771
5511976808033
5511976808041
5511976808174
5511976808176
5511976808262
5511976808266
5511976808281
5511976808389
5511976808476
5511976808507
5511976808730
5511976809054
5511976809696
5511976809771
5511976809897
5511976810000
5511976810218
5511976810245
5511976810251
5511976810297
5511976810459
5511976810571
5511976810586
5511976810691
5511976810713
5511976810773
5511976810937
5511976811064
5511976811109
5511976811167
5511976811331
5511976811351
5511976811403
5511976811406
5511976811424
5511976811426
5511976811430
5511976811519
5511976811547
5511976811561
5511976811588
5511976811638
5511976811680
5511976811689
5511976811778
5511976811808
5511976811851
5511976811912
5511976812029
5511976812198
5511976812224
5511976812268
5511976812298
5511976812300
5511976812467
5511976812592
5511976812610
5511976812625
5511976812686
5511976812739
5511976812760
5511976812872
5511976812972
5511976813021
5511976813066
5511976813166
5511976813177
5511976813182
5511976813441
5511976813952
5511976814090
5511976814108
5511976814111
5511976814171
5511976814453
5511976814521
5511976814538
5511976814743
5511976814750
5511976814828
5511976814853
5511976814862
5511976814907
5511976814991
5511976815025
5511976815065
5511976815108
5511976815182
5511976815188
5511976815273
5511976815295
5511976815318
5511976815324
5511976815385
5511976815394
5511976815463
5511976815901
5511976815988
5511976816109
5511976816186
5511976816313
5511976816493
5511976816510
5511976816605
5511976816720
5511976816822
5511976816913
5511976816924
5511976816962
5511976816996
5511976817112
5511976817119
5511976817178
5511976817208
5511976817230
5511976817332
5511976817987
5511976818059
5511976818114
5511976818132
5511976818435
5511976818541
5511976818565
5511976818743
5511976818758
5511976818766
5511976818877
5511976819089
5511976819125
5511976819271
5511976819311
5511976819454
5511976819484
5511976819514
5511976819585
5511976819948
5511976819951
5511976819991
5511976820179
5511976820239
5511976820267
5511976820600
5511976820906
5511976821002
5511976821003
5511976821006
5511976821007
5511976821011
5511976821012
5511976821014
5511976821015
5511976821016
5511976821017
5511976821019
5511976821020
5511976821022
5511976821025
5511976821026
5511976821029
5511976821031
5511976821033
5511976821034
5511976821038
5511976821040
5511976821041
5511976821043
5511976821044
5511976821047
5511976821048
5511976821049
5511976821051
5511976821052
5511976821063
5511976821064
5511976821065
5511976821069
5511976821070
5511976821073
5511976821075
5511976821078
5511976821082
5511976821083
5511976821086
5511976821091
5511976821092
5511976821096
5511976821103
5511976821105
5511976821106
5511976821111
5511976821114
5511976821116
5511976821126
5511976821129
5511976821134
5511976821140
5511976821141
5511976821142
5511976821147
5511976821150
5511976821151
5511976821153
5511976821160
5511976821161
5511976821165
5511976821166
5511976821167
5511976821169
5511976821174
5511976821177
5511976821178
5511976821179
5511976821180
5511976821193
5511976821194
5511976821200
5511976821203
5511976821208
5511976821209
5511976821211
5511976821214
5511976821215
5511976821218
5511976821233
5511976821237
5511976821239
5511976821250
5511976821260
5511976821262
5511976821263
5511976821265
5511976821266
5511976821268
5511976821269
5511976821277
5511976821282
5511976821285
5511976821291
5511976821295
5511976821298
5511976821300
5511976821303
5511976821305
5511976821306
5511976821309
5511976821312
5511976821314
5511976821318
5511976821322
5511976821325
5511976821326
5511976821327
5511976821330
5511976821338
5511976821341
5511976821343
5511976821347
5511976821349
5511976821350
5511976821351
5511976821356
5511976821359
5511976821361
5511976821364
5511976821370
5511976821377
5511976821380
5511976821385
5511976821386
5511976821387
5511976821394
5511976821396
5511976821397
5511976821399
5511976821400
5511976821406
5511976821409
5511976821410
5511976821412
5511976821417
5511976821418
5511976821423
5511976821424
5511976821425
5511976821426
5511976821427
5511976821431
5511976821434
5511976821444
5511976821446
5511976821447
5511976821454
5511976821458
5511976821459
5511976821460
5511976821463
5511976821464
5511976821465
5511976821469
5511976821473
5511976821474
5511976821475
5511976821480
5511976821481
5511976821482
5511976821486
5511976821490
5511976821491
5511976821494
5511976821495
5511976821497
5511976821501
5511976821503
5511976821508
5511976821510
5511976821512
5511976821514
5511976821519
5511976821521
5511976821527
5511976821529
5511976821530
5511976821533
5511976821534
5511976821539
5511976821549
5511976821551
5511976821554
5511976821560
5511976821562
5511976821566
5511976821567
5511976821568
5511976821570
5511976821574
5511976821576
5511976821579
5511976821580
5511976821582
5511976821584
5511976821587
5511976821595
5511976821598
5511976821599
5511976821601
5511976821609
5511976821613
5511976821614
5511976821615
5511976821618
5511976821619
5511976821621
5511976821628
5511976821630
5511976821636
5511976821644
5511976821645
5511976821646
5511976821647
5511976821648
5511976821650
5511976821658
5511976821659
5511976821660
5511976821666
5511976821668
5511976821670
5511976821671
5511976821672
5511976821676
5511976821678
5511976821683
5511976821687
5511976821690
5511976821691
5511976821694
5511976821696
5511976821699
5511976821701
5511976821702
5511976821703
5511976821705
5511976821708
5511976821709
5511976821715
5511976821716
5511976821717
5511976821721
5511976821722
5511976821724
5511976821725
5511976821736
5511976821739
5511976821743
5511976821745
5511976821747
5511976821752
5511976821758
5511976821764
5511976821767
5511976821772
5511976821774
5511976821776
5511976821780
5511976821782
5511976821784
5511976821791
5511976821793
5511976821802
5511976821803
5511976821809
5511976821814
5511976821819
5511976821821
5511976821823
5511976821824
5511976821825
5511976821827
5511976821833
5511976821835
5511976821836
5511976821837
5511976821840
5511976821847
5511976821850
5511976821851
5511976821855
5511976821857
5511976821858
5511976821860
5511976821862
5511976821871
5511976821872
5511976821876
5511976821878
5511976821885
5511976821886
5511976821888
5511976821889
5511976821897
5511976821903
5511976821906
5511976821910
5511976821916
5511976821923
5511976821927
5511976821931
5511976821932
5511976821937
5511976821941
5511976821942
5511976821943
5511976821946
5511976821947
5511976821950
5511976821952
5511976821953
5511976821954
5511976821955
5511976821960
5511976821961
5511976821964
5511976821969
5511976821977
5511976821980
5511976821985
5511976821989
5511976821992
5511976821994
5511976821997
5511976822002
5511976822094
5511976822321
5511976822322
5511976822401
5511976822667
5511976822888
5511976822964
5511976823237
5511976823261
5511976823302
5511976823409
5511976823453
5511976823469
5511976823570
5511976823602
5511976823635
5511976823691
5511976823756
5511976823793
5511976823810
5511976823814
5511976823900
5511976823970
5511976824803
5511976824814
5511976824821
5511976824936
5511976824983
5511976825108
5511976825223
5511976825259
5511976825605
5511976825620
5511976825687
5511976825722
5511976825964
5511976825992
5511976826117
5511976826141
5511976826297
5511976826309
5511976826345
5511976826409
5511976826701
5511976826940
5511976827225
5511976827272
5511976827378
5511976827380
5511976827395
5511976827421
5511976827430
5511976827520
5511976827618
5511976827717
5511976827832
5511976827957
5511976828112
5511976828125
5511976828126
5511976828174
5511976828233
5511976828283
5511976828301
5511976828402
5511976828555
5511976828566
5511976828621
5511976828811
5511976828876
5511976828909
5511976828948
5511976828999
5511976829110
5511976829149
5511976829218
5511976829251
5511976829432
5511976829484
5511976829549
5511976829602
5511976829636
5511976829738
5511976829894
5511976829994
5511976830129
5511976830169
5511976830197
5511976830240
5511976830434
5511976830578
5511976830604
5511976830616
5511976830651
5511976830708
5511976830737
5511976830808
5511976830877
5511976830880
5511976830983
5511976830985
5511976830989
5511976831212
5511976831298
5511976831442
5511976831463
5511976831501
5511976831667
5511976831800
5511976831885
5511976831942
5511976832180
5511976832261
5511976832325
5511976832327
5511976832456
5511976832535
5511976832548
5511976832586
5511976832588
5511976832631
5511976832659
5511976832697
5511976832722
5511976832740
5511976832907
5511976833028
5511976833099
5511976833236
5511976833437
5511976833480
5511976833635
5511976833676
5511976833715
