5511991474412
5511991474414
5511991474432
5511991474436
5511991474455
5511991474469
5511991474498
5511991474500
5511991474501
5511991474507
5511991474530
5511991474537
5511991474544
5511991474576
5511991474577
5511991474597
5511991474606
5511991474618
5511991474636
5511991474668
5511991474670
5511991474671
5511991474683
5511991474694
5511991474727
5511991474746
5511991474802
5511991474812
5511991474857
5511991474869
5511991474885
5511991474890
5511991474908
5511991474912
5511991474916
5511991474938
5511991474951
5511991474967
5511991474994
5511991475007
5511991475025
5511991475061
5511991475062
5511991475071
5511991475076
5511991475098
5511991475155
5511991475210
5511991475216
5511991475222
5511991475227
5511991475245
5511991475294
5511991475323
5511991475335
5511991475370
5511991475392
5511991475394
5511991475419
5511991475420
5511991475428
5511991475439
5511991475444
5511991475457
5511991475470
5511991475476
5511991475480
5511991475482
5511991475493
5511991475497
5511991475512
5511991475514
5511991475515
5511991475522
5511991475526
5511991475546
5511991475589
5511991475594
5511991475599
5511991475753
5511991475773
5511991475803
5511991475814
5511991475817
5511991475842
5511991475853
5511991475856
5511991475859
5511991475861
5511991475889
5511991475907
5511991475933
5511991475952
5511991475957
5511991475960
5511991475968
5511991475976
5511991475978
5511991476038
5511991476081
5511991476103
5511991476130
5511991476136
5511991476185
5511991476188
5511991476234
5511991476243
5511991476293
5511991476327
5511991476348
5511991476363
5511991476438
5511991476506
5511991476521
5511991476592
5511991476597
5511991476622
5511991476632
5511991476653
5511991476664
5511991476679
5511991476682
5511991476685
5511991476777
5511991476802
5511991476828
5511991476843
5511991476877
5511991476938
5511991476955
5511991477113
5511991477128
5511991477138
5511991477149
5511991477173
5511991477179
5511991477188
5511991477198
5511991477407
5511991477409
5511991477424
5511991477467
5511991477496
5511991477498
5511991477603
5511991477606
5511991477650
5511991477652
5511991477655
5511991477671
5511991477678
5511991477679
5511991477686
5511991477728
5511991477741
5511991477752
5511991477753
5511991477759
5511991477774
5511991477785
5511991477793
5511991477798
5511991477807
5511991477818
5511991477841
5511991477864
5511991477871
5511991477887
5511991477888
5511991477957
5511991478006
5511991478040
5511991478042
5511991478044
5511991478060
5511991478079
5511991478097
5511991478106
5511991478122
5511991478182
5511991478195
5511991478197
5511991478208
5511991478216
5511991478218
5511991478239
5511991478273
5511991478297
5511991478328
5511991478336
5511991478354
5511991478357
5511991478377
5511991478386
5511991478388
5511991478406
5511991478441
5511991478454
5511991478471
5511991478494
5511991478535
5511991478552
5511991478572
5511991478598
5511991478605
5511991478618
5511991478631
5511991478660
5511991478697
5511991478710
5511991478720
5511991478749
5511991478753
5511991478754
5511991478759
5511991478809
5511991478816
5511991478824
5511991478861
5511991478877
5511991478887
5511991478901
5511991478909
5511991478913
5511991478915
5511991478919
5511991478944
5511991478949
5511991478980
5511991479003
5511991479021
5511991479032
5511991479060
5511991479079
5511991479082
5511991479096
5511991479099
5511991479113
5511991479117
5511991479132
5511991479135
5511991479145
5511991479165
5511991479167
5511991479183
5511991479191
5511991479198
5511991479207
5511991479214
5511991479217
5511991479219
5511991479247
5511991479262
5511991479292
5511991479309
5511991479330
5511991479404
5511991479419
5511991479436
5511991479451
5511991479453
5511991479466
5511991479472
5511991479479
5511991479485
5511991479486
5511991479489
5511991479496
5511991479501
5511991479505
5511991479522
5511991479542
5511991479575
5511991479597
5511991479603
5511991479612
5511991479613
5511991479614
5511991479630
5511991479642
5511991479643
5511991479657
5511991479667
5511991479677
5511991479688
5511991479697
5511991479721
5511991479733
5511991479736
5511991479737
5511991479757
5511991479770
5511991479865
5511991479894
5511991479900
5511991479931
5511991479933
5511991479948
5511991479976
5511991479999
5511991480015
5511991480016
5511991480023
5511991480035
5511991480040
5511991480042
5511991480045
5511991480085
5511991480093
5511991480098
5511991480101
5511991480149
5511991480210
5511991480244
5511991480247
5511991480286
5511991480287
5511991480293
5511991480303
5511991480317
5511991480322
5511991480347
5511991480363
5511991480373
5511991480390
5511991480398
5511991480409
5511991480416
5511991480438
5511991480466
5511991480478
5511991480487
5511991480498
5511991480499
5511991480504
5511991480517
5511991480530
5511991480538
5511991480540
5511991480544
5511991480570
5511991480572
5511991480624
5511991480631
5511991480687
5511991480732
5511991480747
5511991480749
5511991480762
5511991480792
5511991480810
5511991480899
5511991480962
5511991481018
5511991481040
5511991481041
5511991481060
5511991481070
5511991481072
5511991481091
5511991481095
5511991481098
5511991481107
5511991481112
5511991481122
5511991481141
5511991481144
5511991481147
5511991481152
5511991481170
5511991481176
5511991481209
5511991481221
5511991481238
5511991481242
5511991481244
5511991481249
5511991481256
5511991481288
5511991481290
5511991481305
5511991481311
5511991481355
5511991481359
5511991481361
5511991481380
5511991481394
5511991481396
5511991481401
5511991481409
5511991481461
5511991481468
5511991481501
5511991481504
5511991481506
5511991481514
5511991481516
5511991481522
5511991481546
5511991481556
5511991481565
5511991481580
5511991481595
5511991481603
5511991481607
5511991481629
5511991481635
5511991481649
5511991481651
5511991481653
5511991481664
5511991481670
5511991481678
5511991481708
5511991481711
5511991481717
5511991481763
5511991481767
5511991481775
5511991481790
5511991481791
5511991481805
5511991481813
5511991481820
5511991481824
5511991481845
5511991481849
5511991481850
5511991481858
5511991481874
5511991481891
5511991481894
5511991481925
5511991482001
5511991482004
5511991482009
5511991482020
5511991482040
5511991482050
5511991482058
5511991482077
5511991482088
5511991482092
5511991482106
5511991482111
5511991482126
5511991482129
5511991482132
5511991482177
5511991482209
5511991482224
5511991482231
5511991482245
5511991482255
5511991482259
5511991482294
5511991482298
5511991482319
5511991482328
5511991482340
5511991482347
5511991482363
5511991482369
5511991482377
5511991482405
5511991482409
5511991482423
5511991482430
5511991482433
5511991482434
5511991482472
5511991482537
5511991482545
5511991482597
5511991482611
5511991482621
5511991482629
5511991482644
5511991482655
5511991482657
5511991482663
5511991482674
5511991482686
5511991482691
5511991482705
5511991482717
5511991482723
5511991482740
5511991482759
5511991482768
5511991482770
5511991482803
5511991482820
5511991482825
5511991482837
5511991482864
5511991482867
5511991482882
5511991482990
5511991483062
5511991483069
5511991483087
5511991483095
5511991483121
5511991483141
5511991483166
5511991483176
5511991483251
5511991483291
5511991483292
5511991483314
5511991483316
5511991483329
5511991483331
5511991483382
5511991483420
5511991483428
5511991483434
5511991483437
5511991483446
5511991483498
5511991483520
5511991483593
5511991483599
5511991483607
5511991483617
5511991483648
5511991483686
5511991483702
5511991483713
5511991483741
5511991483744
5511991483756
5511991483763
5511991483802
5511991483861
5511991483934
5511991483938
5511991483969
5511991483973
5511991483976
5511991483982
5511991484000
5511991484022
5511991484068
5511991484077
5511991484109
5511991484110
5511991484121
5511991484163
5511991484187
5511991484201
5511991484227
5511991484242
5511991484249
5511991484258
5511991484283
5511991484286
5511991484335
5511991484362
5511991484368
5511991484375
5511991484379
5511991484380
5511991484382
5511991484465
5511991484515
5511991484516
5511991484596
5511991484603
5511991484630
5511991484631
5511991484645
5511991484650
5511991484663
5511991484666
5511991484677
5511991484680
5511991484694
5511991484701
5511991484704
5511991484723
5511991484741
5511991484749
5511991484753
5511991484768
5511991484770
5511991484794
5511991484849
5511991484851
5511991484887
5511991484895
5511991484904
5511991484944
5511991484958
5511991485000
5511991485015
5511991485027
5511991485064
5511991485078
5511991485088
5511991485091
5511991485144
5511991485212
5511991485218
5511991485250
5511991485257
5511991485312
5511991485327
5511991485336
5511991485344
5511991485360
5511991485370
5511991485377
5511991485395
5511991485420
5511991485422
5511991485469
5511991485473
5511991485483
5511991485524
5511991485536
5511991485539
5511991485567
5511991485582
5511991485585
5511991485604
5511991485621
5511991485627
5511991485636
5511991485641
5511991485648
5511991485659
5511991485666
5511991485686
5511991485704
5511991485766
5511991485827
5511991485852
5511991485854
5511991485885
5511991485906
5511991485920
5511991485926
5511991485951
5511991485957
5511991485963
5511991485998
5511991486013
5511991486014
5511991486029
5511991486039
5511991486049
5511991486050
5511991486052
5511991486061
5511991486066
5511991486069
5511991486070
5511991486071
5511991486074
5511991486077
5511991486079
5511991486094
5511991486099
5511991486103
5511991486140
5511991486148
5511991486160
5511991486168
5511991486198
5511991486214
5511991486221
5511991486232
5511991486240
5511991486252
5511991486254
5511991486255
5511991486265
5511991486294
5511991486306
5511991486370
5511991486373
5511991486377
5511991486385
5511991486400
5511991486427
5511991486433
5511991486444
5511991486452
5511991486482
5511991486494
5511991486526
5511991486533
5511991486565
5511991486581
5511991486588
5511991486590
5511991486605
5511991486633
5511991486678
5511991486719
5511991486741
5511991486760
5511991486787
5511991486789
5511991486795
5511991486802
5511991486806
5511991486810
5511991486815
5511991486816
5511991486817
5511991486833
5511991486837
5511991486840
5511991486842
5511991486843
5511991486850
5511991486851
5511991486863
5511991486892
5511991486898
5511991486920
5511991486929
5511991486970
5511991486975
5511991486980
5511991487000
5511991487017
5511991487018
5511991487019
5511991487022
5511991487037
5511991487069
5511991487076
5511991487080
5511991487090
5511991487098
5511991487134
5511991487140
5511991487154
5511991487189
5511991487225
5511991487236
5511991487240
5511991487245
5511991487294
5511991487310
5511991487315
5511991487320
5511991487332
5511991487355
5511991487366
5511991487394
5511991487425
5511991487426
5511991487467
5511991487476
5511991487499
5511991487506
5511991487508
5511991487545
5511991487548
5511991487556
5511991487585
5511991487592
5511991487593
5511991487634
5511991487638
5511991487657
5511991487670
5511991487671
5511991487694
5511991487700
5511991487716
5511991487717
5511991487722
5511991487729
5511991487732
5511991487745
5511991487758
5511991487810
5511991487850
5511991487894
5511991487951
5511991487989
5511991488012
5511991488026
5511991488059
5511991488070
5511991488106
5511991488124
5511991488141
5511991488151
5511991488161
5511991488164
5511991488170
5511991488188
5511991488193
5511991488213
5511991488225
5511991488233
5511991488236
5511991488268
5511991488305
5511991488310
5511991488317
5511991488329
5511991488346
5511991488359
5511991488371
5511991488386
5511991488391
5511991488403
5511991488411
5511991488427
5511991488440
5511991488504
5511991488519
5511991488525
5511991488528
5511991488555
5511991488581
5511991488597
5511991488600
5511991488609
5511991488638
5511991488656
5511991488669
5511991488678
5511991488700
5511991488701
5511991488715
5511991488732
5511991488745
5511991488751
5511991488759
5511991488773
5511991488782
5511991488800
5511991488824
5511991488841
5511991488883
5511991488899
5511991488921
5511991488932
5511991488935
5511991488952
5511991488990
5511991488999
5511991489060
5511991489064
5511991489118
5511991489175
5511991489178
5511991489188
5511991489195
5511991489212
5511991489218
5511991489232
5511991489252
5511991489257
5511991489269
5511991489292
5511991489294
5511991489297
5511991489316
5511991489337
5511991489471
5511991489562
5511991489576
5511991489609
5511991489633
5511991489636
5511991489641
5511991489647
5511991489680
5511991489689
5511991489697
5511991489704
5511991489708
5511991489746
5511991489835
5511991489918
5511991489945
5511991489992
5511991489993
5511991490042
5511991490043
5511991490051
5511991490104
5511991490118
5511991490137
5511991490153
5511991490157
5511991490160
5511991490169
5511991490188
5511991490203
5511991490220
5511991490234
5511991490252
5511991490262
5511991490274
5511991490303
5511991490306
5511991490337
5511991490345
5511991490353
5511991490388
5511991490392
5511991490397
5511991490407
5511991490431
5511991490438
5511991490484
5511991490507
5511991490509
5511991490525
5511991490535
5511991490562
5511991490612
5511991490615
5511991490626
5511991490639
5511991490640
5511991490652
5511991490656
5511991490699
5511991490708
5511991490735
5511991490764
5511991490771
5511991490772
5511991490817
5511991490824
5511991490831
5511991490849
5511991490856
5511991490865
5511991490903
5511991490905
5511991490924
5511991490948
5511991490949
5511991490961
5511991490966
5511991490979
5511991490980
5511991490992
5511991491039
5511991491047
5511991491055
5511991491059
5511991491073
5511991491079
5511991491092
5511991491103
5511991491131
5511991491137
5511991491147
5511991491162
5511991491187
5511991491192
5511991491204
5511991491209
5511991491220
5511991491222
5511991491245
5511991491256
5511991491262
5511991491298
5511991491327
5511991491330
5511991491337
5511991491340
5511991491345
5511991491371
5511991491397
5511991491403
5511991491413
5511991491436
5511991491481
5511991491486
5511991491489
5511991491499
5511991491532
5511991491537
5511991491567
5511991491574
5511991491582
5511991491593
5511991491599
5511991491608
5511991491644
5511991491648
5511991491655
5511991491662
5511991491665
5511991491676
5511991491685
5511991491687
5511991491705
5511991491733
5511991491754
5511991491756
5511991491757
5511991491783
5511991491787
5511991491836
5511991491851
5511991491854
5511991491863
5511991491920
5511991491923
5511991491929
5511991491932
5511991491963
5511991491988
5511991491996
5511991492000
5511991492007
5511991492014
5511991492032
5511991492047
5511991492048
5511991492096
5511991492125
5511991492209
5511991492210
5511991492212
5511991492226
5511991492237
5511991492238
5511991492292
5511991492320
5511991492341
5511991492349
5511991492350
5511991492352
5511991492403
5511991492426
5511991492435
5511991492452
5511991492469
5511991492507
5511991492517
5511991492518
5511991492526
5511991492530
5511991492534
5511991492562
5511991492571
5511991492590
5511991492604
5511991492622
5511991492627
5511991492651
5511991492656
5511991492667
5511991492689
5511991492709
5511991492716
5511991492729
5511991492730
5511991492779
5511991492792
5511991492799
5511991492820
5511991492824
5511991492827
5511991492885
5511991492902
5511991492905
5511991492960
5511991492993
5511991493000
5511991493012
5511991493015
5511991493032
5511991493043
5511991493065
5511991493073
5511991493075
5511991493090
5511991493093
5511991493099
5511991493104
5511991493132
5511991493139
5511991493169
5511991493182
5511991493212
5511991493251
5511991493252
5511991493253
5511991493256
5511991493260
5511991493264
5511991493273
5511991493281
5511991493304
5511991493306
5511991493310
5511991493317
5511991493341
5511991493343
5511991493350
5511991493355
5511991493396
5511991493409
5511991493422
5511991493437
5511991493465
5511991493474
5511991493495
5511991493509
5511991493518
5511991493528
5511991493533
5511991493535
5511991493542
5511991493543
5511991493553
5511991493591
5511991493593
5511991493605
5511991493613
5511991493622
5511991493633
5511991493664
5511991493680
5511991493724
5511991493736
5511991493756
5511991493775
5511991493806
5511991493813
5511991493855
5511991493864
5511991493870
5511991493892
5511991493906
5511991493909
5511991493944
5511991493963
5511991493964
5511991493973
5511991493978
5511991493993
5511991494011
5511991494040
5511991494048
5511991494072
5511991494154
5511991494185
5511991494194
5511991494208
5511991494221
5511991494222
5511991494306
5511991494328
5511991494331
5511991494334
5511991494380
5511991494396
5511991494435
5511991494436
5511991494441
5511991494443
5511991494447
5511991494450
5511991494476
5511991494478
5511991494494
5511991494497
5511991494505
5511991494508
5511991494552
5511991494559
5511991494576
5511991494604
5511991494615
5511991494618
5511991494620
5511991494634
5511991494642
5511991494645
5511991494672
5511991494678
5511991494703
5511991494737
5511991494818
5511991494849
5511991494865
5511991494868
5511991494883
5511991494903
5511991494906
5511991494908
5511991494911
5511991494917
5511991494930
5511991494939
5511991494940
5511991494961
5511991494973
5511991494995
5511991495000
5511991495017
5511991495022
5511991495028
5511991495032
5511991495057
5511991495123
5511991495133
5511991495134
5511991495165
5511991495167
5511991495196
5511991495221
5511991495222
5511991495227
5511991495233
5511991495284
5511991495292
5511991495315
5511991495319
5511991495326
5511991495342
5511991495355
5511991495375
5511991495383
5511991495384
5511991495394
5511991495397
5511991495400
5511991495434
5511991495451
5511991495457
5511991495465
5511991495467
5511991495476
5511991495517
5511991495522
5511991495526
5511991495535
5511991495536
5511991495550
5511991495551
5511991495555
5511991495557
5511991495569
5511991495599
5511991495618
5511991495622
5511991495629
5511991495634
5511991495665
5511991495690
5511991495696
5511991495702
5511991495704
5511991495726
5511991495744
5511991495779
5511991495795
5511991495832
5511991495837
5511991495858
5511991495867
5511991495869
5511991495871
5511991495885
5511991495894
5511991495903
5511991495915
5511991495923
5511991495968
5511991495985
5511991495988
5511991495995
5511991496000
5511991496006
5511991496014
5511991496024
5511991496039
5511991496042
5511991496053
5511991496096
5511991496116
5511991496119
5511991496122
5511991496127
5511991496132
5511991496148
5511991496165
5511991496195
5511991496200
5511991496207
5511991496248
5511991496267
5511991496282
5511991496310
5511991496320
5511991496326
5511991496335
5511991496350
5511991496354
5511991496356
5511991496358
5511991496359
5511991496362
5511991496371
5511991496375
5511991496386
5511991496391
5511991496405
5511991496413
5511991496414
5511991496415
5511991496456
5511991496467
5511991496541
5511991496589
5511991496595
5511991496609
5511991496625
5511991496632
5511991496634
5511991496636
5511991496655
5511991496669
5511991496671
5511991496690
5511991496730
5511991496776
5511991496783
5511991496806
5511991496839
5511991496849
5511991496850
5511991496861
5511991496867
5511991496960
5511991496975
5511991497000
5511991497013
5511991497017
5511991497032
5511991497074
5511991497098
5511991497107
5511991497133
5511991497137
5511991497148
5511991497149
5511991497160
5511991497169
5511991497173
5511991497187
5511991497216
5511991497223
5511991497247
5511991497269
5511991497271
5511991497291
5511991497292
5511991497303
5511991497367
5511991497391
5511991497408
5511991497431
5511991497434
5511991497435
5511991497467
5511991497489
5511991497500
5511991497503
5511991497505
5511991497508
5511991497525
5511991497567
5511991497570
5511991497577
5511991497595
5511991497605
5511991497630
5511991497646
5511991497673
5511991497686
5511991497700
5511991497711
5511991497713
5511991497716
5511991497732
5511991497734
5511991497737
5511991497747
5511991497755
5511991497761
5511991497773
5511991497776
5511991497806
5511991497816
5511991497823
5511991497837
5511991497843
5511991497859
5511991497876
5511991497902
5511991497936
5511991497939
5511991497952
5511991497954
5511991497963
5511991497969
5511991497977
5511991497979
5511991497990
5511991498006
5511991498015
5511991498035
5511991498131
5511991498148
5511991498163
5511991498187
5511991498215
5511991498219
5511991498242
5511991498243
5511991498247
5511991498257
5511991498258
5511991498266
5511991498270
5511991498276
5511991498283
5511991498289
5511991498325
5511991498337
5511991498343
5511991498355
5511991498367
5511991498372
5511991498389
5511991498390
5511991498415
5511991498424
5511991498485
5511991498488
5511991498496
5511991498500
5511991498505
5511991498519
5511991498552
5511991498569
5511991498575
5511991498582
5511991498639
5511991498640
5511991498657
5511991498676
5511991498690
5511991498711
5511991498728
5511991498753
5511991498762
5511991498766
5511991498771
5511991498779
5511991498782
5511991498790
5511991498802
5511991498813
5511991498884
5511991498930
5511991498932
5511991499002
5511991499005
5511991499058
5511991499109
5511991499134
5511991499139
5511991499143
5511991499152
5511991499161
5511991499181
5511991499189
5511991499204
5511991499214
5511991499219
5511991499242
5511991499245
5511991499294
5511991499315
5511991499317
5511991499318
5511991499332
5511991499340
5511991499359
5511991499374
5511991499375
5511991499390
5511991499398
5511991499399
5511991499400
5511991499402
5511991499423
5511991499479
5511991499483
5511991499485
5511991499493
5511991499532
5511991499547
5511991499562
5511991499569
5511991499611
5511991499629
5511991499651
5511991499652
5511991499685
5511991499697
5511991499707
5511991499757
5511991499772
5511991499783
5511991499799
5511991499842
5511991499849
5511991499872
5511991499890
5511991499897
5511991499903
5511991499911
5511991499917
5511991499923
5511991499942
5511991499947
5511991499963
5511991499990
5511991500000
5511991500170
5511991500206
5511991500229
5511991500251
5511991500272
5511991500375
5511991500397
5511991500477
5511991500557
5511991500747
5511991500759
5511991501048
5511991501079
5511991501107
5511991501175
5511991501194
5511991501229
5511991501311
5511991501355
5511991501388
5511991501645
5511991501693
5511991501753
5511991501834
5511991502021
5511991502038
5511991502049
5511991502080
5511991502108
5511991502113
5511991502222
5511991502252
5511991502279
5511991502329
5511991502370
5511991502436
5511991502466
5511991502511
5511991502539
5511991502617
5511991502662
5511991502718
5511991502852
5511991502901
5511991502931
5511991503087
5511991503121
5511991503136
5511991503150
5511991503315
5511991503333
5511991503441
5511991503517
5511991503532
5511991503660
5511991503925
5511991504001
5511991504010
5511991504019
5511991504076
5511991504115
5511991504157
5511991504161
5511991504175
5511991504283
5511991504318
5511991504320
5511991504364
5511991504370
5511991504381
5511991504397
5511991504485
5511991504555
5511991504600
5511991504624
5511991504645
5511991504674
5511991504724
5511991504789
5511991504803
5511991504871
5511991504955
5511991505001
5511991505003
5511991505024
5511991505034
5511991505056
5511991505061
5511991505089
5511991505097
5511991505134
5511991505159
5511991505196
5511991505210
5511991505220
5511991505263
5511991505268
5511991505284
5511991505346
5511991505396
5511991505426
5511991505486
5511991505502
5511991505645
5511991505697
5511991505780
5511991505783
5511991505786
5511991505791
5511991505800
5511991505861
5511991505864
5511991505952
5511991506029
5511991506038
5511991506058
5511991506071
5511991506104
5511991506243
5511991506252
5511991506372
5511991506382
5511991506473
5511991506699
5511991506775
5511991506895
5511991506983
5511991507007
5511991507034
5511991507060
5511991507071
5511991507107
5511991507242
5511991507347
5511991507379
5511991507407
5511991507483
5511991507568
5511991507603
5511991507673
5511991507838
5511991507848
5511991507974
5511991508017
5511991508075
5511991508104
5511991508108
5511991508186
5511991508220
5511991508223
5511991508314
5511991508574
5511991508702
5511991508804
5511991508805
5511991508841
5511991508927
5511991509036
5511991509169
5511991509218
5511991509256
5511991509342
5511991509405
5511991509474
5511991509576
5511991509666
5511991509679
5511991509681
5511991509697
5511991509717
5511991509738
5511991509741
5511991509802
5511991509854
5511991509878
5511991509896
5511991509933
5511991510000
5511991510035
5511991510324
5511991510496
5511991511001
5511991511010
5511991511014
5511991511019
5511991511026
5511991511031
5511991511034
5511991511045
5511991511052
5511991511057
5511991511060
5511991511070
5511991511071
5511991511265
5511991511270
5511991511272
5511991511302
5511991511323
5511991511342
5511991511344
5511991511347
5511991511348
5511991511350
5511991511353
5511991511362
5511991511369
5511991511377
5511991511380
5511991511384
5511991511385
5511991511387
5511991511404
5511991511405
5511991511426
5511991511428
5511991511445
5511991511456
5511991511485
5511991511489
5511991511490
5511991511524
5511991511545
5511991511549
5511991511559
5511991511565
5511991511574
5511991511586
5511991511594
5511991511595
5511991511606
5511991511608
5511991511618
5511991511622
5511991511645
5511991511649
5511991511653
5511991511661
5511991511687
5511991511691
5511991511708
5511991511731
5511991511736
5511991511745
5511991511755
5511991511764
5511991511767
5511991511773
5511991511778
5511991511787
5511991511796
5511991511813
5511991511816
5511991511831
5511991511836
5511991511864
5511991511883
5511991511896
5511991511900
5511991511909
5511991511921
5511991511928
5511991511937
5511991511953
5511991511959
5511991511961
5511991511969
5511991511973
5511991511978
5511991511999
5511991512006
5511991512051
5511991512079
5511991512098
5511991512109
5511991512203
5511991512222
5511991512225
5511991512234
5511991512255
5511991512296
5511991512308
5511991512310
5511991512322
5511991512334
5511991512357
5511991512362
5511991512366
5511991512379
5511991512399
5511991512404
5511991512406
5511991512407
5511991512411
5511991512412
5511991512427
5511991512428
5511991512429
5511991512440
5511991512443
5511991512453
5511991512454
5511991512457
5511991512473
5511991512490
5511991512493
5511991512500
5511991512502
5511991512529
5511991512530
5511991512555
5511991512559
5511991512570
5511991512590
5511991512591
5511991512601
5511991512612
5511991512623
5511991512628
5511991512672
5511991512687
5511991512713
5511991512743
5511991512744
5511991512768
5511991512769
5511991512772
5511991512777
5511991512809
5511991512821
5511991512826
5511991512853
5511991512864
5511991512895
5511991512897
5511991512915
5511991512927
5511991512964
5511991512994
5511991513008
5511991513009
5511991513029
5511991513100
5511991513103
5511991513116
5511991513122
5511991513135
5511991513143
5511991513164
5511991513191
5511991513195
5511991513200
5511991513207
5511991513218
5511991513220
5511991513221
5511991513223
5511991513232
5511991513238
5511991513249
5511991513273
5511991513279
5511991513321
5511991513352
5511991513371
5511991513373
5511991513376
5511991513394
5511991513420
5511991513424
5511991513457
5511991513493
5511991513497
5511991513504
5511991513537
5511991513539
5511991513543
5511991513568
5511991513578
5511991513602
5511991513619
5511991513623
5511991513634
5511991513639
5511991513676
5511991513690
5511991513705
5511991513771
5511991513789
5511991513809
5511991513815
5511991513854
5511991513876
5511991513887
5511991513924
5511991513935
5511991513938
5511991513939
5511991513951
5511991513959
5511991513978
5511991513979
5511991513989
5511991514020
5511991514028
5511991514030
5511991514077
5511991514094
5511991514109
5511991514123
5511991514132
5511991514138
5511991514161
5511991514175
5511991514178
5511991514190
5511991514201
5511991514217
5511991514232
5511991514254
5511991514261
5511991514297
5511991514313
5511991514344
5511991514363
5511991514391
5511991514396
5511991514402
5511991514404
5511991514427
5511991514445
5511991514451
5511991514472
5511991514482
5511991514491
5511991514506
5511991514518
5511991514531
5511991514543
5511991514545
5511991514564
5511991514568
5511991514582
5511991514606
5511991514614
5511991514646
5511991514649
5511991514653
5511991514726
5511991514736
5511991514741
5511991514744
5511991514777
5511991514779
5511991514782
5511991514837
5511991514848
