5517981583031
5517981584500
5517981584545
5517981585853
5517981586849
5517981589999
5517981590230
5517981590262
5517981590309
5517981590320
5517981590333
5517981590335
5517981590338
5517981590342
5517981590398
5517981590507
5517981590514
5517981590525
5517981590535
5517981590565
5517981590580
5517981590583
5517981590584
5517981590597
5517981590647
5517981590649
5517981595926
5517981596301
5517981596302
5517981596303
5517981596304
5517981596305
5517981596359
5517981599996
5517981600687
5517981602431
5517981602993
5517981603406
5517981607072
5517981607499
5517981607684
5517981610118
5517981611229
5517981611485
5517981612277
5517981613315
5517981614141
5517981618811
5517981621415
5517981622112
5517981625612
5517981626228
5517981629337
5517981633728
5517981636372
5517981643444
5517981643445
5517981643446
5517981643447
5517981643449
5517981643450
5517981643452
5517981643467
5517981643468
5517981644528
5517981644529
5517981644534
5517981644539
5517981644540
5517981644541
5517981644542
5517981644543
5517981644548
5517981644554
5517981644736
5517981644906
5517981646073
5517981647570
5517981647585
5517981647674
5517981657474
5517981660083
5517981662982
5517981662985
5517981663394
5517981666500
5517981667000
5517981667993
5517981668409
5517981672662
5517981680919
5517981681889
5517981687497
5517981688993
5517981689053
5517981694242
5517981695828
5517981696122
5517981696476
5517981700263
5517981700334
5517981703635
5517981717841
5517981733142
5517981733151
5517981735670
5517981745078
5517981750264
5517981755038
5517981755119
5517981757874
5517981762222
5517981770362
5517981773777
5517981785522
5517981791247
5517981791555
5517981797777
5517981799010
5517981802944
5517981808672
5517981809988
5517981814554
5517981821133
5517981823537
5517981830150
5517981831527
5517981835369
5517981838888
5517981840700
5517981845678
5517981846666
5517981859667
5517981860006
5517981863986
5517981866252
5517981868991
5517981871387
5517981877113
5517981877121
5517981884038
5517981885443
5517981886574
5517981888437
5517981890006
5517981890910
5517981891466
5517981902469
5517981907712
5517981908380
5517981910727
5517981911419
5517981914272
5517981915518
5517981916889
5517981917343
5517981917720
5517981931921
5517981932832
5517981937860
5517981948791
5517981957171
5517981958185
5517981974135
5517981977162
5517981988647
5517981994090
5517982006454
5517982010606
5517982018120
5517982024788
5517982041223
5517982041225
5517982050049
5517982056881
5517982057338
5517982070016
5517982070017
5517982070019
5517982070026
5517982070096
5517982070104
5517982070130
5517982070138
5517982076396
5517982078038
5517982080199
5517982089999
5517982091030
5517982100441
5517982100900
5517982102973
5517982108651
5517982109883
5517982124709
5517982125003
5517982130044
5517982146060
5517982168800
5517982168866
5517982169100
5517982169293
5517982169300
5517982170011
5517982202964
5517982205580
5517982211848
5517982212000
5517982216633
5517982219538
5517982225680
5517982228974
5517982230059
5517982232547
5517982244374
5517982247113
5517982250031
5517982281141
5517982281146
5517982281159
5517982281400
5517982281417
5517982281419
5517982281426
5517982281427
5517982281432
5517982281437
5517982281438
5517982281439
5517982281440
5517982281448
5517982281450
5517982281473
5517982281479
5517982281480
5517982311015
5517988000200
5517988002090
5517988004711
5517988005337
5517988009689
5517988010607
5517988011593
5517988012752
5517988012944
5517988012948
5517988013450
5517988014407
5517988015436
5517988015960
5517988016622
5517988016663
5517988017891
5517988018665
5517988018733
5517988018881
5517988018893
5517988018894
5517988019097
5517988019102
5517988019272
5517988019601
5517988020928
5517988022032
5517988023215
5517988023747
5517988024000
5517988024337
5517988025427
5517988027009
5517988027759
5517988028311
5517988028537
5517988028562
5517988029142
5517988029180
5517988029493
5517988030165
5517988031482
5517988036221
5517988042348
5517988042757
5517988045518
5517988045592
5517988045725
5517988047263
5517988047577
5517988048934
5517988049062
5517988050147
5517988053083
5517988053084
5517988054324
5517988058377
5517988067471
5517988067767
5517988070591
5517988070592
5517988071400
5517988075239
5517988076109
5517988077292
5517988077565
5517988079164
5517988079602
5517988079603
5517988079996
5517988080487
5517988081013
5517988081023
5517988081031
5517988081093
5517988081094
5517988081407
5517988084577
5517988085819
5517988092779
5517988096546
5517988097226
5517988098050
5517988099490
5517988099582
5517988099892
5517988099939
5517988099945
5517988099946
5517988100312
5517988100713
5517988101785
5517988102292
5517988102337
5517988102612
5517988103013
5517988103283
5517988103760
5517988106400
5517988107266
5517988108371
5517988108928
5517988112604
5517988113009
5517988113248
5517988113609
5517988113845
5517988113886
5517988114004
5517988114401
5517988115029
5517988115199
5517988115707
5517988116001
5517988116024
5517988116654
5517988116666
5517988119118
5517988120552
5517988121813
5517988124686
5517988126102
5517988131144
5517988140566
5517988140806
5517988147565
5517988148858
5517988148953
5517988150129
5517988150438
5517988151818
5517988152693
5517988152875
5517988153315
5517988154342
5517988158159
5517988158228
5517988160489
5517988161217
5517988161628
5517988161650
5517988161804
5517988162211
5517988162368
5517988164442
5517988165534
5517988165868
5517988165902
5517988165960
5517988166657
5517988166753
5517988167346
5517988167595
5517988167681
5517988169460
5517988169488
5517988170586
5517988171424
5517988171788
5517988172336
5517988173504
5517988175740
5517988178214
5517988180000
5517988180515
5517988181282
5517988184056
5517988184591
5517988187087
5517988193333
5517988200056
5517988200810
5517988201416
5517988204535
5517988205028
5517988205579
5517988208180
5517988208490
5517988209230
5517988209509
5517988210066
5517988211284
5517988212410
5517988212421
5517988213055
5517988214000
5517988214303
5517988218244
5517988218685
5517988220926
5517988221105
5517988221194
5517988221603
5517988222498
5517988225662
5517988225863
5517988225907
5517988225908
5517988226586
5517988226951
5517988227050
5517988227275
5517988228867
5517988229475
5517988232329
5517988235133
5517988237430
5517988237432
5517988237433
5517988237434
5517988237435
5517988237436
5517988237439
5517988237440
5517988237442
5517988237443
5517988237444
5517988237445
5517988237446
5517988237448
5517988237449
5517988237450
5517988238706
5517988240160
5517988243333
5517988249999
5517988251930
5517988255925
5517988255929
5517988255938
5517988260226
5517988260459
5517988260532
5517988260533
5517988263823
5517988264862
5517988268888
5517988271801
5517988272336
5517988272496
5517988273101
5517988277927
5517988278114
5517988279170
5517988279776
5517988279926
5517988280444
5517988281836
5517988281884
5517988282188
5517988282251
5517988285888
5517988286074
5517988286135
5517988286801
5517988288913
5517988289202
5517988295555
5517988301097
5517988316000
5517988316997
5517988316999
5517988317777
5517988318023
5517988319337
5517988323700
5517988328286
5517988328515
5517988330741
5517988331690
5517988338000
5517988338367
5517988339448
5517988342009
5517988346852
5517988349925
5517988352835
5517991000688
5517991001337
5517991006358
5517991010282
5517991010303
5517991010395
5517991010417
5517991010921
5517991012209
5517991014248
5517991014443
5517991014760
5517991014886
5517991014923
5517991015221
5517991015326
5517991015831
5517991016234
5517991016362
5517991016545
5517991016647
5517991017720
5517991018070
5517991018082
5517991018236
5517991018700
5517991019006
5517991019178
5517991019347
5517991019676
5517991019716
5517991019819
5517991020224
5517991022027
5517991022392
5517991023413
5517991024317
5517991026903
5517991030706
5517991030709
5517991031567
5517991031574
5517991032065
5517991032096
5517991033911
5517991033940
5517991034704
5517991034716
5517991035849
5517991036089
5517991037130
5517991037470
5517991038915
5517991039066
5517991039108
5517991040378
5517991041929
5517991042304
5517991043000
5517991043001
5517991043008
5517991043132
5517991043200
5517991044324
5517991044565
5517991045343
5517991047005
5517991048109
5517991049636
5517991050472
5517991050517
5517991050536
5517991050674
5517991050824
5517991052242
5517991052279
5517991052590
5517991052727
5517991052898
5517991053167
5517991053330
5517991054085
5517991054355
5517991054650
5517991054732
5517991054737
5517991054742
5517991054920
5517991057832
5517991058464
5517991058703
5517991059143
5517991059169
5517991059631
5517991060004
5517991060199
5517991060206
5517991060285
5517991060333
5517991060500
5517991060698
5517991061686
5517991062252
5517991062688
5517991062873
5517991062952
5517991063036
5517991063280
5517991064850
5517991065874
5517991066160
5517991066214
5517991066389
5517991066398
5517991066433
5517991066464
5517991066541
5517991066682
5517991066721
5517991066796
5517991066833
5517991067012
5517991067163
5517991067333
5517991068728
5517991068770
5517991068863
5517991069799
5517991070002
5517991070202
5517991070348
5517991070354
5517991070524
5517991071072
5517991071238
5517991071396
5517991071566
5517991071889
5517991072224
5517991073100
5517991073543
5517991073682
5517991073695
5517991073698
5517991073825
5517991074360
5517991074520
5517991074705
5517991074864
5517991074934
5517991075041
5517991075370
5517991075659
5517991075906
5517991076051
5517991076230
5517991076563
5517991076656
5517991076984
5517991077089
5517991077093
5517991078634
5517991079004
5517991079375
5517991080044
5517991080377
5517991080801
5517991081050
5517991081412
5517991081454
5517991081858
5517991081939
5517991081958
5517991083108
5517991083298
5517991083346
5517991083815
5517991084013
5517991084175
5517991084254
5517991085038
5517991085071
5517991085340
5517991085915
5517991086191
5517991086540
5517991086957
5517991087314
5517991087384
5517991087486
5517991087601
5517991087865
5517991088237
5517991088449
5517991088641
5517991088829
5517991088844
5517991088878
5517991088901
5517991089287
5517991089427
5517991089528
5517991089604
5517991089627
5517991089889
5517991090113
5517991090203
5517991090520
5517991090742
5517991090960
5517991092438
5517991094361
5517991095936
5517991096121
5517991096989
5517991097211
5517991098414
5517991099176
5517991106329
5517991106529
5517991109829
5517991110353
5517991111461
5517991111699
5517991112264
5517991113044
5517991113678
5517991114187
5517991114369
5517991114450
5517991115124
5517991118170
5517991119337
5517991120060
5517991120339
5517991121582
5517991122401
5517991126603
5517991129040
5517991129088
5517991129612
5517991130083
5517991132480
5517991133655
5517991135272
5517991135586
5517991136255
5517991136320
5517991136345
5517991137028
5517991137596
5517991137748
5517991138335
5517991138424
5517991138575
5517991139126
5517991139915
5517991140039
5517991140322
5517991142117
5517991142828
5517991143025
5517991143056
5517991143155
5517991143630
5517991145455
5517991147015
5517991147025
5517991147796
5517991150002
5517991150154
5517991152000
5517991152628
5517991153593
5517991156501
5517991157474
5517991158384
5517991159370
5517991159516
5517991159838
5517991160180
5517991160728
5517991161036
5517991161718
5517991163196
5517991164267
5517991164344
5517991164843
5517991166772
5517991166905
5517991166957
5517991167426
5517991167595
5517991167821
5517991168198
5517991168501
5517991169197
5517991170550
5517991170916
5517991171685
5517991171722
5517991172706
5517991172748
5517991173168
5517991173301
5517991173527
5517991174405
5517991177499
5517991177802
5517991179182
5517991179215
5517991180828
5517991181515
5517991181623
5517991181707
5517991182340
5517991182368
5517991183431
5517991183991
5517991183994
5517991184161
5517991185530
5517991186416
5517991186852
5517991187936
5517991190170
5517991191925
5517991192444
5517991192470
5517991192477
5517991192904
5517991194397
5517991196519
5517991196560
5517991197345
5517991198053
5517991198364
5517991198673
5517991199414
5517991200405
5517991205220
5517991209194
5517991209886
5517991210328
5517991210702
5517991211148
5517991211403
5517991212046
5517991212858
5517991213645
5517991214333
5517991214933
5517991215016
5517991215415
5517991216720
5517991217131
5517991217238
5517991217735
5517991218203
5517991218892
5517991220080
5517991220997
5517991221920
5517991222517
5517991222979
5517991224041
5517991224198
5517991225318
5517991225736
5517991225953
5517991227117
5517991228393
5517991229372
5517991231997
5517991232071
5517991232257
5517991232330
5517991232567
5517991232776
5517991233128
5517991233587
5517991233877
5517991234295
5517991234861
5517991235044
5517991235279
5517991235551
5517991235591
5517991235760
5517991236738
5517991237173
5517991237366
5517991237955
5517991237993
5517991238058
5517991238126
5517991238260
5517991238261
5517991238489
5517991238840
5517991239588
5517991241311
5517991242048
5517991243141
5517991243237
5517991243492
5517991244152
5517991245241
5517991245499
5517991245621
5517991245840
5517991248602
5517991249078
5517991249121
5517991250000
5517991250173
5517991251968
5517991252020
5517991252024
5517991252026
5517991252027
5517991252028
5517991252029
5517991252030
5517991252031
5517991252391
5517991252483
5517991252515
5517991252778
5517991253675
5517991253956
5517991253995
5517991254061
5517991254320
5517991254335
5517991254358
5517991254395
5517991254406
5517991254409
5517991254410
5517991254656
5517991255573
5517991256321
5517991257041
5517991257060
5517991258137
5517991258189
5517991259073
5517991259346
5517991259348
5517991259434
5517991259435
5517991259437
5517991259447
5517991259458
5517991259684
5517991259854
5517991260296
5517991262666
5517991263251
5517991266075
5517991266262
5517991266772
5517991270452
5517991273020
5517991278636
5517991279622
5517991280034
5517991280035
5517991280115
5517991280340
5517991280569
5517991280638
5517991280664
5517991280682
5517991280826
5517991280891
5517991280967
5517991281182
5517991281513
5517991281587
5517991281772
5517991282248
5517991282821
5517991285205
5517991285456
5517991285720
5517991286455
5517991286490
5517991286497
5517991287076
5517991287357
5517991287605
5517991287611
5517991287645
5517991287842
5517991287979
5517991288007
5517991288090
5517991289253
5517991289332
5517991289563
5517991290335
5517991291434
5517991291733
5517991293392
5517991293548
5517991293654
5517991293816
5517991293855
5517991293994
5517991294066
5517991294353
5517991295040
5517991295211
5517991295327
5517991295669
5517991295919
5517991296071
5517991296137
5517991296163
5517991296228
5517991297306
5517991297969
5517991297980
5517991298045
5517991298151
5517991298258
5517991298537
5517991298699
5517991299244
5517991299292
5517991299789
5517991300074
5517991304006
5517991310048
5517991310230
5517991310999
5517991311160
5517991312091
5517991312920
5517991313911
5517991314408
5517991315892
5517991316171
5517991316314
5517991318132
5517991318249
5517991318842
5517991319255
5517991319510
5517991321155
5517991321332
5517991322419
5517991322786
5517991325811
5517991326579
5517991327200
5517991327368
5517991328095
5517991328301
5517991328836
5517991328880
5517991328942
5517991329137
5517991329211
5517991329229
5517991329882
5517991330050
5517991330318
5517991330463
5517991330755
5517991330771
5517991332119
5517991332212
5517991333552
5517991333777
5517991334724
5517991334830
5517991335279
5517991335465
5517991335611
5517991335854
5517991336875
5517991337954
5517991338499
5517991338587
5517991338603
5517991339019
5517991341051
5517991342955
5517991343875
5517991344453
5517991345617
5517991346025
5517991346122
5517991346148
5517991346181
5517991347021
5517991347312
5517991347589
5517991348154
5517991348440
5517991348821
5517991349222
5517991350104
5517991351085
5517991351183
5517991351677
5517991351716
5517991351904
5517991352835
5517991353215
5517991353439
5517991353484
5517991353692
5517991354118
5517991354184
5517991354272
5517991354321
5517991354604
5517991354825
5517991355060
5517991355113
5517991355123
5517991355150
5517991355194
5517991355890
5517991356230
5517991356366
5517991356438
5517991356530
5517991356929
5517991357543
5517991357729
5517991358000
5517991359432
5517991360089
5517991360223
5517991361116
5517991361652
5517991361881
5517991362339
5517991363625
5517991364317
5517991364814
5517991365090
5517991365372
5517991365603
5517991365675
5517991366001
5517991366753
5517991367129
5517991367226
5517991367750
5517991367822
5517991370407
5517991371214
5517991371367
5517991372156
5517991372707
5517991373172
5517991374052
5517991374246
5517991376278
5517991376525
5517991377047
5517991377300
5517991377617
5517991377663
5517991377890
5517991378279
5517991378385
5517991378541
5517991378554
5517991379137
5517991379140
5517991379732
5517991379897
5517991379919
5517991380941
5517991381165
5517991381867
5517991382101
5517991382877
5517991383683
5517991384171
5517991385975
5517991386198
5517991387599
5517991387863
5517991388011
5517991389075
5517991389325
5517991389376
5517991389883
5517991391298
5517991391548
5517991391872
5517991392323
5517991392553
5517991393871
5517991395049
5517991395052
5517991397917
5517991398240
5517991398669
5517991400084
5517991401040
5517991401667
5517991407594
5517991409208
5517991410843
5517991410844
5517991411391
5517991411402
5517991411417
5517991411713
5517991412145
5517991412490
5517991412916
5517991414000
5517991414662
5517991414691
5517991415227
5517991416132
5517991416133
5517991416171
5517991416302
5517991416307
5517991416421
5517991417671
5517991418256
5517991419665
5517991419755
5517991419766
5517991420198
5517991421061
5517991421462
5517991422079
5517991422131
5517991422959
5517991425043
5517991425974
5517991426164
5517991426258
5517991427396
5517991427464
5517991428182
5517991428450
5517991428475
5517991428550
5517991428657
5517991428973
5517991429039
5517991429053
5517991429108
5517991429331
5517991429598
5517991429822
5517991430349
5517991431121
5517991431596
5517991432133
5517991433219
5517991433958
5517991434198
5517991435994
5517991436373
5517991436746
5517991436797
5517991437213
5517991437960
5517991438320
5517991438399
5517991438583
5517991439213
5517991439448
5517991439932
5517991439961
5517991441068
5517991441127
5517991441366
5517991441837
5517991442347
5517991442934
5517991443255
5517991443586
5517991443636
5517991443662
5517991444171
5517991444365
5517991444428
5517991444590
5517991445229
5517991445864
5517991445867
5517991446187
5517991446826
5517991447084
5517991447453
5517991447469
5517991447604
5517991447717
5517991448746
5517991448856
5517991450072
5517991450796
5517991450916
5517991450958
5517991451316
5517991451506
5517991451776
5517991452325
5517991452366
5517991452383
5517991452399
5517991452420
5517991452439
5517991452451
5517991452516
5517991452723
5517991452777
5517991452977
5517991453095
5517991453453
5517991454154
5517991454445
5517991454448
5517991455902
5517991456912
5517991457018
5517991457356
5517991457472
5517991457769
5517991458573
5517991460151
5517991460176
5517991461932
5517991461939
5517991462029
5517991463382
5517991463753
5517991464672
5517991465715
5517991465778
5517991467774
5517991468743
5517991469573
5517991471233
5517991471506
5517991472911
5517991473510
5517991474623
5517991475070
5517991475710
5517991476068
5517991476396
5517991477239
5517991477331
5517991478085
5517991479881
5517991479940
5517991482033
5517991482618
5517991483054
5517991483194
5517991483861
5517991484400
5517991485147
5517991485896
5517991486276
5517991486636
5517991486874
5517991486967
5517991487546
5517991487698
5517991490132
5517991490431
5517991490762
5517991491129
5517991491984
5517991492328
5517991492357
5517991492684
5517991492814
5517991492942
5517991493477
5517991493718
5517991493766
5517991494489
5517991494594
5517991496787
5517991496800
5517991498037
5517991498185
5517991498199
5517991498227
5517991500157
5517991507525
5517991510148
5517991510360
5517991511495
5517991511498
5517991511746
5517991511801
5517991512808
5517991514283
5517991514421
5517991514452
5517991514580
5517991515526
5517991515924
5517991517337
5517991517757
5517991518648
5517991519567
5517991519836
5517991519932
5517991520147
5517991520355
5517991520605
5517991520967
5517991521393
5517991521724
5517991521931
5517991523317
5517991524850
5517991525456
5517991525909
5517991526268
5517991527412
5517991527504
5517991528046
5517991528345
5517991528803
5517991528825
5517991529302
5517991530402
5517991530403
5517991532233
5517991532769
5517991532795
5517991533261
5517991534029
5517991534865
5517991535444
5517991537493
5517991538378
5517991538414
5517991538615
5517991538620
5517991538885
5517991538893
5517991538907
5517991539235
5517991539533
5517991539780
5517991539933
5517991539942
5517991539970
5517991540368
5517991540816
5517991540856
5517991541702
5517991541720
5517991541856
5517991542210
5517991542598
5517991542616
5517991542853
5517991542866
5517991542890
5517991543649
5517991544096
5517991544320
5517991544583
5517991545871
5517991546420
5517991546864
5517991547155
5517991547492
5517991547710
5517991548119
5517991548144
5517991548181
5517991548849
5517991549160
5517991550208
5517991551935
5517991552915
5517991553232
5517991553928
5517991553938
5517991553950
5517991554030
5517991554097
5517991554585
5517991554634
5517991554800
5517991555292
5517991555515
5517991555521
5517991555843
5517991556404
5517991556453
5517991556551
5517991557096
5517991560103
5517991561152
5517991561473
5517991561496
5517991562586
5517991564531
5517991565204
5517991565584
5517991566396
5517991566406
5517991566635
5517991566706
5517991566711
5517991566721
5517991566741
5517991566743
5517991566891
5517991566903
5517991566943
5517991567061
5517991567085
5517991567095
5517991567868
5517991567873
5517991567898
5517991567900
5517991567950
5517991567952
5517991567957
5517991567983
5517991568001
5517991568016
5517991568196
5517991568264
5517991568975
5517991569045
5517991569253
5517991569525
5517991571400
5517991571666
5517991572134
5517991574992
5517991575025
5517991575201
5517991577382
5517991578333
5517991578409
5517991579468
5517991580338
5517991580387
5517991581254
5517991583473
5517991586042
5517991586070
5517991587571
5517991588391
5517991589058
5517991590278
5517991592036
5517991592077
5517991592135
5517991592820
5517991592832
5517991592956
5517991593341
5517991593375
5517991593428
5517991593732
5517991593780
5517991594026
5517991594303
5517991594354
5517991594975
5517991595137
5517991595594
5517991596000
5517991596524
5517991596568
5517991596572
5517991597110
5517991597457
5517991597488
5517991598082
5517991598184
5517991599498
5517991603345
5517991607643
5517991607869
5517991608589
5517991610795
5517991612616
5517991613165
5517991614522
5517991614546
5517991614708
5517991615216
5517991615331
5517991616100
5517991616779
5517991616929
5517991617139
5517991617948
5517991620132
5517991621436
5517991622199
5517991623855
5517991624694
5517991625090
5517991625745
5517991625908
5517991633443
5517991634397
5517991634534
5517991635569
5517991635602
5517991638779
5517991644971
5517991649070
5517991650961
5517991651637
5517991652087
5517991652312
5517991652634
5517991654860
5517991655168
5517991656409
5517991657132
5517991657453
5517991660062
5517991660369
5517991660441
5517991660494
5517991660513
5517991660527
5517991660551
5517991660582
5517991660722
5517991660830
5517991660846
5517991661193
5517991661227
5517991661512
5517991661548
5517991661824
5517991661916
5517991662439
5517991662784
5517991662788
5517991662898
5517991662927
5517991663132
5517991663381
5517991664111
5517991664638
5517991664881
5517991664997
5517991665279
5517991665299
5517991665304
5517991665307
5517991665527
5517991665633
5517991666385
5517991666711
5517991667141
5517991667283
5517991667919
5517991667940
5517991668048
5517991668062
5517991668678
5517991669111
5517991669332
5517991672239
5517991672351
5517991672575
5517991672737
5517991675255
5517991675262
5517991677359
5517991678208
5517991678642
5517991678676
5517991682516
5517991682684
5517991685509
5517991686649
5517991689619
5517991690394
5517991691153
5517991692665
5517991696968
5517991697428
5517991698826
5517991702867
5517991705535
5517991708444
5517991712168
5517991716079
5517991719380
5517991719928
5517991720333
5517991720336
5517991721184
5517991721790
5517991723952
5517991724809
5517991725213
5517991725340
5517991728211
5517991729000
5517991729860
5517991732837
5517991733637
5517991734010
5517991734167
5517991734974
5517991735863
5517991735956
5517991736096
5517991736261
5517991736349
5517991736952
5517991738121
5517991739923
5517991740333
5517991740680
5517991741790
5517991742050
5517991743494
5517991743789
5517991743956
5517991744090
5517991745865
5517991746041
5517991747935
5517991747997
5517991749631
5517991750372
5517991751069
5517991752532
5517991752785
5517991753370
5517991755256
5517991756210
5517991756225
5517991756799
5517991759863
5517991759938
5517991761129
5517991762261
5517991762373
5517991763189
5517991764350
5517991766272
5517991767977
5517991768709
5517991769835
5517991770831
5517991771976
5517991772515
5517991772567
5517991773297
5517991773528
5517991773711
5517991773941
5517991773958
5517991775420
5517991775764
5517991775956
5517991777753
5517991778168
5517991778338
5517991778620
5517991780773
5517991780990
5517991782320
5517991782939
5517991784374
5517991784622
5517991784729
5517991787984
5517991788099
5517991788931
5517991789204
5517991789414
5517991790666
5517991797011
5517991797491
5517991798603
5517991799010
5517991799411
5517991799549
5517991799613
5517991799746
5517991800029
5517991800313
5517991801580
5517991801705
5517991805372
5517991806648
5517991807730
5517991810796
5517991811863
5517991812114
5517991812122
5517991812386
5517991812388
5517991812426
5517991812427
5517991812439
5517991812677
5517991812816
5517991812851
5517991813570
5517991814421
5517991814508
5517991814513
5517991814719
5517991815116
5517991815172
5517991815694
5517991816012
5517991816022
5517991816043
5517991816228
5517991819322
5517991819632
5517991819634
5517991819637
5517991819641
5517991819653
5517991819676
5517991819685
5517991819846
5517991819900
5517991820070
5517991820075
5517991820080
5517991821419
5517991821676
5517991821713
5517991821758
5517991828020
5517991828021
5517991828346
5517991828870
5517991828897
5517991829094
5517991829672
5517991829724
5517991830426
5517991830595
5517991831362
5517991834987
5517991836182
5517991838028
5517991838973
5517991839150
5517991839549
5517991840216
5517991841061
5517991842842
5517991845039
5517991849836
5517991857197
5517991865000
5517991865371
5517991865954
5517991867327
5517991867367
5517991868674
5517991868981
5517991869931
5517991869932
5517991869968
5517991871311
5517991872283
5517991872879
5517991874552
5517991877688
5517991880010
5517991880279
5517991880327
5517991880353
5517991880488
5517991881545
5517991881693
5517991888006
5517991888904
5517991889560
5517991889571
5517991889901
5517991889940
5517991890806
5517991891667
5517991896376
5517991896508
5517991896618
5517991896634
5517991896645
5517991902126
5517991904155
5517991904224
5517991907664
5517991907842
5517991908655
5517991908933
5517991909162
5517991913890
5517991914250
5517991916250
5517991916750
5517991917080
5517991918441
5517991918615
5517991918700
5517991919153
5517991919579
5517991921307
5517991922788
5517991924312
5517991925677
5517991925700
5517991925704
5517991925705
5517991925709
5517991925716
5517991925736
5517991925743
5517991926138
5517991926206
5517991926403
5517991927033
5517991927072
5517991929119
5517991929838
5517991931425
5517991933560
5517991936992
5517991938464
5517991938475
5517991944241
5517991946467
5517991946505
5517991947331
5517991947902
5517991949863
5517991951485
5517991951691
5517991952107
5517991952113
5517991952242
5517991952636
5517991952639
5517991952779
5517991952865
5517991952944
5517991953292
5517991953712
5517991953937
5517991955684
5517991956222
5517991956480
5517991956569
5517991956610
5517991956770
5517991956774
5517991956775
5517991956779
5517991957980
5517991961903
5517991962724
5517991964845
5517991965005
5517991966692
5517991968600
5517991975667
