CPF;FONE
00000087106;5585989562522
00000196827;5594992321407
00003807924;5548991513745
00003905500;5561992116325
00003905500;5571999476858
00004052994;5567981207401
00004052994;5571999207401
00005399963;5548988574649
00005399963;5548991339776
00006217141;5561983417083
00006217141;5561999638987
00006759467;5583993426013
00006759467;5583999614061
00007036132;5511998265131
00007955693;5531987979396
00007955693;5531988579148
00008112975;5548988196456
00008346100;5561999871294
00011395176;5564981117879
00011395176;5564981160550
00012282189;5567984068391
00012282189;5567996705625
00012282189;5567999081982
00012282189;5567999852987
00012907030;5551991231877
00013203940;5549991181484
00013812378;5519995489686
00013812378;5534988256047
00014094096;5551997909448
00014618184;5561981224282
00014618184;5561984025315
00014752824;5511996014939
00014752824;5511999329584
00014936631;5531989520800
00014936631;5531999505282
00015086011;5551981229195
00016209249;5591999870816
00016659015;5551998063877
00016659015;5551999457731
00016703952;5549991221826
00016703952;5549991274510
00016703952;5549991680545
00016703952;5549991918280
00016752490;5511953493214
00016752490;5511983972144
00016752490;5551992533922
00016985168;5562981838790
00018704832;5511998132433
00019283253;5591984379826
00019740689;5533988464686
00019740689;5533988985791
00020503741;5511960554702
00021577803;5514997128483
00021750025;5551998326242
00021865191;5561986277585
00022416927;5548999262777
00022416927;5548999832148
00025991043;5585981178510
00025991043;5585981312754
00026557304;5585999852550
00026580705;5561999111112
00026580705;5561999877083
00026583801;5585991845861
00026690721;5551994187753
00027198863;5511998198283
00027421104;5561999832158
00027715191;5561981141133
00027715191;5561999921133
00027889505;5571999564070
00029280940;5541996525346
00031998780;5521997011217
00031998780;5521999799428
00032236719;5522988262768
00032236719;5522999573280
00032370601;5535999385580
00032430604;5534984269176
00032430604;5534996880404
00032430604;5534999449244
00032843607;5519997029999
00032843607;5519998257012
00032843607;5519998918108
00035720727;5521980764954
00035720727;5521987054508
00035762640;5598988704993
00036989711;5521988919160
00036989711;5521992149629
00037089501;5579988373825
00037089501;5579988673825
00038403609;5527988484426
00039131394;5585988058550
00039525503;5511954423758
00039543234;5591988081945
00039543234;5591988301945
00039910750;5521996361864
00040462005;5551992277179
00040462005;5551996946949
00040983153;5561999617969
00041531540;5579988221251
00041531540;5579988222629
00042618606;5532984294645
00042618606;5532984695449
00042618606;5532999230711
00044080638;5531987657535
00044080638;5531987727535
00044080638;5531987867535
00044133006;5551998026726
00044168136;5561993805638
00044168136;5561998156972
00044168136;5562986048912
00044168136;5562996274824
00045891818;5511976025581
00045918287;5591982702751
00046040161;5561999248459
00046040161;5561999560291
00046333690;5521967640274
00047239700;5512997059362
00048138711;5524992630022
00048138711;5524999187658
00048138711;5585982177720
00048200026;5554999865698
00048413798;5524999196660
00048437468;5581992420196
00049778153;5561999890703
00050702793;5521979169393
00050702793;5521998922842
00050979752;5521980986468
00050979752;5521981337131
00050979752;5521994382948
00051739062;5551997510232
00051739062;5561996312248
00051739062;5561996719917
00051739062;5561998370304
00052635570;5577988338121
00052635570;5577988453266
00052635570;5577988488109
00052635570;5577988882074
00052843092;5551981074034
00056146604;5531987636973
00057019029;5548991788998
00057019029;5548991888836
00057347468;5581984088462
00058424504;5571988786824
00058726420;5581981282458
00058726420;5581999689658
00059780762;5521994014778
00059780762;5521996701999
00060288450;5584999865139
00061221678;5531988932858
00061221678;5531996605575
00061533483;5584999278008
00061708038;5553999538391
00061839647;5531988464959
00064590640;5531991853950
00064590640;5531992950718
00064590640;5531992950719
00067105815;5511993290520
00067693067;5567992226615
00068289650;5561981297103
00068289650;5561981876783
00068289650;5561984079233
00068289650;5561996541936
00068340869;5511987932837
00070485569;5573991234971
00070485569;5594991430583
00070485569;5594991904933
00070944423;5584998064140
00070944423;5584999748989
00071035494;5584987091945
00071035494;5584988036067
00071524428;5584988673445
00073073067;5555991345922
00073669733;5521964442758
00073669733;5521988595569
00073669733;5521999671500
00073673765;5521992012763
00073673765;5522992281336
00074616153;5561985245413
00074616153;5561992779206
00075559110;5561999093664
00075559110;5561999492900
00077217144;5562991915665
00077731026;5551984480783
00077731026;5551984481709
00077731026;5551999711983
00079674623;5521992716977
00080427723;5541991062451
00080427723;5541991136606
00080427723;5541991542653
00080427723;5541992797284
00082600287;5591993179302
00082742405;5548999191450
00082960496;5583987186218
00082960496;5583999202367
00084175710;5521964729094
00084175710;5521970057960
00084175710;5521994324801
00084236604;5531997480458
00084236604;5537999862430
00086012835;5511949943112
00086835491;5581996928880
00087862751;5521984944017
00087862751;5521999266053
00090700368;5585988115654
00091148073;5551996932256
00092338496;5512981013387
00092698000;5555999694822
00093165900;5561999743737
00093165900;5561999763007
00093653468;5581992215641
00093980400;5581991915399
00093980400;5581994295945
00094161291;5591981113399
00094161291;5591987639007
00095982515;5571987321406
00095982515;5571988175330
00096431091;5551999799292
00096486406;5571996648905
00096486406;5571997071969
00096486406;5571997316039
00097003077;5555991154741
00098039555;5573988116611
00098433024;5555999384995
00098433024;5587988265157
00099359162;5561996389163
00099359162;5561998579553
00100029876;5511979615513
00101112556;5575988262082
00101112556;5575999821009
00101877315;5585988640959
00101877315;5585996511596
00102196680;5538998057858
00102673365;5514997910203
00102792372;5585996134404
00102792372;5585999227377
00103247807;5511965853960
00103247807;5511996525692
00103247807;5511996845692
00103650954;5549991141439
00103650954;5549991190604
00103650954;5549991198008
00103650954;5549991261582
00103664661;5538992369192
00103664661;5538999177047
00104223820;5515997297801
00104388072;5551999651166
00105022462;5582988322292
00105022462;5582988858407
00105426474;5582993024373
00105426474;5582993035089
00106041622;5534998342808
00106041622;5534999395459
00108332500;5571992067775
00108535886;5511946000810
00108535886;5511998446927
00108712842;5513991383111
00108712842;5513997252166
00109207572;5571999638371
00110403355;5583986906056
00110403355;5583988380045
00110875010;5551998202617
00110889665;5534999419514
00111588677;5534991229351
00111588677;5534992299012
00111588677;5534996745362
00112229646;5584986107480
00112583652;5534988225742
00112583652;5534988464118
00113020627;5534988284559
00113075600;5534991668869
00113075600;5534996783500
00113356021;5547992733581
00113356021;5547999358701
00113572662;5534996642254
00113572662;5534996642839
00114209600;5534999559417
00114209600;5534999816642
00114359687;5531999769421
00114470871;5511982744791
00114470871;5511991428884
00116004037;5551984186776
00116004037;5551984412511
00116843306;5573998067898
00117013072;5551999115771
00117393711;5521991039609
00117393711;5521991939882
00117644650;5531988931765
00119151103;5567999066162
00119151103;5567999497737
00119151103;5567999631032
00119274612;5537999639472
00119962004;5551997006088
00119962004;5551998246951
00119965100;5567999729976
00120209748;5521985587489
00120210835;5533988055164
00121075818;5511981110154
00121104001;5547997000145
00121181413;5585998557983
00121996131;5562981102243
00121996131;5562996361296
00122176383;5588997137628
00123389828;5511994597607
00123389828;5511994871216
00124243908;5547988082310
00124290078;5551992783367
00124700667;5531996283024
00125065590;5575988443276
00125065590;5575988444310
00125652372;5585999853339
00126403368;5585988607317
00127484043;5551980522358
00127484043;5551983051097
00128313790;5521991621785
00128347856;5511953147877
00128347856;5511991946750
00129519510;5573988581071
00129519510;5573988853861
00130192287;5591981698664
00130408476;5583999611834
00130408476;5591981511718
00130408476;5591998001718
00130824771;5524988337087
00131792334;5585991044283
00132704609;5531984363431
00132704609;5531985849642
00132836696;5527999767089
00132836696;5527999884975
00132925010;5555984547471
00132925010;5555996642850
00132925010;5555999888886
00132990857;5511991625642
00133215520;5579999791627
00135228760;5524988225808
00135228760;5524988353316
00135297818;5511954121993
00136278990;5545991264321
00137259808;5511977759126
00137259808;5511996772510
00139077863;5564984345733
00139077863;5564999567565
00140961372;5598986071130
00140961372;5598999721309
00143856863;5563985028740
00144253860;5511983610008
00144435624;5531993371704
00144435624;5531994888586
00144499002;5547991404347
00144499002;5555984394347
00145131700;5521984598438
00145131700;5521986278438
00146403096;5554996223265
00146403096;5554996283262
00146766130;5516981462000
00147341094;5551996353568
00147341094;5551998238381
00148008291;5596991627737
00149618573;5579988411402
00149618573;5579998319113
00149618573;5579999241111
00149618573;5579999994985
00149841647;5531983898480
00149841647;5531995329012
00150182961;5548999000629
00150182961;5549999000629
00151712808;5515991111803
00152161287;5592981138428
00152336850;5511980243144
00152561382;5598981189696
00154377287;5511966642981
00155514822;5511946618065
00155514822;5511995314218
00155582828;5511979990330
00156159368;5586988813079
00156261642;5531982538223
00156812894;5511942797659
00156812894;5511988372845
00156812894;5511991815482
00156846365;5585987651852
00156876272;5591984081172
00156876272;5591988420162
00157563197;5567996761011
00158260589;5577981453781
00158260589;5577981453800
00158260589;5577999113040
00158260589;5577999449484
00158432622;5531991914276
00158566580;5574999243401
00158566580;5575991910309
00159230535;5575999314625
00160314070;5551995257292
00160314070;5551997259272
00160314070;5551998259272
00161267505;5574999239091
00161267505;5574999814375
00161267505;5574999856205
00161616372;5585989218055
00161616372;5585997349234
00165238739;5521993463355
00165520086;5551996242770
00165520086;5551998030997
00165520086;5551998737620
00165520086;5551999019334
00165622083;5553999305275
00165622083;5553999598160
00165697687;5531992398597
00167416685;5571992910844
00168307766;5573999865550
00168307766;5573999866282
00168981092;5555999991374
00169469875;5511996891800
00169469875;5511999820600
00169954811;5511975044018
00169954811;5511985001395
00169954811;5511999471453
00171411684;5533991099198
00172342635;5533988165889
00172342635;5533999667356
00173933106;5561992016758
00173933106;5561992260252
00173933106;5561995119413
00174169060;5592984078399
00174169060;5592992125026
00175372667;5532988038256
00175372667;5532999738256
00175501300;5598984692020
00176025642;5532988108527
00176025642;5532988190371
00176025642;5532988931866
00176270604;5532988299859
00177125640;5532988527783
00177890100;5584999362329
00177890100;5584999796976
00178004391;5585982090949
00178004391;5585997399936
00178004391;5585999695012
00178028657;5532988829219
00178360775;5527999056204
00179527606;5521987140113
00180122134;5561991156912
00180122134;5561992126673
00180303007;5555996312290
00180303007;5555999788626
00180438603;5521993021298
00180739727;5531991590857
00181106655;5511983267911
00181106655;5511983330333
00181611899;5511972597665
00181611899;5511975084645
00182303187;5561982645800
00182667898;5511950630063
00182667898;5511966067689
00182765393;5598984011865
00182765393;5598984307675
00183136632;5538999402223
00183423020;5551997010428
00183423020;5551997013228
00183483359;5586994373451
00183800850;5511971754229
00183874897;5514988298025
00183874897;5514997973774
00185291600;5538999533521
00185291600;5538999663521
00185571808;5514996158170
00185571808;5514997159317
00185571808;5514998161956
00186813368;5585987073567
00186813368;5585987735228
00186813368;5585991041412
00187039763;5521981118482
00187429553;5571982847923
00187429553;5571999944760
00187925100;5541984082278
00187925100;5541988709898
00187925100;5541999960835
00190111801;5569984517106
00190111801;5569992077106
00190616334;5585985928956
00190882808;5511992213487
00190941324;5598988513427
00191366684;5531984401490
00192284819;5567992185783
00192474006;5551993413619
00194523063;5531985805257
00194523063;5551996610579
00194714837;5514982335568
00194732819;5514981211251
00194732819;5514996970509
00194809897;5514998008747
00196309808;5514997141141
00196601894;5514981274027
00196601894;5544991630263
00196636680;5531992987354
00196636680;5533999380980
00196940087;5555999632473
00196940087;5555999714466
00197005802;5514998840488
00197005802;5518997930207
00197682812;5517991002836
00197682812;5517991454250
00197951651;5531999308175
00197951651;5531999998175
00197954677;5531996066847
00197954677;5531998324589
00198627840;5511974349058
00198662750;5522998743419
00198662750;5522998861122
00199354553;5562984845750
00199354553;5571992540421
00199769680;5531991967183
00200122681;5531992080336
00200419188;5565981167517
00200419188;5567996067517
00202153800;5511973564076
00202438805;5518997610718
00203728769;5551991183273
00204030110;5561996490375
00204030110;5561999835859
00204099153;5561999765966
00204387531;5575991738395
00205312144;5561981518361
00206814453;5581991846419
00208388400;5582993215933
00209163453;5581999919430
00210447320;5585988806550
00210447320;5585991178590
00210447320;5585991178653
00210447320;5585999942705
00211958115;5561999857777
00212920006;5551998325572
00212920006;5551999826347
00214884287;5511999993173
00215676033;5554991367174
00216043395;5586999705066
00216043395;5598988284616
00216433770;5561981196698
00216637007;5551998311118
00217778100;5561999060562
00218685300;5598981402749
00218685300;5598981402762
00218685300;5598992018844
00220412812;5519992022962
00220412812;5519998999208
00220590834;5511930305274
00220590834;5511996541262
00221507817;5535999789474
00221611800;5519981566000
00221611800;5519997756769
00221611800;5519998740444
00222372168;5561984125018
00222372168;5561984125034
00222431008;5521999049424
00222561050;5555991073574
00223018520;5571999337731
00223858005;5551996528325
00223858005;5551996528329
00223858005;5551999544687
00225134187;5561999141556
00225134187;5561999888016
00225313782;5521982112450
00225313782;5521983200706
00225339404;5582999216610
00225339404;5582999216673
00225548828;5519981255996
00226416453;5581983005587
00226480623;5531986435947
00226796183;5561992262711
00226796183;5561998148081
00228236541;5571992377320
00228236541;5571992777830
00231223315;5561984945018
00231238690;5531987196737
00231238690;5531988882552
00231238690;5531997029725
00232114587;5571987030773
00232114587;5571987071880
00232203334;5585985215206
00232203334;5585988315036
00233311866;5511973966834
00233311866;5511999126776
00233556036;5551998096767
00233556036;5551999896666
00233910735;5532988484895
00233910735;5532998196822
00234499850;5519991710693
00234990449;5581996565652
00235220892;5511989662614
00235220892;5516997815931
00235563820;5511989330660
00236025899;5511930972907
00236025899;5511969713365
00236145606;5534991171070
00236145606;5534999669181
00236574647;5531971868157
00236574647;5531997925126
00236599046;5555991333171
00236977415;5581999614887
00236977415;5581999722943
00237137801;5518991158430
00237521652;5531991116220
00237835835;5516997400204
00238531821;5518981816885
00238531821;5518997018905
00238716368;5561999876932
00238716368;5561999943843
00238774058;5551999178705
00238813304;5585981042220
00238813304;5585989227972
00239055810;5518996903412
00239055810;5518997023156
00240527798;5521989738995
00240527798;5521996349222
00240527798;5521996563734
00240527798;5521999286943
00240714040;5555984214501
00240714040;5555999579948
00240714040;5555999660306
00242039120;5521999790098
00242039120;5561998081774
00243558449;5581994998889
00244038732;5521988004343
00244091706;5512981285317
00244120315;5585999816439
00244120315;5588996810340
00245039163;5567999250028
00245436162;5561999018450
00245551506;5575988575024
00245551506;5575998040676
00245551506;5575999242311
00245551506;5575999950804
00246227702;5521981243681
00246227702;5521997114568
00247245801;5511958186730
00247545449;5582988123283
00247545449;5582993023224
00247945706;5561981682731
00247945706;5561991494461
00249036711;5584988081404
00249036711;5584988121404
00249036711;5584988472860
00249328500;5575988654780
00249943085;5551991052904
00251133648;5527996038447
00251133648;5527996530222
00251133648;5528999132588
00251275434;5581988889644
00251275434;5581999642738
00254226507;5571982589549
00256503788;5585988722206
00256792798;5511941252017
00257371044;5551984171459
00257371044;5551995598169
00257371044;5555991125855
00257910875;5592988162545
00258366842;5517996232045
00258407468;5585999840734
00258481862;5517997838464
00258521830;5511976449538
00259739839;5511996259620
00259994863;5517981194433
00259994863;5563999688429
00260613843;5561981170052
00260613843;5561981291812
00260931896;5517997454576
00260931896;5517997454579
00261780603;5532984791326
00261780603;5532988641297
00261780603;5532988891298
00262402114;5562984140816
00262698803;5517991099725
00262920689;5532988065890
00262920689;5532988100580
00262920689;5532988591383
00262920689;5532988686492
00263319504;5579998205594
00263319504;5579998606249
00263319504;5579998971574
00264442830;5517996386683
00264442830;5517996626832
00265756553;5571991463103
00265756553;5571991488838
00266897746;5527999317591
00266897746;5527999766685
00267205740;5521987786501
00267205740;5521996561762
00267237863;5512997054212
00267237863;5512997856938
00267612893;5511996334030
00267612893;5511998274565
00267825889;5512997560424
00267825889;5582999592541
00268375879;5511989045928
00268449660;5531987447021
00268822727;5522998396304
00269439641;5534999245132
00269439641;5534999375132
00269643842;5511983156630
00269643842;5511983224491
00269643842;5512996870768
00269822771;5521976177960
00269993150;5517991088890
00269993150;5517991538713
00270723633;5534991610266
00272041890;5516992248088
00274443686;5531987372153
00274443686;5534987196586
00274443686;5534988778178
00274956713;5592984044127
00275087140;5567992842746
00275087140;5567992925688
00275289010;5551997184354
00275509826;5516999650650
00275509826;5516999695300
00275592707;5553981170144
00277053587;5571991129331
00277053587;5571991398199
00277053587;5571996696299
00278365094;5551991531055
00279418680;5531998597463
00279750021;5551982454237
00279750021;5555999744113
00279979878;5567998152464
00280577834;5511979601563
00280611102;5565999084469
00280869533;5571999932010
00281198861;5565984027987
00281198861;5565984140174
00281198861;5565999270401
00283010215;5598981169687
00284803502;5591992223404
00284849596;5531998960818
00285064568;5571982800403
00285064568;5571988066131
00285714520;5571999799974
00286695332;5588994747265
00287442845;5515997319185
00287566650;5537999232863
00291560091;5551995944180
00291560091;5551999819596
00291908004;5554991414878
00292119720;5527996047495
00292119720;5527996049129
00292178816;5511989810822
00292178816;5511997156897
00292699387;5586994141387
00293027650;5537998160338
00293027650;5537998592606
00293027650;5537999571203
00293746699;5511958919379
00294205632;5561981197381
00294205632;5561984015777
00294250425;5582988205445
00295616555;5577981176560
00296895628;5577991986789
00297303848;5515996010498
00297303848;5515997335639
00297303848;5515997757304
00298403846;5515996150104
00298520800;5515997211097
00298674874;5511995316181
00298674874;5511996538170
00298674874;5511997878170
00299413349;5585999926436
00302141650;5534998094429
00302141650;5534999310674
00302221760;5568999324228
00302277714;5521971790459
00302277714;5521998379489
00302403604;5561984681012
00302403604;5561984682043
00302409050;5551997913424
00303434708;5521992199582
00303640430;5583999833753
00303690534;5571999886307
00304181196;5563981113345
00304181196;5575992649600
00304306746;5521992698695
00304352349;5585988791105
00305103334;5562984537550
00305103334;5562999127690
00305103334;5562999322620
00305103334;5581999776677
00305957708;5561993691772
00307455866;5511949687690
00307455866;5511994175428
00307455866;5511998324905
00307478807;5511989061512
00307498670;5531985127279
00307498670;5531985127292
00307504824;5511972524488
00307769372;5586999816028
00307840506;5571981164038
00309182867;5511991296374
00309182867;5511992385360
00309303400;5583999818370
00310280397;5598999743643
00310681898;5513997561966
00310681898;5583988952780
00310976693;5531989432745
00311378811;5511999668363
00311378811;5511999924210
00312576153;5561999688887
00312576153;5561999744783
00312877781;5521998740601
00312877781;5521998740608
00313016739;5521981810258
00313513368;5598984059471
00313513368;5598984728030
00315885572;5571985242338
00315885572;5571991077469
00315885572;5583987654790
00315990368;5591991125202
00316071609;5531982741945
00316071609;5531988475266
00316071609;5531995857719
00316222836;5511972584282
00316222836;5511974875355
00316222836;5511991077441
00316222836;5511996263394
00316678058;5554999660620
00316678058;5575988058227
00317973851;5511992453294
00319458644;5538998112341
00319458644;5538999786206
00319686515;5571991812888
00319686515;5571996321900
00320469018;5551992444343
00320469018;5551992887766
00320839800;5541999676222
00321397568;5571999743617
00322817730;5524992114382
00322817730;5585985908067
00323053629;5531986962603
00323053629;5538999746578
00325597472;5581988447336
00325886580;5515997722664
00326216200;5595991129123
00327090561;5573988249658
00327090561;5573988257340
00327090561;5573988346775
00328825565;5573988196147
00328850675;5561981567696
00328850675;5561992143255
00329328638;5532984900404
00329589865;5511940030473
00329589865;5511968555100
00329589865;5511991012470
00329649434;5581996068496
00330015885;5511968445901
00330015885;5511998330456
00330464507;5571991279638
00332547701;5521973231683
00333365550;5519987091703
00333365550;5519987454800
00333365550;5519988757830
00334287944;5548999120512
00334396565;5514997168879
00334879957;5541991752044
00334879957;5541999094557
00334879957;5542999005055
00334879957;5542999007200
00336149387;5585985992823
00336149387;5585999904262
00337057982;5548988070547
00337057982;5548996023032
00339279877;5511999743052
00339403802;5511958102120
00339582111;5561998039987
00340147563;5575981486452
00340147563;5575998221050
00340147563;5575999275522
00340376910;5548999348510
00340974907;5549991174323
00340974907;5549991241681
00341467928;5544991295253
00341754587;5571988987725
00342229958;5547996479414
00342229958;5547999618283
00342397150;5562985208223
00342784862;5518997847814
00343308959;5571987142760
00343308959;5571987623693
00343308959;5581983569058
00345268890;5511997999820
00345354117;5564996524173
00346411491;5534999193154
00346411491;5534999256950
00346411491;5534999293950
00346458960;5541999191968
00346458960;5542991464949
00346458960;5542999199344
00346458960;5542999199543
00348776730;5588996137421
00348776730;5588997651924
00349310742;5521991129881
00349310742;5521997722988
00349330425;5551997921710
00349330425;5551999884315
00349680914;5548999144354
00350788472;5567992013595
00351699902;5547999943567
00352174994;5548991561604
00353049956;5547991859627
00353049956;5547999570604
00353049956;5547999979007
00353671487;5583988052241
00353671487;5583988152241
00353671487;5583988952304
00354418955;5547996969695
00354418955;5549999193391
00354574302;5595981225964
00354574302;5595984010143
00354574302;5595984119497
00356391809;5511942826568
00359113877;5511992350875
00359113877;5511994180868
00359566901;5512981167941
00360908675;5524999785752
00360908675;5531993061526
00360908675;5531996711526
00361023006;5551996087842
00361260717;5521985101524
00361260717;5521987168088
00361486014;5513997860160
00362438927;5547988094385
00362438927;5547991192827
00362438927;5547991615616
00362438927;5547991615618
00362810508;5571986224644
00363819932;5567998790800
00363819932;5567998900900
00365959936;5521982723592
00366472925;5547991785276
00366968971;5548988344404
00367168472;5584999001676
00367249472;5581986242153
00367249472;5581996540187
00367421712;5521996193145
00367421712;5521999331350
00367885700;5521982223334
00367885700;5521991039943
00368014886;5511987536593
00368014886;5511989776262
00368014886;5511991152906
00368644120;5561998252942
00369059921;5511989322683
00369179404;5584999252525
00369179404;5584999252588
00372409008;5551984177353
00372600905;5548999358295
00372600905;5548999574575
00372650597;5579991006150
00372650597;5579999089466
00373431066;5554999802488
00373719914;5547988224780
00373719914;5547988971616
00373924925;5553984197729
00373924925;5553984534737
00373924925;5553984534738
00374293961;5547992287153
00374786992;5548996079864
00374791805;5511947441230
00374791805;5511963038366
00374791805;5511975869153
00375402977;5547984235330
00376017848;5511991851862
00376171928;5541991715264
00376171928;5541999748956
00376893800;5511996060062
00377287415;5584999828105
00378227998;5548999968035
00381011739;5522997338338
00381559076;5554999023278
00381559076;5554999496664
00381559076;5554999671391
00381614948;5513974049659
00381614948;5513974059121
00381614948;5545991560101
00382264991;5547999382497
00382868404;5574991489622
00382868404;5581981728832
00382868404;5585996039053
00383631866;5511971251003
00384398162;5563984736718
00384434908;5547991510940
00385169000;5551991280588
00385169000;5551991332140
00385888970;5548988235535
00385888970;5548999523036
00385888970;5548999948875
00385957963;5548991191331
00385957963;5548991617239
00386316015;5551993280034
00387258515;5571988031430
00387932453;5582988163029
00389824712;5521998081560
00390958000;5551984625772
00390958000;5551984815772
00390958000;5551985603972
00392067854;5511995777771
00392715104;5561981228982
00392729075;5551984177944
00392730677;5535999511261
00392889609;5561981638705
00393683869;5511976358407
00393683869;5511991228071
00393867757;5521996030484
00393867757;5521996039043
00393867757;5521996066327
00393867757;5521996066342
00393896854;5511999659797
00394015614;5531984243379
00394015614;5531999039520
00394146808;5511948129350
00394146808;5511973359996
00394329805;5511973966379
00394362926;5543991348025
00394362926;5543999572848
00395374049;5551989174004
00395724554;5579998025589
00395724554;5579999240527
00395724554;5579999571777
00395873630;5531991850291
00396242774;5521971732187
00396242774;5521972566879
00396242774;5521996600836
00397053746;5521980951739
00397053746;5521986365567
00397053746;5521989756404
00397461003;5551981065567
00397461003;5551991972248
00398626073;5547992275018
00398626073;5547992339253
00399806504;5511972796280
00400080532;5575981291375
00400080532;5575999036143
00400080532;5575999312207
00400157004;5551999691467
00400947315;5585988095568
00401101509;5583988120461
00401118657;5531986016080
00401118657;5531999216747
00401417646;5531993149513
00401488071;5551991927631
00401532909;5548999031847
00401812863;5511941400724
00401812863;5511963850123
00401890660;5531991300913
00401890660;5531992994228
00401890660;5561996033868
00401890660;5561999173868
00402265904;5511982789323
00402460430;5583988090740
00402460430;5583996304109
00402834534;5571992522283
00403075491;5581999717510
00403075491;5581999717573
00403728398;5585988890407
00403728398;5585989010407
00404077803;5511982087920
00404077803;5511983633663
00404155898;5511991227976
00404691153;5561999212440
00404691153;5561999372323
00405204809;5511968396592
00405204809;5511992460727
00405574053;5551991096201
00405574053;5551999262443
00405574053;5551999811546
00405637829;5511991552042
00406322880;5511986691039
00406436975;5543984821195
00406684952;5547991920060
00406864500;5579998820212
00406864500;5579998870724
00406864500;5579999830212
00408049685;5511972868820
00408654520;5579999183001
00408654520;5579999229222
00408654520;5579999883001
00409273937;5548988303525
00409273937;5548999226985
00410340820;5511947287934
00410627879;5511996251717
00410853453;5581992624106
00411434349;5585988488244
00411508997;5561986018846
00411508997;5561998665316
00411850130;5547992132095
00411989995;5549991664557
00412174898;5511963859720
00412174898;5511999092369
00412187876;5511999698479
00412636182;5568999913342
00413320910;5549991429295
00414083148;5561996445202
00414106962;5547991341015
00414106962;5547991711015
00414645839;5511941571210
00414645839;5511954036379
00415002885;5511992642260
00415002885;5511992747274
00415137543;5577988463462
00415137543;5577991388303
00415137543;5577999420304
00416093795;5521968341730
00416093795;5521981585826
00416093795;5521996990000
00416214843;5511973471801
00416568149;5567992795017
00416568149;5567993110183
00417111819;5511997970019
00417303807;5511993286379
00417569912;5548985008766
00417630921;5548991027884
00417647654;5534988864552
00417684851;5511963456127
00417729383;5551999654633
00417729383;5585987807150
00417729383;5585992205051
00417926707;5521967781855
00417987838;5511967971306
00418120935;5548984273040
00418120935;5548984283040
00418120935;5548991503296
00419046992;5544999612126
00419046992;5544999687566
00419163603;5567992880724
00419684840;5511977500022
00419684840;5511983685421
00420274898;5511982716305
00420417591;5571999685720
00420696024;5551986217786
00420998381;5585987603302
00420998381;5585987603365
00420998381;5585988095456
00420998381;5585988363302
00422142034;5521981363394
00422617830;5511988423717
00422617830;5511991294782
00422617830;5511999550071
00423386549;5571987172777
00423761145;5562998702889
00423872648;5561984945454
00423872648;5561999945373
00424454939;5545999225456
00425342832;5511992832444
00425362272;5591988136375
00425362272;5591988232545
00425373800;5511952277171
00425373800;5511961039798
00425373800;5511962709798
00425403726;5521981429907
00425403726;5521984694506
00425403726;5521987841249
00425403726;5521988164440
00425868958;5542999242121
00426154967;5547999326219
00426199120;5562984347066
00426696930;5548984023733
00426696930;5548984909805
00427535204;5598984067268
00427535204;5598988817203
00427648904;5511976980689
00427648904;5511992999443
00427648904;5544991328878
00427891841;5511967268739
00428248268;5591984045170
00428248268;5591988009591
00428248268;5591988734747
00428604900;5547988449839
00428684084;5551997990330
00429962797;5521975474240
00429962797;5592984511736
00431021821;5511997805086
00431897921;5547999956159
00432849068;5551984469115
00432849068;5551985277873
00432865420;5581986678498
00434197980;5519981461999
00434602167;5561984369989
00435204998;5548991583455
00435204998;5548999073455
00435587803;5565984460149
00436189879;5511973362421
00436189879;5511973362425
00436410320;5598987446230
00436678993;5546999119022
00436841819;5511992809650
00437495183;5563999674242
00437495183;5563999675025
00437878864;5511961718779
00437878864;5511984971003
00438526708;5521988436976
00438680022;5554991546592
00438680022;5554991560500
00438835328;5586998277517
00438835328;5586999206981
00438852923;5565992193267
00438922727;5531984546663
00438922727;5531992940130
00439321778;5521999716313
00439321778;5521999716315
00439835453;5581983468770
00439835453;5581987070351
00439835453;5581999676827
00439977592;5579998562266
00439977592;5579999944392
00440482895;5512981821843
00440766060;5551996836454
00441586538;5575988195571
00441730914;5545991118042
00441730914;5545991373076
00442909500;5571993379091
00442917287;5591981155193
00442917287;5591991162002
00442917287;5591991192002
00442917368;5598988713223
00442917368;5598999070260
00443522472;5583999823356
00443731985;5541999620134
00444327800;5535999611138
00444979034;5551999573984
00445653990;5541992823649
00445653990;5541996492201
00446198803;5511982663710
00446198803;5511984425664
00446198803;5511984493980
00446883930;5516981258889
00446883930;5548991653374
00446883930;5548999822533
00447221841;5511970289556
00447221841;5511971719302
00447330624;5533988755056
00447330624;5537999170097
00448730189;5562993401272
00449148653;5533988061218
00449344835;5566996121260
00450563901;5548999590515
00450730581;5511945725974
00450730581;5511967131841
00450730581;5511989312856
00451630491;5561981333371
00451630491;5561984500933
00452790638;5537999151198
00452790638;5537999710842
00452790638;5537999932550
00452945003;5555999995505
00452974950;5548999031062
00454664087;5551992441553
00456108009;5551984900458
00456108009;5551984975161
00456884602;5532998101300
00456884602;5532999351300
00457229608;5531988771972
00457229608;5531991896739
00457450053;5551999575702
00458909947;5547988147838
00458909947;5547991928757
00458941590;5577999634778
00459210831;5584991080302
00459320939;5544991510124
00459320939;5544999373078
00459412892;5511987754492
00459836153;5561981789555
00459836153;5583999928999
00460988875;5518997182058
00460988875;5518997333312
00461189933;5518991662832
00461300559;5571988893889
00461300559;5571997302717
00461300559;5571999609622
00461393387;5586999706102
00461622831;5518981052885
00461700735;5531999706763
00462451895;5518996177676
00462451895;5518997435136
00462747581;5573988170549
00462747581;5574988011003
00462819914;5547999932972
00463997980;5549991334948
00464124921;5546999112742
00464296897;5518991350790
00464296897;5518991441937
00465244602;5532988577811
00466232802;5511996015406
00466485859;5518981190781
00466485859;5518981203738
00466485859;5518981296897
00467498881;5518981112114
00468271961;5549999879691
00468444904;5547991585538
00468444904;5547991703449
00468524843;5518981159789
00468524843;5518997823440
00468742832;5518997825170
00468973800;5567996460378
00468973800;5567999645523
00469233737;5521995195428
00469417897;5518988060327
00470932856;5518997119015
00471693898;5514997259867
00472393871;5514991241001
00472393871;5514991241010
00472393871;5514996688088
00473692562;5575991031589
00473692562;5582999776723
00474021998;5541999179991
00474090701;5521971248303
00474090701;5521997611117
00474416909;5549999249787
00474416909;5549999283232
00474416909;5549999686661
00474416909;5549999980808
00475018982;5549988631525
00475549830;5511971899738
00475549830;5511995718780
00475576721;5562982228862
00475576721;5562982660305
00475576721;5562996276555
00477629857;5514997988374
00478398999;5554981130588
00478398999;5554996600588
00478398999;5554999817594
00478398999;5554999920588
00478704941;5511969266877
00478709404;5581982714732
00478709404;5581999895480
00478779950;5548999977339
00479476918;5547984790387
00479476918;5547991630888
00479750670;5531998192486
00480038910;5542999937271
00480336938;5511955903378
00480336938;5511999372330
00482080191;5561984823511
00482080191;5561999642583
00482170425;5581986360014
00482318945;5542999769575
00482318945;5581985523179
00482804882;5519996239865
00482882921;5544999488077
00483128945;5573988073141
00483284998;5555981693190
00483284998;5569981083190
00483980986;5547991670181
00484385887;5511981348248
00485036819;5511991978031
00485036819;5519998149847
00485099063;5561981174364
00485131560;5577981190595
00485323125;5562996986699
00486330702;5511989836780
00486330702;5511993738032
00486493687;5534993004548
00486493687;5534999164548
00487574893;5519981391892
00487593766;5521970355547
00487593766;5521970411675
00487788931;5547992563722
00488089034;5554991767370
00488526191;5561999876993
00488526191;5561999916266
00489467962;5548991759010
00489624901;5577999373039
00489624901;5577999622918
00490534775;5521982155006
00490534775;5573988662232
00490758614;5521979622913
00490758614;5521985651909
00490758614;5521988148884
00490758614;5521988554990
00492262748;5532984419647
00492329591;5579981047466
00492329591;5579999710467
00492329591;5579999998862
00492729859;5583991312158
00493056033;5561992306105
00493585966;5549991021124
00493960805;5511995434929
00494213957;5547991148094
00494213957;5547996098818
00494213957;5547999719736
00495800864;5518997929439
00495806986;5544991739599
00495806986;5544999636613
00495806986;5544999729598
00495986941;5547991466148
00495986941;5547999665945
00495996157;5521981643225
00495996157;5521982189707
00496162004;5555997177170
00496584766;5521988322060
00496584766;5521994475708
00496584766;5521999193264
00497680939;5518996075220
00497680939;5518997196403
00497680939;5518997205194
00497680939;5518997754466
00498096955;5547991394281
00498330907;5547988038218
00498330907;5547999865892
00498405095;5551996434241
00498405095;5551998656973
00498879984;5555996041360
00499285620;5541984048200
00499285620;5541984058200
00499499506;5551981361697
00500109990;5549991107777
00500109990;5549991999919
00500109990;5549998032862
00502439858;5519981537709
00502899506;5571988586019
00503617911;5548984689258
00503617911;5548984689262
00503617911;5548984689265
00503617911;5548991060789
00503652580;5571991265038
00503652580;5571999961026
00503767999;5547999626001
00503769690;5531996701765
00503769690;5531997341765
00503900664;5533998249525
00504105809;5518997411247
00504105809;5518997870090
00504302620;5582999368820
00504662325;5561981685839
00504662325;5585988630271
00506390802;5513991250061
00506390802;5513991937751
00507244958;5548999117009
00507244958;5548999780484
00507635639;5531991474881
00507635639;5531995338826
00508390478;5581999452429
00508887909;5547999444691
00509219837;5513997186980
00509397930;5516991663909
00509399630;5531999075255
00509519121;5531973046644
00510209980;5547991311002
00510209980;5547991311004
00510209980;5547991780600
00510209980;5547991804511
00511300921;5549998252994
00511589905;5521976797001
00512457107;5567992865225
00512457107;5567996342232
00512457107;5567996740353
00512476900;5541992642670
00512599742;5527999647373
00513626000;5553981000851
00513626000;5553991300381
00513771956;5542999403736
00515266035;5551982392520
00516263811;5519997675505
00516649841;5517996240075
00517155702;5519996614978
00517155702;5527999946989
00517378680;5531996176947
00517378680;5531997231020
00518121933;5548984047534
00518266826;5517996020032
00518266826;5517997070113
00518266826;5517997760902
00519148916;5542999446145
00519284852;5517997233960
00519284852;5517997373324
00519998898;5511963352936
00519998898;5517988190261
00520503864;5517996364761
00521178800;5517996353644
00521965420;5581996471131
00522406572;5571996179419
00522406572;5571999991332
00523102135;5561982438840
00523102135;5561991087095
00524001901;5549984024016
00524090076;5551986056260
00524306770;5527988812003
00524306770;5527997664120
00524700591;5571991183335
00524700591;5571999441079
00525234543;5571997391984
00525703128;5563992789694
00525936491;5581985851425
00525936491;5581985853991
00525936491;5581988421001
00525965912;5511970462561
00526443758;5527996105756
00526443758;5527996162511
00526683805;5512991133369
00526683805;5512997780218
00526814756;5593991221532
00526814756;5593991274359
00527504858;5512991795672
00528421778;5527996240035
00528421778;5527996906186
00528628879;5511972601710
00528628879;5511997866653
00529532891;5511991371307
00530038102;5567992718633
00530892944;5547999823409
00531792501;5571991333683
00531792501;5575988743683
00532089944;5544984051378
00532089944;5544999773929
00532172094;5561984612827
00532323998;5541992074191
00532323998;5541999682958
00532543505;5579988911035
00532543505;5579996832500
00532543505;5579999602500
00532543505;5579999892500
00532724801;5543996320167
00533074967;5569984152335
00533371902;5541998049656
00533935970;5544999049911
00533935970;5544999049990
00533935970;5544999849716
00534169880;5511947466320
00534169880;5512988150444
00534585914;5548991192248
00534585914;5548999591574
00535086539;5512983112121
00535086539;5575997014642
00535330626;5531983634235
00535330626;5531988028155
00537393889;5561981106205
00537950400;5581991843634
00538575859;5517997084689
00539287415;5581986767831
00539390771;5527995243368
00539390771;5527998132422
00539390771;5527999846782
00540535958;5548996069104
00540535958;5548999140656
00540535958;5549999674631
00540722200;5592999850082
00542071851;5516992610428
00542071851;5516997715634
00542137976;5547991503547
00542671964;5547991562853
00542671964;5547992232463
00542671964;5547992232488
00543014754;5527988117447
00543014754;5527997786892
00543014754;5527998251736
00543105989;5511964477277
00543105989;5582996818466
00543195449;5587988093864
00545068916;5544999958988
00545786983;5547988113517
00545786983;5547999556099
00545949602;5535991464054
00545949602;5535999031442
00546406874;5516991823893
00546991181;5515981288800
00546991181;5515981288833
00547112904;5547991756511
00547112904;5547992541008
00547152884;5516981490549
00548274509;5527988148306
00548274509;5527992489223
00549351990;5511940063001
00549351990;5511983207789
00551525703;5524992388910
00552663980;5548999742530
00552663980;5549991368898
00552685607;5531984998951
00552728519;5571992291281
00552934763;5521986676670
00552934763;5521988516671
00552934763;5521989418302
00553522515;5571993603009
00553642847;5515981308672
00553764799;5521964167854
00554227053;5551999855261
00554861690;5534984065697
00554861690;5534999727505
00555209873;5511973450560
00555209873;5511974417639
00555209873;5512997067649
00555820955;5541991545775
00555820955;5541996445888
00556614917;5547984056149
00556614917;5547991696149
00556803809;5515997380077
00556810937;5515991074615
00557080487;5583999951634
00557132622;5535998669181
00557158850;5515996869676
00557158850;5515997463143
00557158850;5515997693521
00558539866;5514997111898
00558834000;5555984051896
00558889840;5514997225524
00558889840;5514997756655
00559764928;5545988076470
00560283938;5541991620745
00560283938;5541992321245
00560283938;5551999458833
00560600844;5511996066473
00560830840;5519997163541
00561231400;5582988034926
00561311781;5521995014872
00562239600;5531982049748
00562644881;5519981878665
00563193980;5547984887735
00563231823;5519981330033
00563618825;5519992090088
00563618825;5519997596993
00563848820;5519981293336
00567086534;5571988453134
00567086534;5571988453187
00567351890;5519997718513
00568029860;5511957944755
00568071980;5541991997000
00568185994;5547999478083
00568185994;5548999899094
00568765800;5551995562700
00568765800;5551999255446
00568765800;5564993294151
00569152178;5565999710259
00569889820;5517991460297
00570174848;5519997956745
00570934907;5541992359969
00570934907;5542999123993
00571326234;5568999753065
00571326234;5568999757856
00571437656;5532987013277
00571437656;5532988898526
00571437656;5532999639686
00571437656;5532999729686
00572593805;5516997023136
00572593805;5516999640716
00573674850;5511998210505
00575577568;5571987915368
00575658487;5583999712288
00575783893;5516992024100
00576315907;5561984011181
00576315907;5561984051183
00576626651;5511993430676
00576903914;5561986535055
00577059920;5541999646566
00578188864;5511951624654
00578188864;5511987722464
00578188864;5516997098001
00578874113;5561981311118
00578874113;5561998440880
00578874113;5561999093545
00579009068;5551980569956
00579009068;5551999753522
00579317986;5547991452690
00579349918;5516981154149
00581530985;5511969042875
00582061830;5511983872020
00582061830;5511999921141
00583820034;5551985756030
00585168164;5555999970097
00585493073;5551982072181
00585493073;5551998057572
00585771812;5515997709530
00585849943;5541999226739
00585970939;5547996018360
00585970939;5547996018380
00586453148;5561992348502
00588318272;5562991148019
00588555568;5571991166866
00588954420;5584999079538
00589109642;5531988935999
00589109642;5531999052415
00591590905;5541991924436
00591590905;5541996679352
00592690814;5511983720223
00592690814;5511995089669
00592894657;5537988048057
00592894657;5537999448057
00593626931;5545991145458
00593869087;5555991316437
00594133793;5522999452098
00594679400;5582981877820
00594679400;5582999723186
00594874963;5547988136351
00594874963;5547988262653
00594874963;5547988578500
00595136400;5584999827671
00595187404;5584994662013
00595187404;5584999226610
00595251773;5521964316321
00595251773;5521997143675
00595349072;5551999757536
00595349072;5554996497029
00595469990;5551998008348
00596892500;5571999187477
00596892500;5571999321499
00596892500;5571999653262
00598141952;5541999128574
00598190813;5511985853576
00598781854;5511967628744
00598781854;5511991374421
00599379049;5551999643995
00599448970;5541996725995
00599822929;5543984863459
00600271854;5511947979711
00601075889;5511973028852
00601075889;5511982373733
00601229940;5547996227770
00601893638;5538997285020
00601960840;5511999450438
00602629900;5541991362106
00602629900;5541991562302
00602967805;5511987175775
00602967805;5511999302618
00603650724;5527998370244
00603724949;5541988112000
00604693745;5521975336860
00604734956;5543991457935
00604734956;5543991720246
00604734956;5543991940503
00605743568;5579999819910
00605743568;5579999871764
00605833982;5551982353012
00605833982;5584998160077
00606136614;5538997236014
00606136614;5538998461616
00606309900;5547999198277
00606309900;5547999685847
00606481125;5511987477728
00606980806;5511948828786
00606980806;5511982567190
00607630515;5571991978606
00608562700;5521999568873
00609160877;5511997044971
00610408607;5534996651922
00610408607;5534996693591
00610416022;5511995003717
00610486900;5542991041204
00610486900;5544991028323
00610633988;5548984710731
00610633988;5548984710741
00610633988;5548984879294
00611460807;5511996113139
00611745801;5513991557820
00612485927;5541996105959
00612910563;5571986006996
00613105907;5543988237946
00613434986;5544998120504
00613566890;5511974219275
00613566890;5515997437294
00614370850;5511971477504
00614370850;5511986146939
00614532850;5511947855635
00616803974;5541999538231
00616803974;5541999571957
00616847831;5511941448396
00616847831;5511943558909
00616847831;5511996038701
00617226776;5561999186486
00617226776;5561999552042
00617226776;5561999961987
00617330751;5521988465159
00617654816;5541999574334
00617654816;5541999641588
00618594272;5591988001224
00619846801;5511947647078
00619846801;5511947647081
00619846801;5511947647083
00619952741;5521997374967
00619952741;5521998958318
00620340819;5511982839943
00620904534;5571991780955
00621357162;5562981325393
00621357162;5562986449878
00623200767;5521964684935
00623200767;5521985134499
00623431220;5571987005431
00625413822;5511972036996
00625413822;5511996459627
00627089020;5551995951474
00627089020;5551998080622
00627533981;5515981160488
00627533981;5515996065283
00627679846;5531997215302
00627679846;5548991424629
00628584911;5542991312845
00628584911;5542991319885
00628584911;5542999977671
00628771517;5511957756319
00628920881;5571996934970
00628920881;5571999618499
00628920881;5571999730706
00629461880;5511991348262
00630177848;5513991536932
00630607958;5547997568568
00630611980;5541999747779
00630680876;5511940320225
00630680876;5511998168970
00630997721;5524981063249
00630997721;5524999459188
00630997721;5524999480075
00631287990;5548996952148
00632355794;5545999149883
00632603879;5511993248608
00632998601;5533999060374
00632998601;5533999189491
00636790517;5571991443421
00637316061;5551985076670
00637316061;5551985708906
00637652843;5511932424500
00638033802;5511974624218
00638033802;5511974725841
00642239738;5521981629168
00644144777;5511974004207
00644144777;5511974013607
00645592978;5548984050261
00645592978;5548991508344
00646453122;5566999713736
00646460927;5547988764638
00646460927;5547991709087
00647182807;5511996717263
00648452816;5511941041311
00648452816;5511941905991
00648452816;5511997538223
00648602052;5554991337459
00648602052;5554999260445
00649143728;5515981134898
00649143728;5515981233166
00650244869;5511947117776
00650244869;5511965232275
00650244869;5511984408606
00650709845;5511969257339
00650918339;5585988794629
00651290406;5583993425623
00651514614;5533999523689
00651514614;5533999659130
00651831857;5511973787566
00651831857;5511997607975
00652915906;5541991228778
00652915906;5541991723859
00653190107;5561982238180
00653403968;5547984509934
00653403968;5547999640719
00653496362;5585996627944
00653505884;5511995243272
00653505884;5511996122530
00653650973;5549999919398
00654094420;5582991303677
00654094420;5582998282000
00654094420;5582999289030
00654728453;5582999705042
00654728453;5582999745042
00655084835;5581985975495
00655886818;5511997632297
00656840951;5541992246202
00657075671;5561986287728
00658283804;5511966054723
00659376865;5511997020890
00659376865;5511997144272
00659376865;5511998797777
00659516896;5511998004123
00660204843;5511997498281
00660317702;5521984613041
00660491648;5531998816421
00661056090;5551981317736
00661056090;5551995009297
00661595803;5511950809066
00661855562;5571999450074
00661855562;5574988234284
00663093449;5585999967920
00663751934;5549984060430
00663877105;5567999732050
00664912826;5511982555871
00665795890;5511971210721
00665795890;5511971425378
00666241856;5511998219992
00666395810;5511950479952
00666395810;5561984399331
00666395810;5561991440712
00666493669;5538999531979
00666628696;5538997277775
00666628696;5538999981899
00666720827;5511996301470
00667375597;5577999722658
00667848835;5567981128557
00667848835;5567981730592
00667848835;5567999291907
00668039779;5524988584430
00668100869;5511975450090
00668100869;5511999007599
00668143835;5511942923313
00668825910;5544991764057
00669381632;5531988170828
00669566845;5511998916909
00669566845;5513996121127
00670795127;5565996025760
00670795127;5565996384852
00670904945;5519984575300
00672184826;5511999796541
00673132641;5538991039200
00673132641;5577988131221
00673132641;5577988146684
00673331504;5571996804041
00675016053;5551998847074
00675541999;5548988245813
00675943876;5511987289585
00675943876;5511991057771
00675943876;5511996246123
00676458955;5548991142589
00676458955;5548991186529
00676458955;5548999194218
00677750986;5547996031120
00679406921;5541988123011
00679406921;5541988221206
00679419900;5547999858889
00679556656;5531988710646
00679695931;5549999771500
00680242821;5511956606792
00680242821;5511994744802
00680432876;5511998937624
00680432876;5511999341903
00681097094;5551995182577
00681147881;5511942298361
00681461675;5538998079191
00681754850;5519991773894
00681754850;5519998241694
00682784702;5521986889213
00682784702;5521989535764
00683057707;5519991911047
00683057707;5519996692779
00683339001;5553984550839
00684733897;5511995325727
00684885565;5571981341169
00684885565;5571988378362
00686123034;5548988090928
00688059503;5561999690454
00688059503;5561999887733
00689196970;5548999199091
00689196970;5548999435656
00690643420;5581992101795
00690643420;5581999733097
00690668929;5547999783962
00690704828;5511996083850
00691348987;5585981805950
00691583714;5521964191321
00693375000;5551999763899
00693375000;5551999898321
00694781983;5561981032333
00694781983;5561999423233
00695786806;5535991132631
00697669912;5547999116895
00697669912;5549999649344
00697980871;5511962393245
00697980871;5511974934443
00698107969;5543996496477
00698107969;5543996563589
00698107969;5543999389676
00698107969;5543999389679
00699899826;5511997756703
00700269983;5547999386867
00700424890;5511945981981
00700424890;5511994070847
00700623906;5543999035273
00701296810;5511982749495
00701296810;5561981178576
00701322756;5522997134473
00701322756;5522998344055
00701622806;5511988853537
00701788950;5545999217070
00702360899;5511982557367
00702542814;5511974164493
00702931985;5547999087100
00703269674;5531997762986
00703269674;5551995993537
00703678841;5511991650720
00703678841;5511994555728
00703913867;5514981344362
00705871916;5548988227760
00705871916;5548988448958
00705871916;5548991361852
00707716004;5561998435434
00707716004;5561999622008
00707716004;5561999764608
00708078761;5511971520866
00708078761;5511995504111
00708612180;5563992253464
00708948928;5548999545944
00709204000;5551995976859
00709204000;5551999964146
00709584164;5565999897076
00709993846;5511989117644
00712431942;5543999294778
00712431942;5543999294833
00712710230;5592991528223
00712710230;5592992373773
00713491035;5534999911228
00713491035;5549999043444
00714547565;5571991230450
00714547565;5571991616220
00714547565;5571992270550
