01505236614;5531982696207
01505236614;5531992967173
01507085990;5548988468000
01507085990;5548988604141
01509341811;5518997318285
01512721824;5515997339597
01512721824;5515997639449
01512721824;5515997673609
01514574179;5562985603152
01515541886;5514998118037
01516379624;5531992774916
01516706846;5511981045861
01516706846;5511982088550
01516706846;5511983943131
01517663806;5514996036095
01517780861;5515996198411
01521032874;5518998204399
01521201900;5549988121529
01521201900;5549988159929
01521505870;5514997066809
01521505870;5514997097901
01521505870;5514997868826
01522209840;5511981094470
01522209840;5514982077488
01522209840;5514997324748
01523615885;5514997486560
01527131823;5591981993505
01527131823;5591991233257
01527308855;5517991674543
01527308855;5517991762383
01531421709;5527988987599
01532796994;5544998711112
01533251940;5541988292814
01533251940;5541988453679
01533251940;5541988742906
01534595732;5527993126225
01534595732;5527997778662
01534595732;5527998718272
01534902929;5541992240812
01534902929;5541996304418
01535424893;5514981631448
01536864803;5514998002247
01538247518;5579999259880
01538247518;5579999259965
01539229904;5542984187316
01539229904;5542991255113
01541911830;5514998061361
01542265215;5568999456892
01542644747;5527997530025
01542644747;5527998549379
01542734819;5514999035896
01544173865;5514996001209
01544173865;5514997087526
01544173865;5514997136176
01546016830;5514996265710
01548432709;5527999604773
01549326988;5548984018400
01549326988;5548984058766
01549346741;5513988118776
01549346741;5513997710789
01550819690;5537999265266
01553292944;5565984326569
01555944353;5585986177753
01557173320;5585988631071
01558508309;5583999025815
01558586962;5548991013960
01558586962;5548991218670
01558586962;5548991411807
01559213710;5521976415779
01559213710;5521994908916
01560999420;5581985969785
01561178942;5543984390573
01561475807;5519991984484
01562012835;5514996209206
01562012835;5514997799527
01562406965;5549991135064
01563109530;5571982689059
01563109530;5571991177357
01563690870;5514997735089
01564860752;5521976955423
01565848918;5547992352472
01565848918;5547992746213
01565848918;5547996848529
01565887905;5511932526320
01568572603;5531982604774
01568572603;5549991945535
01568587970;5541999697945
01569074372;5585988426668
01572144785;5522981571276
01572144785;5522998321990
01572144785;5522999661394
01572446870;5514997988902
01572454890;5514991033950
01574104802;5514981004369
01574104802;5514981365545
01574104802;5514981366636
01574873938;5547984275916
01574873938;5547996447508
01575053837;5514981767014
01575053837;5514981773018
01575053837;5514991091269
01575335816;5514998558543
01577345959;5548991565864
01577642813;5514996144946
01578387817;5514996868735
01578387817;5514997720942
01578387817;5514998571715
01579008941;5547984041547
01579289851;5511969436001
01579289851;5511998846030
01579854907;5541996169992
01579875661;5532988137886
01579875661;5532991626677
01579886434;5581996331103
01579886434;5581999499468
01580374808;5514997814108
01580374808;5514998262700
01581049862;5515996658908
01583379487;5581985388916
01584449730;5521984097549
01584449730;5521988798777
01584803843;5511988630837
01586270249;5591985197180
01586270249;5591996338977
01586270249;5591999821652
01586434969;5549991429696
01586434969;5549991586954
01587194929;5544991453015
01587194929;5544999846945
01589077873;5516997317641
01589127803;5519983395201
01589173597;5573988044444
01589173597;5573988938870
01589173597;5573999784986
01591322901;5541999555269
01591322901;5547991229860
01591322901;5547991611036
01591956838;5519994155226
01592108873;5519996416766
01595769897;5519998928488
01595940901;5541996059272
01595940901;5542999061166
01595940901;5542999727220
01596052880;5519981511860
01596501782;5591999699745
01597979503;5571987608006
01597979503;5571991787067
01599462982;5541988211075
01599725908;5548999924675
01600276750;5521972859372
01600631835;5519982172875
01600631835;5519991364117
01601039913;5541999022061
01601321856;5511971216773
01601321856;5511996171631
01601670940;5545999403839
01601670940;5545999593322
01603760504;5575988517273
01603760504;5575988585040
01603841504;5579999810545
01604749814;5511942761778
01604749814;5511954512427
01604749814;5511978011136
01604749814;5511999463420
01605640506;5579999985606
01606131591;5579999217763
01606131591;5579999758855
01606131591;5579999895478
01607304902;5548991354710
01609028945;5541984637280
01609028945;5541985352418
01609412532;5571988302671
01609840410;5579991391009
01611074940;5568984011000
01612573487;5584994071939
01612573487;5584994181569
01614717818;5511972405352
01614819491;5585986932579
01614819491;5585988352076
01615695877;5519997023288
01615816925;5547999159089
01616690933;5549984032150
01616690933;5549999248458
01616690933;5579988322558
01616707844;5519996714412
01616774878;5519998811213
01617116858;5519997669153
01617593869;5565992244110
01617593869;5565999821981
01617658820;5519992216085
01618446851;5518997391492
01618446851;5518997823750
01619233568;5579999216486
01620365820;5583999217051
01620467828;5511981375717
01620609800;5519991692525
01620707802;5551996962074
01621056813;5519971290170
01621909808;5519981993581
01621909808;5519997074537
01622244788;5521964352705
01622244788;5521987967233
01623109949;5541987377074
01623209730;5521995239933
01623209730;5521995684142
01623209730;5521996218142
01623224705;5521999142955
01623893372;5598988450905
01624911587;5571991529208
01624911587;5571991621767
01624941907;5545988117265
01624941907;5545999221954
01625871988;5549988238825
01625871988;5549988381737
01625879881;5519997004112
01626231940;5548984294376
01626231940;5548991512082
01626403902;5511977000840
01626403902;5511977000846
01626805890;5519991538233
01627211888;5511997324593
01627211888;5519998016911
01628609940;5542984012062
01628609940;5542999199754
01628895500;5571991046652
01629128899;5519997072147
01629128899;5519997210188
01629131504;5577981282717
01629131504;5577988080326
01629131504;5577988254665
01630031810;5519997710694
01633938778;5521970019808
01633938778;5521970199699
01634366816;5511999404455
01635300924;5548984459569
01635339707;5567992056652
01635374960;5541991969998
01636149979;5548999266300
01637694946;5541999919600
01641227885;5519992360011
01641227885;5519995180461
01641227885;5519997212946
01642006068;5551997176383
01644517817;5519982034176
01644517817;5519982209082
01644517817;5519996797875
01644517817;5519998800313
01644666812;5519996798657
01645560449;5581994314651
01646315936;5549991659745
01647938104;5561996148074
01647938104;5561996262719
01647938104;5561999788672
01648024955;5561991754611
01648024955;5561993177979
01648144349;5585999813361
01648860796;5524998578620
01648860796;5524999212451
01649144806;5511975807466
01649334761;5521976080692
01649334761;5521991706134
01649385919;5548984146477
01649385919;5548984525383
01649385919;5548998071632
01649631898;5514997133007
01649631898;5514997747060
01649631898;5514997840521
01649966806;5514996544774
01652892796;5513981279560
01653032391;5585988406111
01653152702;5521988835146
01653152702;5521989071107
01654014869;5519983456463
01654014869;5519997736523
01654781959;5543999143079
01654781959;5543999284091
01654781959;5543999284092
01654781959;5544984398659
01654800767;5521993339282
01654800767;5521999356089
01655795953;5541991021955
01656368315;5585999914606
01656749971;5513981664351
01658173996;5542988096588
01658173996;5542988636508
01658953738;5521994320238
01658953738;5521997209300
01659121701;5521988191186
01662750854;5519997852570
01663407908;5547996147121
01663407908;5547996177211
01663825823;5511997576340
01663825823;5519996477817
01663825823;5519998304443
01664289810;5519992974896
01664289810;5519994921324
01664520848;5519991199994
01664620630;5538988066509
01664620630;5538988177509
01665213884;5516997502060
01665521864;5519982920074
01665521864;5519999772244
01665843713;5585988237733
01665843713;5585988373300
01665843713;5585988918613
01666697761;5521988054329
01666697761;5521997570085
01666697761;5521998187444
01667534750;5521988627443
01667638963;5549999110333
01667638963;5549999954748
01667886940;5541991655395
01667886940;5541992704884
01668007916;5543991853904
01668679779;5521998568539
01669137821;5519981288178
01669137821;5519997610797
01669973905;5547984108820
01669973905;5547984135222
01669973905;5547984323029
01671644816;5519996094899
01671692896;5519987072399
01671692896;5519997400814
01671692896;5519997402399
01672780888;5561998251223
01672940320;5585986699053
01674983980;5541991127495
01674983980;5541992215470
01674997183;5565996052614
01674997183;5565996789457
01674997183;5565999005791
01675125368;5585988963243
01675562741;5521988012839
01675562741;5521988554751
01675562741;5521989277860
01676518975;5548988231728
01676518975;5548988641221
01677114827;5511972287200
01680140760;5521992217872
01680140760;5521993173560
01680140760;5561981177539
01680140760;5561996958080
01681459795;5521995442870
01681459795;5521996021869
01682533808;5519991776815
01682533808;5519993783890
01683845234;5555984049703
01683845234;5555999797725
01684596718;5521964303100
01685148859;5519992098692
01685148859;5519997529803
01685357857;5519999616013
01685977561;5524981296996
01685977561;5571991315225
01685977561;5571991926407
01685977561;5571996265410
01687557268;5591982292322
01687566925;5544999160011
01687566925;5544999505100
01687975850;5519997067014
01689914386;5585999515578
01689914386;5588999401483
01689914386;5588999515515
01689914386;5588999515578
01689998709;5561981251282
01689998709;5561999871254
01690281782;5527996600706
01690281782;5527998128560
01690281782;5527999843144
01690723980;5541999794803
01692677845;5573999162246
01693375885;5511972273962
01696252903;5549988942804
01696372801;5511945216699
01697321933;5541999478620
01697936806;5519993894462
01698239971;5547988327344
01699335800;5519997951712
01699721785;5527995129770
01699721785;5571999627065
01700097504;5571986587938
01700097504;5571987660901
01701054906;5541988004621
01701054906;5541995075187
01701054906;5541999119713
01702325814;5527981458177
01702325814;5527981458577
01702656330;5598988408471
01703835719;5521999243950
01703835719;5527999694273
01703895533;5519981261180
01703895533;5579999003592
01704481856;5519996111027
01705689892;5561981187576
01705689892;5561981911830
01706264828;5512981148412
01706499892;5511989314100
01706499892;5511994555531
01706499892;5511999008986
01707804907;5548996078436
01708050930;5547988018976
01708072900;5545988031372
01708533818;5516988423348
01708801928;5541984416048
01708801928;5541992258143
01710392975;5541991444625
01710392975;5541999121524
01710833858;5519981320750
01713098989;5547988088645
01713098989;5547992377899
01713588994;5561981319172
01714131726;5527999622222
01714754880;5519996246901
01714754880;5519996246947
01714754880;5519997261127
01714898962;5541996762851
01714898962;5541999511321
01715047710;5527999771743
01716073847;5519981547134
01716073847;5519996240057
01716073847;5519996904374
01716856795;5528998822515
01716856795;5528999829681
01717194842;5511981117597
01717194842;5511995527034
01717194842;5511999868875
01718798725;5527998262927
01718798725;5527998839612
01721094938;5541996479605
01721200126;5563984225381
01721606858;5519997055192
01722673826;5519997179897
01725678829;5519997687814
01726010880;5519989192062
01726677982;5547984114897
01726677982;5547991088535
01726725707;5528999451057
01727820908;5548996180394
01730462820;5519971119047
01730599966;5547991234880
01730790917;5547988639068
01730992978;5547996466900
01731554990;5518991135252
01731554990;5518997361000
01731554990;5518997361550
01732869847;5519981323300
01733469877;5519971712721
01733469877;5519991025453
01733469877;5519994042255
01733469877;5519998090806
01733624864;5521995522251
01733624864;5521995524483
01733740937;5544984152147
01733740937;5544984366852
01734214902;5541997094190
01734613874;5566984066662
01734613874;5566984442593
01734613874;5566999792157
01734630965;5553999110211
01735914851;5519997085650
01737232847;5519996916712
01739572939;5541996617381
01739816315;5585996305928
01739816315;5585999139918
01741537835;5519996048077
01741537835;5519996935727
01742815871;5514997730022
01743179995;5568999118776
01743179995;5568999840013
01743469993;5547999112077
01743469993;5547999737712
01743615809;5519996450117
01743615809;5519997499484
01743676867;5519996761794
01743676867;5519999825542
01745030913;5548999682668
01745343881;5519981874889
01745343881;5519996184400
01745538895;5519982092221
01745663797;5521995225408
01745663797;5521997804201
01746165898;5581996314822
01747409995;5548984424006
01747409995;5548991761945
01747409995;5548991857873
01750038820;5584994316636
01750376989;5543991181889
01750376989;5543991429219
01751050220;5596981043935
01751999300;5598988850626
01753745896;5518996672059
01753745896;5518997733643
01756422907;5548991172357
01756696942;5541999962164
01757797750;5522999232195
01757818855;5511976872810
01757818855;5511985419850
01758919310;5599981284624
01759296880;5518981393249
01759296880;5518997203812
01759485004;5544999514444
01760629049;5554996411361
01760742015;5551999491494
01763427960;5541987529339
01763427960;5541988077100
01765366984;5547999780550
01765366984;5548996043480
01766009816;5561991867435
01766375910;5541999287230
01767151500;5573991328750
01768387087;5555999737054
01769628916;5543999335439
01769810986;5549984091554
01769810986;5549999794672
01770653899;5566996451590
01770653899;5566996914642
01770952888;5518997071110
01770952888;5518997114708
01772079812;5518997736998
01772434906;5541999372244
01772434906;5541999764580
01773076922;5527992568259
01773076922;5527998936461
01774861984;5547991995202
01774861984;5547992095201
01776011830;5518997015599
01776090950;5577998418899
01777942918;5541999871012
01778245900;5541991556137
01778245900;5541991928835
01778410871;5518997058468
01778499830;5518981975557
01778499830;5518991038875
01778674933;5541996718365
01778894704;5522981467380
01778894704;5522992730991
01780167806;5518998097806
01780167806;5518998131093
01780236719;5527996084162
01780236719;5527999048040
01781768935;5547988582584
01781768935;5547999732220
01783442735;5522998615550
01783442735;5522998818536
01783442735;5522999764685
01783442735;5522999774310
01783962909;5549999320449
01783962909;5549999658899
01783962909;5549999822800
01784527858;5513997626565
01784527858;5513997721532
01784527858;5513997781532
01784583928;5541999319791
01785400720;5591991049464
01785400720;5591991167666
01787031926;5549991601700
01787031926;5554984147241
01787031926;5554996987559
01789173973;5541996040788
01789732387;5585999350631
01790162700;5521972120341
01791515843;5513991123357
01791515843;5513991229156
01791515843;5513992018086
01791835910;5541987544967
01791835910;5541996540970
01791835910;5541999411976
01792466587;5573998226884
01792466587;5573999446884
01792466587;5573999636000
01792717334;5585999896220
01794311963;5549991727070
01794485368;5568984119025
01794485368;5569993606987
01796267520;5571999669992
01800899785;5521984629228
01804540803;5513988745999
01806927985;5512981783398
01808729315;5585988993695
01809817730;5521981345480
01810565855;5511982028422
01810947898;5513997222127
01810947898;5513997960114
01811853935;5548999166669
01812372701;5521984125524
01813463115;5564992114665
01814745904;5548999608094
01814970932;5561986022700
01818109808;5513974131468
01818666847;5513991637135
01818912805;5513991263415
01818912805;5513991630066
01819356434;5581996068006
01819356434;5581999545669
01819356434;5581999689853
01821626800;5513974055621
01821626800;5513974060224
01822134986;5541984051724
01822328918;5541996765315
01823134920;5547997197674
01823134920;5548999112424
01825723826;5513991243397
01826212353;5561996087585
01827499320;5585988535606
01827499320;5585996988272
01827828919;5541988276260
01828175986;5548999127007
01828175986;5548999190270
01831149818;5514988136317
01831149818;5514996781738
01831327937;5549991446414
01831327937;5549998266575
01832479811;5513991971856
01832479811;5513997882530
01832534340;5561981999264
01832578712;5513991352462
01832578712;5513997011719
01834619912;5541991528130
01836278497;5582988294551
01836278497;5582996642005
01836347723;5582988426878
01837248443;5582999573826
01837248443;5582999979753
01837495963;5549991524020
01837495963;5549991562815
01837619875;5513988029145
01837619875;5513997497269
01838255869;5513991514866
01838453580;5571987909199
01838655700;5521983107828
01838655700;5521995090671
01838702474;5582988112767
01838702474;5582988305081
01840347520;5571987944293
01840347520;5571991801428
01840648805;5513991723501
01840648805;5513997447922
01841622974;5543984756746
01841622974;5543999017420
01841622974;5543999582832
01842318845;5513991039096
01842318845;5513997305214
01842318845;5513997330165
01842318845;5513997550951
01842517457;5584987607815
01842517457;5584987958431
01844108945;5542999611891
01844167950;5548988024790
01844167950;5548999880973
01844684857;5535998120029
01844684857;5535998703004
01845591976;5541996033307
01846877482;5583988040281
01847080871;5511949454089
01847080871;5511998667116
01849098727;5521971233842
01849098727;5521999441180
01850169950;5549999696060
01851714863;5517996279861
01851714863;5517996687720
01852560827;5517988254937
01852560827;5563984724463
01852560827;5563984848576
01852707941;5541988989201
01852707941;5541997702401
01852974710;5521999665148
01853795755;5521988764559
01855328887;5551996446577
01856812553;5571988181117
01858767733;5521971695500
01858767733;5521996235542
01858907764;5521980895836
01858907764;5521984073031
01859175422;5581988925526
01859199879;5517997212244
01859569803;5517991660968
01859569803;5517997276597
01860451900;5544991080246
01860451900;5544991279927
01860510930;5549985026313
01860510930;5549985026502
01860510930;5549999811143
01861515863;5517997226698
01861605935;5541998993824
01861687800;5511942182608
01863013407;5581997341001
01863693874;5517996168015
01864198990;5514996912630
01864198990;5542988240081
01864198990;5542999200904
01864198990;5542999238072
01865335860;5517997320738
01865707163;5561985200514
01865707163;5561993888161
01866073931;5547991600396
01866073931;5547992384067
01866073931;5547992424403
01866805975;5546999167761
01867622750;5521982829695
01867622750;5521998906060
01867764709;5521998937328
01868271994;5541999614958
01870017900;5548999442737
01870920449;5581986507015
01870920449;5581999158879
01871388856;5517996011612
01871388856;5517996074463
01871388856;5517997564435
01871752922;5549991326036
01871752922;5549999049184
01872037763;5527988069332
01872037763;5527988519334
01873504420;5581987692175
01873649827;5516997164547
01873649827;5517996294547
01873667990;5519988094692
01874036942;5541999481827
01874532508;5577988114069
01874532508;5577999922099
01874648808;5517997121338
01875110801;5517991422518
01875110801;5517991695774
01875110801;5517996098489
01875191704;5551995383997
01875305483;5584981695137
01875305483;5584996242992
01875628819;5517996070912
01875654810;5517981411314
01875654810;5517997833732
01875988785;5585987924700
01875988785;5585987924763
01877522813;5516991039797
01877526487;5581986243303
01877526487;5581988343303
01878361830;5511971719338
01878513877;5517991873993
01878736825;5521982919246
01880140802;5548991600816
01880731835;5517991051687
01880731835;5517991111828
01880731835;5517991597893
01881251837;5561999980398
01881367894;5517981168847
01881367894;5517996439349
01881385876;5517997129684
01881385876;5517997746994
01882411838;5516996214004
01882411838;5516997494004
01882411838;5516997814395
01883677998;5542988558056
01883693926;5511959987707
01884497870;5517991080081
01885112882;5517997153549
01885486880;5517991191005
01885561415;5581981822244
01885561415;5581994623272
01886207372;5585999096741
01886774889;5519981071434
01886774889;5519982126404
01886774889;5567981527390
01887042806;5517988121260
01891654721;5521987220449
01892379961;5548991848877
01892462788;5547996004014
01892462788;5547997594452
01893488870;5517981005324
01893488870;5517981019611
01893579832;5517981121740
01893873943;5547999191378
01893873943;5547999374297
01893915450;5582981491779
01893915450;5582988036221
01893915450;5582993055219
01897319908;5547991520020
01898108668;5531984485261
01898108668;5531996680963
01898665869;5511954719711
01898665869;5511987584138
01898742871;5517991232354
01898954976;5548991111215
01898954976;5548991572534
01900130874;5512997246303
01900791935;5595981122052
01900791935;5595981127420
01900940876;5517981443552
01901045897;5517982119832
01901166848;5517988161213
01901420493;5581999132007
01901420493;5587999952007
01901863808;5517996114739
01903548950;5541999621810
01906129401;5581988087413
01906129401;5581988087475
01906129401;5581992718556
01906146764;5527981330189
01906146764;5527981416265
01906146764;5527998756394
01906146764;5527998980189
01906878781;5521971002007
01906878781;5521981628175
01906878781;5521996571677
01906878781;5521996811709
01907301453;5581984161261
01907301453;5581999722203
01907662472;5581987431224
01907662472;5581988971224
01908483750;5516981211149
01908483750;5516981588484
01908483750;5516997226946
01909699896;5512981084595
01909699896;5512981387851
01909699896;5512991472850
01910001759;5524999497083
01910482404;5563984869940
01911828851;5512997927415
01912349906;5546984001564
01912349906;5546984147376
01912763400;5581999673926
01913904709;5521981414476
01913904709;5521992984616
01913940845;5512997822403
01914320913;5541996669905
01914553268;5591988436746
01915429463;5582988723426
01917875827;5512997249994
01918740941;5541988326415
01918740941;5541988488177
01918740941;5541999687518
01918770930;5551992590440
01919750282;5591988151607
01919991808;5511969130812
01919991808;5511973503050
01919991808;5511999153737
01921538899;5512997701151
01921538899;5512997741262
01922162957;5541991937076
01922162957;5541992889151
01922162957;5541992907080
01922162957;5541996110709
01922926922;5547984091592
01922926922;5547984449687
01922926922;5547984799967
01923398938;5544991210789
01924316765;5567981013542
01925916901;5541996454925
01925916901;5541999872744
01926745795;5521994722621
01927256291;5591996236588
01927821428;5531996914034
01927836964;5545988072199
01927836964;5545999659899
01928291902;5561998021009
01930442939;5547988445066
01930442939;5547999966189
01930640900;5547999127905
01931189986;5547996520278
01931189986;5547996520284
01931189986;5547996520294
01932403515;5571991147527
01932403515;5571991385377
01932403515;5571991844018
01932889906;5548996177020
01934640557;5577991430534
01934640557;5577999785408
01938331907;5549988191978
01938331907;5593984118913
01939247730;5521964315487
01939247730;5521991583713
01939735459;5582988699142
01940751764;5521979536187
01940751764;5521996448936
01941129935;5542999340833
01941129935;5542999762700
01941129935;5542999829547
01943878870;5512996058773
01943878870;5512996058941
01943878870;5512997838121
01944160973;5549984128755
01944842462;5584988619907
01946232467;5583991224450
01946232467;5583996596379
01947955861;5512991479923
01947955861;5512991525453
01950587983;5547999150495
01950587983;5547999947418
01950595900;5548991045704
01950595900;5567981158816
01950595900;5567996601475
01950595900;5592981360292
01952772877;5511995837821
01953429920;5544991449144
01953458947;5547991441264
01953458947;5547999741264
01953458947;5547999961397
01954426526;5574999308284
01954426526;5574999872553
01954426526;5587981272553
01956662839;5511991359696
01956662839;5511998069111
01957035706;5531988460509
01957094702;5521979606425
01957094702;5521980388021
01957936762;5524992617489
01957936762;5524993021931
01958231762;5521975352656
01958231762;5521991808432
01958231762;5521994182020
01958623415;5587988331715
01959397940;5543984474465
01961212803;5512983204027
01962896374;5586999223796
01963034864;5512997454433
01963034864;5519983545354
01963592956;5549999220581
01963941713;5518981660005
01963941713;5518997257282
01964148901;5547999404902
01964148901;5547999534887
01964148901;5547999799021
01966184956;5549984039098
01966184956;5549991166161
01966184956;5549999129098
01966356838;5512981361742
01966478941;5549999008450
01966478941;5549999277881
01967057540;5579999339994
01967091994;5541992022929
01969347961;5543984778306
01971095869;5512996493434
01971095869;5512997925414
01971369900;5543991139083
01971369900;5543999450445
01972410857;5512991915933
01972410857;5535998626767
01972630709;5521988557194
01972920707;5521985612174
01972920707;5521993152661
01972920707;5521995296268
01972920707;5521998783403
01975533976;5549988056460
01976000424;5581988578805
01976000424;5581999736423
01976399840;5516997240577
01976641560;5571991536404
01976641560;5571991861075
01977511481;5591999662577
01977529933;5548999894903
01979228809;5516991225262
01979228809;5516993091881
01979893810;5516999643994
01980001979;5544999480856
01980011850;5511984069508
01980011850;5511993735533
01981904921;5541999223442
01981904921;5541999853437
01982011173;5563992148047
01983510890;5516997983408
01986689964;5547999556563
01987496434;5584996038624
01987550315;5585985607302
01987550315;5588981202201
01987550315;5588988390643
01988890977;5545999771922
01990620990;5544999151044
01990714978;5544998098363
01990714978;5544999402917
01990714978;5544999824302
01991230559;5581999660341
01991265778;5527988624160
01991265778;5527999702706
01991265778;5527999784247
01991374984;5547999474763
01991943784;5527997880212
01993482865;5516996016702
01993554793;5527992256440
01993554793;5527992366746
01993863745;5527988255636
01993863745;5527988475720
01995399795;5527988786134
01995399795;5527996915539
01995399795;5527999082379
01995635863;5516981460957
01995635863;5516996135030
01996132903;5542984043296
01996132903;5542984082740
01996132903;5542984086173
01996348400;5583987003256
01996418467;5561993872779
01996418467;5561996833761
01996665472;5584999858442
01998621928;5549991165240
01999457994;5541991633922
01999457994;5541996494300
01999458885;5516997816732
01999540891;5511983856092
02001019866;5575981064532
02001019866;5575981439206
02001019866;5575981515044
02002590320;5598988049426
02003812881;5566992835316
