5516997464721
5516997464723
5516997464743
5516997464775
5516997464804
5516997464807
5516997464813
5516997464843
5516997464878
5516997464882
5516997464898
5516997464913
5516997464920
5516997464955
5516997464958
5516997464968
5516997464980
5516997464986
5516997464988
5516997465023
5516997465035
5516997465049
5516997465053
5516997465077
5516997465100
5516997465105
5516997465120
5516997465140
5516997465156
5516997465158
5516997465171
5516997465206
5516997465216
5516997465218
5516997465227
5516997465262
5516997465264
5516997465303
5516997465381
5516997465383
5516997465386
5516997465404
5516997465628
5516997465629
5516997465675
5516997465678
5516997465690
5516997465707
5516997465720
5516997465730
5516997465751
5516997465768
5516997465775
5516997465807
5516997465813
5516997465819
5516997465838
5516997465840
5516997465852
5516997465872
5516997465884
5516997465887
5516997465891
5516997465920
5516997465968
5516997465981
5516997465982
5516997465986
5516997466038
5516997466039
5516997466047
5516997466082
5516997466096
5516997466111
5516997466165
5516997466190
5516997466191
5516997466210
5516997466240
5516997466288
5516997466303
5516997466313
5516997466318
5516997466328
5516997466344
5516997466358
5516997466400
5516997466418
5516997466495
5516997466496
5516997466504
5516997466514
5516997466526
5516997466534
5516997466537
5516997466540
5516997466549
5516997466550
5516997466552
5516997466556
5516997466562
5516997466563
5516997466565
5516997466585
5516997466603
5516997466613
5516997466621
5516997466623
5516997466646
5516997466647
5516997466654
5516997466656
5516997466682
5516997466688
5516997466737
5516997466747
5516997466762
5516997466763
5516997466784
5516997466799
5516997466813
5516997466823
5516997466837
5516997466838
5516997466849
5516997466850
5516997466874
5516997466880
5516997466893
5516997466911
5516997466928
5516997466944
5516997466955
5516997466958
5516997466960
5516997466971
5516997467052
5516997467053
5516997467054
5516997467118
5516997467136
5516997467137
5516997467149
5516997467188
5516997467195
5516997467214
5516997467239
5516997467246
5516997467262
5516997467266
5516997467277
5516997467282
5516997467316
5516997467367
5516997467369
5516997467374
5516997467421
5516997467430
5516997467435
5516997467452
5516997467453
5516997467479
5516997467481
5516997467500
5516997467501
5516997467505
5516997467506
5516997467539
5516997467545
5516997467551
5516997467578
5516997467585
5516997467587
5516997467593
5516997467604
5516997467605
5516997467631
5516997467641
5516997467646
5516997467664
5516997467674
5516997467687
5516997467696
5516997467708
5516997467716
5516997467738
5516997467756
5516997467760
5516997467773
5516997467804
5516997467808
5516997467830
5516997467831
5516997467855
5516997467863
5516997467869
5516997467873
5516997467877
5516997467928
5516997467936
5516997467988
5516997468026
5516997468031
5516997468040
5516997468047
5516997468050
5516997468054
5516997468058
5516997468062
5516997468080
5516997468112
5516997468115
5516997468120
5516997468121
5516997468139
5516997468141
5516997468150
5516997468163
5516997468181
5516997468186
5516997468228
5516997468243
5516997468252
5516997468255
5516997468265
5516997468267
5516997468279
5516997468285
5516997468294
5516997468300
5516997468305
5516997468311
5516997468360
5516997468361
5516997468374
5516997468383
5516997468393
5516997468400
5516997468403
5516997468408
5516997468409
5516997468414
5516997468417
5516997468422
5516997468432
5516997468438
5516997468471
5516997468481
5516997468490
5516997468498
5516997468501
5516997468521
5516997468522
5516997468529
5516997468538
5516997468558
5516997468565
5516997468572
5516997468581
5516997468585
5516997468586
5516997468600
5516997468605
5516997468624
5516997468632
5516997468633
5516997468636
5516997468644
5516997468668
5516997468669
5516997468671
5516997468681
5516997468686
5516997468714
5516997468723
5516997468748
5516997468757
5516997468761
5516997468764
5516997468783
5516997468787
5516997468790
5516997468796
5516997468801
5516997468806
5516997468830
5516997468832
5516997468844
5516997468863
5516997468930
5516997468935
5516997468958
5516997468989
5516997469017
5516997469020
5516997469028
5516997469033
5516997469046
5516997469051
5516997469063
5516997469064
5516997469086
5516997469091
5516997469093
5516997469101
5516997469109
5516997469136
5516997469139
5516997469148
5516997469190
5516997469192
5516997469193
5516997469204
5516997469269
5516997469285
5516997469334
5516997469344
5516997469357
5516997469361
5516997469377
5516997469404
5516997469406
5516997469418
5516997469421
5516997469424
5516997469450
5516997469462
5516997469468
5516997469498
5516997469533
5516997469535
5516997469551
5516997469568
5516997469574
5516997469584
5516997469586
5516997469617
5516997469631
5516997469639
5516997469647
5516997469720
5516997469727
5516997469738
5516997469747
5516997469766
5516997469770
5516997469788
5516997469802
5516997469836
5516997469866
5516997469871
5516997469875
5516997469879
5516997469891
5516997469901
5516997469927
5516997469933
5516997469936
5516997469962
5516997469969
5516997470001
5516997470003
5516997470027
5516997470034
5516997470039
5516997470045
5516997470049
5516997470051
5516997470098
5516997470104
5516997470109
5516997470128
5516997470130
5516997470132
5516997470140
5516997470146
5516997470158
5516997470166
5516997470169
5516997470181
5516997470186
5516997470201
5516997470245
5516997470246
5516997470264
5516997470280
5516997470319
5516997470329
5516997470354
5516997470368
5516997470377
5516997470393
5516997470421
5516997470440
5516997470445
5516997470451
5516997470464
5516997470486
5516997470493
5516997470526
5516997470536
5516997470541
5516997470548
5516997470553
5516997470563
5516997470565
5516997470570
5516997470590
5516997470604
5516997470606
5516997470614
5516997470619
5516997470626
5516997470631
5516997470634
5516997470637
5516997470639
5516997470643
5516997470645
5516997470646
5516997470659
5516997470660
5516997470665
5516997470680
5516997470697
5516997470698
5516997470719
5516997470734
5516997470752
5516997470797
5516997470803
5516997470851
5516997470858
5516997470878
5516997470884
5516997470892
5516997470904
5516997470909
5516997470919
5516997470927
5516997470941
5516997470945
5516997470963
5516997470964
5516997470967
5516997470969
5516997470990
5516997471003
5516997471040
5516997471057
5516997471058
5516997471074
5516997471087
5516997471130
5516997471140
5516997471147
5516997471155
5516997471170
5516997471195
5516997471196
5516997471202
5516997471216
5516997471223
5516997471237
5516997471255
5516997471268
5516997471275
5516997471312
5516997471335
5516997471356
5516997471361
5516997471377
5516997471400
5516997471414
5516997471422
5516997471425
5516997471450
5516997471482
5516997471515
5516997471521
5516997471537
5516997471541
5516997471584
5516997471626
5516997471641
5516997471648
5516997471660
5516997471677
5516997471683
5516997471726
5516997471752
5516997471756
5516997471757
5516997471765
5516997471778
5516997471782
5516997471785
5516997471793
5516997471822
5516997471823
5516997471852
5516997471869
5516997471879
5516997471900
5516997471929
5516997471939
5516997471960
5516997471968
5516997471970
5516997472008
5516997472012
5516997472086
5516997472091
5516997472155
5516997472161
5516997472213
5516997472219
5516997472226
5516997472229
5516997472257
5516997472264
5516997472269
5516997472279
5516997472280
5516997472283
5516997472288
5516997472296
5516997472299
5516997472301
5516997472308
5516997472329
5516997472337
5516997472345
5516997472370
5516997472376
5516997472379
5516997472381
5516997472407
5516997472408
5516997472412
5516997472419
5516997472424
5516997472425
5516997472442
5516997472445
5516997472451
5516997472454
5516997472468
5516997472469
5516997472471
5516997472483
5516997472491
5516997472528
5516997472534
5516997472540
5516997472553
5516997472564
5516997472589
5516997472641
5516997472644
5516997472664
5516997472667
5516997472676
5516997472705
5516997472710
5516997472711
5516997472714
5516997472727
5516997472735
5516997472740
5516997472742
5516997472764
5516997472778
5516997472786
5516997472809
5516997472815
5516997472818
5516997472825
5516997472833
5516997472845
5516997472848
5516997472870
5516997472871
5516997472891
5516997472926
5516997472936
5516997472954
5516997472955
5516997473114
5516997473123
5516997473141
5516997473155
5516997473176
5516997473226
5516997473245
5516997473271
5516997473277
5516997473279
5516997473285
5516997473288
5516997473313
5516997473322
5516997473353
5516997473354
5516997473379
5516997473395
5516997473410
5516997473443
5516997473445
5516997473477
5516997473493
5516997473505
5516997473506
5516997473516
5516997473522
5516997473556
5516997473573
5516997473616
5516997473636
5516997473641
5516997473658
5516997473674
5516997473691
5516997473693
5516997473696
5516997473709
5516997473715
5516997473722
5516997473723
5516997473726
5516997473732
5516997473742
5516997473757
5516997473766
5516997473768
5516997473771
5516997473783
5516997473794
5516997473807
5516997473811
5516997473812
5516997473821
5516997473828
5516997473837
5516997473853
5516997473885
5516997473887
5516997473905
5516997473939
5516997473961
5516997473968
5516997473979
5516997473992
5516997473994
5516997474006
5516997474023
5516997474047
5516997474053
5516997474066
5516997474068
5516997474073
5516997474141
5516997474145
5516997474149
5516997474166
5516997474216
5516997474220
5516997474222
5516997474235
5516997474238
5516997474273
5516997474289
5516997474338
5516997474357
5516997474381
5516997474403
5516997474408
5516997474411
5516997474440
5516997474445
5516997474466
5516997474472
5516997474492
5516997474512
5516997474515
5516997474536
5516997474540
5516997474543
5516997474547
5516997474549
5516997474552
5516997474556
5516997474569
5516997474578
5516997474601
5516997474606
5516997474608
5516997474609
5516997474612
5516997474614
5516997474615
5516997474619
5516997474627
5516997474642
5516997474649
5516997474673
5516997474688
5516997474693
5516997474697
5516997474730
5516997474738
5516997474750
5516997474752
5516997474759
5516997474763
5516997474771
5516997474777
5516997474797
5516997474807
5516997474808
5516997474818
5516997474855
5516997474860
5516997474866
5516997474867
5516997474887
5516997474890
5516997474900
5516997474920
5516997474932
5516997474948
5516997474949
5516997474965
5516997474967
5516997474970
5516997474971
5516997474979
5516997474981
5516997474995
5516997474999
5516997475002
5516997475031
5516997475053
5516997475055
5516997475095
5516997475097
5516997475111
5516997475133
5516997475136
5516997475145
5516997475146
5516997475152
5516997475157
5516997475174
5516997475178
5516997475179
5516997475184
5516997475210
5516997475241
5516997475296
5516997475315
5516997475322
5516997475323
5516997475352
5516997475355
5516997475388
5516997475390
5516997475393
5516997475423
5516997475429
5516997475431
5516997475461
5516997475464
5516997475469
5516997475473
5516997475497
5516997475499
5516997475511
5516997475537
5516997475551
5516997475564
5516997475594
5516997475596
5516997475606
5516997475612
5516997475625
5516997475627
5516997475632
5516997475638
5516997475660
5516997475678
5516997475700
5516997475707
5516997475722
5516997475744
5516997475858
5516997475905
5516997475957
5516997475985
5516997476006
5516997476041
5516997476046
5516997476072
5516997476104
5516997476106
5516997476117
5516997476129
5516997476141
5516997476142
5516997476153
5516997476175
5516997476192
5516997476201
5516997476208
5516997476215
5516997476233
5516997476246
5516997476262
5516997476264
5516997476318
5516997476331
5516997476332
5516997476338
5516997476339
5516997476354
5516997476361
5516997476392
5516997476401
5516997476436
5516997476466
5516997476496
5516997476497
5516997476510
5516997476513
5516997476533
5516997476550
5516997476555
5516997476560
5516997476582
5516997476585
5516997476594
5516997476598
5516997476603
5516997476606
5516997476608
5516997476617
5516997476649
5516997476652
5516997476661
5516997476663
5516997476668
5516997476689
5516997476702
5516997476711
5516997476713
5516997476724
5516997476725
5516997476729
5516997476733
5516997476742
5516997476770
5516997476833
5516997476869
5516997476873
5516997476878
5516997476884
5516997476894
5516997476920
5516997476922
5516997476924
5516997476936
5516997476949
5516997476979
5516997476984
5516997477019
5516997477042
5516997477047
5516997477056
5516997477064
5516997477070
5516997477071
5516997477084
5516997477087
5516997477093
5516997477122
5516997477130
5516997477137
5516997477160
5516997477200
5516997477254
5516997477268
5516997477274
5516997477276
5516997477285
5516997477298
5516997477300
5516997477342
5516997477344
5516997477351
5516997477409
5516997477435
5516997477436
5516997477462
5516997477466
5516997477468
5516997477484
5516997477486
5516997477504
5516997477526
5516997477534
5516997477535
5516997477540
5516997477558
5516997477564
5516997477575
5516997477590
5516997477620
5516997477628
5516997477632
5516997477637
5516997477638
5516997477640
5516997477652
5516997477662
5516997477694
5516997477696
5516997477697
5516997477710
5516997477720
5516997477735
5516997477737
5516997477759
5516997477781
5516997477797
5516997477799
5516997477878
5516997477886
5516997477899
5516997477900
5516997477912
5516997477935
5516997477958
5516997477978
5516997477980
5516997477999
5516997478005
5516997478030
5516997478038
5516997478045
5516997478053
5516997478075
5516997478077
5516997478101
5516997478103
5516997478113
5516997478157
5516997478163
5516997478169
5516997478171
5516997478172
5516997478174
5516997478175
5516997478177
5516997478178
5516997478179
5516997478180
5516997478187
5516997478190
5516997478198
5516997478202
5516997478208
5516997478213
5516997478214
5516997478240
5516997478249
5516997478250
5516997478251
5516997478254
5516997478264
5516997478266
5516997478268
5516997478273
5516997478286
5516997478292
5516997478299
5516997478310
5516997478323
5516997478326
5516997478329
5516997478356
5516997478364
5516997478381
5516997478395
5516997478402
5516997478405
5516997478409
5516997478411
5516997478466
5516997478497
5516997478510
5516997478528
5516997478539
5516997478543
5516997478544
5516997478545
5516997478549
5516997478551
5516997478560
5516997478561
5516997478562
5516997478580
5516997478601
5516997478625
5516997478647
5516997478652
5516997478664
5516997478710
5516997478736
5516997478737
5516997478740
5516997478743
5516997478753
5516997478799
5516997478822
5516997478836
5516997478838
5516997478869
5516997478873
5516997478891
5516997478907
5516997478915
5516997478918
5516997478948
5516997478953
5516997478957
5516997478958
5516997478962
5516997478970
5516997478989
5516997478990
5516997479002
5516997479004
5516997479009
5516997479050
5516997479084
5516997479146
5516997479206
5516997479216
5516997479218
5516997479219
5516997479249
5516997479251
5516997479257
5516997479260
5516997479277
5516997479279
5516997479341
5516997479363
5516997479364
5516997479369
5516997479380
5516997479416
5516997479426
5516997479437
5516997479461
5516997479466
5516997479469
5516997479475
5516997479477
5516997479480
5516997479481
5516997479500
5516997479501
5516997479507
5516997479542
5516997479546
5516997479558
5516997479562
5516997479608
5516997479616
5516997479629
5516997479644
5516997479646
5516997479649
5516997479651
5516997479666
5516997479681
5516997479685
5516997479704
5516997479713
5516997479716
5516997479737
5516997479745
5516997479751
5516997479792
5516997479793
5516997479794
5516997479796
5516997479807
5516997479817
5516997479846
5516997479852
5516997479860
5516997479886
5516997479919
5516997479940
5516997479944
5516997479951
5516997479956
5516997479966
5516997480018
5516997480022
5516997480027
5516997480039
5516997480050
5516997480058
5516997480059
5516997480072
5516997480075
5516997480077
5516997480090
5516997480095
5516997480097
5516997480104
5516997480109
5516997480122
5516997480159
5516997480168
5516997480192
5516997480202
5516997480212
5516997480269
5516997480293
5516997480308
5516997480309
5516997480347
5516997480363
5516997480398
5516997480435
5516997480446
5516997480459
5516997480466
5516997480499
5516997480502
5516997480522
5516997480559
5516997480568
5516997480578
5516997480614
5516997480633
5516997480639
5516997480668
5516997480672
5516997480686
5516997480699
5516997480710
5516997480718
5516997480731
5516997480748
5516997480749
5516997480751
5516997480752
5516997480755
5516997480769
5516997480806
5516997480812
5516997480814
5516997480818
5516997480851
5516997480860
5516997480862
5516997480877
5516997480890
5516997480902
5516997480904
5516997480905
5516997480909
5516997480937
5516997480960
5516997480962
5516997480978
5516997480984
5516997481004
5516997481008
5516997481026
5516997481045
5516997481050
5516997481055
5516997481060
5516997481072
5516997481080
5516997481081
5516997481082
5516997481083
5516997481091
5516997481101
5516997481114
5516997481122
5516997481166
5516997481168
5516997481196
5516997481211
5516997481219
5516997481229
5516997481239
5516997481240
5516997481261
5516997481287
5516997481289
5516997481293
5516997481297
5516997481300
5516997481319
5516997481322
5516997481334
5516997481337
5516997481340
5516997481352
5516997481377
5516997481381
5516997481416
5516997481449
5516997481453
5516997481458
5516997481464
5516997481534
5516997481566
5516997481600
5516997481604
5516997481606
5516997481624
5516997481641
5516997481649
5516997481650
5516997481668
5516997481708
5516997481750
5516997481844
5516997481863
5516997481915
5516997481967
5516997481974
5516997481986
5516997481987
5516997482016
5516997482034
5516997482046
5516997482058
5516997482069
5516997482070
5516997482084
5516997482109
5516997482120
5516997482121
5516997482132
5516997482157
5516997482158
5516997482162
5516997482165
5516997482166
5516997482184
5516997482186
5516997482190
5516997482196
5516997482206
5516997482210
5516997482231
5516997482234
5516997482244
5516997482268
5516997482275
5516997482280
5516997482288
5516997482290
5516997482296
5516997482305
5516997482308
5516997482309
5516997482311
5516997482321
5516997482363
5516997482385
5516997482388
5516997482389
5516997482397
5516997482400
5516997482402
5516997482404
5516997482421
5516997482428
5516997482432
5516997482442
5516997482468
5516997482497
5516997482501
5516997482504
5516997482513
5516997482524
5516997482539
5516997482556
5516997482558
5516997482615
5516997482623
5516997482626
5516997482641
5516997482646
5516997482648
5516997482653
5516997482657
5516997482671
5516997482704
5516997482711
5516997482727
5516997482745
5516997482768
5516997482783
5516997482816
5516997482940
5516997482955
5516997482962
5516997482976
5516997483009
5516997483048
5516997483057
5516997483073
5516997483129
5516997483148
5516997483160
5516997483181
5516997483200
5516997483207
5516997483208
5516997483258
5516997483259
5516997483263
5516997483320
5516997483322
5516997483371
5516997483377
5516997483412
5516997483445
5516997483459
5516997483463
5516997483464
5516997483525
5516997483542
5516997483555
5516997483608
5516997483619
5516997483647
5516997483668
5516997483669
5516997483721
5516997483773
5516997483778
5516997483838
5516997483867
5516997483871
5516997483889
5516997483910
5516997483927
5516997483954
5516997483963
5516997483983
5516997483994
5516997484007
5516997484049
5516997484062
5516997484063
5516997484066
5516997484089
5516997484098
5516997484099
5516997484119
5516997484154
5516997484193
5516997484201
5516997484206
5516997484213
5516997484252
5516997484270
5516997484277
5516997484287
5516997484315
5516997484318
5516997484319
5516997484321
5516997484325
5516997484337
5516997484347
5516997484358
5516997484360
5516997484397
5516997484405
5516997484413
5516997484427
5516997484432
5516997484436
5516997484441
5516997484445
5516997484460
5516997484476
5516997484478
5516997484481
5516997484490
5516997484506
5516997484515
5516997484517
5516997484518
5516997484520
5516997484525
5516997484535
5516997484536
5516997484594
5516997484597
5516997484652
5516997484662
5516997484681
5516997484707
5516997484715
5516997484750
5516997484773
5516997484781
5516997484790
5516997484797
5516997484807
5516997484814
5516997484815
5516997484816
5516997484819
5516997484824
5516997484843
5516997484851
5516997484872
5516997484888
5516997484901
5516997484927
5516997484959
5516997484962
5516997484965
5516997484969
5516997484975
5516997484988
5516997485033
5516997485039
5516997485048
5516997485052
5516997485062
5516997485063
5516997485075
5516997485109
5516997485111
5516997485142
5516997485157
5516997485169
5516997485204
5516997485205
5516997485248
5516997485255
5516997485307
5516997485321
5516997485326
5516997485336
5516997485345
5516997485351
5516997485360
5516997485378
5516997485380
5516997485394
5516997485399
5516997485401
5516997485405
5516997485410
5516997485419
5516997485422
5516997485424
5516997485450
5516997485480
5516997485503
5516997485525
5516997485532
5516997485614
5516997485619
5516997485637
5516997485647
5516997485651
5516997485675
5516997485686
5516997485699
5516997485704
5516997485717
5516997485723
5516997485726
5516997485751
5516997485756
5516997485765
5516997485788
5516997485791
5516997485792
5516997485818
5516997485826
5516997485834
5516997485835
5516997485836
5516997485838
5516997485841
5516997485859
5516997485868
5516997485877
5516997485926
5516997485944
5516997485956
5516997485958
5516997485963
5516997485972
5516997485977
5516997485990
5516997485991
5516997485998
5516997486000
5516997486003
5516997486043
5516997486062
5516997486067
5516997486080
5516997486088
5516997486093
5516997486128
5516997486157
5516997486184
5516997486198
5516997486227
5516997486262
5516997486317
5516997486358
5516997486370
5516997486383
5516997486394
5516997486416
5516997486417
5516997486431
5516997486447
5516997486451
5516997486464
5516997486485
5516997486492
5516997486494
5516997486572
5516997486608
5516997486611
5516997486621
5516997486634
5516997486636
5516997486639
5516997486672
5516997486678
5516997486687
5516997486696
5516997486705
5516997486756
5516997486761
5516997486766
5516997486795
5516997486819
5516997486855
5516997486867
5516997486914
5516997486918
5516997486952
5516997486959
5516997486988
5516997486995
5516997487004
5516997487023
5516997487035
5516997487045
5516997487061
5516997487062
5516997487103
5516997487110
5516997487114
5516997487161
5516997487178
5516997487186
5516997487219
5516997487232
5516997487254
5516997487260
5516997487262
5516997487265
5516997487275
5516997487341
5516997487345
5516997487391
5516997487393
5516997487396
5516997487405
5516997487420
5516997487422
5516997487432
5516997487435
5516997487446
5516997487468
5516997487484
5516997487486
5516997487494
5516997487500
5516997487557
5516997487607
5516997487627
5516997487641
5516997487654
5516997487659
5516997487664
5516997487671
5516997487676
5516997487697
5516997487706
5516997487733
5516997487767
5516997487783
5516997487787
5516997487807
5516997487809
5516997487811
5516997487833
5516997487845
5516997487847
5516997487855
5516997487860
5516997487862
5516997487877
5516997487898
5516997487903
5516997487914
5516997487917
5516997488039
5516997488076
5516997488089
5516997488128
5516997488140
5516997488144
5516997488168
5516997488180
5516997488205
5516997488208
5516997488220
5516997488224
5516997488226
5516997488227
5516997488313
5516997488347
5516997488380
5516997488401
5516997488429
5516997488434
5516997488445
5516997488478
5516997488482
5516997488489
5516997488558
5516997488603
5516997488619
5516997488625
5516997488627
5516997488647
5516997488651
5516997488654
5516997488687
5516997488727
5516997488750
5516997488753
5516997488794
5516997488800
5516997488810
5516997488825
5516997488831
5516997488871
5516997488872
5516997488903
5516997488920
5516997488938
5516997488957
5516997488980
5516997488996
5516997489019
5516997489024
5516997489028
5516997489038
5516997489051
5516997489077
5516997489116
5516997489142
5516997489147
5516997489175
5516997489176
5516997489183
5516997489188
5516997489197
5516997489210
5516997489229
5516997489244
5516997489246
5516997489248
5516997489264
5516997489288
5516997489324
5516997489326
5516997489327
5516997489330
5516997489339
5516997489439
5516997489477
5516997489479
5516997489503
5516997489570
5516997489591
5516997489600
5516997489601
5516997489636
5516997489638
5516997489640
5516997489673
5516997489690
5516997489703
5516997489717
5516997489763
5516997489765
5516997489774
5516997489793
5516997489794
5516997489828
5516997489837
5516997489839
5516997489848
5516997489866
5516997489868
5516997489893
5516997489901
5516997489913
5516997489922
5516997489947
5516997489949
5516997489962
5516997490008
5516997490015
5516997490030
5516997490034
5516997490051
5516997490055
5516997490061
5516997490071
5516997490124
5516997490130
5516997490134
5516997490153
5516997490156
5516997490160
5516997490174
5516997490184
5516997490192
5516997490205
5516997490207
5516997490232
5516997490250
5516997490255
5516997490257
5516997490271
5516997490281
5516997490299
5516997490389
5516997490392
5516997490401
5516997490414
5516997490438
5516997490440
5516997490504
5516997490548
5516997490549
5516997490554
5516997490595
5516997490598
5516997490604
5516997490642
5516997490649
5516997490660
5516997490662
5516997490665
5516997490666
5516997490695
5516997490697
5516997490699
5516997490701
5516997490707
5516997490709
5516997490722
5516997490755
5516997490778
5516997490804
5516997490809
5516997490815
5516997490825
5516997490851
5516997490868
5516997490920
5516997490933
5516997490946
5516997490972
5516997490976
5516997490986
5516997491001
5516997491053
5516997491057
5516997491063
5516997491069
5516997491087
5516997491101
5516997491106
5516997491107
5516997491192
5516997491196
5516997491294
5516997491297
5516997491301
5516997491302
5516997491305
5516997491325
5516997491327
5516997491352
5516997491353
5516997491367
5516997491369
5516997491399
5516997491440
5516997491448
5516997491451
5516997491477
5516997491484
5516997491491
5516997491528
5516997491530
5516997491559
5516997491562
5516997491575
5516997491579
5516997491587
5516997491589
5516997491604
5516997491607
5516997491636
5516997491657
5516997491669
5516997491672
5516997491675
5516997491678
5516997491699
5516997491718
5516997491725
5516997491727
5516997491731
5516997491741
5516997491752
5516997491760
5516997491761
5516997491771
5516997491774
5516997491830
5516997491863
5516997491875
5516997491883
5516997491949
5516997491952
5516997491969
5516997491972
5516997491974
5516997491978
5516997491982
5516997492012
5516997492019
5516997492050
5516997492083
5516997492096
5516997492102
5516997492108
5516997492110
5516997492119
5516997492127
5516997492132
5516997492134
5516997492136
5516997492190
5516997492222
5516997492252
5516997492282
5516997492291
5516997492293
5516997492302
5516997492315
5516997492399
5516997492404
5516997492410
5516997492414
5516997492420
5516997492424
5516997492429
5516997492431
5516997492446
5516997492460
5516997492461
5516997492482
5516997492500
5516997492502
5516997492549
5516997492560
5516997492563
5516997492569
5516997492597
5516997492600
5516997492639
5516997492655
5516997492661
5516997492663
5516997492673
5516997492676
5516997492686
5516997492687
5516997492819
5516997492835
5516997492850
5516997492851
5516997492860
5516997492881
5516997492889
5516997492892
5516997492925
5516997492928
5516997492935
5516997492939
5516997492943
5516997492993
5516997493015
5516997493050
5516997493058
5516997493060
5516997493070
5516997493077
5516997493080
5516997493087
5516997493093
5516997493110
5516997493136
5516997493159
5516997493169
5516997493204
5516997493215
5516997493217
5516997493232
5516997493235
5516997493242
5516997493267
5516997493273
5516997493281
5516997493291
5516997493311
5516997493328
5516997493335
5516997493373
5516997493374
5516997493382
5516997493385
5516997493425
5516997493428
5516997493441
5516997493461
5516997493500
5516997493513
5516997493517
5516997493523
5516997493524
5516997493534
5516997493603
5516997493612
5516997493614
5516997493618
5516997493628
5516997493631
5516997493640
5516997493642
5516997493652
5516997493671
5516997493673
5516997493707
5516997493711
5516997493715
5516997493738
5516997493740
5516997493772
5516997493773
5516997493783
5516997493850
