5516997493864
5516997493881
5516997493892
5516997493928
5516997493929
5516997493940
5516997493950
5516997493951
5516997493954
5516997493955
5516997493967
5516997493969
5516997493977
5516997493983
5516997493999
5516997494005
5516997494007
5516997494038
5516997494049
5516997494069
5516997494079
5516997494083
5516997494094
5516997494153
5516997494214
5516997494217
5516997494218
5516997494228
5516997494266
5516997494277
5516997494279
5516997494293
5516997494311
5516997494321
5516997494348
5516997494363
5516997494391
5516997494412
5516997494432
5516997494436
5516997494467
5516997494492
5516997494499
5516997494500
5516997494510
5516997494579
5516997494585
5516997494592
5516997494594
5516997494602
5516997494609
5516997494619
5516997494681
5516997494702
5516997494723
5516997494725
5516997494731
5516997494732
5516997494747
5516997494763
5516997494784
5516997494787
5516997494792
5516997494798
5516997494801
5516997494803
5516997494804
5516997494809
5516997494811
5516997494857
5516997494877
5516997494879
5516997494886
5516997494887
5516997494892
5516997494900
5516997494907
5516997494924
5516997494927
5516997494928
5516997494930
5516997494938
5516997494939
5516997494945
5516997494955
5516997494959
5516997494960
5516997494966
5516997494981
5516997494990
5516997495008
5516997495030
5516997495032
5516997495042
5516997495082
5516997495113
5516997495119
5516997495140
5516997495146
5516997495163
5516997495172
5516997495175
5516997495176
5516997495182
5516997495185
5516997495230
5516997495241
5516997495269
5516997495330
5516997495351
5516997495380
5516997495388
5516997495400
5516997495473
5516997495480
5516997495481
5516997495505
5516997495521
5516997495526
5516997495539
5516997495542
5516997495551
5516997495558
5516997495579
5516997495582
5516997495594
5516997495605
5516997495609
5516997495636
5516997495643
5516997495645
5516997495647
5516997495658
5516997495673
5516997495692
5516997495725
5516997495745
5516997495748
5516997495752
5516997495755
5516997495757
5516997495762
5516997495784
5516997495790
5516997495808
5516997495816
5516997495823
5516997495831
5516997495834
5516997495846
5516997495851
5516997495854
5516997495857
5516997495861
5516997495884
5516997495899
5516997495902
5516997495917
5516997495921
5516997495935
5516997495959
5516997495965
5516997495967
5516997496022
5516997496023
5516997496048
5516997496065
5516997496080
5516997496083
5516997496089
5516997496103
5516997496115
5516997496131
5516997496147
5516997496151
5516997496159
5516997496192
5516997496194
5516997496279
5516997496283
5516997496291
5516997496349
5516997496384
5516997496408
5516997496410
5516997496450
5516997496451
5516997496455
5516997496459
5516997496474
5516997496536
5516997496540
5516997496545
5516997496546
5516997496562
5516997496565
5516997496567
5516997496570
5516997496573
5516997496579
5516997496588
5516997496603
5516997496624
5516997496641
5516997496696
5516997496705
5516997496712
5516997496713
5516997496719
5516997496755
5516997496760
5516997496777
5516997496788
5516997496793
5516997496809
5516997496812
5516997496816
5516997496820
5516997496827
5516997496843
5516997496858
5516997496859
5516997496879
5516997496890
5516997496926
5516997496933
5516997496936
5516997496944
5516997496963
5516997496976
5516997497015
5516997497025
5516997497026
5516997497027
5516997497034
5516997497081
5516997497103
5516997497111
5516997497142
5516997497150
5516997497194
5516997497201
5516997497209
5516997497234
5516997497239
5516997497241
5516997497263
5516997497264
5516997497270
5516997497305
5516997497311
5516997497340
5516997497373
5516997497383
5516997497388
5516997497395
5516997497422
5516997497427
5516997497469
5516997497503
5516997497508
5516997497517
5516997497532
5516997497540
5516997497543
5516997497550
5516997497556
5516997497559
5516997497576
5516997497577
5516997497593
5516997497595
5516997497626
5516997497631
5516997497635
5516997497636
5516997497650
5516997497656
5516997497662
5516997497664
5516997497684
5516997497689
5516997497693
5516997497694
5516997497696
5516997497715
5516997497745
5516997497749
5516997497759
5516997497773
5516997497787
5516997497788
5516997497792
5516997497793
5516997497800
5516997497817
5516997497822
5516997497832
5516997497841
5516997497865
5516997497875
5516997497879
5516997497888
5516997497910
5516997497919
5516997497933
5516997497943
5516997497946
5516997497960
5516997497964
5516997497972
5516997497977
5516997497979
5516997497986
5516997497997
5516997498006
5516997498007
5516997498076
5516997498112
5516997498124
5516997498133
5516997498135
5516997498136
5516997498140
5516997498182
5516997498183
5516997498214
5516997498249
5516997498252
5516997498261
5516997498267
5516997498269
5516997498277
5516997498279
5516997498284
5516997498285
5516997498296
5516997498311
5516997498326
5516997498330
5516997498339
5516997498351
5516997498356
5516997498359
5516997498360
5516997498364
5516997498366
5516997498375
5516997498376
5516997498382
5516997498417
5516997498439
5516997498449
5516997498459
5516997498465
5516997498508
5516997498531
5516997498565
5516997498566
5516997498615
5516997498630
5516997498632
5516997498635
5516997498636
5516997498665
5516997498667
5516997498681
5516997498690
5516997498701
5516997498702
5516997498704
5516997498706
5516997498707
5516997498721
5516997498729
5516997498737
5516997498756
5516997498784
5516997498802
5516997498808
5516997498829
5516997498830
5516997498855
5516997498857
5516997498861
5516997498863
5516997498865
5516997498871
5516997498898
5516997498921
5516997498958
5516997498975
5516997498979
5516997499009
5516997499030
5516997499042
5516997499061
5516997499064
5516997499079
5516997499084
5516997499088
5516997499110
5516997499112
5516997499115
5516997499116
5516997499117
5516997499119
5516997499145
5516997499152
5516997499166
5516997499174
5516997499176
5516997499191
5516997499202
5516997499214
5516997499232
5516997499234
5516997499278
5516997499299
5516997499300
5516997499301
5516997499308
5516997499317
5516997499336
5516997499357
5516997499383
5516997499387
5516997499398
5516997499411
5516997499413
5516997499418
5516997499424
5516997499443
5516997499461
5516997499462
5516997499474
5516997499506
5516997499518
5516997499560
5516997499587
5516997499597
5516997499599
5516997499615
5516997499620
5516997499628
5516997499629
5516997499631
5516997499641
5516997499650
5516997499651
5516997499667
5516997499673
5516997499679
5516997499698
5516997499705
5516997499710
5516997499720
5516997499721
5516997499724
5516997499728
5516997499741
5516997499744
5516997499760
5516997499761
5516997499769
5516997499793
5516997499809
5516997499832
5516997499856
5516997499861
5516997499877
5516997499936
5516997499949
5516997499955
5516997499968
5516997499988
5516997499993
5516997500045
5516997500064
5516997500081
5516997500090
5516997500125
5516997500128
5516997500163
5516997500192
5516997500204
5516997500207
5516997500247
5516997500315
5516997500345
5516997500349
5516997500404
5516997500446
5516997500485
5516997500508
5516997500511
5516997500531
5516997500539
5516997500553
5516997500559
5516997500560
5516997500562
5516997500601
5516997500621
5516997500633
5516997500657
5516997500662
5516997500681
5516997500688
5516997500702
5516997500708
5516997500739
5516997500786
5516997500811
5516997500854
5516997500919
5516997500941
5516997500952
5516997500961
5516997500975
5516997500987
5516997501008
5516997501017
5516997501047
5516997501049
5516997501144
5516997501157
5516997501162
5516997501166
5516997501171
5516997501180
5516997501183
5516997501193
5516997501202
5516997501204
5516997501205
5516997501210
5516997501212
5516997501220
5516997501223
5516997501242
5516997501266
5516997501277
5516997501313
5516997501333
5516997501337
5516997501362
5516997501405
5516997501417
5516997501490
5516997501491
5516997501507
5516997501508
5516997501515
5516997501519
5516997501521
5516997501571
5516997501574
5516997501575
5516997501576
5516997501639
5516997501682
5516997501709
5516997501711
5516997501719
5516997501720
5516997501738
5516997501739
5516997501753
5516997501794
5516997501801
5516997501802
5516997501803
5516997501812
5516997501818
5516997501819
5516997501820
5516997501837
5516997501841
5516997501882
5516997501883
5516997501893
5516997501901
5516997501907
5516997501938
5516997501959
5516997501968
5516997501972
5516997501974
5516997502009
5516997502022
5516997502023
5516997502035
5516997502056
5516997502065
5516997502098
5516997502102
5516997502105
5516997502114
5516997502149
5516997502150
5516997502188
5516997502218
5516997502296
5516997502301
5516997502308
5516997502311
5516997502346
5516997502363
5516997502394
5516997502399
5516997502401
5516997502403
5516997502422
5516997502446
5516997502458
5516997502479
5516997502501
5516997502505
5516997502536
5516997502551
5516997502560
5516997502576
5516997502581
5516997502583
5516997502666
5516997502711
5516997502774
5516997502783
5516997502806
5516997502807
5516997502808
5516997502810
5516997502811
5516997502815
5516997502825
5516997502828
5516997502869
5516997502891
5516997502907
5516997502911
5516997502928
5516997502982
5516997502998
5516997503002
5516997503003
5516997503004
5516997503037
5516997503050
5516997503060
5516997503066
5516997503102
5516997503116
5516997503131
5516997503156
5516997503163
5516997503200
5516997503205
5516997503231
5516997503248
5516997503250
5516997503256
5516997503260
5516997503262
5516997503291
5516997503327
5516997503387
5516997503400
5516997503402
5516997503409
5516997503415
5516997503482
5516997503489
5516997503516
5516997503518
5516997503529
5516997503545
5516997503554
5516997503600
5516997503684
5516997503710
5516997503718
5516997503748
5516997503779
5516997503786
5516997503816
5516997503857
5516997503929
5516997503958
5516997504003
5516997504012
5516997504030
5516997504033
5516997504065
5516997504067
5516997504106
5516997504141
5516997504152
5516997504158
5516997504159
5516997504161
5516997504164
5516997504178
5516997504185
5516997504201
5516997504224
5516997504228
5516997504231
5516997504274
5516997504312
5516997504318
5516997504336
5516997504401
5516997504433
5516997504456
5516997504463
5516997504488
5516997504500
5516997504502
5516997504530
5516997504534
5516997504547
5516997504559
5516997504578
5516997504600
5516997504619
5516997504620
5516997504647
5516997504671
5516997504677
5516997504682
5516997504685
5516997504686
5516997504689
5516997504711
5516997504746
5516997504748
5516997504808
5516997504836
5516997504849
5516997504866
5516997504867
5516997504887
5516997504894
5516997504901
5516997504919
5516997504953
5516997504955
5516997504968
5516997505012
5516997505034
5516997505053
5516997505060
5516997505075
5516997505077
5516997505094
5516997505095
5516997505101
5516997505107
5516997505109
5516997505111
5516997505123
5516997505140
5516997505186
5516997505194
5516997505196
5516997505199
5516997505212
5516997505229
5516997505231
5516997505257
5516997505298
5516997505321
5516997505400
5516997505427
5516997505461
5516997505468
5516997505477
5516997505478
5516997505479
5516997505523
5516997505532
5516997505535
5516997505541
5516997505572
5516997505575
5516997505587
5516997505593
5516997505597
5516997505622
5516997505678
5516997505704
5516997505746
5516997505765
5516997505787
5516997505796
5516997505837
5516997505931
5516997505940
5516997505953
5516997505992
5516997506004
5516997506020
5516997506035
5516997506039
5516997506041
5516997506046
5516997506065
5516997506074
5516997506095
5516997506096
5516997506104
5516997506115
5516997506135
5516997506184
5516997506208
5516997506231
5516997506280
5516997506302
5516997506361
5516997506387
5516997506395
5516997506407
5516997506414
5516997506430
5516997506457
5516997506485
5516997506519
5516997506532
5516997506537
5516997506564
5516997506572
5516997506609
5516997506610
5516997506635
5516997506644
5516997506657
5516997506692
5516997506696
5516997506721
5516997506728
5516997506740
5516997506767
5516997506789
5516997506790
5516997506796
5516997506815
5516997506844
5516997506865
5516997506930
5516997506969
5516997506980
5516997507015
5516997507058
5516997507068
5516997507076
5516997507090
5516997507092
5516997507096
5516997507114
5516997507153
5516997507214
5516997507217
5516997507219
5516997507229
5516997507253
5516997507347
5516997507417
5516997507428
5516997507430
5516997507435
5516997507436
5516997507461
5516997507485
5516997507521
5516997507557
5516997507592
5516997507603
5516997507627
5516997507642
5516997507667
5516997507708
5516997507715
5516997507716
5516997507718
5516997507737
5516997507756
5516997507759
5516997507789
5516997507795
5516997507799
5516997507809
5516997507812
5516997507836
5516997507842
5516997507936
5516997507940
5516997508024
5516997508030
5516997508037
5516997508056
5516997508205
5516997508222
5516997508261
5516997508269
5516997508288
5516997508354
5516997508379
5516997508380
5516997508416
5516997508437
5516997508508
5516997508573
5516997508577
5516997508585
5516997508611
5516997508626
5516997508650
5516997508686
5516997508733
5516997508743
5516997508771
5516997508780
5516997508783
5516997508787
5516997508808
5516997508852
5516997508854
5516997508857
5516997508875
5516997508891
5516997508928
5516997508933
5516997508989
5516997509020
5516997509100
5516997509186
5516997509191
5516997509200
5516997509252
5516997509272
5516997509299
5516997509306
5516997509343
5516997509362
5516997509401
5516997509408
5516997509441
5516997509452
5516997509474
5516997509514
5516997509535
5516997509539
5516997509542
5516997509581
5516997509604
5516997509608
5516997509615
5516997509663
5516997509667
5516997509714
5516997509727
5516997509747
5516997509758
5516997509825
5516997509852
5516997509855
5516997509898
5516997509899
5516997509909
5516997509916
5516997509930
5516997509973
5516997510039
5516997510042
5516997510050
5516997510055
5516997510064
5516997510081
5516997510086
5516997510087
5516997510099
5516997510101
5516997510106
5516997510110
5516997510113
5516997510115
5516997510145
5516997510150
5516997510151
5516997510157
5516997510178
5516997510194
5516997510202
5516997510206
5516997510215
5516997510219
5516997510233
5516997510244
5516997510249
5516997510253
5516997510272
5516997510282
5516997510287
5516997510310
5516997510322
5516997510344
5516997510357
5516997510375
5516997510377
5516997510401
5516997510406
5516997510428
5516997510431
5516997510440
5516997510450
5516997510462
5516997510464
5516997510467
5516997510472
5516997510473
5516997510476
5516997510478
5516997510480
5516997510504
5516997510508
5516997510517
5516997510535
5516997510540
5516997510545
5516997510547
5516997510552
5516997510553
5516997510557
5516997510563
5516997510575
5516997510576
5516997510579
5516997510581
5516997510598
5516997510606
5516997510616
5516997510620
5516997510642
5516997510648
5516997510656
5516997510658
5516997510660
5516997510665
5516997510670
5516997510678
5516997510680
5516997510733
5516997510785
5516997510787
5516997510788
5516997510792
5516997510799
5516997510810
5516997510821
5516997510825
5516997510836
5516997510837
5516997510862
5516997510867
5516997510875
5516997510887
5516997510890
5516997510912
5516997510920
5516997510925
5516997510954
5516997510957
5516997510959
5516997510974
5516997510999
5516997511001
5516997511002
5516997511006
5516997511014
5516997511035
5516997511039
5516997511046
5516997511050
5516997511051
5516997511056
5516997511060
5516997511069
5516997511071
5516997511093
5516997511109
5516997511135
5516997511151
5516997511156
5516997511157
5516997511175
5516997511202
5516997511235
5516997511239
5516997511241
5516997511244
5516997511252
5516997511283
5516997511299
5516997511309
5516997511310
5516997511318
5516997511319
5516997511322
5516997511335
5516997511339
5516997511351
5516997511353
5516997511363
5516997511373
5516997511393
5516997511400
5516997511419
5516997511436
5516997511440
5516997511445
5516997511447
5516997511450
5516997511482
5516997511493
5516997511499
5516997511503
5516997511504
5516997511511
5516997511521
5516997511523
5516997511533
5516997511553
5516997511563
5516997511615
5516997511629
5516997511630
5516997511634
5516997511635
5516997511640
5516997511646
5516997511650
5516997511660
5516997511663
5516997511673
5516997511691
5516997511692
5516997511697
5516997511709
5516997511710
5516997511714
5516997511716
5516997511718
5516997511721
5516997511770
5516997511800
5516997511813
5516997511820
5516997511823
5516997511833
5516997511835
5516997511849
5516997511855
5516997511858
5516997511899
5516997511923
5516997511932
5516997511942
5516997511951
5516997511960
5516997511973
5516997511981
5516997511992
5516997512001
5516997512004
5516997512016
5516997512038
5516997512056
5516997512071
5516997512084
5516997512095
5516997512096
5516997512098
5516997512106
5516997512133
5516997512154
5516997512161
5516997512172
5516997512173
5516997512177
5516997512202
5516997512203
5516997512207
5516997512214
5516997512218
5516997512221
5516997512230
5516997512232
5516997512258
5516997512261
5516997512274
5516997512294
5516997512310
5516997512312
5516997512341
5516997512356
5516997512364
5516997512366
5516997512378
5516997512379
5516997512385
5516997512395
5516997512407
5516997512415
5516997512437
5516997512466
5516997512473
5516997512482
5516997512484
5516997512492
5516997512500
5516997512516
5516997512552
5516997512563
5516997512656
5516997512663
5516997512665
5516997512669
5516997512694
5516997512734
5516997512758
5516997512788
5516997512792
5516997512798
5516997512809
5516997512812
5516997512836
5516997512862
5516997512887
5516997512889
5516997512894
5516997512917
5516997512920
5516997512928
5516997512945
5516997512962
5516997512966
5516997512969
5516997512997
5516997513008
5516997513019
5516997513025
5516997513035
5516997513045
5516997513052
5516997513077
5516997513090
5516997513096
5516997513099
5516997513101
5516997513147
5516997513167
5516997513195
5516997513202
5516997513230
5516997513237
5516997513264
5516997513270
5516997513293
5516997513314
5516997513319
5516997513323
5516997513335
5516997513344
5516997513359
5516997513399
5516997513435
5516997513438
5516997513447
5516997513451
5516997513452
5516997513482
5516997513492
5516997513493
5516997513495
5516997513498
5516997513501
5516997513504
5516997513505
5516997513506
5516997513525
5516997513527
5516997513528
5516997513538
5516997513540
5516997513576
5516997513577
5516997513579
5516997513594
5516997513605
5516997513621
5516997513623
5516997513626
5516997513630
5516997513632
5516997513647
5516997513700
5516997513711
5516997513712
5516997513721
5516997513743
5516997513753
5516997513757
5516997513780
5516997513785
5516997513790
5516997513792
5516997513794
5516997513803
5516997513805
5516997513828
5516997513833
5516997513854
5516997513880
5516997513884
5516997513891
5516997513908
5516997513919
5516997513922
5516997513936
5516997513943
5516997513944
5516997513964
5516997513969
5516997514025
5516997514060
5516997514065
5516997514074
5516997514110
5516997514126
5516997514135
5516997514139
5516997514140
5516997514144
5516997514147
5516997514153
5516997514157
5516997514171
5516997514186
5516997514190
5516997514201
5516997514212
5516997514225
5516997514239
5516997514240
5516997514256
5516997514260
5516997514265
5516997514270
5516997514274
5516997514311
5516997514326
5516997514328
5516997514337
5516997514347
5516997514358
5516997514404
5516997514432
5516997514441
5516997514479
5516997514487
5516997514500
5516997514515
5516997514518
5516997514523
5516997514530
5516997514538
5516997514539
5516997514541
5516997514550
5516997514556
5516997514565
5516997514568
5516997514570
5516997514572
5516997514584
5516997514596
5516997514607
5516997514614
5516997514620
5516997514639
5516997514652
5516997514658
5516997514680
5516997514682
5516997514684
5516997514693
5516997514721
5516997514730
5516997514743
5516997514752
5516997514770
5516997514789
5516997514796
5516997514818
5516997514820
5516997514826
5516997514847
5516997514869
5516997514883
5516997514892
5516997514904
5516997514906
5516997514921
5516997514937
5516997514964
5516997514979
5516997514999
5516997515029
5516997515031
5516997515037
5516997515039
5516997515040
5516997515042
5516997515046
5516997515051
5516997515067
5516997515079
5516997515083
5516997515088
5516997515101
5516997515103
5516997515104
5516997515122
5516997515138
5516997515140
5516997515158
5516997515161
5516997515168
5516997515170
5516997515187
5516997515191
5516997515193
5516997515270
5516997515272
5516997515275
5516997515292
5516997515296
5516997515298
5516997515314
5516997515320
5516997515330
5516997515331
5516997515342
5516997515345
5516997515357
5516997515397
5516997515399
5516997515425
5516997515431
5516997515434
5516997515452
5516997515459
5516997515462
5516997515482
5516997515483
5516997515484
5516997515493
5516997515501
5516997515516
5516997515520
5516997515538
5516997515544
5516997515576
5516997515578
5516997515580
5516997515599
5516997515652
5516997515665
5516997515672
5516997515673
5516997515678
5516997515741
5516997515759
5516997515771
5516997515787
5516997515795
5516997515801
5516997515808
5516997515812
5516997515828
5516997515842
5516997515852
5516997515859
5516997515867
5516997515875
5516997515881
5516997515883
5516997515901
5516997515906
5516997515913
5516997515949
5516997515953
5516997515967
5516997515986
5516997515992
5516997515997
5516997515999
5516997516010
5516997516039
5516997516040
5516997516041
5516997516071
5516997516089
5516997516121
5516997516122
5516997516125
5516997516130
5516997516137
5516997516156
5516997516167
5516997516171
5516997516176
5516997516180
5516997516202
5516997516208
5516997516214
5516997516216
5516997516218
5516997516222
5516997516239
5516997516241
5516997516252
5516997516269
5516997516274
5516997516289
5516997516306
5516997516310
5516997516322
5516997516331
5516997516336
5516997516370
5516997516397
5516997516404
5516997516414
5516997516427
5516997516434
5516997516443
5516997516458
5516997516462
5516997516466
5516997516469
5516997516477
5516997516504
5516997516527
5516997516532
5516997516538
5516997516542
5516997516549
5516997516551
5516997516561
5516997516590
5516997516607
5516997516608
5516997516610
5516997516616
5516997516624
5516997516635
5516997516640
5516997516656
5516997516679
5516997516683
5516997516701
5516997516707
5516997516710
5516997516738
5516997516739
5516997516762
5516997516771
5516997516777
5516997516779
5516997516780
5516997516781
5516997516813
5516997516825
5516997516847
5516997516851
5516997516854
5516997516868
5516997516870
5516997516904
5516997516910
5516997516913
5516997516918
5516997516938
5516997516944
5516997516950
5516997516953
5516997516956
5516997516959
5516997516963
5516997516973
5516997516977
5516997516982
5516997517015
5516997517020
5516997517022
5516997517043
5516997517056
5516997517074
5516997517076
5516997517082
5516997517090
5516997517115
5516997517141
5516997517149
5516997517152
5516997517161
5516997517162
5516997517166
5516997517167
5516997517177
5516997517181
5516997517188
5516997517191
5516997517195
5516997517196
5516997517200
5516997517203
5516997517209
5516997517211
5516997517216
5516997517251
5516997517259
5516997517264
5516997517269
5516997517276
5516997517290
5516997517296
5516997517300
5516997517306
5516997517309
5516997517310
5516997517313
5516997517318
5516997517330
5516997517333
5516997517353
5516997517373
5516997517378
5516997517402
5516997517409
5516997517429
5516997517441
5516997517455
5516997517480
5516997517481
5516997517500
5516997517504
5516997517505
5516997517510
5516997517513
5516997517533
5516997517535
5516997517536
5516997517537
5516997517539
5516997517546
5516997517551
5516997517560
5516997517561
5516997517569
5516997517570
5516997517588
5516997517593
5516997517640
5516997517642
5516997517657
5516997517729
5516997517731
5516997517734
5516997517745
5516997517760
5516997517777
5516997517785
5516997517790
5516997517803
5516997517808
5516997517826
5516997517850
5516997517856
5516997517885
5516997517886
5516997517896
5516997517915
5516997517949
5516997517958
5516997517969
5516997517984
5516997518005
5516997518018
5516997518036
5516997518046
5516997518049
5516997518063
5516997518079
5516997518093
5516997518117
5516997518137
5516997518143
5516997518148
5516997518155
5516997518166
5516997518167
5516997518171
5516997518172
5516997518210
5516997518212
5516997518215
5516997518218
5516997518226
5516997518229
5516997518242
5516997518260
5516997518267
5516997518341
5516997518362
5516997518368
5516997518376
5516997518380
5516997518386
5516997518404
5516997518423
5516997518427
5516997518444
5516997518445
5516997518447
5516997518484
5516997518488
5516997518498
5516997518512
5516997518521
5516997518522
5516997518529
5516997518546
5516997518552
5516997518584
5516997518616
5516997518622
5516997518626
5516997518627
5516997518628
5516997518635
5516997518670
5516997518674
5516997518685
5516997518696
5516997518698
5516997518703
5516997518730
5516997518755
5516997518757
5516997518769
5516997518796
5516997518812
5516997518817
5516997518864
5516997518865
5516997518871
5516997518879
5516997518882
5516997518887
5516997518889
5516997518909
5516997518933
5516997518934
5516997518962
5516997518997
5516997518999
5516997519028
5516997519044
5516997519057
5516997519062
5516997519069
5516997519092
5516997519100
5516997519102
5516997519106
5516997519110
5516997519121
5516997519123
5516997519128
5516997519165
5516997519173
5516997519174
5516997519182
5516997519183
5516997519187
5516997519191
5516997519225
5516997519239
5516997519256
5516997519258
5516997519265
5516997519276
5516997519332
5516997519350
5516997519393
5516997519400
5516997519402
5516997519406
5516997519408
5516997519416
5516997519472
5516997519486
5516997519514
5516997519529
5516997519539
5516997519563
5516997519567
5516997519590
5516997519604
5516997519610
5516997519617
5516997519626
5516997519631
5516997519636
5516997519666
5516997519667
5516997519684
5516997519703
5516997519717
5516997519746
5516997519785
5516997519817
5516997519841
5516997519853
5516997519854
5516997519871
5516997519873
5516997519922
5516997519935
5516997519937
5516997519944
5516997519959
5516997519962
5516997519966
5516997519978
5516997519980
5516997519995
5516997520014
5516997520018
5516997520035
5516997520037
5516997520045
5516997520053
5516997520067
5516997520085
5516997520093
5516997520120
5516997520123
5516997520125
5516997520140
5516997520155
5516997520180
5516997520184
5516997520192
5516997520196
5516997520211
5516997520227
5516997520261
5516997520270
5516997520281
5516997520284
5516997520304
5516997520312
5516997520318
5516997520320
5516997520324
5516997520353
5516997520356
5516997520357
5516997520373
5516997520380
5516997520381
5516997520386
5516997520390
5516997520411
5516997520443
5516997520460
5516997520461
5516997520469
5516997520471
5516997520478
5516997520483
5516997520484
5516997520497
5516997520504
5516997520507
5516997520518
5516997520520
5516997520524
5516997520536
5516997520542
5516997520551
5516997520585
5516997520598
5516997520599
5516997520606
5516997520609
5516997520610
5516997520626
5516997520629
5516997520647
5516997520656
5516997520680
5516997520685
5516997520686
5516997520696
5516997520711
5516997520719
5516997520742
5516997520747
5516997520768
5516997520770
5516997520774
5516997520778
5516997520790
5516997520796
5516997520802
5516997520804
5516997520839
5516997520868
5516997520886
5516997520891
5516997520898
5516997520906
5516997520911
5516997520912
5516997520916
5516997520926
5516997520930
5516997520957
5516997520961
5516997520965
5516997520986
5516997521006
5516997521051
5516997521052
5516997521057
5516997521065
5516997521084
5516997521090
5516997521091
5516997521106
5516997521110
5516997521117
5516997521148
5516997521151
5516997521162
5516997521164
5516997521173
5516997521174
5516997521175
5516997521176
5516997521186
5516997521187
5516997521206
5516997521228
5516997521256
5516997521273
5516997521286
5516997521296
5516997521316
5516997521320
5516997521322
5516997521341
5516997521367
5516997521392
5516997521420
5516997521422
5516997521466
5516997521501
5516997521506
5516997521550
5516997521563
5516997521593
5516997521594
5516997521601
5516997521602
5516997521607
5516997521610
5516997521631
5516997521632
5516997521635
5516997521653
5516997521691
5516997521716
5516997521730
5516997521773
