5516997272931
5516997272933
5516997272940
5516997272941
5516997272942
5516997272948
5516997272951
5516997272972
5516997272973
5516997273008
5516997273017
5516997273020
5516997273040
5516997273045
5516997273052
5516997273055
5516997273056
5516997273065
5516997273079
5516997273084
5516997273107
5516997273108
5516997273127
5516997273149
5516997273174
5516997273187
5516997273219
5516997273226
5516997273228
5516997273255
5516997273266
5516997273274
5516997273292
5516997273299
5516997273305
5516997273314
5516997273323
5516997273336
5516997273344
5516997273353
5516997273356
5516997273367
5516997273375
5516997273392
5516997273393
5516997273453
5516997273454
5516997273457
5516997273477
5516997273480
5516997273495
5516997273502
5516997273517
5516997273520
5516997273538
5516997273540
5516997273547
5516997273551
5516997273570
5516997273588
5516997273594
5516997273635
5516997273653
5516997273656
5516997273660
5516997273664
5516997273673
5516997273682
5516997273687
5516997273711
5516997273714
5516997273716
5516997273726
5516997273734
5516997273747
5516997273750
5516997273782
5516997273786
5516997273793
5516997273796
5516997273799
5516997273808
5516997273809
5516997273815
5516997273823
5516997273833
5516997273844
5516997273847
5516997273878
5516997273879
5516997273896
5516997273900
5516997273907
5516997273927
5516997273933
5516997273944
5516997273946
5516997273957
5516997273965
5516997273970
5516997273976
5516997273988
5516997274025
5516997274028
5516997274031
5516997274032
5516997274043
5516997274062
5516997274074
5516997274077
5516997274079
5516997274084
5516997274106
5516997274108
5516997274109
5516997274121
5516997274126
5516997274131
5516997274141
5516997274148
5516997274152
5516997274172
5516997274194
5516997274195
5516997274244
5516997274248
5516997274249
5516997274250
5516997274257
5516997274271
5516997274280
5516997274307
5516997274328
5516997274334
5516997274351
5516997274356
5516997274412
5516997274432
5516997274433
5516997274436
5516997274447
5516997274455
5516997274457
5516997274476
5516997274483
5516997274486
5516997274491
5516997274495
5516997274503
5516997274512
5516997274544
5516997274571
5516997274572
5516997274604
5516997274607
5516997274612
5516997274618
5516997274619
5516997274632
5516997274636
5516997274645
5516997274648
5516997274651
5516997274666
5516997274671
5516997274683
5516997274688
5516997274696
5516997274697
5516997274712
5516997274717
5516997274719
5516997274723
5516997274741
5516997274742
5516997274750
5516997274760
5516997274764
5516997274777
5516997274801
5516997274805
5516997274813
5516997274814
5516997274821
5516997274847
5516997274850
5516997274856
5516997274857
5516997274860
5516997274863
5516997274880
5516997274884
5516997274888
5516997274890
5516997274895
5516997274897
5516997274899
5516997274900
5516997274903
5516997274910
5516997274912
5516997274918
5516997274936
5516997274937
5516997274943
5516997274947
5516997274948
5516997274997
5516997275002
5516997275008
5516997275016
5516997275020
5516997275030
5516997275038
5516997275043
5516997275056
5516997275084
5516997275089
5516997275094
5516997275115
5516997275144
5516997275145
5516997275152
5516997275155
5516997275182
5516997275185
5516997275186
5516997275209
5516997275249
5516997275251
5516997275271
5516997275350
5516997275352
5516997275356
5516997275367
5516997275379
5516997275383
5516997275385
5516997275411
5516997275418
5516997275423
5516997275453
5516997275472
5516997275476
5516997275486
5516997275491
5516997275493
5516997275494
5516997275496
5516997275503
5516997275511
5516997275531
5516997275534
5516997275540
5516997275544
5516997275554
5516997275556
5516997275557
5516997275558
5516997275564
5516997275617
5516997275620
5516997275635
5516997275646
5516997275653
5516997275672
5516997275679
5516997275698
5516997275699
5516997275713
5516997275727
5516997275748
5516997275752
5516997275757
5516997275760
5516997275774
5516997275792
5516997275804
5516997275821
5516997275822
5516997275825
5516997275839
5516997275846
5516997275856
5516997275880
5516997275890
5516997275899
5516997275900
5516997275906
5516997275913
5516997275930
5516997275940
5516997275947
5516997275965
5516997275971
5516997275978
5516997275981
5516997276011
5516997276024
5516997276033
5516997276036
5516997276060
5516997276066
5516997276069
5516997276080
5516997276082
5516997276090
5516997276105
5516997276107
5516997276110
5516997276114
5516997276142
5516997276145
5516997276161
5516997276245
5516997276247
5516997276256
5516997276258
5516997276261
5516997276277
5516997276285
5516997276296
5516997276333
5516997276341
5516997276351
5516997276368
5516997276401
5516997276402
5516997276405
5516997276407
5516997276413
5516997276418
5516997276422
5516997276439
5516997276446
5516997276491
5516997276494
5516997276500
5516997276512
5516997276519
5516997276526
5516997276554
5516997276566
5516997276567
5516997276569
5516997276592
5516997276597
5516997276602
5516997276614
5516997276628
5516997276635
5516997276652
5516997276653
5516997276663
5516997276670
5516997276680
5516997276685
5516997276698
5516997276726
5516997276729
5516997276742
5516997276762
5516997276773
5516997276775
5516997276777
5516997276789
5516997276790
5516997276794
5516997276810
5516997276821
5516997276868
5516997276871
5516997276884
5516997276888
5516997276894
5516997276910
5516997276937
5516997276963
5516997276967
5516997277003
5516997277009
5516997277024
5516997277030
5516997277033
5516997277038
5516997277049
5516997277055
5516997277070
5516997277071
5516997277096
5516997277106
5516997277117
5516997277130
5516997277131
5516997277135
5516997277150
5516997277154
5516997277157
5516997277171
5516997277196
5516997277197
5516997277200
5516997277212
5516997277232
5516997277261
5516997277274
5516997277278
5516997277281
5516997277290
5516997277294
5516997277300
5516997277340
5516997277366
5516997277373
5516997277383
5516997277394
5516997277396
5516997277404
5516997277407
5516997277411
5516997277428
5516997277435
5516997277455
5516997277471
5516997277477
5516997277500
5516997277532
5516997277552
5516997277553
5516997277557
5516997277577
5516997277586
5516997277590
5516997277594
5516997277595
5516997277608
5516997277610
5516997277614
5516997277617
5516997277632
5516997277648
5516997277651
5516997277652
5516997277654
5516997277658
5516997277661
5516997277662
5516997277663
5516997277665
5516997277683
5516997277695
5516997277704
5516997277715
5516997277728
5516997277736
5516997277745
5516997277746
5516997277750
5516997277757
5516997277758
5516997277771
5516997277776
5516997277778
5516997277788
5516997277796
5516997277800
5516997277805
5516997277815
5516997277820
5516997277841
5516997277851
5516997277857
5516997277885
5516997277888
5516997277899
5516997277900
5516997277912
5516997277917
5516997277924
5516997277927
5516997277936
5516997277941
5516997277942
5516997277951
5516997277953
5516997278002
5516997278006
5516997278009
5516997278018
5516997278030
5516997278042
5516997278064
5516997278071
5516997278075
5516997278089
5516997278090
5516997278113
5516997278124
5516997278140
5516997278154
5516997278159
5516997278174
5516997278178
5516997278179
5516997278193
5516997278194
5516997278204
5516997278206
5516997278207
5516997278224
5516997278235
5516997278247
5516997278254
5516997278260
5516997278264
5516997278271
5516997278279
5516997278283
5516997278285
5516997278290
5516997278296
5516997278300
5516997278305
5516997278307
5516997278320
5516997278322
5516997278347
5516997278355
5516997278356
5516997278357
5516997278362
5516997278371
5516997278382
5516997278395
5516997278396
5516997278403
5516997278405
5516997278416
5516997278417
5516997278423
5516997278424
5516997278437
5516997278450
5516997278459
5516997278470
5516997278492
5516997278508
5516997278511
5516997278519
5516997278546
5516997278551
5516997278556
5516997278576
5516997278596
5516997278607
5516997278611
5516997278616
5516997278620
5516997278637
5516997278638
5516997278644
5516997278654
5516997278657
5516997278672
5516997278675
5516997278679
5516997278694
5516997278718
5516997278722
5516997278726
5516997278731
5516997278733
5516997278736
5516997278738
5516997278744
5516997278749
5516997278753
5516997278765
5516997278767
5516997278769
5516997278782
5516997278787
5516997278792
5516997278814
5516997278835
5516997278838
5516997278848
5516997278864
5516997278871
5516997278900
5516997278907
5516997278910
5516997278914
5516997278942
5516997278949
5516997278962
5516997278965
5516997278975
5516997278976
5516997278979
5516997279004
5516997279019
5516997279024
5516997279084
5516997279101
5516997279108
5516997279110
5516997279114
5516997279131
5516997279132
5516997279134
5516997279154
5516997279177
5516997279181
5516997279187
5516997279190
5516997279192
5516997279225
5516997279232
5516997279258
5516997279260
5516997279267
5516997279268
5516997279289
5516997279293
5516997279326
5516997279341
5516997279353
5516997279358
5516997279363
5516997279366
5516997279368
5516997279372
5516997279378
5516997279398
5516997279399
5516997279404
5516997279412
5516997279430
5516997279453
5516997279454
5516997279461
5516997279473
5516997279479
5516997279480
5516997279521
5516997279591
5516997279592
5516997279602
5516997279603
5516997279616
5516997279617
5516997279627
5516997279628
5516997279636
5516997279644
5516997279650
5516997279667
5516997279688
5516997279689
5516997279690
5516997279701
5516997279703
5516997279719
5516997279744
5516997279746
5516997279777
5516997279780
5516997279796
5516997279861
5516997279863
5516997279879
5516997279895
5516997279912
5516997279942
5516997279943
5516997279949
5516997279985
5516997279990
5516997279993
5516997280000
5516997280006
5516997280009
5516997280023
5516997280026
5516997280042
5516997280058
5516997280063
5516997280070
5516997280079
5516997280082
5516997280091
5516997280103
5516997280108
5516997280128
5516997280151
5516997280160
5516997280161
5516997280172
5516997280174
5516997280185
5516997280187
5516997280226
5516997280229
5516997280251
5516997280256
5516997280264
5516997280273
5516997280275
5516997280278
5516997280287
5516997280288
5516997280307
5516997280309
5516997280312
5516997280313
5516997280314
5516997280317
5516997280319
5516997280320
5516997280321
5516997280345
5516997280366
5516997280377
5516997280404
5516997280426
5516997280429
5516997280431
5516997280439
5516997280444
5516997280451
5516997280452
5516997280459
5516997280463
5516997280476
5516997280477
5516997280483
5516997280509
5516997280534
5516997280535
5516997280537
5516997280545
5516997280554
5516997280556
5516997280570
5516997280571
5516997280586
5516997280591
5516997280604
5516997280612
5516997280617
5516997280623
5516997280629
5516997280636
5516997280638
5516997280653
5516997280668
5516997280670
5516997280674
5516997280676
5516997280690
5516997280700
5516997280702
5516997280703
5516997280713
5516997280714
5516997280720
5516997280736
5516997280752
5516997280754
5516997280765
5516997280781
5516997280793
5516997280803
5516997280808
5516997280827
5516997280837
5516997280839
5516997280862
5516997280864
5516997280874
5516997280888
5516997280889
5516997280895
5516997280908
5516997280924
5516997280935
5516997280946
5516997280961
5516997280963
5516997280966
5516997280971
5516997280973
5516997280978
5516997280981
5516997280987
5516997280989
5516997280999
5516997281005
5516997281012
5516997281020
5516997281022
5516997281023
5516997281040
5516997281051
5516997281053
5516997281055
5516997281058
5516997281066
5516997281073
5516997281077
5516997281092
5516997281095
5516997281097
5516997281105
5516997281108
5516997281110
5516997281118
5516997281126
5516997281133
5516997281145
5516997281148
5516997281158
5516997281179
5516997281180
5516997281188
5516997281210
5516997281215
5516997281226
5516997281236
5516997281238
5516997281247
5516997281275
5516997281284
5516997281311
5516997281317
5516997281319
5516997281343
5516997281347
5516997281355
5516997281379
5516997281381
5516997281384
5516997281399
5516997281403
5516997281407
5516997281414
5516997281418
5516997281420
5516997281432
5516997281435
5516997281436
5516997281441
5516997281444
5516997281452
5516997281454
5516997281459
5516997281472
5516997281476
5516997281481
5516997281484
5516997281485
5516997281491
5516997281515
5516997281535
5516997281550
5516997281551
5516997281552
5516997281554
5516997281555
5516997281558
5516997281575
5516997281582
5516997281585
5516997281588
5516997281601
5516997281616
5516997281631
5516997281635
5516997281638
5516997281640
5516997281666
5516997281668
5516997281703
5516997281705
5516997281731
5516997281735
5516997281739
5516997281742
5516997281744
5516997281768
5516997281778
5516997281785
5516997281789
5516997281792
5516997281807
5516997281809
5516997281814
5516997281820
5516997281823
5516997281825
5516997281835
5516997281841
5516997281842
5516997281846
5516997281864
5516997281881
5516997281891
5516997281892
5516997281898
5516997281924
5516997281948
5516997281958
5516997281964
5516997281969
5516997281973
5516997281977
5516997281982
5516997281988
5516997281992
5516997282002
5516997282007
5516997282009
5516997282018
5516997282019
5516997282027
5516997282032
5516997282035
5516997282036
5516997282039
5516997282044
5516997282046
5516997282095
5516997282105
5516997282114
5516997282120
5516997282123
5516997282129
5516997282130
5516997282147
5516997282159
5516997282160
5516997282170
5516997282184
5516997282189
5516997282200
5516997282202
5516997282205
5516997282211
5516997282212
5516997282233
5516997282247
5516997282270
5516997282283
5516997282294
5516997282299
5516997282300
5516997282311
5516997282319
5516997282325
5516997282335
5516997282340
5516997282349
5516997282364
5516997282399
5516997282425
5516997282427
5516997282435
5516997282436
5516997282445
5516997282461
5516997282471
5516997282477
5516997282480
5516997282493
5516997282501
5516997282514
5516997282521
5516997282557
5516997282592
5516997282594
5516997282595
5516997282603
5516997282605
5516997282616
5516997282633
5516997282634
5516997282639
5516997282652
5516997282683
5516997282708
5516997282710
5516997282772
5516997282782
5516997282783
5516997282819
5516997282827
5516997282850
5516997282869
5516997282878
5516997282883
5516997282884
5516997282886
5516997282899
5516997282922
5516997282933
5516997282937
5516997282939
5516997282947
5516997282950
5516997282959
5516997282961
5516997282966
5516997282969
5516997282977
5516997282987
5516997282997
5516997283033
5516997283039
5516997283043
5516997283050
5516997283054
5516997283072
5516997283076
5516997283077
5516997283082
5516997283083
5516997283088
5516997283100
5516997283102
5516997283104
5516997283105
5516997283110
5516997283119
5516997283123
5516997283128
5516997283133
5516997283139
5516997283144
5516997283150
5516997283171
5516997283176
5516997283181
5516997283201
5516997283205
5516997283210
5516997283213
5516997283215
5516997283223
5516997283225
5516997283227
5516997283254
5516997283260
5516997283276
5516997283285
5516997283296
5516997283300
5516997283304
5516997283309
5516997283310
5516997283316
5516997283321
5516997283323
5516997283342
5516997283346
5516997283381
5516997283410
5516997283417
5516997283424
5516997283434
5516997283443
5516997283463
5516997283468
5516997283479
5516997283527
5516997283529
5516997283537
5516997283541
5516997283545
5516997283546
5516997283548
5516997283562
5516997283572
5516997283588
5516997283618
5516997283632
5516997283636
5516997283649
5516997283654
5516997283667
5516997283694
5516997283696
5516997283700
5516997283706
5516997283735
5516997283741
5516997283766
5516997283769
5516997283813
5516997283848
5516997283849
5516997283850
5516997283858
5516997283869
5516997283873
5516997283875
5516997283879
5516997283887
5516997283892
5516997283897
5516997283900
5516997283915
5516997283920
5516997283938
5516997283939
5516997283950
5516997283955
5516997283968
5516997283971
5516997283983
5516997284016
5516997284069
5516997284073
5516997284074
5516997284083
5516997284085
5516997284087
5516997284105
5516997284153
5516997284156
5516997284157
5516997284161
5516997284163
5516997284166
5516997284171
5516997284183
5516997284185
5516997284195
5516997284199
5516997284203
5516997284204
5516997284216
5516997284229
5516997284243
5516997284252
5516997284265
5516997284272
5516997284276
5516997284277
5516997284295
5516997284296
5516997284299
5516997284300
5516997284302
5516997284304
5516997284314
5516997284322
5516997284330
5516997284338
5516997284346
5516997284356
5516997284361
5516997284393
5516997284402
5516997284422
5516997284423
5516997284433
5516997284438
5516997284442
5516997284445
5516997284447
5516997284448
5516997284454
5516997284456
5516997284467
5516997284480
5516997284488
5516997284497
5516997284517
5516997284520
5516997284525
5516997284533
5516997284537
5516997284541
5516997284546
5516997284556
5516997284566
5516997284568
5516997284575
5516997284577
5516997284600
5516997284618
5516997284628
5516997284629
5516997284640
5516997284641
5516997284648
5516997284649
5516997284667
5516997284669
5516997284670
5516997284671
5516997284673
5516997284677
5516997284679
5516997284681
5516997284699
5516997284706
5516997284735
5516997284766
5516997284772
5516997284780
5516997284781
5516997284785
5516997284824
5516997284826
5516997284845
5516997284859
5516997284860
5516997284868
5516997284869
5516997284893
5516997284912
5516997284928
5516997284934
5516997284937
5516997284943
5516997284974
5516997284990
5516997284994
5516997284999
5516997285006
5516997285011
5516997285020
5516997285026
5516997285027
5516997285029
5516997285042
5516997285044
5516997285053
5516997285068
5516997285074
5516997285078
5516997285089
5516997285111
5516997285120
5516997285121
5516997285122
5516997285140
5516997285151
5516997285152
5516997285153
5516997285166
5516997285178
5516997285188
5516997285196
5516997285198
5516997285200
5516997285202
5516997285240
5516997285247
5516997285265
5516997285269
5516997285273
5516997285276
5516997285280
5516997285283
5516997285290
5516997285297
5516997285304
5516997285310
5516997285315
5516997285325
5516997285337
5516997285353
5516997285362
5516997285377
5516997285394
5516997285395
5516997285406
5516997285410
5516997285444
5516997285451
5516997285456
5516997285461
5516997285469
5516997285470
5516997285472
5516997285474
5516997285476
5516997285478
5516997285479
5516997285485
5516997285503
5516997285504
5516997285511
5516997285513
5516997285515
5516997285533
5516997285553
5516997285574
5516997285578
5516997285585
5516997285599
5516997285611
5516997285613
5516997285621
5516997285634
5516997285640
5516997285648
5516997285662
5516997285686
5516997285705
5516997285709
5516997285725
5516997285726
5516997285739
5516997285741
5516997285757
5516997285767
5516997285786
5516997285790
5516997285809
5516997285810
5516997285828
5516997285836
5516997285850
5516997285853
5516997285870
5516997285879
5516997285882
5516997285885
5516997285905
5516997285911
5516997285916
5516997285920
5516997285935
5516997285946
5516997285949
5516997285966
5516997285982
5516997285988
5516997285999
5516997286001
5516997286004
5516997286006
5516997286020
5516997286021
5516997286035
5516997286040
5516997286052
5516997286055
5516997286064
5516997286079
5516997286085
5516997286105
5516997286114
5516997286118
5516997286133
5516997286167
5516997286168
5516997286171
5516997286182
5516997286188
5516997286207
5516997286213
5516997286229
5516997286277
5516997286319
5516997286325
5516997286333
5516997286341
5516997286345
5516997286350
5516997286363
5516997286380
5516997286388
5516997286394
5516997286405
5516997286414
5516997286417
5516997286423
5516997286433
5516997286449
5516997286459
5516997286462
5516997286475
5516997286479
5516997286490
5516997286493
5516997286553
5516997286557
5516997286561
5516997286571
5516997286574
5516997286577
5516997286592
5516997286608
5516997286622
5516997286624
5516997286625
5516997286628
5516997286633
5516997286644
5516997286671
5516997286677
5516997286691
5516997286697
5516997286719
5516997286721
5516997286723
5516997286725
5516997286730
5516997286732
5516997286735
5516997286742
5516997286745
5516997286770
5516997286787
5516997286788
5516997286796
5516997286806
5516997286825
5516997286826
5516997286837
5516997286839
5516997286853
5516997286856
5516997286859
5516997286877
5516997286879
5516997286883
5516997286888
5516997286908
5516997286919
5516997286925
5516997286930
5516997286939
5516997286965
5516997286992
5516997286993
5516997286995
5516997287005
5516997287014
5516997287036
5516997287038
5516997287046
5516997287050
5516997287104
5516997287111
5516997287126
5516997287135
5516997287138
5516997287144
5516997287148
5516997287169
5516997287177
5516997287188
5516997287202
5516997287232
5516997287249
5516997287256
5516997287260
5516997287271
5516997287279
5516997287291
5516997287301
5516997287302
5516997287305
5516997287313
5516997287322
5516997287330
5516997287332
5516997287333
5516997287337
5516997287340
5516997287366
5516997287367
5516997287398
5516997287404
5516997287427
5516997287430
5516997287440
5516997287443
5516997287450
5516997287464
5516997287465
5516997287492
5516997287496
5516997287502
5516997287504
5516997287505
5516997287506
5516997287520
5516997287538
5516997287539
5516997287554
5516997287566
5516997287579
5516997287588
5516997287599
5516997287607
5516997287636
5516997287647
5516997287661
5516997287664
5516997287666
5516997287668
5516997287678
5516997287693
5516997287694
5516997287707
5516997287729
5516997287732
5516997287755
5516997287758
5516997287768
5516997287773
5516997287784
5516997287799
5516997287806
5516997287816
5516997287817
5516997287827
5516997287839
5516997287848
5516997287852
5516997287862
5516997287874
5516997287881
5516997287885
5516997287887
5516997287891
5516997287894
5516997287907
5516997287909
5516997287910
5516997287913
5516997287923
5516997287934
5516997287935
5516997287964
5516997287970
5516997287971
5516997287995
5516997288003
5516997288010
5516997288015
5516997288016
5516997288035
5516997288039
5516997288050
5516997288054
5516997288055
5516997288081
5516997288095
5516997288102
5516997288105
5516997288109
5516997288117
5516997288141
5516997288148
5516997288151
5516997288170
5516997288171
5516997288173
5516997288185
5516997288216
5516997288231
5516997288232
5516997288251
5516997288259
5516997288266
5516997288271
5516997288275
5516997288281
5516997288284
5516997288288
5516997288290
5516997288293
5516997288311
5516997288342
5516997288343
5516997288346
5516997288349
5516997288350
5516997288352
5516997288355
5516997288356
5516997288372
5516997288389
5516997288393
5516997288412
5516997288417
5516997288420
5516997288426
5516997288433
5516997288437
5516997288451
5516997288476
5516997288483
5516997288493
5516997288496
5516997288511
5516997288527
5516997288539
5516997288541
5516997288548
5516997288562
5516997288576
5516997288585
5516997288588
5516997288595
5516997288610
5516997288618
5516997288643
5516997288644
5516997288663
5516997288691
5516997288692
5516997288696
5516997288697
5516997288732
5516997288765
5516997288766
5516997288776
5516997288780
5516997288806
5516997288824
5516997288826
5516997288831
5516997288843
5516997288853
5516997288855
5516997288859
5516997288860
5516997288869
5516997288875
5516997288882
5516997288885
5516997288889
5516997288890
5516997288893
5516997288894
5516997288899
5516997288901
5516997288905
5516997288919
5516997288921
5516997288927
5516997288935
5516997288941
5516997288950
5516997288952
5516997288955
5516997288964
5516997288965
5516997288970
5516997288983
5516997288988
5516997288991
5516997289008
5516997289011
5516997289012
5516997289022
5516997289047
5516997289060
5516997289082
5516997289088
5516997289090
5516997289100
5516997289145
5516997289162
5516997289179
5516997289194
5516997289224
5516997289248
5516997289258
5516997289264
5516997289266
5516997289276
5516997289293
5516997289298
5516997289299
5516997289315
5516997289323
5516997289330
5516997289343
5516997289370
5516997289373
5516997289395
5516997289401
5516997289405
5516997289409
5516997289422
5516997289434
5516997289439
5516997289444
5516997289471
5516997289498
5516997289532
5516997289536
5516997289539
5516997289544
5516997289557
5516997289567
5516997289590
5516997289595
5516997289601
5516997289613
5516997289618
5516997289666
5516997289667
5516997289699
5516997289727
5516997289732
5516997289734
5516997289751
5516997289774
5516997289778
5516997289784
5516997289786
5516997289793
5516997289801
5516997289815
5516997289835
5516997289841
5516997289879
5516997289880
5516997289892
5516997289901
5516997289904
5516997289907
5516997289917
5516997289922
5516997289924
5516997289929
5516997289932
5516997289936
5516997289940
5516997289964
5516997289976
5516997289989
5516997289997
5516997290011
5516997290035
5516997290043
5516997290053
5516997290057
5516997290067
5516997290074
5516997290081
5516997290089
5516997290098
5516997290120
5516997290121
5516997290122
5516997290133
5516997290162
5516997290173
5516997290177
5516997290180
5516997290196
5516997290197
5516997290198
5516997290200
5516997290209
5516997290222
5516997290230
5516997290237
5516997290241
5516997290242
5516997290246
5516997290268
5516997290284
5516997290285
5516997290288
5516997290305
5516997290315
5516997290322
5516997290329
5516997290336
5516997290348
5516997290350
5516997290362
5516997290380
5516997290401
5516997290405
5516997290407
5516997290423
5516997290426
5516997290429
5516997290431
5516997290434
5516997290436
5516997290445
5516997290450
5516997290478
5516997290482
5516997290508
5516997290512
5516997290522
5516997290533
5516997290558
5516997290567
5516997290581
5516997290586
5516997290598
5516997290600
5516997290612
5516997290622
5516997290633
5516997290656
5516997290662
5516997290665
5516997290683
5516997290690
5516997290711
5516997290722
5516997290724
5516997290749
5516997290756
5516997290770
5516997290771
5516997290789
5516997290823
5516997290829
5516997290833
5516997290843
5516997290846
5516997290850
5516997290857
5516997290880
5516997290882
5516997290892
5516997290899
5516997290909
5516997290918
5516997290991
5516997291022
5516997291040
5516997291051
5516997291081
5516997291091
5516997291098
5516997291105
5516997291116
5516997291125
5516997291129
5516997291136
5516997291141
5516997291149
5516997291157
5516997291160
5516997291173
5516997291175
5516997291176
5516997291186
5516997291216
5516997291220
5516997291259
5516997291263
5516997291294
5516997291297
5516997291302
5516997291304
5516997291314
5516997291319
5516997291331
5516997291348
5516997291351
5516997291356
5516997291379
5516997291393
5516997291395
5516997291407
5516997291425
5516997291431
5516997291436
5516997291441
5516997291446
5516997291463
5516997291472
5516997291473
5516997291477
5516997291483
5516997291485
5516997291499
5516997291501
5516997291503
5516997291507
5516997291514
5516997291518
5516997291519
5516997291538
5516997291540
5516997291543
5516997291555
5516997291580
5516997291607
5516997291609
5516997291621
5516997291635
5516997291669
5516997291689
5516997291694
5516997291705
5516997291707
5516997291716
5516997291724
5516997291727
5516997291737
5516997291751
5516997291754
5516997291772
5516997291774
5516997291782
5516997291791
5516997291797
5516997291835
5516997291851
5516997291858
5516997291877
5516997291887
5516997291903
5516997291905
5516997291918
5516997291927
5516997291932
5516997291945
5516997291950
5516997291951
5516997291977
5516997291985
5516997291990
5516997291993
5516997292010
5516997292016
5516997292029
5516997292036
5516997292040
5516997292059
5516997292063
5516997292078
5516997292098
5516997292100
5516997292109
5516997292112
5516997292127
5516997292128
5516997292143
5516997292156
5516997292157
5516997292164
5516997292200
5516997292211
5516997292216
5516997292230
5516997292240
5516997292305
5516997292311
5516997292317
5516997292319
5516997292336
5516997292348
5516997292366
5516997292376
5516997292379
5516997292382
5516997292383
5516997292423
5516997292425
5516997292432
5516997292460
5516997292466
5516997292469
5516997292486
5516997292494
5516997292501
5516997292505
5516997292511
5516997292520
5516997292555
5516997292557
5516997292559
5516997292561
5516997292563
5516997292565
5516997292582
5516997292593
5516997292608
5516997292633
5516997292677
5516997292740
5516997292743
5516997292802
5516997292842
5516997292856
5516997292863
5516997292871
