5511971935136
5511971935159
5511971935186
5511971935225
5511971935275
5511971935320
5511971935328
5511971935402
5511971935426
5511971935434
5511971935489
5511971935529
5511971935530
5511971935551
5511971935554
5511971935589
5511971935600
5511971935603
5511971935607
5511971935626
5511971935654
5511971935671
5511971935690
5511971935703
5511971935760
5511971935768
5511971935792
5511971935813
5511971935900
5511971935923
5511971935930
5511971936015
5511971936121
5511971936150
5511971936172
5511971936178
5511971936230
5511971936255
5511971936380
5511971936391
5511971936412
5511971936423
5511971936481
5511971936532
5511971936567
5511971936643
5511971936645
5511971936652
5511971936663
5511971936674
5511971936690
5511971936697
5511971936717
5511971936746
5511971936763
5511971936786
5511971936885
5511971936888
5511971936918
5511971936934
5511971936944
5511971936997
5511971937071
5511971937083
5511971937093
5511971937110
5511971937119
5511971937142
5511971937156
5511971937184
5511971937216
5511971937255
5511971937337
5511971937338
5511971937361
5511971937367
5511971937373
5511971937388
5511971937415
5511971937416
5511971937443
5511971937512
5511971937519
5511971937539
5511971937564
5511971937621
5511971937691
5511971937743
5511971937765
5511971937773
5511971937781
5511971937792
5511971937795
5511971937804
5511971937820
5511971937853
5511971937860
5511971937864
5511971937949
5511971937972
5511971937979
5511971937994
5511971938008
5511971938043
5511971938046
5511971938087
5511971938150
5511971938164
5511971938165
5511971938176
5511971938193
5511971938202
5511971938203
5511971938207
5511971938213
5511971938216
5511971938218
5511971938230
5511971938306
5511971938337
5511971938376
5511971938384
5511971938395
5511971938426
5511971938485
5511971938486
5511971938488
5511971938528
5511971938533
5511971938542
5511971938545
5511971938572
5511971938587
5511971938589
5511971938605
5511971938607
5511971938608
5511971938629
5511971938645
5511971938650
5511971938679
5511971938689
5511971938704
5511971938721
5511971938724
5511971938749
5511971938755
5511971938794
5511971938846
5511971938870
5511971938893
5511971938895
5511971938946
5511971938958
5511971938973
5511971939004
5511971939023
5511971939111
5511971939143
5511971939149
5511971939188
5511971939218
5511971939228
5511971939233
5511971939242
5511971939333
5511971939388
5511971939389
5511971939391
5511971939415
5511971939442
5511971939476
5511971939512
5511971939532
5511971939562
5511971939638
5511971939659
5511971939710
5511971939741
5511971939751
5511971939774
5511971939787
5511971939794
5511971939828
5511971939834
5511971939841
5511971939889
5511971939890
5511971939928
5511971939953
5511971939979
5511971939993
5511971940025
5511971940032
5511971940035
5511971940117
5511971940124
5511971940134
5511971940169
5511971940190
5511971940200
5511971940206
5511971940230
5511971940234
5511971940243
5511971940252
5511971940263
5511971940282
5511971940289
5511971940317
5511971940326
5511971940347
5511971940349
5511971940363
5511971940403
5511971940408
5511971940415
5511971940423
5511971940424
5511971940428
5511971940456
5511971940458
5511971940482
5511971940486
5511971940508
5511971940555
5511971940609
5511971940658
5511971940699
5511971940726
5511971940735
5511971940778
5511971940861
5511971940905
5511971940954
5511971940973
5511971940982
5511971940988
5511971940990
5511971941008
5511971941014
5511971941087
5511971941088
5511971941098
5511971941102
5511971941135
5511971941237
5511971941242
5511971941250
5511971941331
5511971941333
5511971941334
5511971941393
5511971941487
5511971941531
5511971941556
5511971941658
5511971941681
5511971941827
5511971941851
5511971941951
5511971941953
5511971941978
5511971941995
5511971942058
5511971942098
5511971942100
5511971942109
5511971942124
5511971942341
5511971942364
5511971942388
5511971942392
5511971942440
5511971942444
5511971942473
5511971942481
5511971942489
5511971942535
5511971942547
5511971942549
5511971942629
5511971942636
5511971942675
5511971942720
5511971942775
5511971942890
5511971942922
5511971942989
5511971942990
5511971942992
5511971943014
5511971943020
5511971943042
5511971943060
5511971943112
5511971943114
5511971943129
5511971943164
5511971943186
5511971943220
5511971943223
5511971943236
5511971943286
5511971943332
5511971943340
5511971943346
5511971943350
5511971943388
5511971943394
5511971943435
5511971943493
5511971943533
5511971943537
5511971943538
5511971943556
5511971943568
5511971943594
5511971943612
5511971943644
5511971943650
5511971943654
5511971943664
5511971943675
5511971943676
5511971943700
5511971943711
5511971943753
5511971943779
5511971943786
5511971943791
5511971943826
5511971943878
5511971943882
5511971943890
5511971943966
5511971943991
5511971943998
5511971944024
5511971944049
5511971944125
5511971944126
5511971944135
5511971944191
5511971944194
5511971944196
5511971944206
5511971944308
5511971944354
5511971944402
5511971944403
5511971944413
5511971944445
5511971944450
5511971944471
5511971944548
5511971944553
5511971944583
5511971944604
5511971944625
5511971944650
5511971944651
5511971944656
5511971944671
5511971944749
5511971944760
5511971944789
5511971944799
5511971944814
5511971944816
5511971944821
5511971944826
5511971944926
5511971944939
5511971944968
5511971944976
5511971945070
5511971945117
5511971945127
5511971945146
5511971945156
5511971945210
5511971945226
5511971945228
5511971945316
5511971945318
5511971945322
5511971945385
5511971945430
5511971945432
5511971945437
5511971945630
5511971945648
5511971945693
5511971945703
5511971945715
5511971945731
5511971945757
5511971945784
5511971945803
5511971945812
5511971945867
5511971945869
5511971945880
5511971945911
5511971945948
5511971945953
5511971946026
5511971946037
5511971946108
5511971946187
5511971946198
5511971946248
5511971946290
5511971946335
5511971946432
5511971946482
5511971946487
5511971946511
5511971946569
5511971946708
5511971946792
5511971946793
5511971946810
5511971946828
5511971946833
5511971946892
5511971946921
5511971946953
5511971946962
5511971946989
5511971946996
5511971947007
5511971947028
5511971947049
5511971947056
5511971947094
5511971947106
5511971947122
5511971947129
5511971947187
5511971947200
5511971947242
5511971947272
5511971947282
5511971947286
5511971947293
5511971947321
5511971947331
5511971947387
5511971947412
5511971947588
5511971947593
5511971947618
5511971947626
5511971947655
5511971947660
5511971947670
5511971947793
5511971947904
5511971947909
5511971947957
5511971948014
5511971948050
5511971948080
5511971948315
5511971948336
5511971948455
5511971948484
5511971948493
5511971948497
5511971948529
5511971948590
5511971948610
5511971948630
5511971948696
5511971948833
5511971948837
5511971948862
5511971948877
5511971948878
5511971948946
5511971948990
5511971948992
5511971949019
5511971949051
5511971949081
5511971949113
5511971949124
5511971949137
5511971949159
5511971949163
5511971949168
5511971949178
5511971949261
5511971949264
5511971949331
5511971949391
5511971949398
5511971949605
5511971949617
5511971949716
5511971949727
5511971949772
5511971949783
5511971949977
5511971950098
5511971950106
5511971950119
5511971950230
5511971950296
5511971950315
5511971950320
5511971950342
5511971950363
5511971950370
5511971950375
5511971950392
5511971950398
5511971950403
5511971950410
5511971950428
5511971950444
5511971950511
5511971950550
5511971950558
5511971950559
5511971950571
5511971950596
5511971950627
5511971950672
5511971950702
5511971950707
5511971950720
5511971950730
5511971950809
5511971950818
5511971950885
5511971950930
5511971950945
5511971950954
5511971950959
5511971950960
5511971950984
5511971950989
5511971951050
5511971951055
5511971951059
5511971951087
5511971951089
5511971951192
5511971951194
5511971951198
5511971951213
5511971951258
5511971951283
5511971951310
5511971951311
5511971951370
5511971951384
5511971951397
5511971951446
5511971951466
5511971951467
5511971951474
5511971951480
5511971951490
5511971951506
5511971951508
5511971951562
5511971951595
5511971951663
5511971951672
5511971951675
5511971951694
5511971951716
5511971951745
5511971951832
5511971951903
5511971951936
5511971951959
5511971951975
5511971951978
5511971951990
5511971952015
5511971952044
5511971952045
5511971952059
5511971952061
5511971952065
5511971952111
5511971952118
5511971952121
5511971952134
5511971952169
5511971952181
5511971952185
5511971952191
5511971952200
5511971952226
5511971952238
5511971952257
5511971952266
5511971952273
5511971952277
5511971952278
5511971952279
5511971952285
5511971952298
5511971952299
5511971952300
5511971952303
5511971952304
5511971952319
5511971952367
5511971952372
5511971952373
5511971952378
5511971952432
5511971952434
5511971952452
5511971952481
5511971952526
5511971952527
5511971952551
5511971952568
5511971952600
5511971952651
5511971952661
5511971952687
5511971952698
5511971952716
5511971952732
5511971952737
5511971952745
5511971952778
5511971952783
5511971952787
5511971952792
5511971952794
5511971952799
5511971952813
5511971952825
5511971952843
5511971952847
5511971952860
5511971952889
5511971952892
5511971952897
5511971952899
5511971952913
5511971952919
5511971952960
5511971952981
5511971953004
5511971953015
5511971953019
5511971953021
5511971953069
5511971953080
5511971953094
5511971953103
5511971953104
5511971953113
5511971953135
5511971953175
5511971953204
5511971953216
5511971953224
5511971953235
5511971953263
5511971953269
5511971953272
5511971953324
5511971953339
5511971953403
5511971953479
5511971953486
5511971953490
5511971953495
5511971953506
5511971953559
5511971953573
5511971953595
5511971953604
5511971953608
5511971953609
5511971953649
5511971953651
5511971953655
5511971953673
5511971953700
5511971953702
5511971953705
5511971953715
5511971953722
5511971953736
5511971953744
5511971953755
5511971953780
5511971953860
5511971953892
5511971953898
5511971953957
5511971953979
5511971954068
5511971954113
5511971954131
5511971954136
5511971954151
5511971954170
5511971954236
5511971954238
5511971954240
5511971954253
5511971954267
5511971954272
5511971954276
5511971954307
5511971954329
5511971954392
5511971954395
5511971954399
5511971954403
5511971954414
5511971954418
5511971954441
5511971954448
5511971954451
5511971954452
5511971954474
5511971954605
5511971954740
5511971954771
5511971954830
5511971954927
5511971954953
5511971955003
5511971955007
5511971955039
5511971955062
5511971955118
5511971955119
5511971955120
5511971955203
5511971955220
5511971955230
5511971955318
5511971955464
5511971955492
5511971955518
5511971955519
5511971955556
5511971955579
5511971955587
5511971955615
5511971955647
5511971955650
5511971955660
5511971955695
5511971955733
5511971955745
5511971955760
5511971955784
5511971955790
5511971955791
5511971955812
5511971955848
5511971955870
5511971955879
5511971955899
5511971955916
5511971955936
5511971956003
5511971956007
5511971956058
5511971956082
5511971956101
5511971956116
5511971956137
5511971956153
5511971956217
5511971956234
5511971956257
5511971956262
5511971956307
5511971956334
5511971956348
5511971956361
5511971956366
5511971956406
5511971956447
5511971956488
5511971956498
5511971956505
5511971956513
5511971956544
5511971956606
5511971956614
5511971956621
5511971956629
5511971956644
5511971956646
5511971956682
5511971956685
5511971956701
5511971956710
5511971956907
5511971956910
5511971956958
5511971957069
5511971957079
5511971957135
5511971957151
5511971957163
5511971957171
5511971957180
5511971957189
5511971957201
5511971957216
5511971957253
5511971957266
5511971957278
5511971957279
5511971957294
5511971957321
5511971957354
5511971957356
5511971957374
5511971957446
5511971957464
5511971957485
5511971957491
5511971957492
5511971957532
5511971957546
5511971957550
5511971957554
5511971957580
5511971957591
5511971957610
5511971957630
5511971957648
5511971957713
5511971957772
5511971957785
5511971957786
5511971957812
5511971957825
5511971957827
5511971957833
5511971957839
5511971957898
5511971957901
5511971957910
5511971957922
5511971957923
5511971957927
5511971957940
5511971957954
5511971957968
5511971958051
5511971958060
5511971958064
5511971958102
5511971958116
5511971958133
5511971958135
5511971958141
5511971958144
5511971958189
5511971958215
5511971958241
5511971958246
5511971958266
5511971958273
5511971958305
5511971958314
5511971958394
5511971958411
5511971958436
5511971958468
5511971958471
5511971958484
5511971958506
5511971958516
5511971958517
5511971958561
5511971958575
5511971958581
5511971958637
5511971958705
5511971958724
5511971958725
5511971958760
5511971958766
5511971958806
5511971958816
5511971958915
5511971958957
5511971958979
5511971959020
5511971959043
5511971959064
5511971959123
5511971959153
5511971959167
5511971959179
5511971959204
5511971959302
5511971959359
5511971959365
5511971959372
5511971959373
5511971959380
5511971959410
5511971959441
5511971959447
5511971959470
5511971959542
5511971959571
5511971959632
5511971959665
5511971959687
5511971959728
5511971959736
5511971959743
5511971959768
5511971959781
5511971959810
5511971959836
5511971959863
5511971959886
5511971959916
5511971959956
5511971960002
5511971960034
5511971960036
5511971960064
5511971960066
5511971960088
5511971960091
5511971960108
5511971960141
5511971960195
5511971960226
5511971960227
5511971960232
5511971960240
5511971960271
5511971960375
5511971960412
5511971960469
5511971960479
5511971960482
5511971960506
5511971960576
5511971960602
5511971960606
5511971960616
5511971960694
5511971960700
5511971960705
5511971960713
5511971960738
5511971960747
5511971960775
5511971960798
5511971960898
5511971960955
5511971960968
5511971960990
5511971960991
5511971961001
5511971961007
5511971961052
5511971961085
5511971961145
5511971961149
5511971961160
5511971961167
5511971961174
5511971961179
5511971961205
5511971961216
5511971961226
5511971961255
5511971961265
5511971961280
5511971961283
5511971961287
5511971961297
5511971961334
5511971961367
5511971961381
5511971961407
5511971961442
5511971961452
5511971961468
5511971961487
5511971961494
5511971961506
5511971961517
5511971961529
5511971961556
5511971961567
5511971961581
5511971961585
5511971961590
5511971961608
5511971961622
5511971961629
5511971961632
5511971961643
5511971961647
5511971961683
5511971961726
5511971961740
5511971961775
5511971961813
5511971961820
5511971961823
5511971961833
5511971961854
5511971961867
5511971961882
5511971961937
5511971961944
5511971961945
5511971961947
5511971961953
5511971961958
5511971961986
5511971961987
5511971961994
5511971962016
5511971962046
5511971962082
5511971962083
5511971962109
5511971962112
5511971962167
5511971962172
5511971962176
5511971962182
5511971962193
5511971962198
5511971962214
5511971962249
5511971962279
5511971962286
5511971962290
5511971962303
5511971962318
5511971962321
5511971962354
5511971962418
5511971962423
5511971962424
5511971962447
5511971962582
5511971962607
5511971962630
5511971962634
5511971962637
5511971962651
5511971962744
5511971962745
5511971962748
5511971962795
5511971962828
5511971962853
5511971962860
5511971962870
5511971962894
5511971962901
5511971962924
5511971962929
5511971962938
5511971962958
5511971962985
5511971963007
5511971963075
5511971963079
5511971963100
5511971963160
5511971963204
5511971963242
5511971963263
5511971963277
5511971963299
5511971963337
5511971963347
5511971963370
5511971963377
5511971963388
5511971963397
5511971963406
5511971963407
5511971963409
5511971963445
5511971963459
5511971963475
5511971963484
5511971963497
5511971963509
5511971963520
5511971963530
5511971963532
5511971963573
5511971963575
5511971963577
5511971963630
5511971963640
5511971963666
5511971963725
5511971963748
5511971963755
5511971963793
5511971963797
5511971963804
5511971963813
5511971963832
5511971963852
5511971963857
5511971963890
5511971963904
5511971963905
5511971963917
5511971963919
5511971963920
5511971963922
5511971963927
5511971963934
5511971963938
5511971963940
5511971963995
5511971964012
5511971964047
5511971964074
5511971964082
5511971964094
5511971964110
5511971964228
5511971964229
5511971964283
5511971964288
5511971964387
5511971964434
5511971964436
5511971964446
5511971964475
5511971964523
5511971964548
5511971964550
5511971964565
5511971964638
5511971964665
5511971964741
5511971964761
5511971964777
5511971964795
5511971964837
5511971964849
5511971964850
5511971964905
5511971964909
5511971964929
5511971964952
5511971964976
5511971965070
5511971965108
5511971965139
5511971965145
5511971965199
5511971965221
5511971965232
5511971965252
5511971965255
5511971965288
5511971965300
5511971965310
5511971965314
5511971965332
5511971965340
5511971965353
5511971965378
5511971965380
5511971965389
5511971965419
5511971965428
5511971965439
5511971965443
5511971965465
5511971965469
5511971965498
5511971965507
5511971965558
5511971965562
5511971965567
5511971965579
5511971965589
5511971965644
5511971965688
5511971965721
5511971965769
5511971965814
5511971965829
5511971965836
5511971965839
5511971965843
5511971965869
5511971965892
5511971965922
5511971965938
5511971965950
5511971965970
5511971965975
5511971965988
5511971966016
5511971966029
5511971966036
5511971966051
5511971966060
5511971966117
5511971966138
5511971966188
5511971966193
5511971966222
5511971966242
5511971966286
5511971966317
5511971966322
5511971966356
5511971966369
5511971966412
5511971966444
5511971966475
5511971966489
5511971966506
5511971966519
5511971966545
5511971966548
5511971966562
5511971966608
5511971966609
5511971966636
5511971966637
5511971966646
5511971966677
5511971966691
5511971966694
5511971966696
5511971966697
5511971966723
5511971966727
5511971966734
5511971966751
5511971966787
5511971966852
5511971966875
5511971966882
5511971966883
5511971966909
5511971966924
5511971966952
5511971966961
5511971966963
5511971966969
5511971967032
5511971967061
5511971967070
5511971967097
5511971967169
5511971967190
5511971967270
5511971967314
5511971967351
5511971967389
5511971967393
5511971967412
5511971967435
5511971967479
5511971967490
5511971967560
5511971967562
5511971967565
5511971967575
5511971967633
5511971967652
5511971967658
5511971967659
5511971967664
5511971967670
5511971967686
5511971967691
5511971967697
5511971967705
5511971967753
5511971967754
5511971967755
5511971967761
5511971967762
5511971967775
5511971967816
5511971967842
5511971967865
5511971967886
5511971967888
5511971967903
5511971967933
5511971967947
5511971967963
5511971967964
5511971967966
5511971967977
5511971967993
5511971968010
5511971968082
5511971968196
5511971968238
5511971968373
5511971968389
5511971968402
5511971968421
5511971968445
5511971968476
5511971968499
5511971968519
5511971968526
5511971968618
5511971968620
5511971968629
5511971968645
5511971968652
5511971968658
5511971968675
5511971968714
5511971968753
5511971968770
5511971968800
5511971968815
5511971968824
5511971968840
5511971968847
5511971968853
5511971968865
5511971968960
5511971968992
5511971969004
5511971969053
5511971969066
5511971969104
5511971969151
5511971969154
5511971969161
5511971969181
5511971969198
5511971969283
5511971969318
5511971969333
5511971969336
5511971969345
5511971969398
5511971969404
5511971969418
5511971969426
5511971969459
5511971969506
5511971969516
5511971969596
5511971969618
5511971969673
5511971969674
5511971969687
5511971969748
5511971969790
5511971969818
5511971969837
5511971969840
5511971969873
5511971969891
5511971969899
5511971969978
5511971969994
5511971970026
5511971970036
5511971970151
5511971970165
5511971970174
5511971970194
5511971970207
5511971970209
5511971970220
5511971970233
5511971970241
5511971970245
5511971970265
5511971970280
5511971970328
5511971970340
5511971970341
5511971970358
5511971970366
5511971970375
5511971970401
5511971970451
5511971970456
5511971970484
5511971970566
5511971970604
5511971970623
5511971970645
5511971970694
5511971970710
5511971970712
5511971970740
5511971970754
5511971970800
5511971970801
5511971970807
5511971970814
5511971970824
5511971970867
5511971970872
5511971970904
5511971970932
5511971970937
5511971970945
5511971970957
5511971971003
5511971971008
5511971971024
5511971971030
5511971971049
5511971971074
5511971971110
5511971971122
5511971971132
5511971971168
5511971971186
5511971971201
5511971971229
5511971971244
5511971971249
5511971971262
5511971971281
5511971971301
5511971971323
5511971971328
5511971971333
5511971971338
5511971971342
5511971971362
5511971971366
5511971971373
5511971971416
5511971971431
5511971971498
5511971971515
5511971971538
5511971971558
5511971971607
5511971971620
5511971971668
5511971971682
5511971971695
5511971971731
5511971971740
5511971971747
5511971971767
5511971971819
5511971971829
5511971971862
5511971971866
5511971971884
5511971971897
5511971971917
5511971971920
5511971971923
5511971971926
5511971971934
5511971971945
5511971971983
5511971971995
5511971972007
5511971972016
5511971972018
5511971972050
5511971972057
5511971972063
5511971972100
5511971972126
5511971972130
5511971972154
5511971972182
5511971972183
5511971972237
5511971972295
5511971972311
5511971972390
5511971972420
5511971972427
5511971972431
5511971972452
5511971972502
5511971972514
5511971972515
5511971972523
5511971972554
5511971972597
5511971972615
5511971972636
5511971972681
5511971972685
5511971972686
5511971972699
5511971972710
5511971972757
5511971972830
5511971972844
5511971972869
5511971972876
5511971972934
5511971972959
5511971972973
5511971973031
5511971973032
5511971973046
5511971973051
5511971973057
5511971973061
5511971973063
5511971973075
5511971973136
5511971973139
5511971973190
5511971973201
5511971973203
5511971973219
5511971973258
5511971973265
5511971973294
5511971973365
5511971973387
5511971973419
5511971973426
5511971973433
5511971973450
5511971973466
5511971973485
5511971973495
5511971973527
5511971973553
5511971973564
5511971973577
5511971973610
5511971973617
5511971973650
5511971973709
5511971973737
5511971973802
5511971973830
5511971973871
5511971973910
5511971973913
5511971973919
5511971973923
5511971973930
5511971973952
5511971973984
5511971974007
5511971974037
5511971974042
5511971974086
5511971974096
5511971974155
5511971974156
5511971974173
5511971974183
5511971974223
5511971974233
5511971974250
5511971974253
5511971974271
5511971974294
5511971974317
5511971974320
5511971974343
5511971974344
5511971974359
5511971974387
5511971974398
5511971974421
5511971974428
5511971974436
5511971974506
5511971974548
5511971974590
5511971974593
5511971974601
5511971974648
5511971974673
5511971974675
5511971974712
5511971974725
5511971974747
5511971974748
5511971974755
5511971974770
5511971974815
5511971974822
5511971974824
5511971974841
5511971974887
5511971974901
5511971974935
5511971974947
5511971974983
5511971974985
5511971974995
5511971975054
5511971975077
5511971975097
5511971975100
5511971975113
5511971975142
5511971975146
5511971975154
5511971975187
5511971975200
5511971975226
5511971975236
5511971975306
5511971975367
5511971975436
5511971975468
5511971975581
5511971975586
5511971975599
5511971975671
5511971975720
5511971975731
5511971975768
5511971975791
5511971975802
5511971975803
5511971975873
5511971975905
5511971975978
5511971976034
5511971976045
5511971976062
5511971976073
5511971976097
5511971976108
5511971976137
5511971976169
5511971976170
5511971976171
5511971976188
5511971976223
5511971976248
5511971976261
5511971976311
5511971976339
5511971976347
5511971976355
5511971976358
5511971976365
5511971976392
5511971976419
5511971976439
5511971976443
5511971976463
5511971976470
5511971976507
5511971976565
5511971976569
5511971976578
5511971976591
5511971976592
5511971976600
5511971976644
5511971976652
5511971976672
5511971976680
5511971976702
5511971976728
5511971976737
5511971976738
5511971976800
5511971976804
5511971976814
5511971976831
5511971976845
5511971976854
5511971976865
5511971976873
5511971976877
5511971976906
5511971976908
5511971976914
5511971976919
5511971976969
5511971976987
5511971977003
5511971977016
5511971977044
5511971977054
5511971977078
5511971977127
5511971977174
5511971977177
5511971977202
5511971977277
5511971977316
5511971977362
5511971977363
5511971977372
5511971977375
5511971977399
5511971977424
5511971977427
5511971977445
5511971977459
5511971977471
5511971977486
5511971977500
5511971977506
5511971977519
5511971977532
5511971977542
5511971977620
5511971977626
5511971977630
5511971977718
5511971977742
5511971977747
5511971977752
5511971977760
5511971977810
5511971977815
5511971977832
5511971977854
5511971977856
5511971977863
5511971977870
5511971977884
5511971977905
5511971977907
5511971977910
5511971977963
5511971978014
5511971978030
5511971978048
5511971978061
5511971978095
5511971978100
5511971978160
5511971978171
5511971978188
5511971978190
5511971978193
5511971978215
5511971978218
5511971978280
5511971978441
5511971978444
5511971978453
5511971978456
5511971978459
5511971978470
5511971978472
5511971978499
5511971978508
5511971978557
5511971978582
5511971978583
5511971978599
5511971978633
5511971978646
5511971978653
5511971978675
5511971978693
5511971978727
5511971978740
5511971978742
5511971978750
5511971978759
5511971978772
5511971978784
5511971978815
5511971978825
5511971978858
5511971978862
5511971978954
5511971978978
5511971978989
5511971979024
5511971979073
5511971979077
5511971979105
5511971979109
5511971979116
5511971979139
5511971979176
5511971979184
5511971979220
5511971979225
5511971979258
5511971979260
5511971979282
5511971979286
5511971979287
5511971979306
5511971979311
5511971979312
5511971979332
5511971979405
5511971979424
5511971979451
5511971979462
5511971979475
5511971979489
5511971979547
5511971979556
5511971979565
5511971979577
5511971979578
5511971979647
5511971979677
5511971979719
5511971979780
5511971979782
5511971979830
5511971979855
5511971979859
5511971979871
5511971979882
5511971979886
5511971979888
5511971980007
5511971980015
5511971980032
5511971980041
5511971980089
5511971980101
5511971980112
5511971980115
5511971980217
5511971980228
5511971980269
5511971980288
5511971980297
5511971980322
5511971980369
5511971980404
5511971980433
5511971980468
5511971980512
5511971980518
5511971980591
5511971980619
5511971980627
5511971980658
5511971980696
5511971980714
5511971980739
5511971980744
5511971980746
5511971980768
5511971980860
5511971980863
5511971980864
5511971980876
5511971980925
5511971980949
5511971980980
5511971980988
5511971981025
5511971981028
5511971981036
5511971981038
5511971981046
5511971981049
5511971981065
5511971981098
5511971981103
5511971981107
5511971981115
5511971981124
5511971981125
5511971981133
5511971981134
5511971981145
5511971981156
5511971981168
5511971981179
5511971981191
5511971981226
5511971981304
5511971981318
5511971981334
5511971981361
5511971981369
5511971981370
5511971981375
5511971981399
5511971981403
5511971981405
5511971981416
5511971981419
5511971981465
5511971981470
5511971981483
5511971981503
5511971981522
5511971981532
5511971981546
5511971981557
5511971981623
5511971981656
5511971981675
5511971981724
5511971981730
5511971981784
5511971981786
5511971981795
5511971981800
5511971981803
5511971981882
5511971981899
5511971981900
5511971981914
5511971981917
5511971981943
5511971981947
5511971981954
5511971981994
5511971982000
5511971982003
5511971982020
5511971982026
5511971982101
5511971982122
5511971982181
5511971982192
5511971982205
5511971982210
5511971982215
5511971982225
5511971982244
5511971982251
5511971982265
5511971982270
5511971982317
5511971982323
5511971982339
5511971982348
5511971982399
5511971982407
5511971982472
5511971982562
5511971982586
5511971982592
5511971982659
5511971982681
5511971982687
5511971982724
5511971982752
5511971982775
5511971982785
5511971982791
5511971982835
5511971982846
5511971982851
5511971982863
5511971982868
5511971982892
5511971982893
5511971982903
5511971982910
5511971983001
5511971983024
5511971983036
5511971983105
5511971983109
5511971983138
5511971983165
5511971983256
5511971983260
5511971983295
5511971983297
5511971983379
5511971983396
5511971983416
5511971983421
5511971983464
5511971983466
