5514997373420
5514997373517
5514997373540
5514997373571
5514997373662
5514997373671
5514997373685
5514997373771
5514997373783
5514997373818
5514997373848
5514997373913
5514997373924
5514997374028
5514997374035
5514997374127
5514997374225
5514997374245
5514997374268
5514997374363
5514997374367
5514997374390
5514997374403
5514997374405
5514997374454
5514997374492
5514997374532
5514997374543
5514997374558
5514997374592
5514997374613
5514997374673
5514997374674
5514997374675
5514997374708
5514997374743
5514997374782
5514997374840
5514997374843
5514997374936
5514997374970
5514997374995
5514997375014
5514997375058
5514997375075
5514997375107
5514997375117
5514997375148
5514997375153
5514997375164
5514997375302
5514997375340
5514997375383
5514997375486
5514997375542
5514997375554
5514997375566
5514997375578
5514997375590
5514997375603
5514997375616
5514997375653
5514997375654
5514997375662
5514997375669
5514997375730
5514997375765
5514997375843
5514997375857
5514997375862
5514997375906
5514997375962
5514997376080
5514997376086
5514997376114
5514997376135
5514997376142
5514997376146
5514997376147
5514997376160
5514997376167
5514997376177
5514997376185
5514997376188
5514997376192
5514997376200
5514997376214
5514997376246
5514997376247
5514997376248
5514997376265
5514997376317
5514997376333
5514997376334
5514997376384
5514997376432
5514997376433
5514997376448
5514997376502
5514997376558
5514997376571
5514997376679
5514997376682
5514997376691
5514997376696
5514997376904
5514997377008
5514997377020
5514997377100
5514997377128
5514997377146
5514997377251
5514997377287
5514997377292
5514997377298
5514997377321
5514997377375
5514997377399
5514997377424
5514997377480
5514997377499
5514997377556
5514997377624
5514997377670
5514997377679
5514997377718
5514997377721
5514997377799
5514997377881
5514997377902
5514997377923
5514997377939
5514997377956
5514997377958
5514997377959
5514997377962
5514997378023
5514997378079
5514997378121
5514997378130
5514997378191
5514997378218
5514997378287
5514997378314
5514997378373
5514997378383
5514997378431
5514997378445
5514997378507
5514997378529
5514997378581
5514997378742
5514997378772
5514997378811
5514997378814
5514997378883
5514997378896
5514997379016
5514997379060
5514997379154
5514997379184
5514997379201
5514997379231
5514997379237
5514997379267
5514997379315
5514997379345
5514997379363
5514997379384
5514997379438
5514997379483
5514997379554
5514997379578
5514997379597
5514997379639
5514997379737
5514997379739
5514997379923
5514997379957
5514997380000
5514997380049
5514997380059
5514997380080
5514997380106
5514997380118
5514997380142
5514997380198
5514997380205
5514997380224
5514997380236
5514997380239
5514997380258
5514997380259
5514997380264
5514997380269
5514997380280
5514997380306
5514997380320
5514997380330
5514997380331
5514997380397
5514997380404
5514997380408
5514997380423
5514997380453
5514997380482
5514997380501
5514997380518
5514997380542
5514997380567
5514997380590
5514997380599
5514997380631
5514997380653
5514997380668
5514997380695
5514997380730
5514997380777
5514997380816
5514997380896
5514997380912
5514997381041
5514997381058
5514997381101
5514997381114
5514997381202
5514997381239
5514997381243
5514997381250
5514997381293
5514997381311
5514997381314
5514997381352
5514997381369
5514997381388
5514997381390
5514997381584
5514997381600
5514997381631
5514997381686
5514997381710
5514997381725
5514997381737
5514997381746
5514997381789
5514997381790
5514997381796
5514997381842
5514997381972
5514997381995
5514997382006
5514997382013
5514997382081
5514997382159
5514997382163
5514997382167
5514997382168
5514997382180
5514997382184
5514997382234
5514997382260
5514997382261
5514997382279
5514997382290
5514997382361
5514997382543
5514997382573
5514997382612
5514997382619
5514997382625
5514997382634
5514997382649
5514997382673
5514997382674
5514997383025
5514997383105
5514997383110
5514997383113
5514997383120
5514997383154
5514997383198
5514997383207
5514997383216
5514997383221
5514997383274
5514997383337
5514997383385
5514997383414
5514997383486
5514997383493
5514997383497
5514997383531
5514997383544
5514997383594
5514997383620
5514997383649
5514997383673
5514997383698
5514997383699
5514997383705
5514997383730
5514997383744
5514997383763
5514997383789
5514997383792
5514997383858
5514997383968
5514997384062
5514997384135
5514997384148
5514997384163
5514997384179
5514997384184
5514997384193
5514997384195
5514997384196
5514997384198
5514997384222
5514997384263
5514997384307
5514997384340
5514997384344
5514997384347
5514997384350
5514997384354
5514997384375
5514997384386
5514997384412
5514997384439
5514997384489
5514997384540
5514997384563
5514997384590
5514997384594
5514997384602
5514997384605
5514997384622
5514997384649
5514997384653
5514997384664
5514997384693
5514997384722
5514997384761
5514997384831
5514997384862
5514997384875
5514997384890
5514997384901
5514997384911
5514997384924
5514997384933
5514997384953
5514997384959
5514997384968
5514997385157
5514997385260
5514997385262
5514997385269
5514997385320
5514997385328
5514997385414
5514997385425
5514997385429
5514997385535
5514997385574
5514997385579
5514997385601
5514997385618
5514997385630
5514997385708
5514997385745
5514997385754
5514997385777
5514997385873
5514997385879
5514997385887
5514997385898
5514997385905
5514997385915
5514997385983
5514997385998
5514997386060
5514997386064
5514997386143
5514997386148
5514997386220
5514997386241
5514997386268
5514997386294
5514997386296
5514997386307
5514997386321
5514997386410
5514997386429
5514997386430
5514997386431
5514997386433
5514997386447
5514997386468
5514997386479
5514997386493
5514997386501
5514997386507
5514997386563
5514997386568
5514997386580
5514997386687
5514997386701
5514997386703
5514997386716
5514997386718
5514997386723
5514997386731
5514997386800
5514997386808
5514997386838
5514997386876
5514997386905
5514997387018
5514997387043
5514997387053
5514997387075
5514997387088
5514997387192
5514997387213
5514997387217
5514997387253
5514997387295
5514997387301
5514997387351
5514997387406
5514997387452
5514997387493
5514997387499
5514997387502
5514997387507
5514997387526
5514997387549
5514997387562
5514997387612
5514997387616
5514997387645
5514997387734
5514997387758
5514997387787
5514997387812
5514997387908
5514997387915
5514997387917
5514997387947
5514997387959
5514997387968
5514997387980
5514997388008
5514997388038
5514997388040
5514997388057
5514997388060
5514997388061
5514997388077
5514997388078
5514997388081
5514997388082
5514997388107
5514997388133
5514997388186
5514997388189
5514997388196
5514997388238
5514997388244
5514997388251
5514997388255
5514997388282
5514997388291
5514997388296
5514997388305
5514997388325
5514997388370
5514997388372
5514997388408
5514997388457
5514997388460
5514997388556
5514997388563
5514997388564
5514997388576
5514997388589
5514997388594
5514997388612
5514997388641
5514997388649
5514997388669
5514997388670
5514997388671
5514997388674
5514997388717
5514997388753
5514997388764
5514997388799
5514997388830
5514997388878
5514997388919
5514997388935
5514997389015
5514997389035
5514997389050
5514997389067
5514997389130
5514997389135
5514997389179
5514997389229
5514997389289
5514997389293
5514997389306
5514997389321
5514997389398
5514997389462
5514997389471
5514997389499
5514997389502
5514997389512
5514997389525
5514997389528
5514997389535
5514997389537
5514997389558
5514997389576
5514997389581
5514997389642
5514997389648
5514997389655
5514997389674
5514997389825
5514997389849
5514997389874
5514997389890
5514997389894
5514997389907
5514997389955
5514997389985
5514997390017
5514997390032
5514997390045
5514997390063
5514997390082
5514997390088
5514997390105
5514997390149
5514997390169
5514997390176
5514997390195
5514997390210
5514997390238
5514997390254
5514997390261
5514997390348
5514997390359
5514997390411
5514997390506
5514997390507
5514997390518
5514997390532
5514997390584
5514997390598
5514997390647
5514997390667
5514997390669
5514997390681
5514997390684
5514997390685
5514997390824
5514997390843
5514997390881
5514997390883
5514997390930
5514997390948
5514997390986
5514997391002
5514997391027
5514997391028
5514997391041
5514997391059
5514997391065
5514997391084
5514997391086
5514997391090
5514997391114
5514997391183
5514997391192
5514997391196
5514997391273
5514997391287
5514997391305
5514997391346
5514997391355
5514997391363
5514997391373
5514997391434
5514997391496
5514997391501
5514997391544
5514997391607
5514997391634
5514997391655
5514997391673
5514997391743
5514997391755
5514997391782
5514997391800
5514997391806
5514997391839
5514997391853
5514997391876
5514997391884
5514997391959
5514997391974
5514997392023
5514997392032
5514997392045
5514997392080
5514997392172
5514997392354
5514997392373
5514997392381
5514997392383
5514997392385
5514997392460
5514997392483
5514997392484
5514997392496
5514997392500
5514997392513
5514997392537
5514997392547
5514997392555
5514997392587
5514997392597
5514997392624
5514997392628
5514997392629
5514997392650
5514997392655
5514997392659
5514997392685
5514997392692
5514997392703
5514997392738
5514997392765
5514997392769
5514997392774
5514997392799
5514997392828
5514997392830
5514997392861
5514997392868
5514997392901
5514997392914
5514997392925
5514997392981
5514997392994
5514997393006
5514997393040
5514997393045
5514997393051
5514997393075
5514997393077
5514997393152
5514997393224
5514997393227
5514997393276
5514997393289
5514997393335
5514997393340
5514997393346
5514997393363
5514997393391
5514997393453
5514997393460
5514997393476
5514997393490
5514997393493
5514997393502
5514997393514
5514997393533
5514997393566
5514997393574
5514997393604
5514997393655
5514997393676
5514997393678
5514997393691
5514997393697
5514997393713
5514997393735
5514997393760
5514997393767
5514997393780
5514997393790
5514997393827
5514997393846
5514997393888
5514997393903
5514997393907
5514997393919
5514997393931
5514997393956
5514997393958
5514997393976
5514997393995
5514997394026
5514997394041
5514997394048
5514997394051
5514997394071
5514997394112
5514997394114
5514997394123
5514997394145
5514997394243
5514997394246
5514997394268
5514997394274
5514997394419
5514997394469
5514997394490
5514997394508
5514997394552
5514997394589
5514997394595
5514997394676
5514997394684
5514997394701
5514997394769
5514997394789
5514997394810
5514997394885
5514997394892
5514997395048
5514997395053
5514997395065
5514997395091
5514997395172
5514997395186
5514997395189
5514997395253
5514997395265
5514997395286
5514997395301
5514997395319
5514997395346
5514997395352
5514997395353
5514997395387
5514997395411
5514997395464
5514997395469
5514997395488
5514997395507
5514997395527
5514997395548
5514997395571
5514997395675
5514997395710
5514997395748
5514997395773
5514997395804
5514997395851
5514997395879
5514997395904
5514997395953
5514997395972
5514997396036
5514997396054
5514997396062
5514997396084
5514997396109
5514997396141
5514997396152
5514997396174
5514997396184
5514997396292
5514997396458
5514997396534
5514997396605
5514997396666
5514997396678
5514997396748
5514997396765
5514997396801
5514997396814
5514997396841
5514997396844
5514997396848
5514997396855
5514997396936
5514997396959
5514997396962
5514997396993
5514997397003
5514997397013
5514997397114
5514997397171
5514997397184
5514997397189
5514997397215
5514997397272
5514997397306
5514997397330
5514997397344
5514997397345
5514997397378
5514997397425
5514997397456
5514997397533
5514997397562
5514997397565
5514997397612
5514997397627
5514997397637
5514997397704
5514997397756
5514997397774
5514997397793
5514997397795
5514997397803
5514997397813
5514997397845
5514997397862
5514997397863
5514997397866
5514997397875
5514997397894
5514997397897
5514997397904
5514997397911
5514997397925
5514997397942
5514997397951
5514997397953
5514997397974
5514997397975
5514997397985
5514997398047
5514997398124
5514997398158
5514997398201
5514997398209
5514997398220
5514997398244
5514997398266
5514997398269
5514997398277
5514997398285
5514997398290
5514997398303
5514997398346
5514997398361
5514997398392
5514997398541
5514997398594
5514997398621
5514997398646
5514997398676
5514997398723
5514997398862
5514997398894
5514997399053
5514997399059
5514997399064
5514997399066
5514997399104
5514997399150
5514997399295
5514997399312
5514997399337
5514997399347
5514997399363
5514997399393
5514997399426
5514997399430
5514997399435
5514997399467
5514997399499
5514997399652
5514997399662
5514997399665
5514997399694
5514997399744
5514997399760
5514997399773
5514997399804
5514997399827
5514997399828
5514997399868
5514997399873
5514997399906
5514997399910
5514997399936
5514997399947
5514997399967
5514997400129
5514997400130
5514997400166
5514997400184
5514997400226
5514997400239
5514997400242
5514997400250
5514997400271
5514997400285
5514997400312
5514997400332
5514997400333
5514997400363
5514997400430
5514997400455
5514997400473
5514997400519
5514997400544
5514997400552
5514997400561
5514997400637
5514997400647
5514997400703
5514997400706
5514997400772
5514997400798
5514997400923
5514997400924
5514997400962
5514997400991
5514997401033
5514997401048
5514997401087
5514997401108
5514997401159
5514997401167
5514997401171
5514997401176
5514997401204
5514997401240
5514997401266
5514997401372
5514997401375
5514997401385
5514997401477
5514997401505
5514997401669
5514997401674
5514997401722
5514997401763
5514997401777
5514997401804
5514997401844
5514997401968
5514997401974
5514997402008
5514997402029
5514997402035
5514997402038
5514997402107
5514997402123
5514997402128
5514997402156
5514997402188
5514997402208
5514997402232
5514997402270
5514997402271
5514997402319
5514997402342
5514997402398
5514997402411
5514997402418
5514997402436
5514997402503
5514997402542
5514997402605
5514997402744
5514997402814
5514997402821
5514997402895
5514997402896
5514997402925
5514997402981
5514997402991
5514997403146
5514997403181
5514997403187
5514997403192
5514997403207
5514997403258
5514997403277
5514997403278
5514997403298
5514997403398
5514997403415
5514997403438
5514997403450
5514997403459
5514997403482
5514997403564
5514997403592
5514997403596
5514997403615
5514997403634
5514997403748
5514997403919
5514997403995
5514997404112
5514997404148
5514997404172
5514997404174
5514997404230
5514997404285
5514997404337
5514997404420
5514997404467
5514997404509
5514997404539
5514997404585
5514997404591
5514997404643
5514997404683
5514997404698
5514997404834
5514997404842
5514997404843
5514997404854
5514997404890
5514997405006
5514997405132
5514997405224
5514997405245
5514997405327
5514997405405
5514997405429
5514997405513
5514997405539
5514997405543
5514997405562
5514997405563
5514997405566
5514997405645
5514997405774
5514997405776
5514997405810
5514997405884
5514997405913
5514997405916
5514997405956
5514997405999
5514997406062
5514997406088
5514997406214
5514997406259
5514997406278
5514997406282
5514997406313
5514997406447
5514997406476
5514997406536
5514997406601
5514997406618
5514997406651
5514997406662
5514997406692
5514997406739
5514997406740
5514997406780
5514997406826
5514997406865
5514997407059
5514997407069
5514997407075
5514997407092
5514997407094
5514997407096
5514997407127
5514997407137
5514997407167
5514997407351
5514997407432
5514997407448
5514997407504
5514997407515
5514997407567
5514997407598
5514997407697
5514997407764
5514997407811
5514997407904
5514997407972
5514997408057
5514997408162
5514997408325
5514997408342
5514997408372
5514997408396
5514997408407
5514997408435
5514997408543
5514997408598
5514997408607
5514997408617
5514997408628
5514997408684
5514997408704
5514997408712
5514997408714
5514997408718
5514997408841
5514997408861
5514997408892
5514997408896
5514997408901
5514997408947
5514997408956
5514997408967
5514997408992
5514997409047
5514997409060
5514997409091
5514997409141
5514997409164
5514997409271
5514997409334
5514997409383
5514997409553
5514997409565
5514997409595
5514997409667
5514997409670
5514997409794
5514997409819
5514997409887
5514997409906
5514997409929
5514997409976
5514997410002
5514997410011
5514997410028
5514997410090
5514997410098
5514997410103
5514997410105
5514997410107
5514997410111
5514997410127
5514997410150
5514997410166
5514997410175
5514997410184
5514997410252
5514997410255
5514997410288
5514997410295
5514997410298
5514997410311
5514997410339
5514997410378
5514997410380
5514997410392
5514997410405
5514997410411
5514997410423
5514997410446
5514997410452
5514997410468
5514997410480
5514997410505
5514997410541
5514997410557
5514997410563
5514997410577
5514997410636
5514997410637
5514997410652
5514997410669
5514997410690
5514997410693
5514997410696
5514997410702
5514997410716
5514997410722
5514997410727
5514997410738
5514997410760
5514997410767
5514997410774
5514997410787
5514997410790
5514997410808
5514997410815
5514997410881
5514997410894
5514997410909
5514997410990
5514997411031
5514997411043
5514997411050
5514997411093
5514997411100
5514997411101
5514997411106
5514997411137
5514997411141
5514997411157
5514997411164
5514997411171
5514997411204
5514997411215
5514997411219
5514997411222
5514997411246
5514997411250
5514997411277
5514997411298
5514997411314
5514997411373
5514997411385
5514997411401
5514997411467
5514997411497
5514997411558
5514997411595
5514997411626
5514997411667
5514997411699
5514997411758
5514997411760
5514997411768
5514997411777
5514997411802
5514997411835
5514997411890
5514997411892
5514997411904
5514997411936
5514997411937
5514997411941
5514997411950
5514997411952
5514997411964
5514997412018
5514997412063
5514997412070
5514997412121
5514997412127
5514997412132
5514997412138
5514997412139
5514997412141
5514997412150
5514997412191
5514997412199
5514997412206
5514997412222
5514997412236
5514997412243
5514997412264
5514997412315
5514997412320
5514997412331
5514997412332
5514997412333
5514997412363
5514997412442
5514997412455
5514997412461
5514997412478
5514997412496
5514997412505
5514997412545
5514997412546
5514997412583
5514997412587
5514997412622
5514997412640
5514997412683
5514997412770
5514997412771
5514997412773
5514997412787
5514997412870
5514997412891
5514997412933
5514997413014
5514997413028
5514997413056
5514997413058
5514997413099
5514997413108
5514997413113
5514997413129
5514997413174
5514997413242
5514997413245
5514997413302
5514997413320
5514997413325
5514997413333
5514997413421
5514997413425
5514997413427
5514997413449
5514997413455
5514997413485
5514997413505
5514997413526
5514997413531
5514997413573
5514997413585
5514997413615
5514997413628
5514997413635
5514997413656
5514997413675
5514997413743
5514997413803
5514997413867
5514997413900
5514997413927
5514997413935
5514997414102
5514997414109
5514997414140
5514997414143
5514997414178
5514997414196
5514997414199
5514997414212
5514997414252
5514997414292
5514997414297
5514997414303
5514997414376
5514997414430
5514997414437
5514997414440
5514997414503
5514997414542
5514997414559
5514997414576
5514997414630
5514997414664
5514997414706
5514997414731
5514997414747
5514997414754
5514997414788
5514997414848
5514997414888
5514997414944
5514997414969
5514997414971
5514997414981
5514997414984
5514997414989
5514997414999
5514997415022
5514997415036
5514997415056
5514997415068
5514997415080
5514997415232
5514997415247
5514997415297
5514997415301
5514997415365
5514997415429
5514997415528
5514997415536
5514997415573
5514997415610
5514997415651
5514997415665
5514997415787
5514997415833
5514997415838
5514997415852
5514997415868
5514997415915
5514997415916
5514997416009
5514997416032
5514997416070
5514997416165
5514997416170
5514997416216
5514997416273
5514997416277
5514997416304
5514997416338
5514997416494
5514997416520
5514997416588
5514997416690
5514997416743
5514997416751
5514997416759
5514997416765
5514997416805
5514997416806
5514997416808
5514997416888
5514997416892
5514997416909
5514997416913
5514997416933
5514997416945
5514997416968
5514997417015
5514997417035
5514997417041
5514997417063
5514997417086
5514997417165
5514997417222
5514997417229
5514997417232
5514997417278
5514997417283
5514997417286
5514997417453
5514997417494
5514997417569
5514997417574
5514997417583
5514997417588
5514997417618
5514997417667
5514997417670
5514997417672
5514997417702
5514997417704
5514997417708
5514997417717
5514997417718
5514997417740
5514997417825
5514997417858
5514997417866
5514997417892
5514997417905
5514997417940
5514997418009
5514997418076
5514997418080
5514997418100
5514997418105
5514997418128
5514997418165
5514997418166
5514997418200
5514997418220
5514997418234
5514997418293
5514997418298
5514997418330
5514997418334
5514997418362
5514997418367
5514997418385
5514997418388
5514997418442
5514997418472
5514997418484
5514997418487
5514997418528
5514997418554
5514997418555
5514997418562
5514997418624
5514997418653
5514997418657
5514997418701
5514997418708
5514997418741
5514997418776
5514997418850
5514997418863
5514997418891
5514997418899
5514997418910
5514997418919
5514997418939
5514997418943
5514997418981
5514997419018
5514997419044
5514997419053
5514997419097
5514997419113
5514997419154
5514997419159
5514997419208
5514997419415
5514997419464
5514997419477
5514997419485
5514997419491
5514997419507
5514997419524
5514997419583
5514997419588
5514997419597
5514997419671
5514997419707
5514997419712
5514997419842
5514997419852
5514997419860
5514997419861
5514997419900
5514997419904
5514997419914
5514997419915
5514997419923
5514997419954
5514997419971
5514997419974
5514997419996
5514997420050
5514997420051
5514997420107
5514997420113
5514997420121
5514997420170
5514997420178
5514997420201
5514997420239
5514997420254
5514997420391
5514997420438
5514997420468
5514997420470
5514997420472
5514997420543
5514997420556
5514997420558
5514997420575
5514997420576
5514997420619
5514997420623
5514997420625
5514997420632
5514997420676
5514997420730
5514997420826
5514997420887
5514997420889
5514997420915
5514997420995
5514997421035
5514997421040
5514997421043
5514997421045
5514997421068
5514997421079
5514997421089
5514997421092
5514997421112
5514997421181
5514997421216
5514997421233
5514997421281
5514997421308
5514997421309
5514997421316
5514997421379
5514997421389
5514997421393
5514997421459
5514997421467
5514997421473
5514997421504
5514997421525
5514997421574
5514997421612
5514997421645
5514997421692
5514997421713
5514997421718
5514997421724
5514997421732
5514997421734
5514997421742
5514997421754
5514997421757
5514997421798
5514997421817
5514997421847
5514997421849
5514997421850
5514997421853
5514997421867
5514997421929
5514997421937
5514997421941
5514997421942
5514997421944
5514997421981
5514997422054
5514997422064
5514997422093
5514997422095
5514997422106
5514997422171
5514997422218
5514997422287
5514997422315
5514997422326
5514997422334
5514997422394
5514997422404
5514997422425
5514997422455
5514997422459
5514997422463
5514997422465
5514997422494
5514997422538
5514997422548
5514997422550
5514997422622
5514997422635
5514997422653
5514997422681
5514997422703
5514997422709
5514997422735
5514997422738
5514997422739
5514997422770
5514997422868
5514997422909
5514997422964
5514997422979
5514997423034
5514997423063
5514997423070
5514997423166
5514997423172
5514997423268
5514997423275
5514997423286
5514997423290
5514997423322
5514997423324
5514997423367
5514997423369
5514997423443
5514997423502
5514997423533
5514997423560
5514997423609
5514997423632
5514997423644
5514997423646
5514997423665
5514997423668
5514997423680
5514997423692
5514997423704
5514997423705
5514997423798
5514997423820
5514997423824
5514997423844
5514997423863
5514997423867
5514997423878
5514997423892
5514997423915
5514997423917
5514997423918
5514997423923
5514997423930
5514997423931
5514997423933
5514997423945
5514997423982
5514997424043
5514997424100
5514997424146
5514997424207
5514997424247
5514997424296
5514997424314
5514997424433
5514997424440
5514997424445
5514997424458
5514997424552
5514997424557
5514997424573
5514997424609
5514997424654
5514997424686
5514997424687
5514997424718
5514997424729
5514997424754
5514997424758
5514997424780
5514997424803
5514997424860
5514997424870
5514997424882
5514997424925
5514997424926
5514997424957
5514997424968
5514997424990
5514997425069
5514997425086
5514997425125
5514997425149
5514997425151
5514997425158
5514997425186
5514997425247
5514997425377
5514997425385
5514997425467
5514997425503
5514997425523
5514997425529
5514997425536
5514997425538
5514997425552
5514997425557
5514997425560
5514997425615
5514997425636
5514997425662
5514997425726
5514997425879
5514997425905
5514997425910
5514997425941
5514997426081
5514997426084
5514997426180
5514997426283
5514997426304
5514997426380
5514997426390
5514997426403
5514997426458
5514997426523
5514997426565
5514997426577
5514997426601
5514997426676
5514997426699
5514997426723
5514997426730
5514997426741
5514997426766
5514997426853
5514997426871
5514997426899
5514997426940
5514997427006
5514997427045
5514997427135
5514997427159
5514997427167
5514997427186
5514997427204
5514997427245
5514997427274
5514997427287
5514997427339
5514997427360
5514997427376
5514997427436
5514997427473
5514997427551
5514997427557
5514997427713
5514997427747
5514997427748
5514997427939
5514997427951
5514997428060
5514997428322
5514997428381
5514997428385
5514997428441
5514997428543
5514997428678
5514997428747
5514997428811
5514997428819
5514997428853
5514997428860
5514997428896
5514997428914
5514997429019
5514997429025
5514997429047
5514997429053
5514997429091
5514997429147
5514997429163
5514997429180
5514997429192
5514997429195
5514997429216
5514997429234
5514997429280
5514997429282
5514997429289
5514997429292
5514997429300
5514997429330
5514997429331
5514997429379
5514997429523
5514997429609
5514997429716
5514997429831
5514997429892
5514997429991
5514997430082
5514997430126
5514997430141
5514997430155
5514997430203
5514997430209
5514997430313
5514997430317
5514997430319
5514997430322
5514997430376
5514997430481
5514997430487
5514997430492
5514997430493
5514997430533
5514997430554
5514997430558
5514997430632
5514997430642
5514997430647
5514997430652
5514997430656
5514997430659
5514997430670
5514997430758
5514997430759
5514997430771
5514997430785
5514997430804
5514997430820
5514997430833
5514997430846
5514997430862
5514997430894
5514997430933
5514997430987
5514997431001
5514997431018
5514997431050
5514997431057
5514997431082
5514997431083
5514997431098
5514997431124
5514997431132
5514997431223
5514997431295
5514997431377
5514997431434
5514997431456
5514997431459
5514997431464
5514997431465
5514997431508
5514997431534
5514997431563
5514997431566
5514997431576
5514997431664
5514997431674
5514997431694
5514997431704
5514997431759
5514997431783
5514997431789
5514997431797
5514997431816
5514997431817
5514997431824
5514997431889
5514997431906
5514997431921
5514997431948
5514997431993
5514997432005
5514997432098
5514997432104
5514997432112
5514997432135
5514997432155
5514997432189
5514997432211
5514997432221
5514997432245
5514997432255
5514997432341
5514997432373
5514997432423
5514997432475
5514997432485
5514997432502
5514997432527
5514997432528
5514997432532
5514997432661
5514997432666
5514997432669
5514997432711
5514997432712
5514997432740
5514997432763
5514997432767
5514997432791
5514997432793
5514997432801
5514997432821
5514997432828
5514997432849
5514997432852
5514997432857
5514997432864
5514997432876
5514997432929
5514997432937
5514997432944
5514997432950
5514997432953
5514997433014
5514997433082
5514997433083
5514997433117
5514997433125
5514997433135
5514997433156
5514997433179
5514997433207
5514997433309
5514997433334
5514997433387
5514997433410
5514997433443
5514997433448
5514997433591
5514997433609
5514997433632
5514997433689
5514997433699
5514997433738
5514997433814
5514997433870
5514997433878
5514997433882
5514997433883
5514997433889
5514997433978
5514997434050
5514997434072
5514997434145
5514997434232
5514997434233
5514997434237
5514997434245
5514997434278
5514997434279
5514997434294
5514997434306
5514997434331
5514997434372
5514997434373
5514997434394
5514997434460
5514997434468
5514997434474
5514997434479
5514997434489
5514997434494
5514997434531
5514997434610
5514997434618
5514997434625
5514997434672
5514997434713
