5537999847090;07441630649
5512991725491;08090671888
5512997816848;15947757885
5512988063063;04242918860
5527999078843;02030983748
5561986520001;17981310130
5512997239770;12207660893
5561991072661;05945437115
5565999002093;78193877934
5561981016851;71301143120
5511950533699;14644912832
5511995506053;08871479840
5561991820858;00239500130
5565996136518;45927960120
5512981535311;10583023886
5512997051150;08391088855
5527988003474;00807314730
5566996265211;16217586134
5512981856539;03185738810
5566984203615;31135072191
5566981284500;20527349100
5512991568241;00531026817
5566984015690;46073523149
5512988256714;04446480898
5519992492090;47466022804
5512981225212;10972391878
5511973818788;69004854800
5512997752183;01940274818
5511973935550;24632123811
5511947108479;12534616862
5511993327676;09970973886
5511964733703;00929389816
5535999750508;66749131620
5517988133836;05889337831
5515997690313;08181059840
5589999730412;47381892391
5562985612455;18988709187
5562982516415;25928031653
5585981576001;24194298349
5585987492865;16887875349
5551998348100;24126446087
5561996899187;37326007187
5581987010634;78419999415
5593991344974;36661961287
5569999087679;41485629420
5511954956460;69687790806
5577988196769;17258928553
5584981039039;21215570597
5511992863503;11304530817
5599981121801;60370785487
5562984861678;62401327134
5582991298215;54696542491
5583986365818;71456104420
5527999205983;71694773787
5567981189328;63841380182
5551991126135;61426806000
5511971964434;09074146805
5511982080172;75605449834
5511964742946;08469099876
5517981848463;21663099847
5511968487823;30599390808
5547988760695;42590337000
5513991762486;04101381852
5511977367313;14007450803
5511957289228;31553372816
5511974612414;26562300800
5519993000414;27437894840
5511932193863;02111958808
5594981168106;24645176234
5594981410572;16991125253
5511993276702;05100908858
5583988933595;67408451404
5516997624485;02924248841
5511963240036;08017928866
5519996744791;13762983844
5512991314945;08115652890
5511987356783;14616883882
5511970898546;15469031861
5512991169885;01949467899
5514991525055;02075700869
5512981252474;08115755869
5511982826887;07937346817
5511972947823;16366608865
5511966708542;11817995898
5511999235323;07503348860
5511987505608;03984068808
5511998238163;06122169854
5511975904314;15311790881
5511982284272;04920108893
5553981335600;19606591034
5512988611817;05012879813
5591991224148;12223042287
5512997580814;08113640894
5568999578703;90279220715
5555996687294;92301843068
5512988137906;04002255816
5585986883680;45468770300
5531997374777;64682463691
5511960576696;02877181820
5518991529563;05122132836
5519971723731;77553896853
5583987787118;82668809487
5512981101938;10959437827
5514997469353;03099527866
5511974307335;11337171875
5553991213545;26039400072
5591992441314;21809275253
5591991773383;31162258420
5511962658569;11960788825
5512991213916;06001978832
5511974554914;09519217894
5511972232728;08153249878
5591981956327;28247035200
5512988864832;02596037831
5512988242568;10404647855
5511987633145;06950742886
5511998275021;16002689869
5514997900218;13081562864
5594992370399;13152521200
5575998412005;34588086553
5591981947272;30586259287
5594981376299;39203492291
5591996160437;43158811200
5591991424921;58748822272
5554984131442;48600024072
5553991228209;39394204091
5591991961876;16772369220
5553981118138;51746417072
5583988085425;32467486400
5561981103441;02885409215
5554981289821;90589912020
5593991214590;26383152220
5593984090402;05640083204
5519991925205;13628066840
5516992674533;13222168865
5511948372349;11689661836
5531992032107;63548321291
5518996378335;09098290809
5511995697054;11483688844
5519998920603;26239442534
5511971749017;05190572870
5511971063561;14485496805
5511976639541;30667639861
5511997393647;76373282953
5561991478484;26302292204
5591982260033;22157298215
5591991609958;54921309949
5511993631617;10665845839
5553981440519;21290946000
5591988195873;14480441204
5591999918783;10792813200
5512997474767;04181615855
5583981051718;45084750434
5591988050958;26481090210
5518997430129;03497540803
5591999259157;21934258253
5512996737601;56259387768
5511941290152;18078020864
5512974036094;06296551894
5591981780550;12730971220
5511987618607;08339057839
5511997248667;03009207840
5512996004846;15013435803
5564992398930;08606463191
5511964638436;80983251800
5512997010504;03853663885
5512997435203;08544201857
5511960602807;07247136898
5553984098142;62040456015
5591993612484;12439606200
5518996455958;06206789845
5512982314825;04572988803
5511947783487;02745436805
5591991492273;10263527204
5594984125851;29845351204
5593991308683;48354864987
5593991781415;18211720272
5511973782732;13318817813
5519987248726;12377037860
5581987437483;19805357449
5561982175388;55208924404
5511970547659;35557478353
5513996268115;12140069811
5511964027899;09727125859
5511997476441;07228825802
5511998051452;01645774830
5511985448112;27896794870
5519999526984;17278453828
5514997740533;21510773819
5516994221004;10750131861
5511947223347;08298102851
5594991610074;04775830244
5519992815641;64510921934
5591981340088;04463269253
5591983841404;26766965215
5535988060512;04843877662
5512997655462;02976504830
5511989647666;04405568804
5512974011536;06410834837
5553981159583;57190771034
5512991548693;51274140820
5512997125756;05081577812
5594984050608;24790109291
5515996016687;04207930892
5593991235285;31203620268
5512996622948;26890941853
5512981537109;61826383620
5583987598891;40327710497
5583987304615;88571220425
5583988174640;67515304472
5566996460402;20385773153
5566992335411;07919646120
5566999356224;20496230115
5566999338663;53584562015
5566996442352;00183454928
5566999857027;52638871915
5566996437007;32895305153
5548991441173;52046524934
5561996194326;56368330163
5565996238434;57175551134
5565996073244;31648614949
5565984055567;27426521168
5565992597913;26568039187
5566996090507;09386121824
5561999708825;69578729634
5565999879090;01081195053
5565996321050;38409755149
5565984163569;32803745100
5565984688288;10599916168
5521999890061;00954971701
5565996889437;40913970263
5598991339109;25782118334
5531986602811;96143444668
5598988302338;19817347320
5598989183721;08877939320
5531986912562;27833089672
5531971367794;98815601600
5535999402561;55847501668
5531988255650;23253606600
5531986816289;87837331672
5531985676287;49869418600
5531991397695;23325569668
5531999221859;27851052653
5531983139790;50083961615
5531996879491;58846549600
5531987030390;54538505668
5561981022848;15911268353
5531988040740;15531201672
5531987742757;46270507634
5564996616760;08897590144
5512974033454;74144162834
5591993927467;23909200397
5548991931385;02513984986
5591999182685;29889200287
5512997012846;08099114850
5583988646829;61695246420
5583986639077;16167910472
5583986409223;45061335449
5591999176460;30210976268
5583988513384;10962891487
5512991085032;09082354888
5583986519111;13201107468
5512981385965;04563847828
5512987004755;25903685854
5581986649579;12790052468
5591987610143;10978160282
5591988542864;37306227220
5515991677232;79010130797
5519996120893;14752828855
5512991334829;04125273839
5594991563151;25540459253
5512974032380;15962066839
5594991857262;04224752204
5594984028210;40185850200
5591987011795;03987051272
5581988074555;27606880468
5519996017483;04412515877
5564981261835;51159597472
5512988508836;04929654807
5511945218419;11949389812
5512997847323;06249643885
5551991396472;37144251015
5519994142665;15871842810
5583981529042;27658007404
5514996148052;09627927805
5594981426904;07123230230
5581985640718;23335394453
5581982490110;83034722400
5581985580337;45927456472
5519997758068;15861904820
5581973034343;23311851404
5551982111511;56436203087
5581996154090;10288295404
5513997071949;43201555800
5581984580612;79353770491
5581991843994;33693706468
5583981578659;06585509854
5581989779600;83316205420
5583999067274;20678690430
5512997146685;78852277820
5581988983669;35849819487
5551981538150;24215910072
5512988240443;04587989835
5512996636159;08694042886
5588999883716;83607897468
5581991244445;31064906400
5587981554069;22682970478
5551983024203;50901036072
5581983059181;22460993404
5511997095533;07845494860
5512991510089;07120784870
5519996453840;72200618891
5587991015586;44015542487
5581987314709;12388440491
5551993435990;34632077020
5511940278594;11131915895
5511964349098;02145737880
5511982674063;00396223800
5511971354512;05785276852
5511955300035;08634113809
5511989513035;10350998884
5511963833736;08468851825
5512981283142;08121021855
5511997207211;09210020847
5511971671233;12392584885
5512991421372;01936102803
5511949746847;07425817802
5519997204123;69260095891
5511971033094;05152745852
5512981603057;04125357854
5511999455725;22602913847
5591981764221;17499321215
5519992079021;77549082804
5517996094553;07556181812
5512997707720;06511975894
5511982593524;22069793818
5511968590788;24692095873
5511997064840;03278009843
5538988331256;49273868649
5538998249391;15931200606
5591992535494;13754572253
5591984569088;12732494291
5591991668688;03634523204
5591999714874;13406051200
5591981144993;14920557272
5512997171849;06459597820
5591987269061;28913884291
5511983384117;07533443861
5583988048439;05899583487
5594991892610;28894448215
5593991956085;19540825253
5511964647988;08310938896
5581981150965;36422860463
5512997773994;03170645846
5581987400176;48927783468
5581987203517;14359758472
5581987752859;69860688400
5583991471552;60139501487
5512991545118;07796825803
5581985138546;02693977444
5511947389179;24679572841
5589999971240;36888559149
5538999796060;23374616615
5587981032417;39015009449
5512997287864;88659631820
5586998157173;27962768134
5521997660895;32769172387
5516981101512;63051737887
5533999439513;47861665704
5511973739911;11958178861
5537999499356;43343295604
5511971202441;00759620806
5511962582020;02809810826
5583987157327;48649163491
5514996524510;60142030872
5599981314243;32975295391
5594991500028;57786542272
5531995422146;37058711615
5521992343578;32235208304
5545999449400;75996596920
5549988175014;42106990987
5538999292273;18636934672
5583988988543;09831096487
5591988421772;03031543220
5594991796058;29957109200
5594991519107;26630591291
5511970325356;86384635100
5512997524956;07247919817
5512996605036;00242422845
5561985627688;34413758315
5569999644416;05383761802
5567984456620;36566055134
5595981137440;29741491204
5514996100915;13079640870
5561981116351;18217230153
5567999596801;11195045115
5531988302975;65918517634
5519981781570;06762024890
5591988680928;26773180244
5591999215872;39887065234
5538991308808;70160295653
5594988041017;16607678149
5581983626142;12315303400
5511991077617;62567390006
5588992959039;22311700359
5511996998146;02227890851
5562981521569;75970457868
5514996503482;56428855887
5591981718080;08253439253
5591984072195;07297548200
5511995562778;17383235878
5515991215859;07602796837
5512981513137;14159126880
5583988527917;13257226420
5512981484677;85123927891
5594991442697;22851070215
5583988604448;29118832415
5514996940611;25818469840
5511983017180;07778103877
5511974493969;26243304884
5553981581821;40652084087
5562996412666;08166218291
5593984026904;06449050268
5583987710020;40903753472
5583987306122;33854890400
5583993721425;79760430487
5591980275361;11611570263
5583988892467;62494040400
5511982796963;02616591898
5581987746411;25377450434
5583999713996;13252771420
5553981285748;20732724015
5591996237881;01479571253
5591984373448;21440662215
5531995646967;78663776691
5519997462021;25289809813
5553999225928;18901824000
5583988321790;48897493491
5583999820831;02275682490
5516992469446;01531221882
5583987268454;06984410444
5521987907140;33044465753
5547996301333;52979849987
5561981900234;27951740144
5585987602961;09330380387
5567998734187;55759173120
5549998056764;09391851991
5551995915035;08905924034
5583996402724;04222632490
5517996169978;05686320870
5567996002995;77237528149
5585999963482;22102167372
5527999160425;01691897752
5571999164547;07474687534
5535998973993;13316664653
5581985850373;12720895415
5581986380034;24374938400
5561981511477;07278527104
5533999459343;01587660750
5566996438585;37410458291
5511981376748;01436602840
5511985939434;13644377839
5534991081786;74799169653
5567999335789;16363574153
5584996879892;75108020406
5596988064418;62495887287
5562984189589;48003506115
5567996175533;33455651100
5512981815765;80139205420
5533988221701;38595796653
5581988864775;14897822220
5532988589226;43230148649
5585986537545;05682770234
5567998162221;11090944187
5518996237334;28746391843
5512991640988;11911246810
5586981490823;28796551372
5567993123028;01192477391
5528999239298;74148923791
5548991294663;57283303987
5561984237814;09251928304
5511947140821;12890535886
5511951738616;02358569836
5511995343693;14245313811
5511950509697;32783936860
5562996775802;16982029115
5531991029217;41500962600
5565996748549;85526797104
5579988391067;59011890515
5511983220083;34972860871
5519997141489;02780812826
5564992935023;03011704104
5562981742726;43087981168
5562984197728;37097555653
5561998321384;18478549153
5521972393273;33864160391
5561992555764;88556760325
5542999797814;86472879915
5527999584523;73171034700
5531986281024;91777453615
5514997146949;40626253268
5564999466052;93352158991
5567991285305;10955836115
5566999787351;08776774848
5511996814578;00411441809
5522997696805;43271758700
5511992274792;96246863604
5594991172434;36289337220
5565984031830;10666575134
5518981258732;09756625899
5584991260004;67303536434
5519997647568;07055986400
5547984414199;82183767987
5581984062588;39788237487
5512982619246;00452161851
5583988636193;13152149468
5531985338890;74032917604
5583987805018;85399736420
5583986176870;44072449415
5583988514106;71477420444
5583988583376;22590323468
5583988131627;16801970453
5591988787423;30148413234
5553981333748;42979889091
5551997990637;40456749004
5591991102483;35700327287
5584981263374;30055016472
5581985863721;86852868400
5581988235544;72870648472
5581988673511;45589585449
5587996029549;34043934491
5583993442992;20708769420
5581988694592;45196052453
5512991985300;01921438835
5581985244219;38835797420
5551992018065;53765621072
5512997424873;10838520278
5535984692777;03059353808
5594991444454;07272219220
5581983453031;46352732453
5583987336301;28825004400
5519996002339;12070239810
5581983554085;24358401449
5583991105642;40903516420
5551981672677;18142265087
5581988224145;27466817491
5583987452912;38009412449
5511945455346;57183856453
5581996069525;64392759415
5583987030001;20757344453
5519994872578;07985481850
5591981696535;12444464249
5581994363596;39840735420
5581985348797;46054189468
5581986052926;38553309487
5581988190471;19830610420
5551984960100;13060975841
5581986408374;65974484487
5586988670420;35352345300
5586988164150;24043095368
5581991012004;37789856472
5512974023046;08706749860
5581981285996;17098513415
5581985758640;77116585400
5581996689858;00760236488
5551993344243;08253650230
5581987200723;33387389434
5512997204334;48937894734
5511992666041;08848917801
5512981021860;05176657864
5583988386751;25137107468
5511932737570;33335508220
5547991864224;20189526840
5553984118379;26052784091
5591988471674;12791997253
5567996042693;25495577191
5512996166700;07083567883
5512981280295;15968228806
5593991624603;09196080272
5593991512421;11647795249
5593991202223;31128564220
5586988165315;10553070363
5586981772971;24014729320
5583986240112;22002200491
5583988749968;13195395487
5583991007873;40016129172
5581986838234;12612790420
5586988521340;13313371353
5592991568540;18073050234
5586981354799;22692681304
5511975938637;15059588300
5581988875274;53040430491
5581984414655;58253297491
5586995633084;45351473372
5587988094145;17167701491
5586988043149;33995621368
5586988878721;07714106387
5583988591904;47357177491
5531988195524;06897344680
5593991279106;10989579204
5593992382323;40417310200
5593991398595;21948747200
5553984012700;40888495072
5591988029090;05735505220
5593984023746;10044221215
5583986309495;13639951468
5583988048445;49899074420
5553999871090;40062643053
5583988199419;38043033404
5583981709287;48663794487
5581986564370;58361200487
5583994112745;36887790459
5581992367220;45500193449
5581989377982;29167965415
5511985117218;13900948801
5581985910551;19890850400
5512974036846;06416583895
5583988699713;13731360497
5512991831079;48993735891
5512996261179;07123440803
5586994827358;12412640823
5512991977206;03182922890
5551985651701;38196808020
5589981015528;39720772387
5583987313691;50456130497
5543999388599;50497715953
5543998476778;50900498820
5551999791191;27881121068
5543984114265;49702459915
5527988412324;75291673753
5513996087972;00989783731
5528998811631;00172481759
5528981002450;23557290697
5528988163386;82702756700
5513996668642;08318307860
5512988205062;02615028839
5566992025549;27711765134
5512992216553;10970837801
5565999979445;52351572904
5565996017717;53526570191
5565996338128;01678461911
5561986442034;27218554504
5511976562033;43489001168
5565999958800;28916441072
5565992219897;69792941134
5512997422512;02622043805
5511941482325;14308117810
5566984472156;13862391191
5532999931491;67203990800
5511976451258;15764476852
5511982976475;14667825871
5512991837747;03484003812
5527999123291;77278666791
5512982177072;10478731841
5511974471617;09472249809
5511942388742;17205090857
5511964911001;13229539885
5511993041845;13329815850
5527995166004;65527631668
5511981261261;06495633874
5512988186337;03516871814
5512996525986;02963335814
5512996677987;01951240812
5512991859272;08667757810
5511995947999;05636475829
5511982850086;04865301836
5514981281730;25492315897
5511979727175;34171126568
5511991025696;82398968634
5512991232120;01947262823
5511998229404;13920527852
5511993781227;05146474850
5511940892913;11322532842
5519996381810;09599560850
5512988309480;05738459806
5511997165469;06638861808
5511961858896;83813306887
5519991143387;10661872823
5519997209455;15492764845
5511954834128;12460255829
5511942290387;02250452814
5511981082426;06903887806
5511971069974;13166315837
5527995782481;07063143875
5519996620099;05184774874
5517997220192;10326905855
5519992911317;04692368845
5511964814653;04834652831
5512991438231;12326031806
5553981252074;12360996053
5511970401027;01464293899
5519993933132;10308638816
5511972943748;05634275822
5591988483015;09668144287
5594991625040;32918356204
5514988103273;10108971104
5565999120192;20799586153
5565992519902;87907771668
5531995529031;42161495615
5524992994265;72497149704
5527999448840;06247946600
5531987379403;40557464668
5531971405772;62683764634
5563984885836;12961353149
5527997099097;79246630700
5527981614732;30146941268
5562991187715;53041003104
5531988263871;39087832672
5532988555630;63062585668
5531999162046;32535759691
5524992445775;02312038706
5527988342701;45875600659
5531985288936;22817441672
5527999094347;88913350700
5561981276624;44045310100
5561991348098;05484910110
5561984419858;29650534172
5531984619910;37203908615
5531988732068;49477730653
5565984730812;41294939149
5532987098952;53007816653
5598988716709;09488340304
5531991988303;63140624620
5545988266394;88598233900
5528999758699;01702172724
5527999839230;30255538715
5531986649155;51211351653
5531996648997;28139291668
5532988674607;99772043815
5532988327690;49711385600
5532988753599;43222706620
5511983647133;06115803810
5511964034108;03965200810
5511966733508;05859754850
5511954936445;05068345814
5513997602155;87219956800
5532988416280;23667826672
5511997456272;05855841847
5511994399309;03108874888
5511980337383;88081915834
5515996217621;68418280891
5545999143988;49887734934
5532988093049;60713186615
5524988157370;65145712715
5532988077353;26198665615
5515997991228;12454484803
5545999726249;33265380068
5511973177000;02882397844
5565984024482;13453742168
5581992380517;37255592449
5583993066202;64655075449
5581982907314;39890325420
5512991599274;07124312841
5581987477796;31443990787
5587991588718;42673194487
5587991169800;52746534487
5587991165506;68244282487
5581983646760;38996871591
5551999670551;38909065087
5587988371372;12663387487
5551981068755;53955145034
5512997261566;09264816810
5583981084909;16120671404
5547996322599;90319958949
5512988920636;07656758895
5512988171907;12762494893
5583996389964;39574440478
5512997060260;27287853841
5581996080079;65670892453
5551992536710;00803472072
5511946462508;04987345870
5554999071369;49035843134
5512981446767;12471762824
5587996193480;13615312821
5551998482767;20187971072
5587999212972;14467968334
5512997714644;38524112891
5587991177769;48801364415
5575988186953;43958974449
5586994060772;13385011353
5586988511964;22633375391
5586988163919;15284514300
5512997177412;06468392845
5512988283355;03106407840
5587988425043;31959407449
5587988173544;40325415404
5587988249145;47740850497
5586988538971;07758456391
5589988035241;21706395353
5589994284969;36219002334
5551985455496;12265268020
5543984029709;55799949900
5542988161883;59924136934
5543988024834;32480350991
5514998074049;10993220819
5583996042855;19494980425
5543991423026;36572560910
5512997541875;13847459805
5587988268997;72894369468
5591981506174;28001532291
5553981247770;26981840006
5511953001936;11206593881
5512991426731;12199210847
5512997677439;07241306830
5553984422597;25925970004
5553999863325;16706692034
5515991288285;16151349806
5591981155718;04364910287
5511987720664;05190787800
5591980585308;04955870287
5511968348909;12452232831
5513997852625;01840785802
5511956095148;00895203863
5511947781919;15547577898
5511980503916;44374801472
5511983202182;30913703800
5553991673002;76756262068
5581993317508;65684036449
5531996519920;57150443087
5583988514178;28145550491
5582981767236;76093441415
5583987701014;58588752468
5583999122121;75276100420
5517997693760;13350053823
5581985449443;22503170463
5551999571760;22911685091
5554991182000;52780929049
5515991269130;26935284880
5512981467364;05328242882
5551996468221;47150416004
5581986453533;10465111491
5512996672918;04110502810
5571981123821;23214317334
5512981381613;03156189812
5583991285615;43599630410
5583986049416;34282033487
5583996037609;25833413400
5583988544149;42503698468
5583987432878;25089307415
5583999999999;50722352468
5583987351385;13260251472
5583987516675;20555504468
5591980657165;18041493220
5512988477861;03465423836
5591991820845;36563390234
5512996790562;04723680870
5581994642910;74248596415
5512988188200;09088338817
5584994519598;47150165400
5581982043658;33985219400
5575988228449;12040139850
5512991425915;08095819816
5538991039173;01166523810
5586988562698;04827252300
5538999510721;25912208672
5538999335015;36944726653
5534999963755;71361073691
5537998016405;02773049624
5534999860050;52629783634
5534999667989;53952472620
5534992543116;26678306600
5534992162317;68060165615
5534999730070;12268542653
5534988897518;19101287672
5534991559421;04758484899
5561991964370;41659368120
5511975257360;67390315687
5519982592205;18344175895
5511966276146;26339458807
5531999763462;73685836668
5519981645950;12374101851
5567992628912;14277557104
5561985054041;28502264168
5549988135596;25125648949
5511971219060;08615903840
5521991002335;34379460720
5584988127544;28229592420
5516992162084;10889616817
5588996147727;22003380310
5511986206731;20598916806
5562996520340;46440895168
5519992416054;01716406838
5551996884240;37468502072
5512997014214;14473908810
5561992804680;09691731134
5521987514749;68396880034
5596984079444;09352074220
5513996091968;04529003876
5521980802676;80649688791
5581984561549;19883951434
5583991441620;11053534434
5511992464379;11891685880
5527992921288;35099500706
5528999750302;07242902738
5588988570354;17246059334
5543996144888;17374537972
5551981712844;62568868953
5551982863588;55500803034
5548988018267;55717063091
5511972995426;06907516802
5515996214543;12294999894
5511996666023;04337180800
5583998912245;64566862453
5583988138978;02540977405
5591985432295;18423647234
5564999574476;55624707134
5585986137319;13679660359
5563984207516;26818655149
5585985216302;40414680359
5581989315079;76307506415
5519999553290;01623422841
5561983143596;48440272120
5511994464104;78237998804
5518996139745;02897741872
5521999268232;66310075772
5511985423930;14788077841
5531987457089;25660608604
5521990521004;64629848720
5531999947706;48897116604
5521964774797;63631989768
5521995595272;43661351753
5516991659997;29403524880
5516991127235;18335191832
5517996310021;07613892883
5511945423743;21443449814
5519996045713;86650009849
5518997149637;74581619815
5511964057412;08971597801
5511987058537;15442398829
5521993609525;07957827721
5512988448288;88727882853
5519994691140;25078502807
5583999651875;13278215400
5543999413450;44083882972
5512997691384;04112899858
5512988034039;09123902809
5555984386802;45244820087
5543999416045;74448951987
5543991837346;60776846949
5524998252751;24622268850
5551984168556;62696653020
5512997068991;11426751818
5551996688441;26708884020
5541999635450;71665480963
5548998616577;49158082972
5543991308895;36654388968
5551981947107;10655883053
5583991583634;51832089487
5587988612018;44669372300
5543984569878;44475780934
5547999214276;35620463915
5586981861300;42895057320
5512991883345;08396927812
5527999063362;05273274680
5512981380832;09403557877
5581988543053;47956763487
5581987540765;25669559487
5551993110094;38931745087
5581983446718;46054456415
5587988531478;33766258400
5512974098243;97635413872
5512997689993;14660466868
5581981277532;68291485453
5581993643742;50762664487
5586988263955;35108282320
5551993267731;62623222053
5551991557047;40273377000
5543984253327;57301751915
5515981421359;06979057804
5519996010833;15484898838
5551992747421;62189700000
5551992380518;40439160006
5553997110706;34369201004
5541992242959;43421415900
5551981883806;37777149091
5544999763390;36914258953
5512996474648;11781106800
5587988068292;90067380425
5583987037829;31804403415
5581985309636;08385068449
5512981254202;01940603811
5586988771131;27444031304
5583988991276;48271632434
5522998513169;88496350444
5583986756354;87248077453
5583987593177;66752345449
5583988031767;50368508404
5581987965400;35342765404
5598987871402;28044304304
5512997553025;65618491753
5512997869895;53234901872
5512988029987;07643208824
5512997604060;09004675841
5586988292812;21768765391
5589988025333;29901987334
5541999164480;84984899972
5587988198216;44587961434
5547991757535;40976602091
5513988400001;12142491839
5586999496373;80544517334
5553999715095;32109873000
