5519992281279
5519992281390
5519992281518
5519992281933
5519992281953
5519992281990
5519992282342
5519992282525
5519992282556
5519992282719
5519992282774
5519992283062
5519992283063
5519992283179
5519992283383
5519992283392
5519992283439
5519992283584
5519992283646
5519992283657
5519992283737
5519992283984
5519992284079
5519992284200
5519992284260
5519992284379
5519992284586
5519992284664
5519992284916
5519992285069
5519992285174
5519992285206
5519992285336
5519992285338
5519992285429
5519992285450
5519992285544
5519992285665
5519992285900
5519992285964
5519992285990
5519992286416
5519992286455
5519992286477
5519992286519
5519992286543
5519992286552
5519992286577
5519992286745
5519992286940
5519992287017
5519992287395
5519992287546
5519992287794
5519992287856
5519992287947
5519992287987
5519992288336
5519992288444
5519992288602
5519992288674
5519992288754
5519992288796
5519992288810
5519992288998
5519992289006
5519992289150
5519992289423
5519992289427
5519992289592
5519992289600
5519992289711
5519992289848
5519992289888
5519992290023
5519992290240
5519992290732
5519992290739
5519992290754
5519992290875
5519992290946
5519992290985
5519992291345
5519992291451
5519992291535
5519992291551
5519992291607
5519992291633
5519992291715
5519992291868
5519992291925
5519992291953
5519992292069
5519992292145
5519992292154
5519992292509
5519992293119
5519992293132
5519992293190
5519992293362
5519992293408
5519992293535
5519992293587
5519992293655
5519992293739
5519992293826
5519992293828
5519992294064
5519992294104
5519992294112
5519992294155
5519992294372
5519992294430
5519992294528
5519992294544
5519992294705
5519992294799
5519992294891
5519992295525
5519992295538
5519992295601
5519992295619
5519992295983
5519992296001
5519992296029
5519992296273
5519992296476
5519992296564
5519992296565
5519992296684
5519992296685
5519992296698
5519992296987
5519992297164
5519992297255
5519992297304
5519992297372
5519992297711
5519992297822
5519992298130
5519992298310
5519992298453
5519992298514
5519992298536
5519992298541
5519992298769
5519992298839
5519992299007
5519992299207
5519992299482
5519992299510
5519992299734
5519992299952
5519992300180
5519992300697
5519992300885
5519992301106
5519992301452
5519992301458
5519992301870
5519992302107
5519992302121
5519992302140
5519992302243
5519992302477
5519992302547
5519992302892
5519992302957
5519992303083
5519992303300
5519992303345
5519992303350
5519992303434
5519992303774
5519992303854
5519992304024
5519992304033
5519992304035
5519992304053
5519992304490
5519992304493
5519992304578
5519992304712
5519992304743
5519992304868
5519992305064
5519992305225
5519992305353
5519992305613
5519992305656
5519992306054
5519992306091
5519992306168
5519992306191
5519992306302
5519992306657
5519992306977
5519992307025
5519992307026
5519992307304
5519992307463
5519992307469
5519992307547
5519992307667
5519992307787
5519992307792
5519992307864
5519992307905
5519992307931
5519992308004
5519992308074
5519992308470
5519992308752
5519992309155
5519992309217
5519992309260
5519992309403
5519992309485
5519992309494
5519992309534
5519992309559
5519992309708
5519992309768
5519992309879
5519992309898
5519992310146
5519992310202
5519992310230
5519992310477
5519992310488
5519992310509
5519992310727
5519992311112
5519992311256
5519992311525
5519992311552
5519992311630
5519992311657
5519992311738
5519992312159
5519992312163
5519992312621
5519992312636
5519992312730
5519992312733
5519992312995
5519992313539
5519992313663
5519992313741
5519992313990
5519992314018
5519992314066
5519992314263
5519992314267
5519992314402
5519992314416
5519992314516
5519992314523
5519992314544
5519992314630
5519992314671
5519992314704
5519992314820
5519992314846
5519992314876
5519992314879
5519992314895
5519992314961
5519992314962
5519992315058
5519992315109
5519992315161
5519992315277
5519992315419
5519992315547
5519992315635
5519992315696
5519992315705
5519992315710
5519992315730
5519992315734
5519992315812
5519992315898
5519992315918
5519992315983
5519992316044
5519992316117
5519992316219
5519992316389
5519992316499
5519992316776
5519992316783
5519992316989
5519992317033
5519992317091
5519992317132
5519992317183
5519992317258
5519992317390
5519992317395
5519992317557
5519992317707
5519992317979
5519992318005
5519992318064
5519992318124
5519992318170
5519992318317
5519992318332
5519992318415
5519992318425
5519992318668
5519992318868
5519992319077
5519992319142
5519992319148
5519992319171
5519992319371
5519992319453
5519992319468
5519992319524
5519992319563
5519992319631
5519992319679
5519992319696
5519992319938
5519992320180
5519992320222
5519992320438
5519992320618
5519992320622
5519992320660
5519992320677
5519992320710
5519992321002
5519992321077
5519992321601
5519992321629
5519992321943
5519992321953
5519992322060
5519992322222
5519992322279
5519992322402
5519992322677
5519992323185
5519992323210
5519992323511
5519992323677
5519992323693
5519992323732
5519992323904
5519992324271
5519992324571
5519992324676
5519992324771
5519992324803
5519992324877
5519992324881
5519992324940
5519992325100
5519992325113
5519992325137
5519992325181
5519992325201
5519992325213
5519992325224
5519992325228
5519992325246
5519992325252
5519992325363
5519992325776
5519992325865
5519992325900
5519992325938
5519992325995
5519992326152
5519992326220
5519992326372
5519992326467
5519992326596
5519992326637
5519992326707
5519992326871
5519992326878
5519992326889
5519992326926
5519992326946
5519992327025
5519992327067
5519992327158
5519992327186
5519992327311
5519992327476
5519992327518
5519992327522
5519992327534
5519992327920
5519992327928
5519992327979
5519992327993
5519992328282
5519992328302
5519992328352
5519992328643
5519992328714
5519992328821
5519992328994
5519992328999
5519992329077
5519992329131
5519992329172
5519992329186
5519992329393
5519992329570
5519992329774
5519992329797
5519992329988
5519992330033
5519992330065
5519992330249
5519992330263
5519992330405
5519992330458
5519992330526
5519992330547
5519992330620
5519992330627
5519992330641
5519992330683
5519992331051
5519992331139
5519992331234
5519992331266
5519992331387
5519992331418
5519992331456
5519992331488
5519992331506
5519992331508
5519992331664
5519992331696
5519992331885
5519992332165
5519992332361
5519992332552
5519992332671
5519992332768
5519992332800
5519992332960
5519992333049
5519992333149
5519992333420
5519992333454
5519992333580
5519992333641
5519992334301
5519992334587
5519992334594
5519992334595
5519992334725
5519992334918
5519992334958
5519992335094
5519992335115
5519992335309
5519992335329
5519992335382
5519992335473
5519992335713
5519992335732
5519992335734
5519992335826
5519992336244
5519992336437
5519992336451
5519992336743
5519992336810
5519992336887
5519992337006
5519992337104
5519992337184
5519992337217
5519992337243
5519992337325
5519992337432
5519992337467
5519992337524
5519992337670
5519992337736
5519992337828
5519992337895
5519992337983
5519992338122
5519992338325
5519992338460
5519992338466
5519992338477
5519992338585
5519992338659
5519992338683
5519992338817
5519992338860
5519992338932
5519992339058
5519992339287
5519992339493
5519992339879
5519992340040
5519992340054
5519992340192
5519992340440
5519992340483
5519992340658
5519992340725
5519992340889
5519992343004
5519992343014
5519992343053
5519992343071
5519992343076
5519992343126
5519992343131
5519992343189
5519992343258
5519992343372
5519992343405
5519992343474
5519992343480
5519992343598
5519992343641
5519992343659
5519992343710
5519992343776
5519992343938
5519992343970
5519992344036
5519992344241
5519992344268
5519992344280
5519992344312
5519992344328
5519992344386
5519992344504
5519992344812
5519992344973
5519992345169
5519992345170
5519992345199
5519992345365
5519992345378
5519992345442
5519992345663
5519992345818
5519992345927
5519992346068
5519992346262
5519992346613
5519992346716
5519992346884
5519992346914
5519992346918
5519992346954
5519992347288
5519992347417
5519992347479
5519992347516
5519992347615
5519992347693
5519992347779
5519992347793
5519992347859
5519992348132
5519992348183
5519992348246
5519992348308
5519992348309
5519992348324
5519992348500
5519992348534
5519992348578
5519992348793
5519992348892
5519992348916
5519992348983
5519992349020
5519992349292
5519992349418
5519992349502
5519992349723
5519992349869
5519992349888
5519992349988
5519992350186
5519992350352
5519992350486
5519992350558
5519992350590
5519992350919
5519992351016
5519992351133
5519992351258
5519992351365
5519992351617
5519992351751
5519992351787
5519992351797
5519992351959
5519992351961
5519992352113
5519992352129
5519992352168
5519992352384
5519992352541
5519992352551
5519992352645
5519992352940
5519992352948
5519992353019
5519992353391
5519992353427
5519992353641
5519992354353
5519992354606
5519992354794
5519992354985
5519992355049
5519992355065
5519992355261
5519992355328
5519992355378
5519992355400
5519992355469
5519992355483
5519992355500
5519992355545
5519992355813
5519992355907
5519992355945
5519992355960
5519992356069
5519992356101
5519992356158
5519992356162
5519992356179
5519992356312
5519992356418
5519992356561
5519992356794
5519992356882
5519992357088
5519992357218
5519992357250
5519992357534
5519992357547
5519992357687
5519992358280
5519992358483
5519992358746
5519992358959
5519992359009
5519992359076
5519992359105
5519992359296
5519992359341
5519992359544
5519992359633
5519992359908
5519992359972
5519992360052
5519992360595
5519992360876
5519992361040
5519992361228
5519992361268
5519992361524
5519992361684
5519992361722
5519992361739
5519992361782
5519992361794
5519992361852
5519992361894
5519992361935
5519992362079
5519992362194
5519992362213
5519992362218
5519992362219
5519992362621
5519992362650
5519992362651
5519992362775
5519992362920
5519992362926
5519992363163
5519992363427
5519992363447
5519992363600
5519992363647
5519992363723
5519992363799
5519992364069
5519992364286
5519992364360
5519992364445
5519992364516
5519992364556
5519992364640
5519992364644
5519992364703
5519992364818
5519992364901
5519992364949
5519992364952
5519992365061
5519992365084
5519992365173
5519992365403
5519992365528
5519992365534
5519992365869
5519992365872
5519992365920
5519992365936
5519992366016
5519992366316
5519992366494
5519992366865
5519992366895
5519992366967
5519992367090
5519992367115
5519992367252
5519992367543
5519992367579
5519992367891
5519992368198
5519992368321
5519992368390
5519992368437
5519992368481
5519992368754
5519992368755
5519992368779
5519992368783
5519992368787
5519992368795
5519992368806
5519992368811
5519992368993
5519992369008
5519992369115
5519992369222
5519992369267
5519992369573
5519992369762
5519992369891
5519992369934
5519992369999
5519992370165
5519992370315
5519992370323
5519992370435
5519992370437
5519992370466
5519992370472
5519992370923
5519992371050
5519992371103
5519992371128
5519992371209
5519992371213
5519992371230
5519992371245
5519992371337
5519992371591
5519992371993
5519992372173
5519992372396
5519992372802
5519992372891
5519992372962
5519992372967
5519992373263
5519992373585
5519992373890
5519992373908
5519992374063
5519992374077
5519992374177
5519992374368
5519992374482
5519992374528
5519992374695
5519992375050
5519992375150
5519992375180
5519992375334
5519992375343
5519992375411
5519992375648
5519992375722
5519992375738
5519992375935
5519992375985
5519992376411
5519992376561
5519992376641
5519992376688
5519992376803
5519992376886
5519992377051
5519992377160
5519992377208
5519992377439
5519992377480
5519992377551
5519992377598
5519992377794
5519992377956
5519992377982
5519992378044
5519992378204
5519992378307
5519992378497
5519992378516
5519992378556
5519992378558
5519992379088
5519992379099
5519992379162
5519992379328
5519992379376
5519992379379
5519992379496
5519992379595
5519992379624
5519992379774
5519992379817
5519992379844
5519992380203
5519992380932
5519992381176
5519992381297
5519992381406
5519992381436
5519992381583
5519992381623
5519992381650
5519992381822
5519992381981
5519992381989
5519992382072
5519992382099
5519992382195
5519992382262
5519992382485
5519992382635
5519992382694
5519992382719
5519992382942
5519992382976
5519992383323
5519992383431
5519992383465
5519992383532
5519992383600
5519992383636
5519992383656
5519992383659
5519992383951
5519992383976
5519992384002
5519992384377
5519992384440
5519992384625
5519992384673
5519992384700
5519992384729
5519992384730
5519992384744
5519992384841
5519992384931
5519992385049
5519992385179
5519992385445
5519992385633
5519992385679
5519992385723
5519992385803
5519992386026
5519992386054
5519992386108
5519992386359
5519992386475
5519992386613
5519992386687
5519992386698
5519992386727
5519992386988
5519992387006
5519992387043
5519992387064
5519992387193
5519992387202
5519992387266
5519992387276
5519992387481
5519992387714
5519992387766
5519992387847
5519992387848
5519992387959
5519992388032
5519992388080
5519992388134
5519992388156
5519992388424
5519992388477
5519992388478
5519992388536
5519992388633
5519992388665
5519992388810
5519992388852
5519992388907
5519992389086
5519992389096
5519992389105
5519992389140
5519992389186
5519992389301
5519992389581
5519992389743
5519992389753
5519992389816
5519992389824
5519992389851
5519992389963
5519992390449
5519992390858
5519992390886
5519992390936
5519992390963
5519992391027
5519992391130
5519992391246
5519992391395
5519992391613
5519992391638
5519992391704
5519992391732
5519992391805
5519992391877
5519992392137
5519992392166
5519992392172
5519992392356
5519992392474
5519992392524
5519992392611
5519992392876
5519992392926
5519992392955
5519992392971
5519992393109
5519992393329
5519992393333
5519992393341
5519992393681
5519992393837
5519992393855
5519992394131
5519992394187
5519992394211
5519992394514
5519992394554
5519992394648
5519992394722
5519992394766
5519992394909
5519992395104
5519992395135
5519992395170
5519992395223
5519992395293
5519992395466
5519992395503
5519992395520
5519992395667
5519992395894
5519992395907
5519992396000
5519992396115
5519992396243
5519992396314
5519992396499
5519992396535
5519992396543
5519992396550
5519992396569
5519992397087
5519992397262
5519992397305
5519992397326
5519992397414
5519992397669
5519992397997
5519992398055
5519992398080
5519992398181
5519992398213
5519992398340
5519992398368
5519992398440
5519992398514
5519992398560
5519992398627
5519992398823
5519992398845
5519992398936
5519992399125
5519992399335
5519992399391
5519992399410
5519992399451
5519992399478
5519992399537
5519992399843
5519992400174
5519992400451
5519992400622
5519992400701
5519992400981
5519992401112
5519992401307
5519992401375
5519992401740
5519992401799
5519992401854
5519992402051
5519992402080
5519992402107
5519992402223
5519992402388
5519992402396
5519992402486
5519992402669
5519992402835
5519992402899
5519992403208
5519992403249
5519992403382
5519992403415
5519992403430
5519992403459
5519992403587
5519992403628
5519992403732
5519992403914
5519992404073
5519992404121
5519992404838
5519992404884
5519992404966
5519992405099
5519992405164
5519992405227
5519992405911
5519992405923
5519992405934
5519992405939
5519992406065
5519992406436
5519992406733
5519992406865
5519992406901
5519992406996
5519992407091
5519992407176
5519992407350
5519992407386
5519992407392
5519992407455
5519992407604
5519992407870
5519992407945
5519992407960
5519992408079
5519992408181
5519992408280
5519992408686
5519992408861
5519992408870
5519992408936
5519992409046
5519992409079
5519992409113
5519992409737
5519992409926
5519992410196
5519992410236
5519992410283
5519992410352
5519992410437
5519992410448
5519992410461
5519992410502
5519992410605
5519992410689
5519992411139
5519992411255
5519992411361
5519992411619
5519992411679
5519992411717
5519992411767
5519992411882
5519992412071
5519992412081
5519992412217
5519992412270
5519992412407
5519992412468
5519992412503
5519992412766
5519992412875
5519992412934
5519992413101
5519992413246
5519992413320
5519992413505
5519992413614
5519992413669
5519992413697
5519992413958
5519992414361
5519992414438
5519992414780
5519992415048
5519992415104
5519992415125
5519992415246
5519992415508
5519992415525
5519992415603
5519992415620
5519992415698
5519992415726
5519992416248
5519992416354
5519992416368
5519992416495
5519992416585
5519992416744
5519992416773
5519992416813
5519992416904
5519992416913
5519992417002
5519992417125
5519992417451
5519992417893
5519992417919
5519992417964
5519992417969
5519992418247
5519992418550
5519992418607
5519992418613
5519992418657
5519992418676
5519992418747
5519992418800
5519992418931
5519992419011
5519992419021
5519992419257
5519992419683
5519992419823
5519992420032
5519992420085
5519992420139
5519992420260
5519992420348
5519992420575
5519992420580
5519992420700
5519992420816
5519992420984
5519992421032
5519992421072
5519992421159
5519992421260
5519992421287
5519992421342
5519992421346
5519992421370
5519992421703
5519992421742
5519992421759
5519992421767
5519992421842
5519992422002
5519992422026
5519992422173
5519992422295
5519992422726
5519992422884
5519992422930
5519992423006
5519992423255
5519992423289
5519992423394
5519992423432
5519992423470
5519992423634
5519992423663
5519992423810
5519992423960
5519992424049
5519992424070
5519992424170
5519992424237
5519992424270
5519992424361
5519992424535
5519992424590
5519992424750
5519992424761
5519992424833
5519992425094
5519992425103
5519992425207
5519992425261
5519992425270
5519992425385
5519992425392
5519992425396
5519992425573
5519992425624
5519992425743
5519992425753
5519992425797
5519992425798
5519992425958
5519992426038
5519992426125
5519992426436
5519992426601
5519992426626
5519992426660
5519992426790
5519992426795
5519992426930
5519992427117
5519992427173
5519992427220
5519992427267
5519992427300
5519992427430
5519992427583
5519992427633
5519992427940
5519992428140
5519992428371
5519992428460
5519992428568
5519992428593
5519992428669
5519992429080
5519992429277
5519992429340
5519992429428
5519992429583
5519992429791
5519992429851
5519992429984
5519992430314
5519992430931
5519992431030
5519992431039
5519992431157
5519992431304
5519992431309
5519992431445
5519992431462
5519992431488
5519992431621
5519992431658
5519992431970
5519992432043
5519992432233
5519992432278
5519992432279
5519992432345
5519992432394
5519992432427
5519992432487
5519992432636
5519992432675
5519992432977
5519992433047
5519992433056
5519992433158
5519992433383
5519992433439
5519992433489
5519992433732
5519992433738
5519992433745
5519992433909
5519992434154
5519992434164
5519992434177
5519992434225
5519992434399
5519992434419
5519992434459
5519992434505
5519992434593
5519992434899
5519992434948
5519992434978
5519992435188
5519992435456
5519992435593
5519992435643
5519992436317
5519992436491
5519992436583
5519992436655
5519992437054
5519992437088
5519992437125
5519992437206
5519992437600
5519992437753
5519992437791
5519992437824
5519992437945
5519992438148
5519992438169
5519992438282
5519992438318
5519992438436
5519992438444
5519992438445
5519992438507
5519992438608
5519992438720
5519992439060
5519992439131
5519992439485
5519992439531
5519992439544
5519992439550
5519992439654
5519992439661
5519992439772
5519992439938
5519992440166
5519992440168
5519992440617
5519992440959
5519992441223
5519992441430
5519992441515
5519992441550
5519992441861
5519992441871
5519992441890
5519992441896
5519992441926
5519992442152
5519992442267
5519992442466
5519992442491
5519992442553
5519992442554
5519992442582
5519992442742
5519992442751
5519992443042
5519992443044
5519992443263
5519992443588
5519992443641
5519992443683
5519992443692
5519992443710
5519992443745
5519992443775
5519992443780
5519992443786
5519992443902
5519992443998
5519992443999
5519992444311
5519992444387
5519992444708
5519992444758
5519992444847
5519992444876
5519992444935
5519992445023
5519992445277
5519992445373
5519992445488
5519992445681
5519992445688
5519992445761
5519992445809
5519992446197
5519992446199
5519992446281
5519992446384
5519992446409
5519992446450
5519992446456
5519992446475
5519992446499
5519992446641
5519992446905
5519992446913
5519992446960
5519992447102
5519992447271
5519992447354
5519992447949
5519992448239
5519992448324
5519992448342
5519992448613
5519992448626
5519992448713
5519992448820
5519992448843
5519992449048
5519992449062
5519992449171
5519992449623
5519992449668
5519992449832
5519992449991
5519992450000
5519992450208
5519992450238
5519992450285
5519992450337
5519992450345
5519992450455
5519992450539
5519992450598
5519992450716
5519992450834
5519992450912
5519992451364
5519992451434
5519992451485
5519992451616
5519992451875
5519992451926
5519992451930
5519992451980
5519992452093
5519992452150
5519992452164
5519992452334
5519992452392
5519992452405
5519992452498
5519992452623
5519992452671
5519992453091
5519992453116
5519992453431
5519992453513
5519992453823
5519992453938
5519992453941
5519992454081
5519992454477
5519992454488
5519992454740
5519992455035
5519992455174
5519992455396
5519992456059
5519992456111
5519992456222
5519992456298
5519992456375
5519992456399
5519992456452
5519992456563
5519992456602
5519992456735
5519992457064
5519992457105
5519992457120
5519992457146
5519992457227
5519992457380
5519992457381
5519992457411
5519992457458
5519992457656
5519992457728
5519992457732
5519992457887
5519992457922
5519992457958
5519992457962
5519992458181
5519992458189
5519992458219
5519992458369
5519992458651
5519992458672
5519992458673
5519992458745
5519992458817
5519992458818
5519992458911
5519992458947
5519992458953
5519992459185
5519992459274
5519992459300
5519992459309
5519992459386
5519992459568
5519992459643
5519992459718
5519992459729
5519992459898
5519992459904
5519992459926
5519992459940
5519992459994
5519992460069
5519992460213
5519992460365
5519992460370
5519992460529
5519992460567
5519992460717
5519992460741
5519992460884
5519992461028
5519992461048
5519992461079
5519992461154
5519992461203
5519992461260
5519992461346
5519992461415
5519992461479
5519992461722
5519992461889
5519992461972
5519992461981
5519992461985
5519992462063
5519992462183
5519992462205
5519992462263
5519992462545
5519992462649
5519992462918
5519992463003
5519992463069
5519992463295
5519992463473
5519992463650
5519992463684
5519992463725
5519992463773
5519992464130
5519992464240
5519992464353
5519992464649
5519992464675
5519992464751
5519992464768
5519992464882
5519992464883
5519992465023
5519992465026
5519992465061
5519992465288
5519992465314
5519992465459
5519992465665
5519992465682
5519992465720
5519992465854
5519992465864
5519992465919
5519992465984
5519992466193
5519992466324
5519992466355
5519992466366
5519992466599
5519992466838
5519992466856
5519992466936
5519992466937
5519992467003
5519992467297
5519992467311
5519992467498
5519992467591
5519992467814
5519992467856
5519992467877
5519992468140
5519992468174
5519992468224
5519992468282
5519992468332
5519992468387
5519992468552
5519992468584
5519992468660
5519992468679
5519992468967
5519992469025
5519992469063
5519992469089
5519992469292
5519992469541
5519992469580
5519992469688
5519992469770
5519992470097
5519992470167
5519992470188
5519992470193
5519992470458
5519992470510
5519992470604
5519992470607
5519992470623
5519992470626
5519992470697
5519992470958
5519992470974
5519992471117
5519992471335
5519992471515
5519992471551
5519992471569
5519992471980
5519992472378
5519992472424
5519992472461
5519992472487
5519992472552
5519992472614
5519992473017
5519992473053
5519992473098
5519992473122
5519992473168
5519992473208
5519992473223
5519992473327
5519992473489
5519992473636
5519992473705
5519992473724
5519992473847
5519992474161
5519992474287
5519992474364
5519992474547
5519992474619
5519992474778
5519992474904
5519992475209
5519992475330
5519992475756
5519992475803
5519992475835
5519992476125
5519992476843
5519992476971
5519992477020
5519992477172
5519992477333
5519992477454
5519992477629
5519992477742
5519992477771
5519992477790
5519992477803
5519992478124
5519992478323
5519992478635
5519992478664
5519992478959
5519992479117
5519992479267
5519992479296
5519992479643
5519992479849
5519992480044
5519992480207
5519992480226
5519992480521
5519992480853
5519992481104
5519992481131
5519992481270
5519992481353
5519992481448
5519992481648
5519992481747
5519992481775
5519992482173
5519992482295
5519992482462
5519992482680
5519992482746
5519992482899
5519992482962
5519992483084
5519992483137
5519992483143
5519992483235
5519992483605
5519992483662
5519992483688
5519992483738
5519992483869
5519992483961
5519992484041
5519992484058
5519992484061
5519992484110
5519992484390
5519992484481
5519992484735
5519992484794
5519992484795
5519992484801
5519992484830
5519992484859
5519992484863
5519992484879
5519992484934
5519992485004
5519992485064
5519992485094
5519992485112
5519992485157
5519992485177
5519992485285
5519992485342
5519992485468
5519992485604
5519992485761
5519992485818
5519992485834
5519992485992
5519992486130
5519992486383
5519992486404
5519992487020
5519992487288
5519992487373
5519992487429
5519992487484
5519992487657
5519992487676
5519992487957
5519992488100
5519992488187
5519992488204
5519992488283
5519992488464
5519992488885
5519992489016
5519992489054
5519992489055
5519992489177
5519992489276
5519992489382
5519992489453
5519992489621
5519992489754
5519992489768
5519992489912
5519992490034
5519992490077
5519992490201
5519992490521
5519992491078
5519992491367
5519992491414
5519992491468
5519992491475
5519992491695
5519992491765
5519992491981
5519992492135
5519992492366
5519992492401
5519992492538
5519992492758
5519992492917
5519992493265
5519992493344
5519992493473
5519992493576
5519992493623
5519992493675
5519992493978
5519992494063
5519992494065
5519992494231
5519992494311
5519992494396
5519992494448
5519992494570
5519992494611
5519992494698
5519992494765
5519992494836
5519992494915
5519992494972
5519992494992
5519992495317
5519992495366
5519992495471
5519992495552
5519992495675
5519992495829
5519992495845
5519992495892
5519992496017
5519992496191
5519992496224
5519992496248
5519992496359
5519992496367
5519992496382
5519992496402
5519992496680
5519992496736
5519992496747
5519992496959
5519992497005
5519992497245
5519992497294
5519992497557
5519992497759
5519992497887
5519992497910
5519992497956
5519992498004
5519992498021
5519992498102
5519992498203
5519992498256
5519992498379
5519992498380
5519992498543
5519992498587
5519992498720
5519992498932
5519992498939
5519992499180
5519992499198
5519992499246
5519992499277
5519992499359
5519992499419
5519992499516
5519992499659
5519992499828
5519992499922
5519992500164
5519992500220
5519992500257
5519992500311
5519992500348
5519992500378
5519992500752
5519992500916
5519992500973
5519992501112
5519992501223
5519992501228
5519992501481
5519992501485
5519992501558
5519992501907
5519992501917
5519992502002
5519992502108
5519992502244
5519992502279
5519992502305
5519992502316
5519992502453
5519992502694
5519992502862
5519992502867
5519992503417
5519992503710
5519992503810
5519992504097
5519992504612
5519992504666
5519992505029
5519992505043
5519992505068
5519992505596
5519992505634
5519992505680
5519992505853
5519992506118
5519992506416
5519992506459
5519992506589
5519992506790
5519992507004
5519992507036
5519992507064
5519992507069
5519992507117
5519992507671
5519992508087
5519992508129
5519992508443
5519992508493
5519992508606
5519992508630
5519992508633
5519992508645
5519992508780
5519992508901
5519992509395
5519992509461
5519992509719
5519992509806
5519992509898
5519992510077
5519992510158
5519992510282
5519992510338
5519992510423
5519992510674
5519992510780
5519992510872
5519992510890
5519992510985
5519992511203
5519992511326
5519992511338
5519992511471
5519992511575
5519992511702
5519992511853
5519992511871
5519992512022
5519992512339
5519992512602
5519992512658
5519992512663
5519992512719
5519992512816
5519992512891
5519992513240
5519992513647
5519992513791
5519992513895
5519992514056
5519992514265
5519992514422
5519992514578
5519992514585
5519992515032
5519992515073
5519992515343
5519992515383
5519992515742
5519992515909
5519992516160
5519992516207
5519992516317
5519992516498
5519992516603
5519992516636
5519992516663
