5519992046687
5519992046725
5519992046810
5519992046960
5519992047208
5519992047212
5519992047230
5519992047337
5519992047567
5519992047627
5519992047725
5519992047730
5519992047945
5519992048203
5519992048213
5519992048286
5519992048379
5519992048787
5519992048820
5519992049029
5519992049052
5519992049164
5519992049191
5519992049198
5519992049203
5519992049271
5519992049307
5519992049399
5519992049444
5519992049459
5519992049480
5519992049485
5519992049507
5519992049583
5519992049623
5519992050013
5519992050310
5519992050620
5519992050707
5519992050921
5519992051009
5519992051274
5519992051287
5519992051575
5519992051585
5519992051596
5519992051627
5519992051645
5519992052092
5519992052247
5519992052257
5519992052278
5519992052305
5519992052752
5519992052762
5519992052935
5519992053113
5519992053162
5519992053167
5519992053270
5519992053347
5519992053409
5519992053421
5519992053775
5519992053790
5519992053866
5519992054017
5519992054217
5519992054335
5519992054664
5519992054703
5519992054776
5519992054809
5519992054867
5519992055026
5519992055207
5519992055437
5519992055606
5519992055644
5519992055672
5519992055851
5519992055863
5519992055975
5519992056041
5519992056175
5519992056313
5519992056666
5519992056783
5519992056801
5519992056928
5519992056976
5519992057410
5519992057434
5519992057489
5519992058479
5519992058583
5519992058862
5519992058985
5519992059245
5519992059304
5519992059709
5519992059761
5519992059763
5519992059764
5519992059765
5519992060159
5519992060201
5519992060277
5519992060324
5519992060328
5519992060594
5519992060601
5519992060636
5519992060806
5519992060939
5519992061249
5519992061476
5519992061540
5519992062120
5519992062234
5519992062279
5519992062401
5519992062494
5519992062650
5519992062726
5519992063004
5519992063169
5519992063296
5519992063302
5519992063345
5519992063346
5519992063489
5519992063560
5519992063577
5519992063680
5519992063898
5519992063902
5519992063931
5519992063989
5519992064138
5519992064285
5519992064531
5519992064607
5519992064644
5519992064652
5519992064810
5519992064829
5519992064867
5519992065112
5519992065521
5519992065568
5519992065683
5519992065965
5519992065989
5519992066033
5519992066070
5519992066248
5519992066298
5519992066747
5519992066758
5519992066808
5519992067036
5519992067064
5519992067157
5519992067289
5519992067303
5519992067357
5519992067488
5519992067855
5519992067923
5519992067924
5519992068258
5519992068421
5519992068454
5519992068479
5519992068547
5519992068635
5519992068724
5519992068731
5519992068981
5519992069085
5519992069233
5519992069315
5519992069580
5519992069634
5519992069777
5519992069781
5519992070110
5519992070119
5519992070125
5519992070164
5519992070307
5519992070333
5519992070496
5519992070650
5519992070788
5519992070991
5519992071053
5519992071291
5519992071340
5519992071571
5519992071783
5519992071813
5519992071835
5519992071918
5519992071946
5519992072062
5519992072097
5519992072125
5519992072131
5519992072174
5519992072592
5519992072642
5519992072673
5519992072706
5519992072898
5519992073056
5519992073136
5519992073148
5519992073179
5519992073293
5519992073408
5519992073500
5519992073511
5519992073553
5519992073648
5519992073670
5519992073728
5519992073838
5519992073919
5519992074106
5519992074108
5519992074118
5519992074133
5519992074171
5519992074612
5519992074630
5519992074639
5519992074692
5519992074713
5519992074793
5519992074815
5519992074887
5519992074998
5519992075050
5519992075137
5519992075171
5519992075208
5519992075243
5519992075309
5519992075379
5519992075475
5519992075481
5519992075510
5519992075840
5519992075863
5519992075947
5519992076122
5519992076170
5519992076421
5519992076542
5519992076586
5519992076640
5519992076880
5519992076931
5519992077398
5519992077435
5519992077510
5519992077823
5519992078007
5519992078079
5519992078214
5519992078309
5519992078333
5519992078537
5519992078845
5519992078850
5519992079194
5519992079290
5519992079705
5519992079862
5519992080019
5519992080142
5519992080198
5519992080232
5519992080357
5519992080640
5519992080745
5519992080755
5519992080767
5519992080850
5519992080975
5519992080996
5519992081026
5519992081139
5519992081161
5519992081307
5519992081467
5519992081686
5519992081709
5519992081714
5519992081747
5519992081911
5519992082016
5519992082028
5519992082161
5519992082363
5519992082409
5519992082540
5519992082638
5519992082736
5519992082969
5519992083167
5519992083170
5519992083229
5519992083311
5519992083647
5519992083666
5519992083806
5519992083829
5519992083877
5519992083918
5519992084098
5519992084113
5519992084128
5519992084214
5519992084545
5519992084805
5519992084853
5519992084896
5519992084924
5519992084948
5519992084977
5519992085095
5519992085132
5519992085296
5519992085360
5519992085368
5519992085620
5519992085770
5519992086000
5519992086227
5519992086262
5519992086264
5519992086278
5519992086507
5519992086565
5519992086583
5519992086818
5519992086827
5519992086862
5519992087050
5519992087151
5519992087272
5519992087493
5519992087652
5519992087671
5519992087685
5519992087755
5519992087839
5519992087875
5519992087983
5519992088063
5519992088080
5519992088184
5519992088563
5519992088700
5519992088801
5519992088861
5519992088916
5519992088993
5519992089063
5519992089184
5519992089238
5519992089267
5519992089314
5519992089339
5519992089380
5519992089636
5519992089910
5519992090515
5519992090538
5519992090621
5519992090945
5519992090973
5519992091395
5519992091796
5519992091818
5519992092060
5519992092078
5519992092191
5519992092252
5519992092424
5519992092537
5519992092565
5519992092586
5519992092733
5519992092846
5519992093169
5519992093259
5519992093442
5519992093522
5519992093544
5519992093635
5519992093812
5519992093860
5519992093938
5519992094040
5519992094299
5519992094376
5519992094444
5519992094521
5519992094541
5519992094878
5519992094918
5519992094982
5519992095110
5519992095128
5519992095165
5519992095254
5519992095568
5519992095585
5519992095826
5519992096158
5519992096210
5519992096336
5519992096445
5519992096446
5519992096495
5519992096750
5519992096792
5519992096847
5519992096925
5519992097143
5519992097174
5519992097303
5519992097508
5519992097528
5519992097534
5519992097661
5519992097667
5519992097852
5519992098365
5519992098396
5519992098795
5519992099066
5519992099118
5519992099171
5519992099221
5519992099284
5519992099286
5519992099305
5519992099460
5519992099640
5519992099693
5519992099814
5519992099862
5519992099923
5519992100566
5519992101018
5519992101041
5519992101150
5519992101155
5519992101809
5519992101964
5519992102251
5519992102263
5519992102430
5519992102485
5519992102703
5519992102753
5519992102826
5519992102954
5519992103236
5519992103248
5519992103509
5519992103543
5519992103737
5519992103833
5519992103902
5519992103904
5519992104130
5519992104557
5519992104596
5519992104616
5519992104671
5519992104832
5519992104871
5519992105183
5519992105189
5519992105211
5519992105245
5519992105321
5519992105627
5519992105651
5519992105671
5519992105840
5519992105859
5519992105905
5519992105937
5519992105946
5519992106038
5519992106062
5519992106197
5519992106206
5519992106234
5519992106476
5519992106555
5519992106649
5519992107253
5519992107297
5519992107447
5519992107498
5519992107640
5519992107702
5519992108063
5519992108173
5519992108754
5519992108773
5519992108783
5519992108893
5519992108916
5519992108964
5519992109142
5519992109217
5519992109344
5519992109428
5519992109587
5519992109595
5519992109879
5519992109915
5519992110061
5519992110196
5519992110244
5519992110258
5519992110351
5519992110564
5519992110719
5519992110752
5519992111278
5519992111419
5519992111546
5519992111573
5519992111593
5519992111685
5519992111709
5519992111794
5519992111798
5519992111896
5519992111913
5519992112189
5519992112412
5519992112717
5519992112865
5519992112882
5519992112975
5519992113022
5519992113117
5519992113118
5519992113187
5519992113973
5519992114149
5519992114174
5519992114314
5519992114376
5519992114558
5519992114754
5519992115041
5519992115258
5519992115337
5519992115417
5519992115697
5519992115856
5519992115925
5519992115939
5519992115974
5519992116229
5519992116359
5519992116376
5519992116394
5519992116575
5519992116651
5519992116834
5519992117066
5519992117214
5519992117305
5519992117542
5519992117667
5519992117740
5519992117859
5519992118057
5519992118188
5519992118264
5519992118269
5519992118277
5519992118279
5519992118310
5519992118582
5519992118589
5519992118660
5519992118662
5519992118763
5519992118797
5519992118886
5519992119227
5519992119352
5519992119358
5519992119547
5519992119595
5519992119601
5519992119643
5519992119706
5519992119711
5519992119783
5519992120133
5519992120210
5519992120238
5519992120292
5519992120445
5519992120488
5519992120550
5519992120757
5519992120784
5519992120852
5519992120865
5519992121049
5519992121213
5519992121278
5519992121438
5519992121668
5519992121846
5519992122011
5519992122202
5519992122283
5519992122576
5519992122710
5519992122727
5519992122783
5519992122794
5519992122926
5519992122947
5519992123542
5519992123725
5519992123769
5519992123774
5519992123898
5519992123957
5519992123993
5519992124015
5519992124271
5519992124365
5519992124376
5519992124395
5519992124475
5519992124661
5519992124681
5519992124803
5519992124850
5519992124857
5519992124871
5519992125115
5519992125197
5519992125290
5519992125503
5519992125639
5519992125674
5519992125729
5519992125801
5519992125842
5519992125891
5519992125908
5519992125937
5519992125955
5519992126000
5519992126019
5519992126028
5519992126123
5519992126174
5519992126307
5519992126344
5519992126354
5519992126434
5519992126450
5519992126535
5519992126583
5519992126717
5519992126749
5519992126808
5519992126936
5519992126964
5519992126970
5519992127068
5519992127148
5519992127196
5519992127219
5519992127304
5519992127305
5519992127314
5519992127366
5519992127485
5519992127514
5519992127636
5519992127660
5519992127724
5519992127797
5519992127807
5519992127837
5519992127860
5519992127871
5519992127891
5519992127913
5519992128163
5519992128251
5519992128266
5519992128779
5519992128847
5519992128855
5519992128880
5519992128883
5519992128920
5519992129081
5519992129289
5519992129346
5519992129354
5519992129422
5519992129434
5519992129580
5519992129608
5519992129916
5519992130029
5519992130078
5519992130214
5519992130222
5519992130323
5519992130557
5519992130579
5519992130635
5519992130656
5519992130698
5519992130749
5519992130769
5519992130985
5519992131040
5519992131122
5519992131134
5519992131154
5519992131227
5519992131229
5519992131307
5519992131380
5519992131549
5519992131601
5519992131646
5519992131647
5519992131874
5519992131932
5519992132267
5519992132687
5519992132727
5519992132910
5519992133022
5519992133279
5519992133344
5519992133424
5519992133710
5519992133728
5519992133946
5519992133956
5519992134101
5519992134379
5519992134394
5519992134457
5519992134461
5519992134550
5519992134993
5519992135012
5519992135028
5519992135202
5519992135212
5519992135240
5519992135271
5519992135368
5519992135404
5519992135432
5519992135434
5519992135821
5519992135857
5519992135896
5519992136157
5519992136533
5519992136540
5519992136672
5519992136784
5519992136985
5519992137068
5519992137257
5519992137264
5519992137812
5519992137968
5519992137977
5519992138057
5519992138193
5519992138322
5519992138428
5519992138431
5519992138450
5519992138497
5519992138701
5519992139016
5519992139422
5519992139532
5519992139707
5519992139866
5519992140034
5519992140195
5519992140247
5519992140281
5519992140299
5519992140301
5519992140313
5519992140326
5519992140683
5519992140715
5519992140730
5519992140750
5519992140952
5519992140977
5519992141327
5519992141351
5519992141511
5519992141709
5519992141884
5519992142055
5519992142060
5519992142122
5519992142281
5519992142408
5519992142433
5519992142467
5519992142606
5519992142610
5519992142706
5519992142806
5519992143042
5519992143121
5519992143127
5519992143144
5519992143488
5519992143526
5519992143541
5519992143564
5519992143709
5519992143774
5519992144003
5519992144004
5519992144080
5519992144140
5519992144278
5519992144435
5519992144503
5519992144777
5519992145131
5519992145335
5519992145336
5519992145381
5519992145591
5519992145683
5519992145754
5519992145814
5519992145923
5519992146036
5519992146096
5519992146184
5519992146246
5519992146447
5519992146605
5519992146797
5519992146860
5519992146926
5519992147021
5519992147025
5519992147265
5519992147287
5519992147295
5519992147446
5519992147468
5519992147536
5519992147572
5519992147761
5519992147791
5519992147888
5519992148164
5519992148252
5519992148297
5519992148380
5519992148558
5519992148571
5519992148639
5519992148778
5519992149165
5519992149449
5519992149500
5519992149516
5519992149605
5519992149632
5519992149652
5519992150196
5519992150233
5519992150285
5519992150335
5519992150391
5519992150459
5519992150513
5519992150523
5519992150687
5519992150960
5519992151104
5519992151395
5519992151491
5519992151675
5519992151766
5519992152241
5519992152277
5519992152333
5519992152425
5519992152546
5519992152645
5519992152649
5519992152654
5519992152664
5519992152711
5519992152882
5519992152887
5519992152963
5519992153171
5519992153263
5519992153403
5519992153469
5519992153527
5519992153656
5519992154093
5519992154241
5519992154472
5519992154484
5519992154788
5519992154998
5519992155248
5519992155349
5519992155434
5519992155540
5519992155601
5519992155734
5519992155971
5519992155978
5519992156003
5519992156198
5519992156368
5519992156420
5519992156640
5519992156660
5519992156694
5519992156720
5519992156755
5519992156803
5519992156979
5519992157630
5519992157646
5519992157974
5519992157977
5519992158009
5519992158032
5519992158035
5519992158100
5519992158354
5519992158383
5519992158580
5519992158740
5519992158744
5519992158902
5519992159326
5519992159473
5519992159490
5519992159580
5519992159631
5519992159677
5519992159723
5519992159884
5519992160032
5519992160474
5519992160500
5519992160511
5519992160606
5519992160797
5519992160901
5519992161090
5519992161136
5519992161167
5519992161198
5519992161241
5519992161555
5519992161598
5519992161762
5519992161849
5519992162079
5519992162086
5519992162132
5519992162135
5519992162265
5519992162328
5519992162391
5519992162423
5519992162613
5519992162736
5519992163037
5519992163170
5519992163175
5519992163350
5519992164003
5519992164175
5519992164277
5519992164358
5519992164453
5519992164590
5519992164631
5519992164669
5519992164825
5519992164904
5519992165191
5519992165235
5519992165300
5519992165562
5519992165724
5519992165784
5519992166043
5519992166067
5519992166202
5519992166214
5519992166224
5519992166402
5519992166637
5519992166733
5519992166941
5519992167070
5519992167130
5519992167142
5519992167328
5519992167557
5519992167627
5519992167728
5519992168065
5519992168175
5519992168202
5519992168267
5519992168627
5519992168667
5519992168722
5519992168744
5519992168846
5519992168854
5519992168997
5519992169150
5519992169260
5519992169456
5519992169467
5519992169556
5519992169570
5519992169604
5519992169666
5519992169953
5519992170066
5519992170200
5519992170374
5519992170441
5519992170448
5519992170495
5519992170566
5519992170697
5519992170958
5519992171202
5519992171841
5519992171947
5519992171983
5519992172048
5519992172059
5519992172177
5519992172315
5519992172388
5519992172411
5519992172623
5519992172646
5519992172788
5519992172854
5519992172885
5519992172947
5519992173003
5519992173084
5519992173253
5519992173314
5519992173483
5519992173579
5519992173641
5519992173790
5519992174300
5519992174473
5519992174493
5519992174564
5519992174692
5519992174822
5519992174884
5519992175175
5519992175214
5519992175266
5519992175307
5519992175473
5519992175504
5519992175663
5519992175780
5519992175804
5519992176523
5519992176559
5519992176645
5519992176658
5519992176753
5519992176851
5519992176941
5519992177371
5519992177400
5519992177460
5519992177727
5519992177881
5519992177960
5519992178121
5519992178153
5519992178161
5519992178370
5519992178408
5519992178606
5519992178774
5519992178834
5519992178916
5519992178917
5519992178991
5519992178994
5519992179162
5519992179691
5519992179781
5519992179885
5519992179950
5519992180111
5519992180217
5519992180457
5519992180726
5519992180825
5519992180860
5519992180881
5519992180912
5519992180990
5519992180991
5519992181221
5519992181242
5519992181289
5519992181308
5519992181483
5519992181642
5519992181739
5519992181965
5519992182001
5519992182064
5519992182102
5519992182174
5519992182468
5519992182510
5519992182670
5519992182671
5519992182803
5519992182821
5519992182925
5519992183038
5519992183106
5519992183154
5519992183234
5519992183470
5519992183516
5519992183663
5519992183753
5519992183813
5519992184046
5519992184174
5519992184309
5519992184402
5519992184547
5519992184589
5519992184608
5519992184614
5519992184688
5519992184915
5519992184926
5519992184962
5519992184978
5519992184981
5519992185029
5519992185167
5519992185239
5519992185297
5519992185806
5519992185951
5519992186116
5519992186184
5519992186212
5519992186232
5519992186233
5519992186464
5519992186578
5519992186647
5519992186769
5519992186883
5519992187077
5519992187192
5519992187472
5519992187480
5519992187726
5519992187884
5519992187942
5519992187966
5519992188075
5519992188141
5519992188228
5519992188364
5519992188397
5519992188429
5519992188439
5519992188487
5519992188528
5519992188572
5519992188610
5519992188770
5519992188846
5519992188911
5519992188945
5519992189334
5519992189649
5519992189674
5519992189796
5519992189924
5519992189953
5519992190556
5519992190623
5519992190915
5519992190948
5519992191230
5519992191446
5519992191457
5519992191551
5519992191747
5519992191801
5519992191933
5519992191941
5519992191965
5519992192026
5519992192356
5519992192641
5519992192887
5519992193112
5519992193161
5519992193243
5519992193411
5519992193419
5519992193439
5519992193536
5519992193611
5519992193615
5519992193617
5519992193705
5519992193976
5519992194277
5519992194316
5519992194471
5519992194543
5519992194573
5519992194834
5519992194946
5519992195214
5519992195255
5519992195393
5519992195646
5519992195745
5519992196256
5519992196304
5519992196916
5519992196977
5519992197245
5519992197388
5519992197462
5519992197486
5519992197886
5519992197937
5519992198338
5519992198578
5519992199127
5519992199259
5519992199459
5519992199467
5519992199576
5519992199621
5519992199625
5519992200114
5519992200235
5519992200576
5519992200583
5519992201388
5519992201603
5519992201717
5519992202019
5519992202064
5519992202472
5519992202543
5519992202639
5519992202681
5519992202968
5519992203086
5519992203145
5519992203280
5519992203300
5519992203338
5519992203359
5519992203460
5519992204193
5519992204199
5519992204224
5519992204491
5519992204593
5519992204717
5519992204785
5519992204916
5519992205062
5519992205091
5519992205118
5519992205146
5519992205147
5519992205245
5519992205537
5519992205630
5519992205736
5519992205852
5519992206020
5519992206049
5519992206097
5519992206411
5519992206825
5519992206968
5519992206996
5519992207055
5519992207149
5519992207160
5519992207453
5519992207756
5519992207762
5519992207866
5519992207887
5519992207975
5519992208378
5519992208573
5519992208585
5519992208773
5519992208860
5519992208950
5519992209061
5519992209154
5519992209188
5519992209454
5519992209603
5519992209631
5519992209873
5519992210247
5519992210350
5519992210351
5519992210396
5519992210493
5519992210503
5519992210515
5519992210591
5519992210843
5519992210905
5519992211244
5519992211402
5519992211449
5519992211493
5519992211540
5519992211788
5519992211861
5519992212024
5519992212057
5519992212201
5519992212426
5519992212525
5519992212741
5519992213128
5519992213193
5519992213205
5519992213277
5519992213797
5519992213824
5519992213896
5519992213912
5519992213956
5519992214026
5519992214287
5519992214309
5519992214598
5519992214678
5519992214792
5519992214941
5519992214988
5519992214995
5519992215196
5519992215305
5519992215388
5519992215503
5519992215537
5519992215578
5519992215657
5519992215857
5519992216201
5519992216210
5519992216226
5519992216269
5519992216565
5519992217017
5519992217170
5519992217237
5519992217294
5519992217337
5519992217603
5519992217728
5519992217846
5519992217873
5519992217951
5519992218008
5519992218009
5519992218037
5519992218140
5519992218173
5519992218326
5519992218356
5519992218498
5519992218516
5519992218522
5519992218833
5519992218973
5519992219135
5519992219293
5519992219668
5519992219811
5519992219826
5519992220459
5519992220465
5519992220515
5519992220817
5519992220840
5519992220950
5519992220976
5519992221006
5519992221054
5519992221243
5519992221566
5519992221578
5519992221659
5519992221710
5519992221866
5519992221936
5519992222103
5519992222108
5519992222185
5519992222349
5519992222386
5519992222406
5519992222437
5519992222550
5519992222581
5519992222687
5519992222711
5519992222724
5519992222730
5519992222758
5519992222864
5519992222960
5519992223199
5519992223417
5519992223554
5519992223631
5519992223936
5519992223966
5519992224176
5519992224304
5519992224421
5519992224519
5519992224735
5519992224781
5519992224970
5519992225089
5519992225182
5519992225362
5519992225496
5519992225670
5519992225834
5519992226053
5519992226107
5519992226160
5519992226170
5519992226180
5519992226306
5519992226333
5519992226404
5519992227726
5519992227847
5519992227972
5519992228028
5519992228036
5519992228086
5519992228208
5519992228360
5519992228477
5519992228503
5519992228750
5519992228925
5519992229000
5519992229207
5519992229286
5519992229421
5519992229427
5519992229510
5519992229673
5519992229918
5519992229974
5519992230066
5519992230074
5519992230124
5519992230197
5519992230229
5519992230245
5519992230323
5519992230383
5519992230410
5519992230451
5519992230609
5519992230754
5519992230801
5519992231265
5519992231368
5519992231390
5519992231518
5519992231655
5519992231699
5519992231768
5519992231941
5519992232544
5519992232586
5519992232604
5519992232606
5519992232763
5519992232769
5519992232797
5519992232799
5519992232982
5519992233455
5519992233512
5519992233541
5519992233659
5519992233696
5519992233702
5519992234047
5519992234064
5519992234208
5519992234277
5519992234530
5519992234550
5519992234781
5519992235039
5519992235216
5519992235297
5519992235323
5519992235410
5519992235665
5519992235684
5519992235749
5519992235774
5519992235946
5519992236213
5519992236258
5519992236369
5519992236389
5519992236453
5519992236625
5519992236663
5519992236994
5519992237064
5519992237088
5519992237195
5519992237245
5519992237251
5519992237258
5519992237267
5519992237291
5519992237378
5519992237440
5519992237490
5519992237706
5519992237748
5519992238132
5519992238350
5519992238793
5519992238897
5519992238936
5519992239120
5519992239131
5519992239132
5519992239202
5519992239372
5519992239551
5519992239578
5519992239840
5519992239938
5519992240079
5519992240110
5519992240111
5519992240388
5519992240516
5519992240850
5519992241083
5519992241125
5519992241185
5519992241551
5519992241875
5519992242144
5519992242347
5519992242362
5519992242489
5519992242512
5519992242594
5519992242726
5519992242749
5519992243048
5519992243163
5519992243348
5519992243396
5519992243410
5519992243522
5519992243525
5519992243536
5519992243571
5519992243620
5519992243640
5519992243883
5519992244047
5519992244081
5519992244115
5519992244178
5519992244312
5519992244332
5519992244425
5519992244487
5519992244555
5519992244582
5519992244739
5519992244742
5519992244819
5519992244919
5519992245017
5519992245067
5519992245102
5519992245164
5519992245231
5519992245425
5519992245543
5519992245642
5519992245665
5519992245733
5519992245878
5519992245898
5519992245970
5519992246058
5519992246061
5519992246078
5519992246081
5519992246171
5519992246203
5519992246244
5519992246280
5519992246283
5519992246436
5519992246566
5519992246593
5519992246776
5519992246831
5519992246988
5519992247171
5519992247183
5519992247229
5519992247246
5519992247247
5519992247340
5519992247346
5519992247658
5519992247678
5519992247710
5519992247953
5519992247970
5519992248057
5519992248233
5519992248241
5519992248269
5519992248334
5519992248432
5519992248506
5519992248883
5519992249139
5519992249188
5519992249244
5519992249394
5519992249751
5519992249772
5519992249821
5519992249925
5519992249951
5519992249985
5519992250044
5519992250060
5519992250218
5519992250227
5519992250285
5519992250360
5519992250411
5519992250463
5519992250503
5519992250683
5519992250747
5519992251129
5519992251293
5519992251308
5519992251668
5519992251723
5519992251986
5519992251999
5519992252051
5519992252104
5519992252188
5519992252230
5519992252289
5519992252383
5519992252498
5519992253020
5519992253220
5519992253239
5519992253285
5519992253364
5519992253549
5519992253633
5519992253701
5519992253761
5519992253817
5519992253910
5519992253933
5519992254137
5519992254188
5519992254204
5519992254296
5519992254414
5519992254483
5519992254493
5519992254642
5519992254701
5519992254736
5519992254770
5519992255164
5519992255204
5519992255225
5519992255335
5519992255415
5519992255467
5519992255819
5519992255830
5519992255921
5519992255947
5519992255965
5519992256314
5519992256446
5519992256479
5519992256503
5519992256777
5519992257049
5519992257159
5519992257241
5519992257412
5519992257426
5519992257658
5519992257670
5519992257819
5519992257912
5519992257923
5519992257984
5519992258022
5519992258063
5519992258237
5519992258406
5519992258460
5519992258603
5519992258642
5519992258691
5519992258730
5519992258772
5519992259012
5519992259381
5519992259515
5519992260469
5519992260591
5519992260663
5519992260843
5519992260912
5519992260948
5519992261357
5519992261368
5519992261616
5519992261728
5519992261733
5519992262256
5519992262468
5519992262515
5519992262997
5519992263030
5519992263088
5519992263112
5519992263128
5519992263140
5519992263186
5519992263194
5519992263286
5519992263363
5519992263397
5519992263430
5519992263584
5519992263666
5519992263992
5519992264164
5519992264259
5519992264364
5519992264395
5519992264625
5519992264761
5519992264769
5519992265007
5519992265097
5519992265111
5519992265272
5519992265520
5519992265521
5519992265598
5519992265740
5519992265891
5519992265927
5519992265942
5519992266013
5519992266033
5519992266040
5519992266219
5519992266281
5519992266338
5519992266489
5519992266518
5519992266544
5519992266570
5519992266575
5519992266763
5519992266833
5519992267019
5519992267067
5519992267169
5519992267250
5519992267259
5519992267271
5519992267325
5519992267454
5519992267491
5519992267496
5519992267503
5519992267775
5519992267808
5519992268102
5519992268165
5519992268180
5519992268575
5519992268833
5519992269009
5519992269059
5519992269074
5519992269174
5519992269192
5519992269561
5519992269600
5519992269922
5519992269983
5519992270148
5519992270286
5519992270676
5519992271025
5519992271029
5519992271051
5519992271439
5519992271479
5519992271715
5519992271772
5519992271879
5519992271933
5519992272000
5519992272051
5519992272187
5519992272191
5519992272221
5519992272322
5519992272506
5519992272535
5519992272537
5519992272585
5519992272845
5519992273005
5519992273040
5519992273085
5519992273257
5519992273309
5519992273319
5519992273404
5519992273675
5519992274222
5519992274330
5519992274460
5519992274534
5519992274595
5519992274905
5519992275195
5519992275200
5519992275268
5519992275282
5519992275345
5519992275388
5519992275692
5519992275776
5519992275845
5519992275852
5519992275871
5519992275888
5519992275967
5519992276038
5519992276262
5519992276345
5519992276443
5519992276677
5519992276736
5519992276771
5519992276969
5519992277082
5519992277088
5519992277575
5519992277838
5519992277996
5519992278001
5519992278055
5519992278130
5519992278161
5519992278237
5519992278351
5519992278383
5519992278482
5519992278504
5519992278607
5519992278717
5519992278735
5519992278783
5519992278843
5519992278858
5519992279012
5519992279119
5519992279256
5519992279359
5519992279569
5519992279617
5519992279716
5519992279780
5519992280033
5519992280131
5519992280149
5519992280213
5519992280305
5519992280412
5519992280480
5519992280602
5519992280764
5519992280930
5519992280944
5519992281113
5519992281212
5519992281235
