5511980551328
5511992028057
5511973210725
5511997724063
5511981068963
5511999597701
5511968288520
5511987748237
5511960822092
5511991465125
5511973519008
5511982107196
5511996930121
5511999409985
5511983547675
5511997437780
5511952099940
5511997240266
5511952826488
5511994200151
5511998363016
5511998364543
5511993535045
5511971042374
5511971042394
5511973645203
5511997940800
5511950790277
5511971500049
5511973424040
5511978412313
5511996088668
5511998247585
5511982325433
5511998602926
5511985245667
5511989814806
5511991599470
5511997746559
5511998107107
5511942535361
5511981546358
5511983663032
5511960324713
5511960332342
5511968100803
5511993603345
5511993819701
5511994846846
5511968281303
5511968395708
5511980644048
5511980644049
5511981374757
5511992795388
5511982008889
5511987676587
5511962676675
5511997964602
5511980836629
5511982254253
5511993569683
5511988281310
5511993942032
5511989295833
5511997854525
5511999648068
5511982737029
5511976821728
5511976822065
5511991455427
5511946413588
5511957212568
5511960945217
5511972230189
5511975667667
5511991051716
5511966774112
5511971593020
5511971595964
5511995457863
5511998924016
5511947260193
5511947457790
5511947516180
5511970107124
5511988178033
5511998817803
5511968090508
5511961272334
5511966724743
5511968697330
5511974007330
5511985880588
5511972126122
5511964342664
5511985795832
5511994342664
5511942538504
5511995432732
5511995698981
5511998327365
5511997843300
5511969275804
5511989976270
5511968018018
5511973237101
5511985902221
5511950685451
5511984941935
5511984943431
5511984943531
5511962415397
5511977102712
5511981748024
5511982373371
5511983447515
5511983697807
5511985163755
5511973560444
5511983789612
5511999577548
5511952822828
5511995327773
5511941820526
5511943715422
5511976220308
5511976382911
5511993394179
5511995658417
5511997673376
5511959670663
5511966361234
5511975655056
5511999795857
5511993140598
5511991813311
5511997715363
5511972212379
5511994512666
5511945864664
5511970684444
5511986917427
5511991721751
5511957784475
5511962221118
5511967148636
5511968180233
5511969777708
5511981427728
5511987588141
5511971662168
5511998394462
5511966062159
5511967363755
5511998424606
5511947161295
5511947259465
5511972528768
5511991620417
5511995550285
5511996201018
5511996319091
5511973626134
5511975088631
5511997508863
5511975587970
5511995130768
5511987219760
5511995814840
5511998167652
5511999846997
5511964767119
5511973193796
5511992241087
5511971116073
5511998223149
5511947276829
5511948921790
5511949535822
5511984653473
5511968615519
5511969092699
5511984532166
5511995235626
5511970987599
5511985821267
5511989721764
5511940394981
5511944565405
5511947872293
5511964446798
5511973953087
5511986023431
5511993474535
5511996444679
5511975687895
5511995137636
5511983011268
5511961988887
5511971165741
5511998043285
5511999507444
5511999867042
5511962975804
5511972305675
5511972529567
5511974068703
5511996092061
5511996892816
5511997634841
5511982641751
5511987143830
5511984886025
5511961795072
5511962301589
5511944553334
5511987888425
5511956079819
5511971107731
5511975219044
5511976643033
5511930045036
5511946171056
5511952406817
5511960592466
5511972030091
5511974036966
5511942061491
5511963271168
5511992835803
5511993426045
5511995714385
5511999342604
5511953154769
5511973100021
5511991931146
5511998747727
5511944825659
5511968756154
5511941363929
5511993574094
5511976267353
5511980842546
5511994096733
5511969726855
5511995005481
5511971747162
5511974205165
5511973267432
5511971866288
5511972150469
5511973424938
5511964851808
5511983185455
5511985234494
5511957237441
5511969517625
5511972017672
5511973721956
5511973777197
5511987415383
5511999293294
5511964881408
5511980411246
5511996516924
5511971546623
5511973144220
5511974722930
5511943701929
5511944865763
5511956508505
5511974540432
5511977413476
5511987089321
5511995791663
5511946022165
5511986071205
5511946553096
5511971079359
5511973338752
5511971058081
5511973767565
5511961778800
5511976004554
5511984528507
5511991619666
5511993063490
5511999161966
5511980759589
5511996833536
5511964207174
5511973865523
5511974187683
5511986533856
5511957936230
5511964096886
5511972618100
5511972708166
5511974333319
5511997314631
5511985672076
5511995632810
5511997891405
5511962142668
5511974849726
5511981369161
5511985114424
5511994413544
5511982600876
5511983684196
5511987095381
5511997024349
5511963850021
5511974114528
5511962877920
5511964782053
5511979970583
5511979970584
5511998668080
5511961569810
5511969508061
5511992871546
5511998226834
5511971561753
5511984112372
5511998320412
5511971059675
5511960622084
5511942198812
5511940139437
5511947104331
5511947213544
5511947281618
5511947979203
5511974376911
5511981227005
5511999068580
5511941087289
5511949233636
5511971514653
5511972140705
5511998358034
5511999549334
5511977348674
5511962068474
5511971875127
5511974870265
5511940288725
5511965590481
5511975608091
5511991089065
5511996108957
5511996847011
5511966607935
5511966758770
5511971800671
5511972118189
5511998267775
5511975304086
5511996504320
5511960314054
5511977392466
5511968420012
5511991384034
5511998502352
5511999280262
5511971018320
5511972088079
5511973684665
5511950666414
5511961980634
5511966759026
5511972446967
5511991612130
5511991311090
5511975764057
5511940323492
5511951432941
5511960301087
5511966245870
5511971214186
5511972573293
5511974270365
5511985770565
5511997188153
5511972177079
5511975564994
5511998587038
5511982679897
5511987122772
5511994987458
5511999688079
5511964771160
5511971078885
5511998524244
5511973823266
5511998472841
5511965451757
5511971696450
5511992288533
5511962418868
5511982275145
5511984485450
5511996338628
5511941486722
5511942611944
5511969137281
5511995840301
5511997836966
5511947286300
5511947771744
5511954815014
5511963333088
5511993915523
5511973312900
5511980675183
5511999478818
5511999735148
5511947904007
5511973748507
5511997752350
5511998634086
5511952077622
5511971249697
5511973959304
5511974796135
5511987158170
5511995351642
5511947764251
5511947767286
5511954345039
5511956559588
5511991951338
5511992378111
5511999351781
5511996464636
5511970625563
5511972637737
5511976551572
5511982979944
5511991392042
5511992292919
5511942604805
5511973923050
5511976033399
5511980207422
5511989556746
5511949425864
5511961400614
5511968316309
5511980821083
5511981720523
5511988670457
5511972683859
5511976004096
5511995238296
5511976035874
5511989118474
5511991021190
5511995196297
5511976079778
5511976103600
5511976861869
5511989555541
5511994351430
5511994359984
5511996165257
5511941915966
5511971825878
5511976035110
5511982044345
5511976034838
5511995812828
5511998255106
5511982823598
5511981157331
5511982137895
5511982194623
5511994739926
5511976001249
5511989597785
5511947952845
5511976031069
5511976001411
5511972147724
5511972917723
5511971174569
5511976031874
5511976002470
5511976035337
5511977882552
5511975257715
5511977344501
5511980838284
5511982116755
5511982848384
5511996491588
5511972194520
5511953148756
5511976649989
5511965956468
5511971017067
5511973476231
5511973914415
5511974339158
5511971342355
5511959388158
5511972921398
5511991890855
5511972282317
5511978634484
5511985562684
5511996855322
5511944943564
5511964136350
5511968543564
5511974777258
5511996784650
5511973903504
5511974126610
5511976361260
5511992018404
5511976384067
5511985139641
5511976381811
5511991650078
5511996981905
5511964727424
5511996688784
5511997401670
5511985072848
5511975739739
5511981416503
5511971558535
5511976143192
5511976352529
5511976358385
5511995666128
5511995666129
5511976357189
5511982255138
5511971085014
5511976357005
5511983119900
5511995601532
5511996010544
5511943151667
5511947441409
5511964761067
5511968281145
5511976357289
5511999262229
5511999771680
5511976357071
5511976354888
5511976357722
5511999370153
5511999593020
5511976352675
5511975740440
5511996075999
5511996676224
5511997777270
5511999073290
5511999123040
5511999316434
5511999668171
5511971018163
5511971617209
5511973773783
5511996880931
5511998033745
5511976351253
5511976351208
5511992259779
5511968285598
5511981238489
5511997250611
5511940276071
5511940759615
5511961155601
5511964843084
5511973294050
5511974885435
5511974985766
5511996807526
5511943331443
5511947333453
5511974242492
5511975187509
5511976392167
5511995301686
5511997800394
5511994090239
5511968687564
5511983647547
5511993976710
5511994071692
5511983029805
5511983040123
5511994538079
5511997012231
5511997568242
5511999342470
5511963440255
5511984380272
5511964805113
5511975647443
5511982319385
5511982319580
5511996015113
5511972297575
5511997933148
5511998122265
5511998485339
5511999535622
5511965034415
5511972270344
5511972276712
5511992515747
5511994224119
5511997302698
5511974861103
5511976331266
5511976339626
5511978658383
5511988994375
5511995657421
5511951542054
5511976385470
5511976385482
5511981226747
5511981226771
5511982242911
5511983715409
5511972155668
5511973362887
5511975436189
5511975626598
5511976358734
5511997127125
5511997127785
5511999687789
5511976333357
5511997593648
5511976333744
5511995383393
5511995467548
5511998485060
5511998106823
5511998641613
5511999911699
5511940763000
5511940849574
5511947384436
5511948140663
5511954332287
5511963475289
5511964299764
5511972011974
5511983412226
5511985397251
5511994586447
5511996695950
5511999981658
5511976391487
5511999642735
5511996361336
5511999003535
5511973298275
5511975660418
5511996017059
5511999560527
5511972824403
5511963817302
5511972370452
5511995009739
5511995539200
5511970364679
5511994700574
5511980242424
5511973172663
5511998693572
5511976602554
5511989010238
5511991328186
5511991581687
5511964943277
5511975781707
5511995169907
5511997859101
5511999432604
5511999779381
5511968497161
5511972997023
5511960346314
5511968210027
5511976033728
5511993427470
5511994518140
5511996034631
5511996202672
5511996230052
5511997419736
5511971554629
5511981274459
5511997727148
5511996835260
5511998619254
5511974073383
5511993661520
5511972587767
5511971821030
5511972015924
5511973851190
5511975457169
5511995108970
5511999775353
5511999928788
5511973606508
5511976033293
5511989683965
5511961821008
5511970939193
5511973362204
5511975880540
5511991672456
5511993839302
5511996726992
5511999565275
5511999788177
5511996043748
5511999787848
5511983260068
5511991043646
5511993600831
5511991077395
5511948659519
5511985419473
5511986486740
5511993154953
5511971415955
5511982763206
5511952905224
5511974502126
5511961550722
5511965056112
5511965357433
5511974789075
5511992987844
5511996535743
5511974441142
5511997088619
5511999967505
5511957551554
5511996820842
5511998474647
5511968292671
5511972584929
5511996752569
5511950672694
5511963470395
5511978609328
5511989345299
5511968425997
5511975677787
5511992057941
5511971323607
5511973226509
5511982616772
5511971881529
5511983714023
5511985558363
5511955000759
5511974002604
5511996360622
5511999530759
5511999538578
5511978696194
5511960607445
5511970959009
5511976682229
5511964737802
5511998577277
5511999383317
5511970816013
5511971300411
5511988647271
5511967028098
5511971225123
5511994506423
5511992425335
5511957103046
5511980807713
5511998080771
5511999173031
5511988272591
5511968280052
5511968285001
5511972741523
5511981527009
5511999969569
5511966936817
5511973787433
5511982345128
5511996574036
5511980821100
5511983512838
5511991691506
5511994949253
5511987373803
5511995569536
5511996882629
5511999688262
5511965694991
5511992785202
5511976363324
5511989255053
5511940208185
5511941022410
5511947889238
5511964037558
5511967161596
5511982596377
5511989466131
5511992825377
5511970875988
5511973254805
5511999100488
5511943728127
5511974344431
5511981876047
5511993398728
5511996066525
5511997681370
5511974480065
5511975600895
5511982461481
5511995164895
5511995722111
5511997814085
5511998362344
5511984579860
5511992585350
5511998233882
5511999954924
5511970687523
5511972447752
5511973838889
5511996268124
5511999704078
5511999982975
5511971922992
5511975754582
5511971219099
5511998480906
5511961987789
5511961122627
5511974165732
5511975061031
5511998302073
5511977847525
5511996020909
5511976002783
5511991445749
5511993707017
5511973026143
5511975128214
5511998955308
5511991083950
5511968252277
5511984918068
5511993095647
5511988348604
5511993364278
5511998002557
5511953003597
5511964037129
5511972947288
5511965719605
5511963079748
5511981068276
5511982703766
5511994086077
5511972236863
5511972484025
5511989034247
5511991899217
5511994092742
5511970274948
5511970274949
5511997201024
5511997865790
5511997927494
5511997946581
5511998302870
5511998475587
5511999661875
5511999668251
5511983912062
5511991896005
5511995766733
5511975658561
5511983333918
5511986441812
5511941647369
5511997004546
5511998086939
5511960453446
5511964056588
5511974235557
5511983235807
5511972116108
5511996721320
5511998496020
5511963808566
5511972972911
5511989037620
5511981065711
5511996291257
5511974790413
5511998378405
5511968287657
5511995313156
5511963846952
5511972773313
5511974816339
5511998117788
5511970881177
5511976049271
5511967702881
5511989761503
5511984352923
5511987152835
5511952450671
5511971815992
5511973251708
5511985146342
5511993448742
5511972260184
5511998535834
5511972663144
5511981989218
5511984355100
5511985115145
5511998514919
5511962309679
5511971801769
5511991820284
5511993309394
5511965216235
5511969464129
5511984452550
5511985282454
5511985285424
5511991386257
5511993474519
5511971159403
5511995613380
5511997588985
5511995823013
5511996280824
5511942335997
5511997681512
5511942987364
5511988709477
5511967814338
5511973804649
5511995452372
5511947610448
5511972053730
5511991915924
5511992043523
5511998722546
5511998961659
5511999414974
5511972577869
5511996975102
5511955777939
5511941612029
5511950279435
5511972619119
5511972619219
5511995338009
5511992753138
5511993410294
5511995125314
5511967946820
5511992711613
5511996020434
5511947956130
5511972103268
5511972837582
5511974465801
5511996676606
5511947217617
5511994524269
5511996571196
5511966184006
5511991312383
5511954091798
5511999753163
5511967621602
5511968180572
5511997095077
5511997095092
5511968281927
5511973191139
5511987145223
5511974404611
5511980807102
5511988616188
5511995807296
5511997273780
5511960683623
5511995848264
5511964078278
5511994699849
5511995298540
5511999947934
5511983637732
5511998900074
5511941368439
5511966188100
5511987080746
5511993931758
5511999476743
5511967339018
5511960880704
5511961003103
5511963094926
5511981732360
5511994183608
5511997106805
5511947711484
5511947711485
5511947711486
5511964998950
5511972052235
5511972639108
5511992213147
5511992565010
5511972461127
5511980235743
5511985589207
5511985693926
5511995336572
5511995336587
5511996462086
5511950486963
5511957715682
5511970128744
5511999952723
5511969998801
5511971262457
5511968389444
5511940332023
5511950273261
5511974147849
5511975079348
5511989575853
5511995112809
5511959875700
5511978620944
5511994785368
5511966653449
5511971629380
5511953186178
5511989348927
5511994191175
5511994455126
5511997069726
5511997341403
5511999643952
5511969506097
5511952033069
5511962498114
5511983012986
5511984943284
5511996249811
5511997792546
5511997925463
5511997925539
5511999416787
5511970884509
5511991170290
5511960302703
5511999454442
5511974215393
5511994527704
5511981163537
5511995039779
5511989778300
5511998977830
5511973325401
5511956020705
5511973813928
5511973840740
5511998574813
5511971010360
5511987593728
5511997175342
5511998445342
5511977556452
5511985094958
5511999661338
5511958603324
5511992804494
5511998067117
5511971663783
5511973249831
5511981112338
5511964335530
5511964335531
5511941894897
5511984758447
5511997285036
5511961958748
5511961987681
5511971048655
5511974291104
5511974291194
5511997447250
5511999289877
5511971441320
5511971441331
5511986253206
5511971602787
5511989401306
5511998164772
5511992321496
5511992557599
5511968429597
5511971803103
5511972741864
5511957311751
5511967004342
5511979987071
5511983344357
5511998901657
5511974493523
5511981112117
5511984147554
5511993761212
5511982807575
5511957466867
5511942986092
5511953954785
5511968533309
5511953835078
5511964448554
5511940085521
5511947898119
5511966607446
5511968200721
5511971952191
5511975356119
5511985536248
5511997802941
5511997802942
5511954465140
5511984552565
5511999878491
5511952421218
5511968282759
5511976769511
5511979547280
5511986762140
5511987488337
5511996545250
5511997716736
5511973584311
5511975609047
5511978760147
5511995951711
5511950408255
5511967307413
5511967655760
5511979720924
5511993591055
5511997603134
5511971432459
5511996841003
5511997542790
5511975843795
5511972058188
5511985679195
5511997325980
5511991367145
5511991529956
5511998620612
5511946674750
5511974253497
5511996506879
5511968456947
5511966178066
5511973655640
5511986571521
5511991995951
5511986180727
5511989914952
5511991288400
5511954988119
5511961261927
5511969521312
5511980138445
5511981766792
5511993392115
5511997974387
5511996445071
5511955563819
5511980358134
5511942632011
5511969752301
5511973981088
5511984393209
5511997110225
5511984482766
5511999156390
5511997549270
5511997651926
5511944555885
5511951007036
5511964870088
5511974830079
5511973752094
5511994064296
5511974162243
5511974162823
5511995512243
5511996654806
5511996654816
5511974170165
5511989935769
5511997096020
5511998226222
5511995827341
5511995891080
5511944728678
5511951598381
5511972944743
5511947635567
5511947635589
5511947908590
5511967136175
5511968287058
5511976490625
5511978327759
5511984188132
5511999000652
5511942897919
5511972215782
5511975375617
5511999143123
5511983950024
5511968482567
5511975239029
5511942650584
5511979809112
5511997143541
5511974215504
5511991523668
5511985198493
5511998519849
5511973616320
5511977049524
5511996586006
5511983576876
5511982272627
5511997452290
5511940278571
5511983005517
5511944423321
5511970461266
5511970461293
5511972778366
5511998921550
5511957731833
5511972092269
5511974875270
5511981938172
5511993596867
5511969550814
5511971286009
5511972067002
5511972626856
5511973733143
5511975695000
5511994767618
5511995707551
5511999581868
5511999046993
5511961175042
5511978725617
5511997752374
5511999869469
5511947222023
5511976577233
5511997260788
5511980812589
5511993910106
5511960988290
5511969824090
5511995981059
5511997837298
5511999598105
5511960804336
5511985235222
5511986328263
5511973130228
5511973657473
5511975932689
5511995328226
5511996468907
5511991789039
5511992941356
5511993536770
5511968603096
5511965098504
5511973577369
5511974620748
5511993786601
5511996689480
5511965234548
5511969736672
5511993540021
5511996137149
5511972277060
5511974371324
5511997294296
5511997547386
5511984116423
5511997503070
5511966516365
5511961088905
5511961198794
5511985554870
5511947254293
5511955009907
5511971000324
5511976110464
5511984479713
5511985446162
5511997593073
5511999526471
5511982860564
5511996506677
5511974783477
5511991441193
5511973593705
5511971706093
5511986778759
5511997976923
5511973005526
5511973005527
5511974857997
5511986138794
5511964005996
5511974153944
5511995538643
5511977142086
5511978079833
5511955699400
5511957441201
5511972115452
5511995664427
5511999179179
5511973763505
5511995477663
5511974338417
5511996443666
5511996447174
5511997775300
5511997997715
5511973397609
5511976884823
5511992907861
5511976518207
5511983510581
5511984304070
5511997387837
5511985533795
5511947304459
5511972797781
5511972809520
5511977867237
5511995358429
5511961794897
5511974611002
5511982705777
5511992097962
5511995215497
5511970454940
5511973792102
5511987149011
5511996724992
5511984178501
5511997658978
5511953721860
5511951418993
5511974257626
5511976476348
5511996719971
5511972924641
5511973355362
5511974212583
5511996877127
5511997221964
5511972681164
5511975981859
5511996818874
5511987948664
5511998236032
5511957898484
5511972200852
5511997502010
5511985420674
5511987663058
5511995811151
5511997504000
5511947942658
5511972924623
5511983272041
5511989841481
5511971502944
5511972183111
5511972188238
5511988100695
5511969151622
5511970687365
5511976797268
5511976982597
5511991302601
5511988366276
5511966721275
5511980956367
5511991181782
5511997863552
5511999568047
5511964933598
5511997706548
5511958650763
5511980601188
5511988067653
5511973654111
5511968206518
5511971808927
5511997459530
5511973226819
5511973671817
5511977616069
5511991598369
5511995433117
5511997729299
5511953180653
5511953972176
5511992299363
5511995148409
5511996610931
5511950487941
5511983357754
5511996586520
5511998335775
5511974514669
5511975929075
5511972653154
5511976562643
5511993407340
5511995020434
5511961115907
5511996465023
5511998460505
5511998282076
5511998014342
5511995943766
5511970732572
5511989483434
5511994612865
5511943448541
5511953814339
5511947547547
5511972909693
5511977096151
5511983076156
5511985860444
5511971741954
5511975226418
5511997073767
5511993191618
5511993458429
5511973247161
5511972427436
5511974161742
5511967741867
5511974988915
5511991374727
5511994288355
5511995124004
5511993787440
5511984935961
5511971756315
5511973343506
5511987548492
5511998838084
5511983458364
5511966939433
5511976002767
5511996693943
5511976033847
5511981567094
5511976003280
5511981403351
5511998348459
5511967367252
5511973870062
5511976355450
5511960604762
5511973774157
5511976004002
5511974238699
5511944852396
5511971494003
5511972114271
5511991397108
5511993162648
5511973820640
5511942977896
5511954299569
5511955566401
5511957038576
5511961213729
5511968123729
5511972200427
5511973227302
5511973774572
5511974717200
5511976332263
5511996354891
5511998992632
5511999872671
5511980191454
5511996558147
5511976304277
5511996050476
5511996608493
5511998668344
5511972612858
5511982253076
5511991744147
5511979719100
5511999542729
5511982051604
5511968590444
5511982165016
5511985624351
5511998357723
5511999305535
5511999429199
5511999496599
5511999552294
5511995969676
5511973259649
5511970301893
5511983367634
5511983374924
5511983375960
5511977167095
5511997807030
5511997838551
5511954155478
5511965177649
5511982102496
5511997988893
5511942891155
5511947429135
5511957876011
5511973058139
5511977927746
5511998717469
5511940287887
5511983726095
5511941749533
5511972863127
5511991171777
5511995463120
5511965991392
5511963861806
5511996012457
5511996678331
5511982564177
5511987885336
5511989329741
5511993637638
5511994481191
5511980704503
5511989330681
5511984294155
5511971908866
5511973261372
5511973370041
5511984504652
5511994978971
5511996899439
5511999829596
5511956020594
5511987052111
5511971250986
5511989255106
5511998876674
5511996264951
5511996669392
5511964892796
5511995837655
5511996015828
5511996260582
5511975367682
5511983156724
5511999466067
5511972104584
5511973842338
5511995517700
5511998096282
5511972898285
5511972754206
5511993319163
5511995715902
5511998531541
5511976002246
5511968285023
5511998541778
5511999228596
5511976031054
5511968289413
5511971151756
5511977625793
5511983391201
5511987920119
5511944967612
5511980494835
5511992318328
5511993737684
5511994201927
5511995868638
5511997498901
5511999231832
5511971254514
5511974913927
5511977615247
5511996025308
5511996879143
5511997720070
5511978857757
5511988870109
5511988872212
5511999237718
5511973877204
5511993391817
5511996018632
5511996131918
5511983508772
5511986393787
5511986397387
5511996313298
5511972727844
5511991252121
5511971489259
5511996381703
5511998608772
5511998978272
5511962436191
5511963186339
5511971612108
5511943761642
5511963860752
5511964893580
5511971741722
5511997269621
5511999671160
5511997402432
5511950806068
5511977132478
5511985774510
5511993257530
5511940739336
5511997193006
5511973678149
5511995290482
5511971405210
5511972489795
5511974213095
5511991407481
5511997687709
5511976001765
5511964880870
5511964880905
5511971445775
5511971608555
5511999197762
5511941869008
5511950677526
5511972317315
5511974140725
5511992727413
5511996961186
5511997675969
5511973011860
5511977131978
5511972561224
5511981078198
5511999602245
5511995782828
5511976001392
5511998876526
5511999886807
5511941175110
5511958902936
5511972784423
5511975794057
5511996474443
5511997686773
5511997924423
5511992231617
5511992333690
5511981960525
5511982720708
5511982727209
5511996667844
5511999948105
5511977554818
5511999519683
5511972948194
5511997503277
5511998915616
5511995162109
5511969052814
5511971294757
5511991928787
5511995836056
5511940197922
5511940340772
5511958478088
5511989745404
5511996594005
5511999105603
5511972671759
5511995378248
5511995616305
5511952111823
5511973905873
5511975110546
5511975234143
5511993420180
5511963954883
5511970534400
5511976001369
5511976002761
5511989579153
5511994139994
5511973777576
5511975188150
5511995231597
5511997937331
5511999871997
5511961833911
5511988106094
5511996183391
5511952075593
5511968944769
5511975446038
5511977314545
5511977318631
5511983270126
5511984896641
5511993261887
5511998329296
5511999977418
5511970820568
5511996178368
5511991496285
5511963514726
5511971160319
5511971216553
5511974247807
5511992949862
5511995674846
5511996639946
5511960660127
5511973802522
5511973965112
5511996758554
5511973794515
5511981750359
5511989134721
5511994179977
5511999417997
5511978223140
5511991110602
5511991110662
5511976002816
5511950279690
5511956093931
5511972228102
5511993981840
5511972774770
5511946617466
5511976514901
5511973158003
5511974573072
5511998197438
5511964992534
5511975998930
5511947469692
5511985133698
5511984209355
5511963445695
5511985529079
5511997325306
5511963973092
5511974496391
5511995578238
5511996491772
5511964182431
5511946617274
5511957092999
5511960745652
5511971056564
5511980598458
5511992971998
5511994979714
5511998059845
5511971455094
5511973619310
5511954111645
5511962248501
5511962248504
5511966651903
5511966720422
5511967056136
5511942837030
5511991053610
5511995952574
5511995374024
5511974089035
5511966414158
5511989046494
5511991932574
5511991936169
5511992366453
5511995213020
5511940079896
5511971404648
5511975437115
5511976001889
5511977216869
5511988089198
5511991848458
5511993824545
5511996060750
5511996246195
5511999678498
5511943887734
5511972865581
5511973632954
5511974014987
5511972549532
5511998933243
5511997805243
5511998958172
5511990000000
5511974262086
5511975815013
5511996948023
5511999452859
5511999691263
5511972107646
5511995452806
5511995453366
5511996600833
5511997777099
5511971111214
5511974432010
5511980456508
5511972484028
5511980847295
5511964445203
5511968476022
5511976155213
5511981353745
5511985236764
5511992105681
5511972644733
5511977324816
5511984679492
5511997826415
5511961123394
5511953038599
5511965678716
5511971297751
5511985436538
5511973902984
5511996184280
5511991192639
5511992309754
5511997988853
5511972072314
5511975677898
5511985386914
5511947528993
5511975618154
5511982419428
5511998801026
5511999198582
5511972774692
5511979897437
5511968322222
5511980689297
5511983632628
5511991828211
5511995808251
5511983339824
5511972748788
5511972749919
5511975564566
5511995121163
5511997937775
5511962944944
5511963727417
5511973640256
5511989342037
5511991729231
5511992591489
5511992614186
5511996545857
5511971266307
5511972535951
5511974833832
5511996186964
5511997962884
5511947123242
5511947123255
5511967276467
5511967731242
5511979785973
5511998972033
5511963631218
5511994769327
5511995737060
5511961118538
5511961174540
5511981883343
5511986363926
5511993559057
5511965083490
5511995933762
5511996878626
5511994735670
5511997539731
5511943431139
5511986193228
5511986324564
5511996493656
5511941961080
5511969058538
5511974329426
5511998158627
5511998158693
5511998551058
5511998551101
5511998555544
5511971655422
5511972156787
5511984985349
5511976500984
5511989913953
5511997178917
5511997178967
5511940019328
5511947000268
5511947709392
5511999566526
5511997455120
5511995061153
5511968291991
5511960638775
5511972103318
5511982124511
5511986755229
5511973087258
5511993607756
5511993743119
5511951168248
5511999153148
5511961743221
5511972539898
5511976003699
5511993403975
5511996857639
5511961899021
5511973054909
