5511974218092
5511998509168
5511999454529
5511972627646
5511996020909
5511940296232
5511999018736
5511999391019
5511999939101
5511991690260
5511941418821
5511942250423
5511963706922
5511973370633
5511974184595
5511996163539
5511999520423
5511972764751
5511973305715
5511975388066
5511992405826
5511952010206
5511973908777
5511981613352
5511995786382
5511971203643
5511971204278
5511991949124
5511994616702
5511997462824
5511997773441
5511998460442
5511998032107
5511947617106
5511999131983
5511961641947
5511980802434
5511981261881
5511991702954
5511966432075
5511984689024
5511993103291
5511971784906
5511995644286
5511972487978
5511972689027
5511973325588
5511997530093
5511997811775
5511940156823
5511947447652
5511986002920
5511987335314
5511971828026
5511974035328
5511996980789
5511973231028
5511993933930
5511982704449
5511967753920
5511975832714
5511991991288
5511994415233
5511967018854
5511996463774
5511997922460
5511998990773
5511962343542
5511980558554
5511981676718
5511982739308
5511976526028
5511976565047
5511992758134
5511995471243
5511991991196
5511996299851
5511973499391
5511974046919
5511959750158
5511992867115
5511956470853
5511973589564
5511973870492
5511974652183
5511976002304
5511995214106
5511973718198
5511991344659
5511995664768
5511962335445
5511970277641
5511974302981
5511976753174
5511985260575
5511989318342
5511993514667
5511995130115
5511996330033
5511991065164
5511947593026
5511969770281
5511985011858
5511971180095
5511973459889
5511974356267
5511977811057
5511994792020
5511999199077
5511941411100
5511965863086
5511965866644
5511976682600
5511977364480
5511980171228
5511984265423
5511985363696
5511986448485
5511991950220
5511992704949
5511994331100
5511994341100
5511994808353
5511971239243
5511997398308
5511972143968
5511981599410
5511988159941
5511991924969
5511996214552
5511976987759
5511993968557
5511967682308
5511991281294
5511993968569
5511998542558
5511947185783
5511947187001
5511963324961
5511970734645
5511995082085
5511997880363
5511999371276
5511971944656
5511972671718
5511995819197
5511974831569
5511980117899
5511992305286
5511993629862
5511996954664
5511997638172
5511997643243
5511997649125
5511957715664
5511974487777
5511998183063
5511991787005
5511968280738
5511975242936
5511995630463
5511995729328
5511998492173
5511971766822
5511995921194
5511999177317
5511999648126
5511947177412
5511968281345
5511979831517
5511982570273
5511998257027
5511970358625
5511976208887
5511991917398
5511992584592
5511977187915
5511995658416
5511961882082
5511970942738
5511972865905
5511998784738
5511952014000
5511972439922
5511977111545
5511981296629
5511992672211
5511994916440
5511998363107
5511955702599
5511971467647
5511973239989
5511991155291
5511999356677
5511999666789
5511971235325
5511971239713
5511992797575
5511984973922
5511974519183
5511995811329
5511976027813
5511997481979
5511997780038
5511997780667
5511976521817
5511991500874
5511995498569
5511966458998
5511974543004
5511980780392
5511991266131
5511992689824
5511994098672
5511994156015
5511994484771
5511972236455
5511971889977
5511963250557
5511996134093
5511961331976
5511995430942
5511961297432
5511971247204
5511984428986
5511987776113
5511964478843
5511982789728
5511982842865
5511982844334
5511999521574
5511999771366
5511945582772
5511993503293
5511995116242
5511995592063
5511999277785
5511971076667
5511989046528
5511995780107
5511997107666
5511982724408
5511943683488
5511991126032
5511998985850
5511946048845
5511947726758
5511964107310
5511978171714
5511993077800
5511995369970
5511986893618
5511974053681
5511987261126
5511997705133
5511957839414
5511961378633
5511980370572
5511996844083
5511997515660
5511947593244
5511985047132
5511992507787
5511993258730
5511997732142
5511982517952
5511993095575
5511955518717
5511993020663
5511973135559
5511986518198
5511999920925
5511999927899
5511973153127
5511981017809
5511995558591
5511971479990
5511999189069
5511973424754
5511973429754
5511998982243
5511940753216
5511951791864
5511958190065
5511971017014
5511984117506
5511994763893
5511996794628
5511975532495
5511988270270
5511999944375
5511996649577
5511998439316
5511999252265
5511973869319
5511969897350
5511974711347
5511988319305
5511996375249
5511972237601
5511976004186
5511979863013
5511979863017
5511979863018
5511973677154
5511997629447
5511952157205
5511968536437
5511972345640
5511996548319
5511982520322
5511986991991
5511973038484
5511976405598
5511983719489
5511983751095
5511989397371
5511999128484
5511996320549
5511971602519
5511976587012
5511998318088
5511947299193
5511977344662
5511984668007
5511997947231
5511983690757
5511984381968
5511996466590
5511999302178
5511999302244
5511999393464
5511999631968
5511999370154
5511942791909
5511956027666
5511965528020
5511971437231
5511974864249
5511995483504
5511998078861
5511998433404
5511969674535
5511971064542
5511976007878
5511985538344
5511993132713
5511995113898
5511999466766
5511989110495
5511992941461
5511994170135
5511996781392
5511980743650
5511980743656
5511981522581
5511982338827
5511986615678
5511988805054
5511951987358
5511969162423
5511971838642
5511972303814
5511995534502
5511986822137
5511960614484
5511984241675
5511986383547
5511998506485
5511973833729
5511972410658
5511998932278
5511957194060
5511988370294
5511988195854
5511993980513
5511996287560
5511996365451
5511997626363
5511997729565
5511998353037
5511973529627
5511976366326
5511985599650
5511967042561
5511971620005
5511994284002
5511957314203
5511968281328
5511997499903
5511999915163
5511973987520
5511980230846
5511998402314
5511980454991
5511986300575
5511992506405
5511971456711
5511953491085
5511972737041
5511983856247
5511986856247
5511994656050
5511996321839
5511970586006
5511996838604
5511999632825
5511962259863
5511962559863
5511966726615
5511971775651
5511973655228
5511973655561
5511995993002
5511963363733
5511980187384
5511994285694
5511995180258
5511975737869
5511982703272
5511998602898
5511981414893
5511982033070
5511988604348
5511991578565
5511954122203
5511960546765
5511973507579
5511974135156
5511996659875
5511980703263
5511961826211
5511997926860
5511994688895
5511997895909
5511972219914
5511975241075
5511950707373
5511973809444
5511973895458
5511976101232
5511985773931
5511972879918
5511972996390
5511992807921
5511963211347
5511994023589
5511995391533
5511995960598
5511998968825
5511947597124
5511976003911
5511986004546
5511989683957
5511982371604
5511983399652
5511966862933
5511971692150
5511985118465
5511995176486
5511975393298
5511997393195
5511947086713
5511947847640
5511947847641
5511993807897
5511999667482
5511995439371
5511998551571
5511971049813
5511977377396
5511992324918
5511942636165
5511994479231
5511965495172
5511969090751
5511975235597
5511991967800
5511992743515
5511976002613
5511994975066
5511976357133
5511996928080
5511998950717
5511982676218
5511982676289
5511982676344
5511982676353
5511982676374
5511962003335
5511972987333
5511982490002
5511982490027
5511982491000
5511996200333
5511995216711
5511999959009
5511954045211
5511985234552
5511989935378
5511976102202
5511981979094
5511997113575
5511967851502
5511974779182
5511979994238
5511991273722
5511994413578
5511996342079
5511991200320
5511985419335
5511996479335
5511993078685
5511994823533
5511976251575
5511991092727
5511991572412
5511973574618
5511996182268
5511996664419
5511996943300
5511996985566
5511999950489
5511961369275
5511971140462
5511992626111
5511995166674
5511995464971
5511997037068
5511942878550
5511968891310
5511972740204
5511976358538
5511992143656
5511996120830
5511996709983
5511997190040
5511971272000
5511975516650
5511985723734
5511997826003
5511946900856
5511972242792
5511973346279
5511996514045
5511999175714
5511984548557
5511947438217
5511948576764
5511952183388
5511958053915
5511963995941
5511967541220
5511954003198
5511961152746
5511965271530
5511968997961
5511957538518
5511971385454
5511997322695
5511982997156
5511988997591
5511991680605
5511973419883
5511975535319
5511976423460
5511981456349
5511982639308
5511940262445
5511968280205
5511995085068
5511958919631
5511995062271
5511961210694
5511966578858
5511966578859
5511966735930
5511973558233
5511995559425
5511997627490
5511998060036
5511974376216
5511963781807
5511972938903
5511974416373
5511979976390
5511989620345
5511992835276
5511994362202
5511994998480
5511994427967
5511995697883
5511996242691
5511984794785
5511986942582
5511996675947
5511971374533
5511978178668
5511997560419
5511971929053
5511972912505
5511973127393
5511974477600
5511975559902
5511976734070
5511975826777
5511974298831
5511995113700
5511962772112
5511972239101
5511972916202
5511972916208
5511973048385
5511975008275
5511998384535
5511999948283
5511996937063
5511999897064
5511981092116
5511981479686
5511959183198
5511964096290
5511964847313
5511971883242
5511996088071
5511976102792
5511975983191
5511996021789
5511976104180
5511940095896
5511947420889
5511976102353
5511997593730
5511973754073
5511998750864
5511976102820
5511998682804
5511972974382
5511948458851
5511967561959
5511983823178
5511984721487
5511961362036
5511984430237
5511987822491
5511963314658
5511999509686
5511961734410
5511965530117
5511956522111
5511992492258
5511995526335
5511998040013
5511999868751
5511999868793
5511998900638
5511998125072
5511973074576
5511974134659
5511972304893
5511972971895
5511975441212
5511996255267
5511973097994
5511994787966
5511971889656
5511961884639
5511961892887
5511961941741
5511964168747
5511971069459
5511972928035
5511973544965
5511974508888
5511954002179
5511965322800
5511993072333
5511982747331
5511982841162
5511982899788
5511984290022
5511992348726
5511994423991
5511997263135
5511997724378
5511999444064
5511981489010
5511996019701
5511996251627
5511971179021
5511976537195
5511994704590
5511998512401
5511973241321
5511976428463
5511989967337
5511993935339
5511950619933
5511996860974
5511999686097
5511967037664
5511995869453
5511997851749
5511972377728
5511997954782
5511997979053
5511998084790
5511999964537
5511975392148
5511943292748
5511964880015
5511971185374
5511972839277
5511972847677
5511996140757
5511999775333
5511999775388
5511999919495
5511957234803
5511967522699
5511979862054
5511985388433
5511995759676
5511997368705
5511997826825
5511985852544
5511941840821
5511952946894
5511977696277
5511983179758
5511993044047
5511996434151
5511972055979
5511991514951
5511996825953
5511996825983
5511998349105
5511995689206
5511997500680
5511998793130
5511982520857
5511973088467
5511984426141
5511988376512
5511957756965
5511986252340
5511986253199
5511997359226
5511972897910
5511961410304
5511961529977
5511963024293
5511965455573
5511989103041
5511989975847
5511998910304
5511968446064
5511969043393
5511969043396
5511971570518
5511973333178
5511996971604
5511971942991
5511987146103
5511991376034
5511947437905
5511947437908
5511947891637
5511984473577
5511989191212
5511994752747
5511994753121
5511996572933
5511999739921
5511963709393
5511964194995
5511973320589
5511983337700
5511987497918
5511955520041
5511964162639
5511975550705
5511983063608
5511991154610
5511999902275
5511968464632
5511974762454
5511978028444
5511998627463
5511957065110
5511986274532
5511998382421
5511971292599
5511972478737
5511975829129
5511995342154
5511950813153
5511981937039
5511982447683
5511995428329
5511995429488
5511953742161
5511982894434
5511986696294
5511997089884
5511999307058
5511995376472
5511998830287
5511983173871
5511983174319
5511963445182
5511995223524
5511965938702
5511991752406
5511995076298
5511998625889
5511974368292
5511944897683
5511975954289
5511996192583
5511999680232
5511995237154
5511964739850
5511966227303
5511968285699
5511974766575
5511981221764
5511983118998
5511997250419
5511968285074
5511998990855
5511985415501
5511971021421
5511972154950
5511941071109
5511946579672
5511972900768
5511984969597
5511986583099
5511986100048
5511963786248
5511971601922
5511997165460
5511974213530
5511999386724
5511999693434
5511969871386
5511963700838
5511995267213
5511940142279
5511947110819
5511947348496
5511995952705
5511957930686
5511963040636
5511968653720
5511998199211
5511983319371
5511965511818
5511984343078
5511988876808
5511998673141
5511991729231
5511970971709
5511999490029
5511999490042
5511999848048
5511971876643
5511972577909
5511973801638
5511963636234
5511972787871
5511978725086
5511996491050
5511998996667
5511949084920
5511967621006
5511968291154
5511968425788
5511974231852
5511998715828
5511963326776
5511993660491
5511973239290
5511995230736
5511996759045
5511997778495
5511982520051
5511997713602
5511999771360
5511963744950
5511981927283
5511984946979
5511992650006
5511940312365
5511984621204
5511998361588
5511953055690
5511977143300
5511998838600
5511947160773
5511992389442
5511994423403
5511972244047
5511972932660
5511973626088
5511989733636
5511997524801
5511972314060
5511971293838
5511971873672
5511972212024
5511972505964
5511972734907
5511973337973
5511975487178
5511997621858
5511969112341
5511985505797
5511994164814
5511942247066
5511942629989
5511973079473
5511996867787
5511941372351
5511950567458
5511958581820
5511951435787
5511978765651
5511989443334
5511999954867
5511964986702
5511971140871
5511973705553
5511974575898
5511974503785
5511983360075
5511968409694
5511984733128
5511984733134
5511995520423
5511996293510
5511999185994
5511999990180
5511952383585
5511984644419
5511995698263
5511999663871
5511968686955
5511996260707
5511998264595
5511999775693
5511993960871
5511964828100
5511971298152
5511998025081
5511976101334
5511976367613
5511984410916
5511974899116
5511975875924
5511995267675
5511996015472
5511996297006
5511974697849
5511971208871
5511994405470
5511998918870
5511999614266
5511995363951
5511996662111
5511996665642
5511947672538
5511998754367
5511961283178
5511976605249
5511996765937
5511972525139
5511975929381
5511981029108
5511979649941
5511982082069
5511984847891
5511985857807
5511985857815
5511985857819
5511982399549
5511994147555
5511971445713
5511997944838
5511996098881
5511996588813
5511999479613
5511985589605
5511990522069
5511971031554
5511971087740
5511976934394
5511999077331
5511950742890
5511995312391
5511999896027
5511975564574
5511982861209
5511999928147
5511951487531
5511982698950
5511998720262
5511972032017
5511981755088
5511999118837
5511999872063
5511998997955
5511998195950
5511950502750
5511972330948
5511978761009
5511996275033
5511999068757
5511973575143
5511975449091
5511975977749
5511997239561
5511997239562
5511976924524
5511988617408
5511963076043
5511981297377
5511982694010
5511972143397
5511994541208
5511997415151
5511999681952
5511991626234
5511971307736
5511998975088
5511991524870
5511994113736
5511973292557
5511999979814
5511981470069
5511984134845
5511992677942
5511999556925
5511999556986
5511996771767
5511970935583
5511972009810
5511972132725
5511995178590
5511995961184
5511996759021
5511992909980
5511999177816
5511995523400
5511999496966
5511997771297
5511999002037
5511999494878
5511999495117
5511951043380
5511998676799
5511999712447
5511965957321
5511966875385
5511970758319
5511973180063
5511980246945
5511982995218
5511988184697
5511993181467
5511997471719
5511971529285
5511976393597
5511976393617
5511987576803
5511987825052
5511991320344
5511991543990
5511971450840
5511982355771
5511995914601
5511995628324
5511999648769
5511991031373
5511996481522
5511999872600
5511983394709
5511999982891
5511999982984
5511997559456
5511999755945
5511999844213
5511976101764
5511982798080
5511983713974
5511996375014
5511971018090
5511973361951
5511999655976
5511999771925
5511997150497
5511996143451
5511956286728
5511972505770
5511981875113
5511996573944
5511971921346
5511995644071
5511972427403
5511992520371
5511991374359
5511957780525
5511983839947
5511940057007
5511970591215
5511970599144
5511973992805
5511973993336
5511973997444
5511982243668
5511982244348
5511974881625
5511975653774
5511983413919
5511995275839
5511999122665
5511975182808
5511975186808
5511978091358
5511981121045
5511996465890
5511998601713
5511973868129
5511998800026
5511998800063
5511999871485
5511974157665
5511995941825
5511999874835
5511999874840
5511942100041
5511996066435
5511996340440
5511995828472
5511999555322
5511999595322
5511999914241
5511985866107
5511995551917
5511970179771
5511974685556
5511997495640
5511973432448
5511999171785
5511973700039
5511974879303
5511997739395
5511971298107
5511993657423
5511966193111
5511976808860
5511976411724
5511992160117
5511992168637
5511992169447
5511978387425
5511982090050
5511984477226
5511998842525
5511999144826
5511950288491
5511971149313
5511971487274
5511974307274
5511975871168
5511992194513
5511997099507
5511998832277
5511999705716
5511993314458
5511970220438
5511981930100
5511996853022
5511998842123
5511986051528
5511954411424
5511978955682
5511971272650
5511977665431
5511980119710
5511991031373
5511991323467
5511996496393
5511993343225
5511995252437
5511998565700
5511998571989
5511983033456
5511999855998
5511956053898
5511981464475
5511981464495
5511940191112
5511940207455
5511957526804
5511967049074
5511983189258
5511989601698
5511997356629
5511999735662
5511966428456
5511985329800
5511995440201
5511996777791
5511957751605
5511985498035
5511991506568
5511996519390
5511997185313
5511974309783
5511992633828
5511974109028
5511995514593
5511997156477
5511998678941
5511973558095
5511961829666
5511972137366
5511986005709
5511997220612
5511950630964
5511971197829
5511974042230
5511998473051
5511952418222
5511962853242
5511967618034
5511985795642
5511987191895
5511992798817
5511994353853
5511997472129
5511998524537
5511999651497
5511995466782
5511944727997
5511982391222
5511987849579
5511993782074
5511962756200
5511997719348
5511999771934
5511982618387
5511965877868
5511972008207
5511976549541
5511991594301
5511992219048
5511974583698
5511974720026
5511999332774
5511979779119
5511982869806
5511991352662
5511975972980
5511999438824
5511999483824
5511999890962
5511999943882
5511972164165
5511973858780
5511996138325
5511942392678
5511995422171
5511997015279
5511997662858
5511963756389
5511966412683
5511989958847
5511963957630
5511979578050
5511992135866
5511997139721
5511966099188
5511968289487
5511984779099
5511953113330
5511974942623
5511980655204
5511982795473
5511998086460
5511982979513
5511987756786
5511999504918
5511997238456
5511991298083
5511974799667
5511989896951
5511994627155
5511955587134
5511973159251
5511995085984
5511964959883
5511952453476
5511971285300
5511980492843
5511982147011
5511998049284
5511954319284
5511973317920
5511973321442
5511974676173
5511995684141
5511997331792
5511976358800
5511995476960
5511997730705
5511976004203
5511993212399
5511991844837
5511972898865
5511973415827
5511997649776
5511946618374
5511962420691
5511967091727
5511968290005
5511971769221
5511980830853
5511997809994
5511969881488
5511975572096
5511998515541
5511995828500
5511997815548
5511998667169
5511998667191
5511964185563
5511952777557
5511954226515
5511968287468
5511969439016
5511974624800
5511973273101
5511991559471
5511991559476
5511991395482
5511976901926
5511995244507
5511972736240
5511998460674
5511971953964
5511999973806
5511994345525
5511995208798
5511995672501
5511989768395
5511976001137
5511976003206
5511982357950
5511991732810
5511997103029
5511947531626
5511964757787
5511974618182
5511995049930
5511995258299
5511999495306
5511941521001
5511960841378
5511982387508
5511974674056
5511975252665
5511996848537
5511957851866
5511963855300
5511971093081
5511988606221
5511998457572
5511976004240
5511996851764
5511998058789
5511976446413
5511987525336
5511992951160
5511996390909
5511967375818
5511975068731
5511975480231
5511978160400
5511995235710
5511998053734
5511998110322
5511998360256
5511999146969
5511976003935
5511972043033
5511972346722
5511972639937
5511997811676
5511998015291
5511998759506
5511950766352
5511970884812
5511971583501
5511974230732
5511974919292
5511989598397
5511996186504
5511996311388
5511996951584
5511994513673
5511941136615
5511963908514
5511961912030
5511972255501
5511972320171
5511996371929
5511971152797
5511973422293
5511973354847
5511998252981
5511958784122
5511998666270
5511954537379
5511969022383
5511971821771
5511973170535
5511975223968
5511976003373
5511992664055
5511992985955
5511974637076
5511974413516
5511950846072
5511950856072
5511968291471
5511980852566
5511980852567
5511992990321
5511991502348
5511993418982
5511973257329
5511974192043
5511994877669
5511998772000
5511952789751
5511973296742
5511976504004
5511984057547
5511951634390
5511987642273
5511972724709
5511997050022
5511957440888
5511965323200
5511970835728
5511974440074
5511997269830
5511998242520
5511999754169
5511957975924
5511980882632
5511995797592
5511996602826
5511998314342
5511998448715
5511940215504
5511947671087
5511971676719
5511977814014
5511980885204
5511996098282
5511998331008
5511999687379
5511940033526
5511940107167
5511940140686
5511940140687
5511950250998
5511977294307
5511986888802
5511996111705
5511996167934
5511996550633
5511999564434
5511999738197
5511964736288
5511976003948
5511984412897
5511998893107
5511971463774
5511973342273
5511994105224
5511997147237
5511974891630
5511995738357
5511997063390
5511998913856
5511954000741
5511957591173
5511984880745
5511995258066
5511995626509
5511957769269
5511970959664
5511984808923
5511996497414
5511997548923
5511974484002
5511996858812
5511958703202
5511964525657
5511992390751
5511992734963
5511961955911
5511972385939
5511995426432
5511973130951
5511968476022
5511984813633
5511985234867
5511962502052
5511962503245
5511970454561
5511998268945
5511963928455
5511972387890
5511973211304
5511975942270
5511974817973
5511992069409
5511992219912
5511987587609
5511991594068
5511964590775
5511968450304
5511976893842
5511962359151
5511971274118
5511980305073
5511954252996
5511971317977
5511979974955
5511980294865
5511982505432
5511995958235
5511981018069
5511984787912
5511999867484
5511971985910
5511973540953
5511995026205
5511996556699
5511951245846
5511999490260
5511986999872
5511997783433
5511957508167
5511996651645
5511985318497
5511947917067
5511954265819
5511961363630
5511972080972
5511980703630
5511995279503
5511995453415
5511997590082
5511959879659
5511963970432
5511963970531
5511971122548
5511986393665
5511997508490
5511950481991
5511965033415
5511971381564
5511977325929
5511981692906
5511998641990
5511972092552
5511997477772
5511982779453
5511984104415
5511982846390
5511992701146
5511994782534
5511999270114
5511973764957
5511967851250
5511967851251
5511991283557
5511992515350
5511992554162
5511941131893
5511963707785
5511966697024
5511960543922
5511996502921
5511941140826
5511975587297
5511981076244
5511983053943
5511997508640
5511998604129
5511974549127
5511992799515
5511995705983
5511995819775
5511995970588
5511952458337
5511961059427
5511969909980
5511972411338
5511974768647
5511994021768
5511971159520
5511976022048
5511998777162
5511971859671
5511967077765
5511961210848
5511973885137
5511988140205
5511966256142
5511992938146
5511973798700
5511998964668
5511996481730
5511997959101
5511963984311
5511988185902
5511997705995
5511970235914
5511971516709
5511972454875
5511984007294
5511998848651
5511976002792
5511964770957
5511973542667
5511963706601
5511964909583
5511975604698
5511997919322
5511999862337
5511974013444
5511976841938
5511993101367
5511952181463
5511972375385
5511980195821
5511988080583
5511999085321
5511985077441
5511986372640
5511987262580
5511997433960
5511963763116
5511988395380
5511985507639
5511989869794
5511994397390
5511982035723
5511984113425
5511987282723
5511973040939
5511997471260
5511967883369
5511968287294
5511968288033
5511991386357
5511995011439
5511981288918
5511981299818
5511974191612
5511999039135
5511999917208
5511941206515
5511947313541
5511978178339
5511994827495
5511997044333
5511967010817
5511968985862
5511969273796
5511969372796
5511976357905
5511965002920
5511968017972
5511983800886
5511986079324
5511997686427
5511943682025
5511973239883
5511975903700
5511941679164
5511945431300
5511965963439
5511972930553
5511995122100
5511950251040
5511999640824
5511993452349
5511981526438
5511997176920
5511976004817
5511997600481
5511967005106
5511987590519
5511997118289
5511997118297
5511940381111
5511947126102
5511957129997
5511967904021
5511984605406
5511971292989
5511998755329
5511940014385
5511940047125
5511947097487
5511997767709
5511947197961
5511947197968
5511958835038
5511979938360
5511974131137
5511995226228
5511992381100
5511976352426
5511994349293
5511983263009
5511996489090
5511992390114
5511966642027
5511968997114
5511972507030
5511969051616
5511946093794
5511946233035
5511947707811
5511958246925
5511972820996
5511993977170
5511998976021
5511991031116
5511991032086
5511991942811
5511993822206
5511966749091
5511944759700
5511968287884
5511968560535
5511980185176
5511997240190
5511995139185
5511980217378
5511994969595
5511995408595
5511974315060
5511981467834
5511981961083
5511983549626
5511992977748
5511995372522
5511996083101
5511999729105
5511953619452
5511985169120
5511981073142
5511998910342
5511998726490
5511973455195
5511989239206
5511989855465
5511998605312
5511947064441
5511947214612
5511989481216
5511989830609
5511992290057
5511997384480
5511989373823
5511991646001
5511964810551
5511976809814
5511985236386
5511991329783
5511997784012
5511953416471
5511970452920
5511991860852
5511992453693
5511995620621
5511999562062
5511959151761
5511968629425
5511995050648
5511976035770
5511998280079
5511943445029
5511987948237
5511991166777
5511998546512
5511998750587
5511999117320
5511981863660
5511995840147
5511973940821
5511975968779
5511944608445
5511991154743
5511988773352
5511992465133
5511992883851
5511992885161
5511994189998
5511964441149
5511968616698
5511971015532
5511972694670
5511982943455
5511987745138
5511995332258
5511973988741
5511973988781
5511977241333
5511979717087
5511980367218
5511984615213
5511997773342
5511997823853
5511976211513
5511973119668
5511988039777
5511964865405
5511964928655
5511969067721
5511972403438
5511996129025
5511998159675
5511974838969
5511987088050
5511991094142
5511976795991
5511994657528
5511975661408
5511995620063
5511980119447
5511962444713
5511962492319
5511998917307
5511968287200
5511968290049
5511999521595
5511997100609
5511999550357
5511967585816
5511993096333
5511971975372
5511995568027
5511941675185
5511999790617
5511972560908
5511957782737
5511991812031
5511995426506
5511996053998
5511970729828
5511979806005
5511989322890
5511941100707
5511941905919
5511964252429
5511994110070
5511996421500
5511999335184
5511998962404
5511940825952
5511940881080
5511999451498
5511974121803
5511996047838
5511997704747
5511999501418
5511988090881
5511995252300
5511997424937
5511997178831
5511976127592
5511981210537
5511999686276
5511996922607
5511966022059
5511983831112
5511983831210
5511991841212
5511999107472
5511987220547
5511984714430
5511989704848
5511970685179
5511986128485
5511993526997
5511983052760
5511956762836
5511982187880
5511988176659
5511947131668
5511947336956
5511947468710
5511947468711
5511974839369
5511964198560
5511974927787
5511999571437
5511999775256
5511970844405
5511971294415
5511989143469
5511998387026
5511998854282
5511965862449
5511997296245
5511968285461
5511971268434
5511989958212
5511999105329
5511972151999
5511946554068
5511969553259
5511984517706
5511995554357
5511993964421
5511970747044
5511961789015
5511983185876
5511981672767
5511971764358
5511998723377
5511975353616
5511983880049
5511985096138
5511974688234
5511942999698
5511983132518
5511998492777
5511976346190
5511999705286
5511974610311
5511981724230
5511984177923
5511967878801
5511968948694
5511997080351
5511987759420
5511997355907
5511997797707
5511941626369
5511971151157
5511978090702
5511997652658
5511999985213
5511995710173
5511951524539
5511974633544
5511941135390
5511955596757
5511973413179
5511996808705
5511996921990
5511999276072
5511953029081
5511979755622
5511997975562
5511998880022
5511982343988
5511982953977
5511993232197
5511996209030
5511996440923
5511997787064
5511982127112
5511991740802
5511973949687
5511974933530
5511997637010
5511941365210
5511998877435
5511971216155
5511972462037
5511985322836
5511974013233
5511987197125
5511996219607
5511981023117
5511981817475
