5511996213089
5511971843030
5511975662875
5511986646743
5511988831188
5511997706443
5511957446676
5511965415358
5511988582748
5511993217754
5511993819790
5511995322024
5511997312747
5511999499777
5511967139929
5511999646686
5511991291586
5511971623365
5511971896899
5511972484355
5511997957636
5511996884445
5511991952520
5511981508685
5511992149919
5511996281822
5511989540130
5511961996472
5511990587162
5511994063045
5511997794833
5511999774833
5511981484994
5511986408439
5511995012545
5511982858080
5511999684214
5511996366440
5511996541131
5511973653290
5511981072738
5511981602016
5511983032442
5511983334774
5511994042742
5511996283584
5511998160201
5511998333477
5511972897223
5511981447738
5511995425066
5511995425081
5511996589594
5511999561154
5511960545851
5511968092996
5511972063423
5511972774924
5511975804064
5511989117715
5511991953001
5511993300073
5511994476767
5511995395929
5511996073378
5511998710319
5511999018117
5511997748184
5511963650357
5511982595502
5511984476744
5511992157259
5511999852902
5511992790050
5511994794500
5511996267675
5511992172116
5511999871518
5511972440600
5511974111131
5511996224443
5511998382176
5511999140092
5511999389648
5511981374589
5511984349989
5511999057772
5511973523854
5511996762750
5511997867969
5511997797855
5511998711126
5511998963225
5511995748893
5511999325085
5511981221986
5511992301475
5511999871225
5511941450861
5511942128890
5511972096586
5511972437023
5511997175008
5511998319162
5511999054765
5511992425560
5511992514573
5511972381915
5511953077643
5511968556816
5511976976199
5511981103778
5511996066004
5511998317036
5511998695493
5511992029163
5511996480658
5511994401575
5511994458358
5511981747487
5511983723929
5511993871854
5511980816561
5511975498848
5511981769792
5511997549884
5511984879212
5511976103641
5511989161217
5511991251640
5511978115535
5511997213331
5511993689589
5511975920085
5511983171558
5511965701510
5511986973817
5511964833221
5511964846331
5511974199744
5511976245095
5511992148882
5511996218200
5511963755674
5511964025957
5511971876916
5511999750369
5511996282163
5511980503614
5511982143123
5511992025707
5511971307630
5511991436003
5511974923516
5511981821951
5511985281531
5511976048557
5511991721733
5511994742443
5511965342271
5511981708150
5511947735087
5511978388672
5511996171949
5511996287295
5511976103323
5511976103326
5511976103330
5511996292774
5511988327562
5511966078403
5511968282430
5511991024090
5511992207428
5511998006278
5511976080903
5511999155603
5511998510451
5511947753237
5511947759469
5511952452112
5511987773336
5511986121017
5511991539681
5511998612101
5511976642594
5511996028552
5511986452390
5511998565877
5511999929238
5511968289034
5511972215430
5511977854400
5511981907324
5511995275811
5511995974304
5511997252882
5511999910711
5511947070177
5511947077695
5511947267969
5511947933234
5511972775790
5511997710751
5511962507646
5511967252111
5511971750824
5511979554522
5511940166793
5511961906223
5511963311277
5511972309949
5511973298829
5511989411639
5511997073917
5511999129797
5511966243655
5511973258530
5511975860284
5511977604809
5511982454182
5511989507867
5511992252999
5511996030828
5511996034523
5511985209753
5511992447961
5511993196264
5511974777916
5511968289754
5511973533442
5511999809772
5511983351012
5511983405551
5511985858155
5511982721742
5511992231114
5511997453339
5511999518866
5511971521136
5511999306570
5511996286557
5511964126775
5511999379805
5511950877228
5511960756080
5511974469118
5511982656761
5511991768069
5511992234336
5511994582745
5511997913047
5511972472952
5511985510904
5511974928026
5511995284781
5511997335852
5511963703141
5511973195452
5511962654505
5511967113600
5511968688688
5511991180034
5511995359879
5511963396829
5511973675315
5511998795442
5511941305143
5511947466269
5511972610520
5511972657806
5511977097000
5511985987301
5511996768490
5511970258474
5511945541483
5511951502441
5511988324011
5511998832401
5511989617611
5511963349322
5511984514535
5511992816234
5511995332269
5511951593741
5511959846570
5511983435219
5511994119756
5511942544600
5511973338177
5511982238817
5511996135901
5511996023738
5511995275085
5511996655518
5511986393402
5511967337977
5511974030172
5511971760632
5511997835379
5511995911898
5511997523878
5511991068250
5511992571605
5511994996658
5511943126700
5511947715458
5511950754848
5511972584848
5511999350303
5511968532544
5511969733697
5511973228923
5511984288537
5511997949869
5511940020110
5511981589839
5511981589840
5511971596021
5511992936437
5511997449407
5511973085809
5511998075266
5511973186161
5511975975585
5511995478940
5511997321282
5511971090231
5511973063355
5511975781551
5511997701551
5511944206075
5511976483387
5511982592026
5511966528938
5511967928334
5511970135820
5511986351413
5511988865418
5511973210805
5511994155334
5511992683121
5511943911653
5511968513781
5511954125540
5511960301809
5511966928320
5511986380844
5511997339845
5511971001820
5511971008202
5511971896742
5511974368811
5511975294875
5511940110724
5511940110734
5511940110738
5511968961237
5511992770306
5511973641732
5511992261256
5511998149421
5511995558307
5511967403663
5511979940774
5511995430294
5511996702947
5511999284680
5511999973586
5511974582056
5511986664450
5511996896856
5511999689685
5511974742299
5511955576157
5511987532939
5511994675946
5511981853029
5511963381998
5511971931213
5511973905908
5511954386767
5511987588392
5511950239100
5511964752034
5511995432034
5511980683708
5511995562451
5511997675723
5511967132149
5511971071179
5511974862471
5511979830098
5511993210108
5511998284425
5511947049420
5511950750482
5511955200506
5511968171155
5511969928247
5511974981399
5511995084246
5511984237919
5511984704823
5511985421378
5511977835224
5511973595671
5511996974159
5511941148130
5511970134285
5511999254556
5511999735845
5511957885737
5511965624267
5511982567588
5511995309863
5511999171739
5511969134269
5511970962676
5511972521757
5511979632395
5511987519046
5511996197457
5511972838150
5511981687184
5511995601534
5511997238010
5511981394800
5511971971975
5511996322268
5511996879336
5511997727106
5511999772710
5511981196328
5511962250680
5511982884590
5511955523831
5511962131958
5511968290205
5511970908582
5511982498731
5511985722074
5511970842060
5511957624353
5511983687899
5511973778118
5511996581454
5511996854546
5511985025381
5511974653697
5511986796119
5511995789944
5511974563823
5511956561555
5511989798282
5511998952302
5511999489516
5511998081952
5511999458932
5511980950226
5511996454668
5511996454680
5511998025003
5511994835968
5511960987871
5511968739603
5511973825884
5511975827781
5511998257970
5511947228255
5511968664172
5511971826356
5511972193633
5511974195117
5511974447490
5511975385173
5511957168268
5511973741487
5511943721070
5511995145508
5511998184560
5511968407321
5511983914307
5511985451216
5511995877912
5511997823315
5511957438982
5511962294954
5511995074658
5511999399240
5511974620523
5511963011435
5511971699529
5511999276439
5511987328843
5511998084208
5511991859227
5511948424880
5511972029214
5511975171506
5511995763254
5511972550835
5511975375330
5511989520635
5511991963869
5511996123283
5511984088020
5511997063175
5511956099036
5511998544321
5511972470179
5511942930536
5511971054656
5511973510894
5511954010606
5511983832151
5511971584577
5511999838075
5511971758700
5511993628517
5511995126021
5511995346170
5511997104261
5511997412466
5511997836569
5511969083498
5511973408827
5511994839136
5511981246978
5511985723233
5511998100739
5511957845514
5511992934795
5511984971397
5511958629703
5511987742679
5511966950417
5511968280508
5511973731308
5511974001214
5511997289799
5511967403551
5511985952214
5511996740355
5511999136728
5511954720243
5511988537060
5511995917445
5511972071668
5511972072393
5511984442973
5511996011509
5511998368293
5511944469935
5511947519903
5511974400637
5511992237916
5511995472345
5511995922630
5511997733183
5511940826502
5511982638873
5511983215782
5511984096006
5511984331194
5511984412811
5511996544574
5511996913039
5511998807342
5511999804508
5511999910632
5511995351416
5511999535141
5511982964321
5511984880101
5511973310326
5511972947504
5511973409535
5511996244962
5511999773100
5511999773265
5511999773266
5511975458118
5511954058378
5511973502825
5511996611214
5511997396377
5511982491484
5511983464298
5511995368551
5511996022546
5511963385524
5511972953590
5511991798418
5511994050039
5511994376869
5511994377275
5511997061042
5511972834800
5511983751515
5511987510156
5511997725554
5511999371696
5511999377068
5511993215983
5511995146353
5511966448969
5511991312711
5511991316605
5511991316710
5511991399137
5511971778131
5511972732794
5511996574890
5511961742048
5511992166724
5511994946135
5511961909608
5511976004921
5511999770093
5511972618099
5511995515049
5511973403818
5511999317317
5511999631105
5511974347389
5511976951059
5511969068268
5511969069011
5511983357393
5511992383580
5511997428536
5511974799310
5511982333542
5511996292774
5511999173673
5511947353434
5511947499729
5511947586732
5511947620233
5511974674375
5511991230581
5511991291907
5511994070926
5511994732278
5511967686849
5511996899552
5511968310197
5511968313997
5511981173330
5511983099009
5511999374797
5511991902242
5511973922566
5511984165232
5511991046099
5511953154182
5511991521414
5511982089046
5511977664098
5511997382004
5511998056785
5511999509036
5511973663545
5511976103251
5511999531289
5511999978971
5511982139908
5511991840410
5511971253150
5511998712225
5511969242627
5511973664190
5511982363484
5511998807996
5511947609547
5511973026161
5511974255904
5511975566248
5511975926355
5511980747003
5511986599264
5511960332425
5511960441519
5511960441521
5511977461521
5511996033242
5511996044151
5511996044152
5511999875686
5511986096462
5511996936075
5511972024950
5511957700033
5511994819955
5511998125943
5511999873466
5511982556391
5511968622050
5511999767003
5511999767330
5511957198930
5511964851835
5511968812773
5511969690997
5511973096099
5511975713159
5511977515250
5511980610933
5511980610996
5511994047040
5511985407905
5511991745151
5511991136633
5511976362160
5511977126744
5511983393941
5511996211418
5511999269314
5511999379490
5511999670478
5511975735007
5511983641416
5511997332089
5511942173471
5511963322119
5511976533597
5511992585953
5511997426624
5511997426634
5511999421680
5511971675410
5511974028849
5511976103283
5511995727130
5511996026387
5511999647238
5511963581247
5511965137778
5511976355483
5511992162005
5511992218358
5511997804983
5511957163172
5511963732413
5511970228846
5511997348936
5511997695159
5511997700680
5511964000718
5511982839742
5511996977572
5511995402034
5511965669818
5511961279766
5511962882382
5511965107098
5511967633872
5511957005151
5511980608089
5511963347223
5511976937593
5511991124054
5511992429646
5511997927704
5511998757595
5511964123838
5511966901375
5511989284666
5511997684901
5511999490962
5511989116178
5511991920668
5511992388456
5511976102710
5511994706559
5511995615078
5511997066322
5511951770102
5511994845881
5511964881398
5511998113450
5511998295352
5511999719530
5511958893035
5511972949587
5511977291928
5511981635265
5511996024430
5511969298467
5511975498808
5511976101105
5511981995372
5511993051691
5511976819888
5511992220439
5511992228084
5511994149743
5511996188064
5511999376833
5511999461072
5511976103016
5511995990299
5511996227980
5511947906160
5511971778670
5511976101305
5511998327201
5511976101784
5511942486500
5511947486901
5511976155242
5511976579717
5511996851947
5511976102210
5511998099909
5511998488336
5511999776004
5511999788003
5511982352930
5511982969502
5511993830606
5511993833113
5511993837607
5511976351812
5511975771305
5511999873280
5511983354363
5511983937551
5511992520515
5511996557354
5511996877551
5511999640065
5511999816414
5511963931279
5511995004040
5511970738774
5511996256339
5511999607616
5511969061428
5511972102057
5511981695669
5511982525717
5511999772821
5511963757601
5511967312514
5511968291901
5511991240222
5511991640882
5511971127532
5511982558307
5511993985930
5511998255830
5511999415280
5511989661240
5511971893886
5511976001227
5511971290705
5511995370071
5511996669165
5511997052808
5511993853831
5511994062855
5511944894050
5511976764164
5511991675906
5511992956579
5511996554094
5511999064858
5511999906485
5511995003301
5511995005276
5511995418861
5511995419625
5511995746883
5511999689862
5511967858315
5511971631026
5511972893488
5511973906503
5511996667806
5511996785831
5511956000776
5511957580801
5511972247935
5511972653976
5511972820331
5511973156616
5511976101012
5511999012650
5511999073059
5511960771845
5511975679134
5511981970033
5511982787989
5511982795007
5511996740645
5511997417645
5511999377146
5511991472333
5511943398534
5511947471449
5511954482521
5511997100900
5511964020228
5511969039154
5511971624833
5511971629833
5511983444673
5511988006464
5511991188549
5511991694251
5511994578338
5511963070206
5511966358807
5511992282355
5511992427638
5511999242763
5511982824418
5511987328086
5511988611801
5511981799187
5511983078023
5511991389800
5511972250568
5511986140002
5511987577747
5511996017460
5511998834729
5511942537572
5511975224071
5511975589462
5511997374969
5511997591458
5511975490221
5511989596041
5511989596981
5511992824483
5511973956556
5511983466889
5511984322969
5511984340902
5511966681632
5511966691632
5511980511789
5511981110032
5511981874929
5511986006252
5511997629206
5511982781700
5511987416490
5511989340798
5511997049229
5511999521379
5511961993937
5511973867167
5511957438212
5511962923070
5511967951068
5511994822620
5511991114684
5511944705478
5511962865649
5511964285025
5511980446085
5511984123479
5511995653085
5511998088851
5511968479634
5511989961052
5511964926100
5511971853569
5511995667877
5511997140812
5511999450503
5511999945050
5511977329624
5511986656787
5511993206000
5511993544534
5511997878091
5511998959676
5511941052379
5511957440879
5511976388018
5511994797916
5511996189444
5511997708079
5511998709493
5511999864298
5511999867008
5511973644952
5511975440019
5511997895372
5511998230011
5511947460252
5511947469243
5511963991845
5511968281694
5511972329342
5511972329343
5511973226875
5511984312875
5511995065123
5511998953632
5511999099267
5511940085709
5511940085712
5511940085713
5511940085714
5511963998090
5511973419301
5511973800093
5511975085702
5511947754453
5511968292957
5511968292958
5511973114990
5511973539332
5511999315222
5511973370940
5511994729593
5511997322569
5511998678359
5511999936585
5511999954530
5511993882255
5511974487215
5511989224436
5511991718546
5511993456494
5511940152545
5511968639674
5511972604393
5511994740505
5511996951216
5511997039734
5511997058221
5511960725695
5511956103706
5511971991317
5511972935180
5511974927326
5511975207248
5511992521540
5511999859603
5511959159906
5511985798895
5511999016753
5511976644254
5511999466001
5511999910896
5511991617499
5511991617717
5511941424564
5511944842101
5511955901983
5511963498234
5511986965185
5511991184564
5511991225962
5511996878500
5511999026836
5511999690885
5511959304546
5511977172879
5511988254671
5511991703815
5511994548723
5511994958829
5511998742125
5511986927672
5511995121381
5511991226988
5511956095327
5511981223780
5511985362959
5511993782048
5511998865692
5511984156561
5511999908298
5511999430512
5511947827099
5511966047355
5511973718819
5511991711404
5511991714378
5511991714439
5511992188795
5511973741632
5511999498171
5511982820830
5511997013480
5511997899771
5511993099540
5511994588391
5511980559310
5511982520706
5511985365104
5511993597777
5511996157506
5511971239578
5511996669676
5511998117831
5511999012076
5511999777423
5511999612547
5511999614569
5511973494492
5511975551571
5511975737727
5511975976655
5511994253611
5511996201787
5511999968249
5511974372341
5511993820535
5511999754127
5511971069185
5511965266713
5511965807668
5511973871526
5511985994080
5511998204928
5511982408465
5511984428342
5511988602429
5511998378555
5511983180650
5511997316531
5511999561574
5511982024669
5511973414719
5511995209779
5511998773292
5511998825792
5511971577391
5511971577397
5511992391392
5511992520511
5511991110652
5511994086909
5511981868417
5511994088811
5511955579114
5511955692710
5511971141550
5511985243106
5511985812712
5511995110600
5511991981898
5511995061764
5511982923502
5511970435387
5511993156711
5511998376060
5511979705616
5511982163063
5511988062957
5511993609199
5511999151631
5511993405414
5511972226054
5511991161243
5511971493885
5511999675510
5511972790228
5511984268542
5511995091697
5511996004029
5511966465579
5511995323395
5511981964308
5511996690979
5511963996755
5511973036756
5511987522992
5511998701701
5511998806052
5511999252319
5511973932449
5511989185572
5511996547832
5511999561446
5511977552748
5511991412163
5511991415752
5511994440404
5511942061559
5511980845471
5511998084547
5511998185370
5511954122688
5511966596300
5511966596777
5511966598244
5511971197645
5511979723450
5511997927795
5511985236124
5511998638216
5511962166157
5511983649953
5511984707210
5511976002777
5511981250300
5511999910521
5511999911444
5511991425555
5511994491253
5511997931383
5511999062654
5511999511360
5511970558931
5511981668083
5511993399789
5511944634871
5511981895204
5511973193617
5511973519488
5511976568658
5511941885352
5511971814779
5511984453912
5511975648100
5511976069655
5511977872745
5511968424044
5511996103205
5511996716225
5511986622322
5511992156046
5511999297446
5511997427494
5511998803150
5511999880315
5511969129311
5511984503899
5511985655976
5511993592779
5511998565597
5511963868792
5511971674247
5511972445259
5511970581372
5511969416172
5511995835213
5511998707427
5511962668945
5511987031594
5511991635362
5511991984782
5511971461159
5511971469505
5511993112100
5511993331648
5511967337289
5511972383157
5511974225349
5511974973318
5511975553176
5511993664423
5511967736031
5511986174804
5511958523655
5511998359389
5511997991661
5511981095291
5511995542656
5511957214271
5511986076738
5511997408830
5511962831851
5511967726742
5511971497611
5511984055630
5511998202678
5511999999706
5511996968738
5511971024621
5511972561633
5511974263568
5511974836167
5511976206151
5511982637473
5511998829297
5511968482558
5511972048383
5511973788617
5511976189155
5511993879217
5511997078915
5511940075998
5511964275422
5511970531440
5511970875238
5511971092661
5511997921000
5511986099790
5511981815592
5511998187591
5511999130790
5511947226591
5511977156869
5511997358098
5511992775855
5511974374881
5511981216207
5511981216208
5511971389205
5511975571356
5511988299219
5511989199893
5511991617640
5511991622646
5511996828291
5511962469144
5511976001321
5511976293111
5511986734394
5511993850522
5511972446914
5511974563076
5511974677176
5511999336385
5511966920341
5511997290919
5511987011170
5511954601769
5511948820472
5511964536087
5511969891112
5511994651649
5511996989111
5511971366473
5511973568651
5511991162074
5511988425499
5511991489812
5511963367758
5511963463459
5511968280363
5511973190862
5511974568555
5511983113271
5511983113607
5511996297848
5511992624603
5511998073300
5511973262204
5511995355645
5511999083264
5511988756392
5511993238968
5511964789692
5511973631791
5511997752644
5511976901164
5511952444745
5511968311393
5511997922106
5511971691144
5511999907132
5511985145776
5511985799800
5511997835152
5511998226372
5511984858111
5511985862241
5511992356632
5511956566947
5511974921422
5511981947725
5511988110817
5511997156575
5511981604828
5511987038714
5511997864820
5511940396772
5511962375948
5511963179801
5511969128447
5511972790494
5511973994734
5511996531396
5511997862464
5511999905714
5511996871499
5511976936101
5511999474938
5511974878449
5511991489334
5511974252919
5511976311240
5511954763700
5511957777935
5511972762560
5511942316304
5511954031557
5511972971557
5511995403155
5511998099578
5511973456924
5511984315047
5511992226622
5511995742849
5511954753484
5511963454343
5511975293512
5511987204310
5511999884864
5511972654483
5511974113754
5511975745564
5511981020974
5511992710768
5511997813991
5511975428681
5511976879854
5511983526879
5511988539632
5511988687962
5511989267056
5511995094204
5511993428834
5511950641404
5511964250046
5511972882831
5511982292274
5511996188029
5511998196221
5511971833473
5511981546931
5511991806156
5511993285648
5511971042071
5511975627304
5511998918539
5511964463690
5511970842188
5511991191192
5511993332748
5511993663585
5511998812334
5511976330170
5511976330171
5511973821204
5511989697336
5511991063330
5511991067745
5511991068736
5511993312915
5511947660012
5511947911104
5511973763949
5511952271570
5511985782897
5511988441286
5511997770627
5511982210750
5511984661144
5511989347488
5511991469640
5511993611463
5511942399346
5511970871905
5511972521846
5511974799077
5511986776129
5511996684467
5511997925635
5511969045082
5511997621041
5511947094448
5511972311518
5511973669201
5511999304399
5511961158946
5511975591773
5511995972050
5511997057347
5511974477436
5511975874400
5511991942064
5511997971562
5511999797156
5511971744169
5511986465471
5511993904791
5511999626910
5511968287348
5511995595123
5511993344330
5511953169802
5511998429044
5511972635114
5511996417111
5511947865393
5511965966033
5511972029140
5511976035048
5511989688386
5511994495228
5511994510184
5511947640579
5511992781256
5511995102322
5511993846964
5511940008482
5511960971234
5511962061313
5511977330831
5511985461793
5511996656680
5511997174560
5511997840171
5511989590833
5511993794995
5511972074299
5511976031452
5511977304575
5511985023874
5511975204442
5511982261306
5511997928113
5511973224867
5511999569950
5511996486240
5511998534480
5511983527758
5511993636249
5511991551082
5511996139463
5511971684119
5511975647439
5511993340986
5511997184942
5511963150584
5511971099370
5511975929993
5511997171814
5511985471692
5511961764096
5511971348156
5511992131653
5511975853100
5511983903965
5511993086319
5511994999775
5511997477832
5511957829027
5511972273007
5511976592953
5511989554437
5511947953592
5511947953597
5511947953598
5511965559734
5511991757201
5511999972786
5511941549525
5511993218934
5511957257008
5511996478523
5511973280969
5511997637084
5511997736776
5511979793932
5511962510894
5511976788185
5511982720164
5511983554546
5511996088645
5511998479660
5511991174943
5511995674313
5511987620782
5511969287871
5511969296706
5511976940124
5511976940125
5511976940126
5511996423962
5511955306140
5511968477192
5511969041036
5511970970747
5511973972525
5511982596193
5511995541393
5511996591555
5511998861555
5511953095464
5511995166499
5511973212880
5511976362401
5511995228279
5511997439114
5511998163763
5511998439114
5511947605646
5511947605647
5511980759868
5511985926461
5511993853261
5511982593158
5511983272389
5511983714573
5511984288405
5511984998243
5511976004970
5511983485012
5511994097876
5511985559488
5511988629963
5511996143004
5511992228013
5511970924282
5511972117383
5511996736201
5511972474337
5511974020384
5511997558988
5511940063357
5511947133066
5511963467775
5511975922218
5511981009399
5511999664892
5511997079702
5511971985635
5511999970570
5511941245979
5511974866506
5511996371043
5511997203044
5511997065184
5511995987721
5511996013408
5511995679385
5511972495046
5511974752214
5511976504085
5511983890321
5511988788657
5511994787803
5511997703660
5511947121727
5511958800197
5511964848784
5511968281106
5511968281176
5511976964189
5511977674518
5511977744114
5511984341803
5511989183706
5511991177338
5511991983822
5511992694500
5511993203117
5511942521414
5511976356084
5511989194717
5511989620689
5511969081844
5511992330609
5511993230685
5511969371199
5511993137396
5511968754983
5511940147181
5511977493852
5511995845052
5511971545663
5511971997490
5511983960693
5511984176150
5511952224666
5511997065334
5511974789162
5511997612100
5511999761210
5511956364258
5511973347758
5511982026433
5511999123584
5511976805303
5511996536116
5511999479119
5511989760759
5511998884888
5511991299273
5511995859122
5511997411008
5511941391033
5511975873578
5511983683412
5511982942527
5511983959121
5511947514683
5511972124933
5511972797297
5511997116582
5511991374877
5511999954490
5511992248362
5511995600972
5511987018102
5511998797013
5511986692975
5511964808584
5511964821918
5511974492761
5511995129489
5511995131326
5511995301150
5511983969414
5511968289241
5511980360967
5511980360968
5511997368486
5511940074830
5511940093049
5511975682222
5511999529791
5511999628385
5511999750791
5511973211563
5511997014146
5511997276980
5511986142120
5511997908395
5511947975739
5511999618481
5511993521009
5511993839718
5511999453149
5511964168070
5511971492935
5511973850760
5511981070200
5511981079935
5511985261818
5511996076868
5511999525311
5511999660439
5511999665573
5511971125363
5511970567483
5511977637595
5511989270163
5511994095776
5511995194552
5511997389564
5511999775005
5511967854951
5511981224397
5511994724830
5511964929873
5511972383815
5511974889938
5511997335162
5511947628060
5511971672163
5511972369428
5511973751730
5511953857151
5511981604773
5511975389200
5511989629040
5511995972318
5511997066628
5511998805411
5511972200293
5511976799776
5511986259157
5511989561804
5511962727774
5511970744652
5511972951625
5511972971553
5511992183173
5511994994275
5511998353381
5511969739575
5511972950506
5511995073831
5511950752400
5511972369146
5511976005022
5511987496924
5511996954851
5511998882062
5511985161919
5511998049798
5511953874692
5511957725001
5511973718772
5511975001513
5511975891598
5511991698599
5511992222722
5511995946000
5511997850557
5511998855272
5511999709991
5511972289253
5511998345447
5511989028276
5511982708004
5511943334712
5511961884531
5511983724542
5511996120297
5511985926632
5511947114347
5511947362227
5511972357760
5511972668561
5511975654700
5511994423768
5511942242563
5511996665307
5511962110560
5511993820822
5511994748282
5511993298666
5511994583458
5511991446151
5511995840091
5511996458937
5511999441622
5511999648490
5511976695650
5511967255841
5511996359818
5511965429922
5511965437423
5511982048152
5511982408152
5511998076904
5511941406140
5511998177241
5511975686218
5511994445438
5511971592760
5511973544232
5511975190758
5511960601336
5511964186095
5511978801532
5511988755290
5511996912773
5511999524524
5511970643496
5511989754979
5511995742414
5511972121337
5511997086848
5511972763334
5511997340724
5511997770526
5511999770924
5511969198750
5511976343834
5511976946035
5511991789613
5511993181539
5511993348760
5511984424007
5511993482241
5511998914282
5511998210487
5511992807529
5511994242095
5511994242171
5511996510907
5511996510908
5511947041397
5511961339769
5511967425506
5511971411913
5511982939761
5511989528200
5511991650810
5511968638052
5511986422590
5511995846016
5511998807299
5511943904648
5511961993096
5511964830100
5511969006620
5511974822766
5511975479864
5511999197803
5511999427811
5511972653083
5511994589832
5511984839052
5511976032838
5511997631030
5511976382844
5511969662032
5511976874625
5511994060417
5511994446650
5511984621845
5511993779534
5511996741449
5511942755642
5511966088482
5511966091963
5511996297898
5511997658607
5511982328220
5511999217485
5511972416389
5511996983823
5511971539308
5511971742332
5511999253640
5511999937301
5511973175758
5511996588057
5511961672359
5511973250152
5511981231945
5511995362899
5511996917838
5511998652276
5511941144229
5511947807384
5511986921483
5511991534800
5511996569070
5511996905623
5511999446391
5511972436826
5511995129490
5511974565709
5511976438043
5511991573116
5511995306350
5511999686321
5511967541262
5511984045216
5511961185057
5511962996116
5511965433496
5511969128500
5511969228794
5511996219770
5511971949794
5511974481890
5511975337174
5511976391072
5511994167494
5511995567854
5511941349810
5511963716505
5511971489893
5511981751374
5511983829657
5511996685111
5511941859344
5511981013642
5511996638404
5511979887732
5511997128554
5511953235971
5511995082950
5511994278558
5511995953106
5511998168423
5511977217393
5511981268829
5511985382398
5511976161635
5511991716557
5511993891830
5511943927595
5511973240303
5511989212651
5511991392723
5511956059338
5511964929921
5511964929938
5511971235791
5511995218902
5511997465183
5511999520016
5511993873764
5511998462802
5511955593521
5511971742973
5511998078581
5511984168499
5511976035460
