5511973441017
5511997040381
5511997936206
5511964988023
5511973344747
5511991490954
5511999583380
5511991606749
5511962604333
5511986831218
5511996931843
5511999693184
5511943778706
5511995789889
5511999792772
5511999435124
5511966387406
5511972883582
5511989691555
5511971955910
5511981210104
5511981276683
5511975383336
5511952028600
5511972637904
5511991464059
5511991464079
5511992893409
5511974980353
5511942094400
5511965890799
5511989225933
5511972961020
5511999277761
5511967008946
5511942974868
5511981637293
5511989308991
5511944265707
5511969967830
5511969989861
5511971937660
5511972630103
5511991318871
5511998813253
5511996486331
5511973558721
5511976005141
5511989391792
5511989908702
5511991216881
5511991518764
5511993340327
5511976031132
5511963760271
5511964932969
5511968295000
5511960523294
5511967393867
5511972051499
5511972146305
5511993237433
5511998569923
5511942526365
5511997528453
5511997860738
5511989487341
5511992229240
5511972140701
5511972470457
5511973239707
5511987320261
5511970922902
5511973324945
5511991515657
5511999502423
5511981415428
5511997098901
5511973750421
5511974740650
5511995217452
5511974761105
5511976781399
5511971162298
5511940321444
5511947016164
5511947098219
5511964781000
5511964930244
5511996044596
5511996629849
5511997753151
5511971799991
5511998801759
5511994060812
5511971570950
5511995258498
5511999558848
5511942927985
5511964624928
5511975033382
5511976147251
5511976856500
5511976858865
5511992743925
5511992743975
5511994047640
5511995198815
5511996168519
5511967047137
5511974214908
5511994845610
5511995320174
5511996779709
5511998818005
5511999645110
5511972553739
5511984442360
5511986870698
5511999415926
5511971623869
5511953288078
5511953288600
5511968683438
5511974049367
5511982796725
5511987973026
5511991041201
5511991234601
5511991817085
5511993129176
5511997629616
5511997686122
5511999119473
5511964056160
5511982786317
5511964507814
5511972429126
5511999613080
5511964648577
5511996062041
5511976525488
5511981239540
5511984169449
5511994504540
5511996558232
5511998818157
5511975300170
5511996281563
5511991085627
5511941173847
5511943765880
5511971958659
5511972874217
5511975162080
5511995676662
5511947002904
5511947522791
5511965962712
5511982192623
5511988612761
5511998176786
5511981093040
5511984234922
5511998797165
5511963264561
5511976902730
5511997519027
5511998185961
5511999622140
5511957782844
5511997251357
5511979788595
5511998872985
5511999887298
5511993552328
5511997340710
5511974476830
5511943833959
5511991787639
5511999610840
5511968290062
5511974119870
5511975202049
5511993613702
5511995963772
5511972279150
5511971438563
5511999329593
5511991758970
5511950292328
5511971390517
5511974511205
5511984712628
5511996939510
5511999911159
5511996645821
5511996780945
5511972951771
5511993774454
5511976197216
5511993003015
5511995070942
5511993553182
5511977115685
5511978910126
5511985781409
5511995681757
5511999294140
5511942432220
5511986637839
5511976114959
5511953226395
5511998517720
5511999546638
5511940250721
5511940320260
5511964456360
5511989463611
5511991573185
5511992612466
5511992752254
5511994516360
5511980248763
5511987890151
5511992323515
5511985764076
5511992231506
5511996473843
5511975285727
5511997637164
5511967554834
5511971114043
5511999463805
5511972335329
5511941081260
5511973460031
5511996194509
5511981596690
5511941625258
5511943021936
5511973596154
5511975595685
5511975739708
5511947800850
5511971115465
5511981761458
5511985278923
5511959890958
5511963887130
5511971768523
5511995411928
5511973130233
5511973450654
5511995790692
5511997362216
5511969125257
5511997201284
5511971752267
5511976003640
5511980216251
5511980786856
5511980786858
5511998373472
5511973672527
5511997990218
5511953862293
5511964042443
5511976297328
5511976562821
5511997980959
5511999641061
5511973046011
5511993052763
5511993186535
5511967349496
5511997438443
5511993054157
5511996560175
5511998788659
5511976025367
5511982144179
5511987886743
5511995776691
5511983356637
5511986913467
5511997567974
5511991583544
5511991911073
5511972052369
5511981337617
5511981337637
5511991492582
5511966365678
5511971716327
5511972105218
5511972464451
5511987981567
5511941134434
5511996814599
5511982652059
5511991051665
5511982238982
5511971583596
5511992398171
5511997184654
5511996719554
5511975722504
5511992297108
5511944979215
5511972264457
5511963432632
5511971783966
5511975551908
5511996136822
5511996257776
5511997606825
5511997625051
5511992941761
5511971983127
5511980787978
5511993839447
5511995085812
5511971686429
5511980597405
5511974057510
5511942631005
5511943841005
5511971781003
5511994307833
5511969011316
5511976161736
5511961572532
5511970704462
5511972118668
5511982018158
5511993910782
5511993910785
5511993970132
5511999779705
5511972634261
5511993979430
5511997263426
5511971325675
5511973197407
5511973529121
5511975106802
5511994927728
5511998612680
5511940071145
5511973684744
5511962889601
5511982040302
5511982041153
5511982041412
5511975838499
5511968010446
5511980805482
5511984703339
5511998414582
5511941427214
5511954414210
5511999283545
5511999928354
5511973005839
5511991123874
5511956281446
5511971000324
5511998089542
5511965965995
5511982857878
5511991777122
5511996517474
5511982880430
5511967979381
5511971730158
5511972598925
5511978773154
5511998121412
5511969782191
5511973976784
5511970505701
5511974685321
5511995393963
5511971619980
5511997210525
5511982109773
5511989203719
5511995874305
5511998606675
5511962700462
5511976385834
5511992240849
5511993057388
5511999536845
5511977538860
5511980273851
5511995632097
5511996039283
5511999351785
5511969477909
5511940096775
5511940371488
5511970337071
5511983469004
5511991222690
5511999618890
5511999155379
5511943840371
5511966824775
5511966824855
5511997556441
5511968281771
5511973620735
5511975679019
5511982085232
5511988544081
5511997578293
5511971034118
5511972034117
5511972034118
5511973355372
5511983315744
5511943584888
5511974568962
5511980534562
5511997830753
5511981716840
5511995311055
5511972584094
5511996455839
5511999176045
5511999199894
5511977360830
5511980832855
5511973747054
5511993844854
5511964884040
5511982948503
5511985586047
5511987340498
5511952926811
5511943330739
5511999944003
5511993568375
5511996334899
5511971767542
5511998102243
5511999810224
5511971736573
5511972783260
5511993485733
5511994818437
5511987001553
5511975174774
5511975178674
5511985229969
5511991524377
5511997335346
5511998360057
5511999929451
5511998911919
5511965923145
5511984765371
5511987875966
5511998579456
5511993537362
5511997400385
5511999752987
5511992208797
5511992744694
5511997872795
5511947339222
5511968291931
5511973535762
5511986809817
5511989271387
5511991337543
5511992534425
5511971254820
5511974875991
5511995799611
5511999747963
5511972273148
5511997688182
5511974024461
5511976873131
5511978024461
5511996850537
5511997858386
5511982688496
5511993642301
5511998545777
5511997471949
5511975884386
5511982056021
5511998540728
5511999993468
5511998486895
5511991100125
5511976500954
5511976804273
5511993423176
5511993428263
5511982995272
5511983216620
5511985347454
5511992112724
5511995423277
5511998757656
5511999133841
5511999512547
5511952857493
5511986294606
5511947598031
5511981529327
5511981529328
5511981529329
5511970888243
5511989282944
5511992853681
5511992933751
5511999775670
5511947163120
5511977458973
5511999207203
5511959978137
5511965785796
5511944249241
5511967425135
5511973394491
5511983465658
5511983471984
5511991146363
5511993870044
5511965201129
5511973215277
5511984176668
5511999517714
5511959834391
5511974699378
5511970143340
5511996583245
5511997111540
5511981586163
5511964514551
5511999950604
5511976937537
5511949043545
5511986676373
5511983633787
5511984089611
5511961202385
5511970197983
5511983867729
5511972522728
5511975889924
5511995449131
5511960915946
5511968348704
5511974334659
5511976102976
5511980920673
5511983278000
5511983351414
5511999770123
5511949866948
5511994208286
5511994367756
5511974261902
5511973462307
5511985543782
5511998745877
5511999554061
5511989658837
5511991519940
5511998232574
5511965017351
5511980696813
5511997341648
5511974514132
5511971712823
5511974231915
5511995122823
5511995123653
5511963143532
5511972732258
5511996756176
5511985619316
5511992847406
5511983443639
5511985909949
5511993536891
5511971697984
5511975987949
5511997868488
5511998636332
5511947175446
5511970351832
5511972563233
5511980337495
5511986781582
5511969519105
5511977437046
5511980641959
5511995037498
5511999323084
5511982231911
5511998216138
5511998391333
5511989567025
5511996148220
5511986131630
5511991591515
5511971139304
5511976304300
5511970216030
5511977118010
5511997812918
5511976456432
5511990588029
5511992915295
5511997743164
5511953905806
5511982425776
5511985456940
5511967356020
5511977740459
5511981865370
5511981028900
5511968842186
5511982079139
5511982097594
5511983140591
5511995003651
5511996859919
5511999867501
5511992778278
5511953906876
5511973238855
5511974486068
5511991926147
5511993163170
5511999588911
5511976772044
5511986869707
5511995013275
5511996986090
5511976434661
5511965519618
5511994177067
5511954749744
5511966611879
5511969808347
5511971651540
5511980726318
5511991121599
5511996198582
5511996278870
5511960234589
5511962120980
5511963519169
5511973558052
5511981803622
5511992806632
5511963885165
5511999569438
5511999573970
5511972088011
5511974038278
5511974588015
5511995535558
5511976592780
5511991100834
5511991113255
5511991195895
5511991371270
5511991951370
5511994002457
5511972316464
5511987444258
5511987444259
5511941978440
5511962921013
5511967628744
5511991374421
5511996892898
5511999596197
5511946417762
5511975922256
5511998414148
5511984622889
5511963259060
5511966678880
5511989168726
5511996936072
5511974162174
5511971675094
5511989215737
5511951045889
5511981923954
5511964841746
5511974542041
5511979911817
5511987213138
5511998096528
5511954114988
5511965370931
5511973610922
5511974874643
5511998121545
5511999028260
5511974518238
5511996093764
5511997132089
5511998774344
5511999872656
5511946663836
5511958441067
5511985250898
5511985565077
5511985267079
5511993580986
5511998667076
5511999914463
5511947351083
5511966420923
5511969134949
5511972316266
5511982022375
5511996494441
5511941112976
5511971454467
5511974334209
5511981492607
5511988268620
5511988809755
5511991207257
5511996730844
5511982077163
5511996901446
5511998275665
5511999827566
5511981356555
5511983801997
5511999511997
5511953766656
5511971623902
5511975384771
5511976102230
5511984500265
5511995110266
5511997162390
5511997538477
5511992017090
5511992637676
5511994984161
5511957456641
5511997162022
5511962155618
5511982177253
5511995467432
5511995909927
5511971969564
5511974664764
5511981875940
5511980657672
5511981487656
5511989429242
5511995238666
5511980035280
5511963000897
5511969166875
5511985919042
5511999388752
5511972664653
5511982856827
5511988032469
5511994975858
5511946602202
5511946602442
5511961788222
5511965884804
5511989523956
5511993147874
5511998705619
5511998898230
5511985286426
5511999136335
5511957501045
5511976819259
5511991586346
5511993211282
5511997050532
5511997152528
5511974885745
5511975114182
5511982465451
5511995111965
5511965018283
5511970356000
5511991495901
5511968603653
5511996518043
5511999429762
5511965527673
5511984112354
5511972767765
5511972859155
5511973183888
5511989717233
5511992386368
5511993056558
5511997019764
5511999759903
5511991552805
5511991956312
5511995017734
5511982338587
5511996871155
5511998271929
5511998270155
5511998671556
5511993264345
5511995050311
5511974439900
5511975956418
5511993596412
5511995898610
5511976854381
5511991615105
5511999771797
5511962761302
5511965317964
5511982527576
5511989985958
5511991137567
5511973043133
5511999872170
5511999385539
5511972534298
5511963132913
5511985589086
5511997701565
5511974158392
5511981454486
5511981454497
5511981810945
5511983348557
5511996659586
5511996988924
5511997813137
5511973843168
5511996767749
5511999822272
5511942467272
5511981348286
5511982907587
5511995301569
5511996099848
5511999779216
5511999779632
5511947138934
5511973446265
5511992953057
5511996254605
5511991275616
5511993429145
5511999443510
5511999951532
5511981116242
5511983318108
5511985901279
5511968313704
5511971707188
5511974215433
5511981861835
5511984320224
5511992160706
5511946091371
5511985673166
5511992458872
5511999372120
5511998130485
5511982423037
5511984979919
5511996292341
5511974850441
5511964791717
5511998915532
5511999171071
5511999773484
5511973045165
5511974387444
5511999943288
5511980456886
5511987399800
5511998771689
5511996150648
5511999579788
5511999636954
5511965848849
5511972086482
5511974756036
5511995988008
5511996458130
5511960302654
5511960453427
5511963385589
5511963385651
5511966010334
5511988010362
5511995718484
5511981731283
5511983636038
5511993488703
5511998391660
5511991155711
5511974964187
5511982593682
5511996094411
5511963967981
5511993188755
5511995145072
5511999378090
5511999828160
5511961150059
5511972615360
5511974711687
5511970418822
5511970871446
5511972073505
5511975808355
5511984224706
5511988724706
5511995486595
5511998724706
5511995252813
5511995241926
5511998804462
5511972155793
5511995448510
5511991142435
5511991147274
5511992376804
5511996792322
5511996792355
5511975834699
5511997583469
5511943202849
5511976393779
5511992840365
5511974660484
5511999561130
5511991448273
5511992645106
5511999828171
5511991813144
5511999193839
5511973247767
5511964377208
5511971929150
5511944580376
5511971922892
5511995757127
5511995978565
5511964056192
5511981746163
5511984589728
5511996000383
5511996009749
5511999113202
5511969300205
5511995953177
5511996438425
5511970625867
5511996780184
5511992584636
5511983443044
5511983501795
5511995348603
5511995988308
5511982593195
5511971025998
5511994988270
5511985251766
5511989395550
5511972508854
5511985206182
5511969980964
5511974816462
5511996699735
5511999501436
5511985219572
5511989960205
5511964169413
5511965006943
5511973436921
5511992460020
5511997102095
5511968502300
5511992441662
5511995281147
5511995719167
5511998692300
5511992731680
5511992739307
5511947573349
5511956058461
5511984295413
5511972603413
5511992718766
5511991557154
5511996319518
5511943672062
5511963910258
5511973565936
5511976050858
5511994097529
5511995031781
5511961512464
5511995223632
5511941162804
5511994643326
5511992271066
5511995892803
5511972348848
5511972487043
5511973393488
5511998651941
5511999890648
5511999989084
5511967777560
5511968689145
5511970767207
5511983237187
5511981202600
5511985588027
5511971921567
5511973443807
5511964139212
5511999390227
5511999707320
5511998799571
5511969051882
5511972547640
5511973353810
5511995204653
5511995564719
5511995730417
5511991667943
5511994403233
5511996110434
5511964092005
5511998973521
5511964881080
5511970113985
5511942700613
5511959939186
5511961096712
5511974232375
5511976102554
5511983995726
5511972534015
5511976103677
5511976101496
5511976102721
5511976102108
5511976104330
5511988781639
5511998908819
5511956294613
5511974412435
5511975487509
5511996025259
5511999252717
5511961999051
5511971285420
5511992520479
5511996468800
5511969036066
5511981198422
5511982673239
5511995051296
5511976101709
5511976110171
5511991660779
5511996197193
5511950391743
5511971082304
5511991577419
5511996101623
5511999887739
5511975807521
5511997378453
5511961879454
5511971680351
5511972150794
5511985018197
5511998627552
5511969898417
5511962285800
5511953777749
5511964534436
5511973895140
5511974165601
5511974943023
5511972561813
5511976560295
5511981076314
5511986499160
5511940304877
5511963898475
5511973508513
5511975631240
5511997165880
5511997654174
5511943069449
5511961932180
5511971215287
5511974450803
5511999479248
5511992012881
5511993089684
5511963844383
5511967337987
5511988569144
5511998733057
5511997111090
5511963788181
5511973252801
5511967765670
5511997059212
5511998027410
5511995682814
5511995686177
5511971425795
5511994891552
5511994894172
5511971781672
5511971950974
5511999437429
5511953053949
5511971770795
5511944827667
5511947034557
5511961968614
5511972795643
5511996933787
5511975205759
5511971766540
5511957258625
5511995328321
5511997369077
5511998219008
5511968603373
5511994523111
5511996593407
5511947281379
5511968544965
5511982918825
5511983662103
5511995229294
5511995857057
5511997276220
5511964732822
5511971324110
5511996452621
5511998322895
5511999774677
5511991876371
5511964140077
5511968465454
5511989340691
5511991878117
5511997832340
5511972831299
5511972953609
5511996623267
5511975807290
5511995947950
5511973422068
5511995519487
5511953196934
5511971165430
5511975220008
5511983574108
5511993265383
5511993670922
5511955588803
5511980141209
5511960411211
5511979972511
5511999148056
5511973110574
5511995509679
5511996870659
5511987983490
5511972521332
5511995938300
5511988037234
5511960218563
5511967324982
5511973362470
5511985335741
5511942313372
5511942321938
5511972253927
5511989475609
5511995774081
5511999533814
5511984816360
5511985193324
5511989715716
5511968307710
5511964831372
5511970943757
5511931463806
5511966291737
5511981343150
5511984243150
5511968735319
5511980337672
5511995789565
5511944914524
5511972349183
5511973692620
5511974501648
5511974585172
5511997369262
5511971317035
5511972590384
5511995210649
5511995598846
5511965474590
5511974475467
5511982328426
5511971067775
5511980252603
5511968285031
5511996517028
5511973092801
5511998519042
5511983820774
5511997399900
5511962243805
5511962737201
5511967433413
5511999054081
5511961853749
5511993212501
5511996216586
5511956396235
5511991352058
5511995208644
5511997761691
5511973791011
5511982372302
5511985584362
5511986616805
5511987573337
5511997376437
5511998228370
5511969423826
5511974959745
5511982863663
5511995673212
5511953930314
5511967618244
5511971654625
5511972609239
5511986058319
5511998874467
5511973164412
5511968291092
5511960292745
5511978197711
5511978602067
5511991746939
5511991748580
5511991748583
5511991749334
5511997855725
5511963657719
5511983517137
5511992868534
5511943747066
5511974842919
5511974860262
5511975112075
5511995983155
5511961903560
5511995147939
5511997176910
5511963632140
5511966384168
5511981676243
5511995869477
5511947268575
5511973509110
5511997892326
5511998479101
5511972439599
5511952742765
5511968287318
5511968289334
5511973304540
5511959673252
5511973968016
5511997017960
5511994544777
5511996499275
5511982236186
5511941507523
5511999987879
5511983434817
5511972505935
5511980217106
5511981287284
5511981656422
5511982027761
5511982342752
5511991096455
5511992300153
5511994517608
5511997323317
5511977987908
5511982415201
5511980456883
5511962208419
5511997854879
5511973124882
5511976329568
5511966855198
5511975088907
5511996865131
5511999935896
5511962035603
5511972489434
5511979856487
5511951400160
5511971495537
5511992999935
5511953231870
5511989159804
5511997744000
5511997800007
5511981574369
5511982102910
5511992757736
5511969130757
5511969549023
5511942269399
5511971328295
5511994697365
5511997340417
5511998155378
5511975122838
5511985865668
5511998088093
5511987950424
5511972953104
5511997087443
5511966564019
5511968280706
5511968738906
5511974758383
5511952410899
5511997825819
5511999985585
5511950256250
5511960853727
5511973641257
5511974228424
5511976286046
5511985612234
5511968284998
5511968489960
5511975186722
5511982128353
5511982132660
5511997659228
5511999163014
5511962206079
5511963729717
5511964197000
5511970975436
5511997636202
5511995631797
5511996935913
5511970110977
5511984944327
5511943634359
5511995228321
5511998734028
5511972983752
5511975389010
5511996672552
5511980631752
5511984967793
5511988137892
5511996530107
5511968228467
5511996634140
5511997796922
5511947119989
5511947120025
5511947696606
5511947730615
5511974745936
5511975004613
5511964025120
5511971175073
5511981376908
5511963099074
5511969810365
5511995253369
5511972242607
5511982348518
5511997436870
5511976059970
5511991872748
5511992822812
5511994779260
5511994937643
5511996927882
5511975554771
5511975843764
5511973164917
5511974197328
5511995926417
5511944401549
5511970270629
5511972157804
5511986252216
5511986725516
5511987478930
5511981097361
5511997709251
5511989826687
5511992195856
5511976447377
5511981310534
5511984656553
5511996654421
5511961984710
5511974490297
5511986383464
5511995825082
5511983437798
5511989263935
5511993749458
5511998347639
5511993585498
5511963767676
5511968557766
5511970884466
5511976001621
5511977476239
5511991487181
5511996181700
5511961088314
5511965068238
5511998300212
5511962133179
5511963591808
5511974628897
5511981098482
5511943727881
5511953791790
5511968280837
5511988279470
5511991226897
5511992910167
5511993532252
5511995151477
5511999920751
5511971162361
5511982263702
5511993587673
5511997643112
5511969481178
5511994811780
5511969077338
5511991454255
5511996476578
5511972744131
5511988747620
5511998378363
5511964907878
5511965071815
5511970841873
5511980876770
5511940003071
5511953516751
5511960614424
5511971842885
5511983562530
5511990614424
5511992054744
5511960141921
5511971820832
5511996323351
5511964957689
5511974414809
5511997015403
5511997328597
5511998123814
5511999768709
5511944500467
5511972285263
5511976719942
5511980536467
5511998386749
5511943771068
5511967945055
5511972301436
5511973627615
5511974523604
5511995098086
5511996809836
5511957053216
5511960456395
5511960456396
5511987409896
5511996206008
5511997430850
5511960617748
5511960617749
5511964929275
5511967621304
5511973663913
5511995158396
5511995153164
5511997248899
5511965814689
5511971788271
5511976672101
5511981248071
5511983275551
5511991752360
5511992893018
5511996234830
5511969659525
5511998323843
5511998835647
5511941255814
5511960332071
5511980375571
5511982979432
5511980011706
5511954083660
5511999945759
5511946833828
5511967058780
5511994408487
5511976122228
5511991344024
5511992079734
5511993262657
5511995117718
5511997107003
5511997177115
5511999710700
5511960324681
5511963495978
5511982020119
5511971216798
5511947441818
5511976288030
5511983190959
5511997628803
5511972006911
5511995006701
5511995048367
5511965456676
5511944677316
5511968280426
5511973128974
5511946828218
5511962471761
5511995059342
5511995412429
5511961056833
5511993641348
5511994941075
5511947942487
5511978310973
5511989245366
5511961822697
5511971003324
5511997100511
5511942005212
5511991812032
5511994874716
5511994878455
5511995413014
5511965055629
5511961526963
5511980914864
5511963921816
5511957802330
5511968539356
5511973183283
5511978832422
5511992345892
5511995229995
5511998111163
5511999022556
5511999521120
5511968289811
5511971436246
5511991348137
5511991868641
5511996566240
5511964833154
5511997883683
5511995908798
5511962429366
5511971416187
5511959187685
5511940348323
5511967637188
5511971770241
5511982407432
5511984775660
5511984798121
5511961312973
5511994961381
5511973483127
5511943345155
5511984791773
5511996338664
5511991496873
5511992649705
5511995493648
5511997392880
5511997683612
5511995501769
5511996610788
5511961940204
5511999561163
5511960843032
5511973440060
5511995644292
5511972799852
5511995397080
5511968701017
5511969597424
5511971246941
5511972665022
5511979793450
5511975422853
5511993248867
5511958336536
5511964839707
5511999985556
5511980722780
5511964989377
5511969645350
5511972242591
5511972533699
5511997697004
5511998914693
5511955580467
5511955586392
5511955587472
5511972958042
5511997872735
5511994722854
5511998212203
5511973107997
5511998806790
5511931524330
5511946649566
5511957845910
5511968540590
5511975237980
5511976101587
5511982881084
5511979703813
5511981227837
5511981738209
5511998135781
5511976103325
5511985878913
5511997619604
5511965785574
5511976103867
5511982669832
5511991999205
5511996868610
5511975089437
5511999035101
5511983116403
5511970950044
5511997082966
5511999177530
5511975635242
5511979862829
5511971380153
5511976102349
5511976251205
5511967953947
5511998163599
5511949534273
5511949274227
5511971860681
5511972418986
5511978282102
5511943182576
5511947265078
5511966086772
5511976342551
5511995245980
5511972517519
5511991024195
5511997251751
5511941338390
5511976104280
5511997019415
5511999387979
5511991974873
5511960935665
5511969180409
5511995724748
5511998606106
5511960445646
5511971269388
5511976096977
5511976099399
5511976102907
5511957816822
5511975848551
5511995781692
5511964019357
5511964881398
5511970914956
5511971787570
5511975995351
5511989050361
5511992163818
5511995623860
5511996582633
5511999470240
5511987361590
5511997359196
5511992182253
5511999140588
5511999952033
5511971911511
5511976101604
5511953527325
5511956563912
5511994596024
5511996279313
5511976101134
5511995286702
5511995904861
5511942379231
5511976101928
5511996180230
5511976103686
5511996063019
5511982240810
5511986085283
5511987336725
5511999929848
5511998175491
5511968189482
5511972845425
5511986436048
5511963371717
5511987943660
5511989868452
5511993102040
5511994522811
5511981516911
5511991911398
5511993062728
5511995427384
5511998151691
5511994749595
5511966618930
5511981371472
5511986158824
5511998088922
5511998691725
5511974028651
5511975434048
5511975457505
5511984144670
5511987629229
5511997207670
5511997237646
5511999773957
5511982268640
5511983232060
5511999984709
5511993729968
5511982604728
5511984172898
5511984361096
5511997257778
5511997451553
5511996067782
5511971863922
5511971085623
5511971790004
5511973540898
5511999610981
5511999776566
5511999838504
5511972263299
5511995959904
5511942148886
5511995902495
5511970627002
5511976296575
5511973546079
5511997157059
5511997283837
5511999778557
5511999778857
5511976641060
5511995917022
5511981369609
5511991657551
5511961650801
5511961692977
5511976114605
5511991944442
5511992090662
5511940176689
5511947091527
5511947719633
5511965519436
5511969618568
5511971544718
5511949973494
5511974851535
5511982301769
5511982955642
5511974129932
5511998385522
5511954107277
5511960944414
5511967793710
5511985826279
5511995787855
5511999287876
5511982640351
5511997811935
5511991178071
5511992225933
5511991262884
5511972176077
5511974392539
5511998692925
5511996675580
5511983691966
5511994841532
5511995096533
5511996737119
5511983890811
5511999499977
5511974110322
5511981070194
5511996163118
5511999624444
5511999988977
5511997003558
5511993874740
5511995062297
5511972385507
5511991921792
5511963899971
5511996272733
5511999966113
5511976392064
5511976773460
5511995035980
5511982632292
5511985173111
5511997060442
5511998517311
5511971332921
5511973365629
5511998638995
5511957145113
5511962527812
5511967350737
5511971831109
5511983942967
5511995714511
5511953008466
5511973883665
5511999419019
5511963898065
5511995030595
5511996313254
5511974039095
5511975153839
5511997073078
5511984073536
5511985423889
5511998962208
5511974013826
5511995321816
5511996551816
5511998797225
5511999411230
5511971698552
5511973090663
5511975693997
5511994726231
5511942427944
5511944593991
5511978069455
5511981151155
5511988056388
5511996278662
5511999332585
5511999450001
5511955783037
5511979863347
5511981694337
5511996327074
5511961077889
5511983032791
5511992904580
5511993314512
5511996147837
5511999371114
5511994448220
5511997996669
5511988931620
5511963745280
5511991848244
5511991889961
5511992833731
5511993198117
5511947266632
5511947269202
5511963225107
5511973469649
5511976275199
5511994062199
5511996622533
5511975358385
5511999705442
5511994404771
5511974778942
5511997053503
5511957097535
5511976497241
5511991981581
5511997577127
5511999375708
5511999937570
5511986437117
5511982245146
5511982838474
5511982848374
5511999006459
5511946831226
5511947008614
5511947008615
5511953992619
5511964997873
5511974388487
5511995192928
5511999118487
5511947229438
5511950617828
5511968431083
5511971706661
5511976016197
5511995432910
5511996517848
5511998256103
5511973959156
5511940116569
5511961062896
5511969634257
5511974724088
5511983791412
5511986867806
5511986867808
5511995391801
5511972024967
5511997010801
5511999969946
5511985025956
5511986357764
5511960490061
5511983697296
5511990490061
5511995086051
5511995612030
