5519984411460
5519984412120
5519984418384
5519984418955
5519984420000
5519984420005
5519984426660
5519984429622
5519984429641
5519984429644
5519984430360
5519984431270
5519984431960
5519984432480
5519984432960
5519984433310
5519984433880
5519984434030
5519984434380
5519984434750
5519984435120
5519984435540
5519984435600
5519984436980
5519984437540
5519984437640
5519984437710
5519984437950
5519984438060
5519984438340
5519984439010
5519984439120
5519984439160
5519984439520
5519984439550
5519984440730
5519984441360
5519984441414
5519984441415
5519984441510
5519984441670
5519984442070
5519984442490
5519984442630
5519984442690
5519984443090
5519984443170
5519984443560
5519984443600
5519984444170
5519984444554
5519984444590
5519984444860
5519984445030
5519984445320
5519984445500
5519984445680
5519984445810
5519984446220
5519984446290
5519984446750
5519984446990
5519984447050
5519984448120
5519984448543
5519984448580
5519984448770
5519984448960
5519984448970
5519984449270
5519984450050
5519984450320
5519984450580
5519984451260
5519984451290
5519984451300
5519984451770
5519984451780
5519984451920
5519984452550
5519984452880
5519984452950
5519984453100
5519984453240
5519984453410
5519984453570
5519984454469
5519984454840
5519984454890
5519984455090
5519984455330
5519984455601
5519984456070
5519984456290
5519984456890
5519984456950
5519984457559
5519984457660
5519984458050
5519984458200
5519984458390
5519984458630
5519984458700
5519984459120
5519984459320
5519984459430
5519984459530
5519984459760
5519984459940
5519984460500
5519984460740
5519984461030
5519984461200
5519984461400
5519984461480
5519984461690
5519984463930
5519984464100
5519984466700
5519984470870
5519984471110
5519984471430
5519984472200
5519984472540
5519984473170
5519984473400
5519984473420
5519984473630
5519984473940
5519984473980
5519984474590
5519984475880
5519984476020
5519984476390
5519984476540
5519984476840
5519984477040
5519984477310
5519984477320
5519984477340
5519984477680
5519984477771
5519984477772
5519984477840
5519984478000
5519984478130
5519984478630
5519984479100
5519984479120
5519984479320
5519984479510
5519984479520
5519984479850
5519984480260
5519984480670
5519984481070
5519984481130
5519984481190
5519984481390
5519984481490
5519984481690
5519984482160
5519984482320
5519984482470
5519984482490
5519984482930
5519984484330
5519984484500
5519984484520
5519984484900
5519984485920
5519984485990
5519984486640
5519984487520
5519984487860
5519984488220
5519984489130
5519984489250
5519984489600
5519984498000
5519984503419
5519984504242
5519984507919
5519984515555
5519984520075
5519984522223
5519984526680
5519984530753
5519984535000
5519984540008
5519984553499
5519984560072
5519984573686
5519984576132
5519984579623
5519984581261
5519984582200
5519984600506
5519984601002
5519984602908
5519984609696
5519984707771
5519984749064
5519984783847
5519984841589
5519984900104
5519985016800
5519985133780
5519985183729
5519985333305
5519985402400
5519985422390
5519985430752
5519985438450
5519985445820
5519985446760
5519985449880
5519985471470
5519985479160
5519985514421
5519985684513
5519985750075
5519985834449
5519985926480
5519985941450
5519985967836
5519986001111
5519986004890
5519986005376
5519986005445
5519986010240
5519986010448
5519986014000
5519986016289
5519986022727
5519986040880
5519986049444
5519986052882
5519986061441
5519986063805
5519986065959
5519986073885
5519986083223
5519986093737
5519986095454
5519986109000
5519986115115
5519986123939
5519986125282
5519986132960
5519986179410
5519986253550
5519986323120
5519986395153
5519986402267
5519986411580
5519986415380
5519986419040
5519986419570
5519986425960
5519986432240
5519986494630
5519986560436
5519986625650
5519986639455
5519986800050
5519986858576
5519986893058
5519987000210
5519987000211
5519987000513
5519987000828
5519987001307
5519987001309
5519987001355
5519987001357
5519987001359
5519987001373
5519987001501
5519987001542
5519987001799
5519987001815
5519987002088
5519987002098
5519987002107
5519987002108
5519987002182
5519987002307
5519987002403
5519987002404
5519987002421
5519987002800
5519987002924
5519987003024
5519987003851
5519987003920
5519987004520
5519987004560
5519987004615
5519987004837
5519987004882
5519987005046
5519987005066
5519987005081
5519987005085
5519987005107
5519987005139
5519987006014
5519987006034
5519987006042
5519987006099
5519987006539
5519987006618
5519987006764
5519987006913
5519987007149
5519987007397
5519987007463
5519987007473
5519987007857
5519987007908
5519987008029
5519987008100
5519987008173
5519987008298
5519987008563
5519987008660
5519987008920
5519987008932
5519987009115
5519987009126
5519987009135
5519987009141
5519987009280
5519987009296
5519987009303
5519987009307
5519987009341
5519987009371
5519987009405
5519987009566
5519987009571
5519987009821
5519987010586
5519987010592
5519987010681
5519987010703
5519987010705
5519987011610
5519987011627
5519987011642
5519987012166
5519987012185
5519987012305
5519987012453
5519987012483
5519987012517
5519987012557
5519987012624
5519987012668
5519987012882
5519987012888
5519987012966
5519987013308
5519987013580
5519987013671
5519987013969
5519987014004
5519987014006
5519987014103
5519987014353
5519987014359
5519987014476
5519987014505
5519987014684
5519987014701
5519987014707
5519987014737
5519987014826
5519987014850
5519987014953
5519987015024
5519987015157
5519987015181
5519987015370
5519987015482
5519987015487
5519987016287
5519987016759
5519987016913
5519987016930
5519987017013
5519987017049
5519987017437
5519987017666
5519987017798
5519987018026
5519987018321
5519987018388
5519987018983
5519987019033
5519987019099
5519987019250
5519987019252
5519987019264
5519987019514
5519987019868
5519987020068
5519987020293
5519987020361
5519987020403
5519987020853
5519987020926
5519987021025
5519987021237
5519987021506
5519987021633
5519987021662
5519987021697
5519987021703
5519987021813
5519987022128
5519987022243
5519987022370
5519987022500
5519987022520
5519987022580
5519987022601
5519987022752
5519987022829
5519987022909
5519987022918
5519987022922
5519987023019
5519987023198
5519987023424
5519987023625
5519987023627
5519987023720
5519987024282
5519987024474
5519987024715
5519987024747
5519987025008
5519987025240
5519987025341
5519987025351
5519987025384
5519987025582
5519987025613
5519987025765
5519987025795
5519987025858
5519987025910
5519987026094
5519987026538
5519987026572
5519987026978
5519987027338
5519987027350
5519987027686
5519987027805
5519987028517
5519987028603
5519987028696
5519987028707
5519987028760
5519987028858
5519987028896
5519987028947
5519987029269
5519987029807
5519987029921
5519987029951
5519987029976
5519987031488
5519987032239
5519987032308
5519987032459
5519987032714
5519987032993
5519987033250
5519987033731
5519987034918
5519987036123
5519987036302
5519987036792
5519987036944
5519987037312
5519987037511
5519987038431
5519987038691
5519987040074
5519987040174
5519987040175
5519987040213
5519987040223
5519987040228
5519987040229
5519987040248
5519987040315
5519987040340
5519987040355
5519987040358
5519987040380
5519987040387
5519987040388
5519987040391
5519987040412
5519987040413
5519987040758
5519987040764
5519987040768
5519987041005
5519987041006
5519987041383
5519987041395
5519987041988
5519987042275
5519987042321
5519987042624
5519987042701
5519987044648
5519987044767
5519987045133
5519987046268
5519987046432
5519987046549
5519987047052
5519987047872
5519987048578
5519987049157
5519987049203
5519987049320
5519987049844
5519987049910
5519987049924
5519987049953
5519987050006
5519987050009
5519987050027
5519987050506
5519987050548
5519987050554
5519987050561
5519987050955
5519987050957
5519987051010
5519987051094
5519987051124
5519987051361
5519987051491
5519987051496
5519987051505
5519987051512
5519987051641
5519987051702
5519987051706
5519987051791
5519987051793
5519987051796
5519987051797
5519987051832
5519987051853
5519987051953
5519987051954
5519987051958
5519987051983
5519987051990
5519987052002
5519987052053
5519987052124
5519987052159
5519987052260
5519987052267
5519987052272
5519987052580
5519987052719
5519987052720
5519987052731
5519987052779
5519987052783
5519987052954
5519987053008
5519987053200
5519987053352
5519987053648
5519987054370
5519987054395
5519987055212
5519987055216
5519987055224
5519987055240
5519987055269
5519987055273
5519987055302
5519987055333
5519987055948
5519987055993
5519987056001
5519987056082
5519987056090
5519987056256
5519987056311
5519987056328
5519987056536
5519987056638
5519987056697
5519987056989
5519987056992
5519987057013
5519987057411
5519987058334
5519987058404
5519987058798
5519987058799
5519987058806
5519987058814
5519987058815
5519987059015
5519987059017
5519987059027
5519987059030
5519987059032
5519987059038
5519987059053
5519987059829
5519987059856
5519987060012
5519987060388
5519987060656
5519987060887
5519987060919
5519987061532
5519987061645
5519987061743
5519987062371
5519987063110
5519987063398
5519987063579
5519987063761
5519987063869
5519987064177
5519987064602
5519987065607
5519987065608
5519987065782
5519987065784
5519987065836
5519987065857
5519987065906
5519987066037
5519987066068
5519987066275
5519987066289
5519987066397
5519987066492
5519987066493
5519987066621
5519987066883
5519987067080
5519987067456
5519987067548
5519987067665
5519987067920
5519987068336
5519987068428
5519987068461
5519987068758
5519987068802
5519987068805
5519987068813
5519987068847
5519987068874
5519987068882
5519987068922
5519987068933
5519987068934
5519987069176
5519987069188
5519987069229
5519987069296
5519987069415
5519987069416
5519987069448
5519987069589
5519987069659
5519987069663
5519987069808
5519987070004
5519987071159
5519987071258
5519987071354
5519987071598
5519987071599
5519987071876
5519987072315
5519987072369
5519987072820
5519987072881
5519987073029
5519987073202
5519987073221
5519987073273
5519987073336
5519987073436
5519987073867
5519987074233
5519987074256
5519987074457
5519987074582
5519987074819
5519987074926
5519987075191
5519987076463
5519987077228
5519987077298
5519987077613
5519987077883
5519987078500
5519987078746
5519987079344
5519987079991
5519987080372
5519987080396
5519987081343
5519987081542
5519987081706
5519987082210
5519987082645
5519987082660
5519987082673
5519987082680
5519987082683
5519987082689
5519987083321
5519987083359
5519987083397
5519987083465
5519987084009
5519987084042
5519987084438
5519987084543
5519987084572
5519987084857
5519987085048
5519987085290
5519987085378
5519987085595
5519987085921
5519987085926
5519987086399
5519987087099
5519987090315
5519987090877
5519987090888
5519987090902
5519987090922
5519987091382
5519987091625
5519987091713
5519987091902
5519987091910
5519987092226
5519987092309
5519987092333
5519987092336
5519987092659
5519987092712
5519987093532
5519987093853
5519987093856
5519987094376
5519987095262
5519987096001
5519987096499
5519987096511
5519987097696
5519987098572
5519987098707
5519987098815
5519987098952
5519987099218
5519987099304
5519987099352
5519987099533
5519987099545
5519987099940
5519987100127
5519987100503
5519987100563
5519987100644
5519987100815
5519987101104
5519987101182
5519987101365
5519987101406
5519987101647
5519987101786
5519987102089
5519987102149
5519987102158
5519987102184
5519987102218
5519987102220
5519987102246
5519987102310
5519987102415
5519987102508
5519987102510
5519987102729
5519987102993
5519987103598
5519987103902
5519987103969
5519987103975
5519987104034
5519987104409
5519987104970
5519987105339
5519987105388
5519987105522
5519987105593
5519987105607
5519987105616
5519987105633
5519987105681
5519987105713
5519987105735
5519987105750
5519987105828
5519987106117
5519987106273
5519987106417
5519987106560
5519987106611
5519987106814
5519987106860
5519987107163
5519987107295
5519987107297
5519987107350
5519987107447
5519987107452
5519987107684
5519987107721
5519987107723
5519987107728
5519987107746
5519987107748
5519987107756
5519987107783
5519987107786
5519987107845
5519987107868
5519987107876
5519987107881
5519987108015
5519987108046
5519987108078
5519987108088
5519987108091
5519987108092
5519987108095
5519987108246
5519987108252
5519987108257
5519987108258
5519987108278
5519987108570
5519987108575
5519987108576
5519987108867
5519987109343
5519987109374
5519987109587
5519987109626
5519987109675
5519987110132
5519987110176
5519987110189
5519987110207
5519987110210
5519987110255
5519987110311
5519987110414
5519987110590
5519987110729
5519987110825
5519987110830
5519987110835
5519987110839
5519987110865
5519987110866
5519987110867
5519987110876
5519987111023
5519987111026
5519987111034
5519987111054
5519987111070
5519987111088
5519987111110
5519987111163
5519987111197
5519987111216
5519987111336
5519987111350
5519987111351
5519987111460
5519987111496
5519987111513
5519987111558
5519987111702
5519987111723
5519987111759
5519987111765
5519987111786
5519987111917
5519987112464
5519987112493
5519987112574
5519987112641
5519987112675
5519987112778
5519987112791
5519987112840
5519987113261
5519987113442
5519987113617
5519987114045
5519987114061
5519987114173
5519987114363
5519987114400
5519987114491
5519987114613
5519987114729
5519987114948
5519987114953
5519987114978
5519987115022
5519987115032
5519987115070
5519987115338
5519987115500
5519987115681
5519987115883
5519987115981
5519987116011
5519987116077
5519987116087
5519987116142
5519987116459
5519987116505
5519987116544
5519987116797
5519987116863
5519987117065
5519987117237
5519987117308
5519987117367
5519987117670
5519987117764
5519987117776
5519987117868
5519987117917
5519987118079
5519987118619
5519987118989
5519987119037
5519987119050
5519987119101
5519987119134
5519987119233
5519987119254
5519987119277
5519987119298
5519987119323
5519987119361
5519987119615
5519987119808
5519987119865
5519987119936
5519987119958
5519987120256
5519987120344
5519987120598
5519987120984
5519987121323
5519987121384
5519987121395
5519987121514
5519987121614
5519987121639
5519987121721
5519987121726
5519987121737
5519987121989
5519987122063
5519987122484
5519987122946
5519987122995
5519987123007
5519987123303
5519987123501
5519987123510
5519987123583
5519987123584
5519987123838
5519987123863
5519987123975
5519987124040
5519987124106
5519987124394
5519987124994
5519987125015
5519987125051
5519987125433
5519987125597
5519987125784
5519987125789
5519987126213
5519987126240
5519987126542
5519987126627
5519987126919
5519987127341
5519987127344
5519987127576
5519987127661
5519987127739
5519987127820
5519987127838
5519987127915
5519987128011
5519987128022
5519987128285
5519987128790
5519987128948
5519987128963
5519987129005
5519987129064
5519987129092
5519987129104
5519987129113
5519987129114
5519987129119
5519987129222
5519987129237
5519987129253
5519987129367
5519987129494
5519987129620
5519987129770
5519987129982
5519987130970
5519987132719
5519987133369
5519987133386
5519987133389
5519987133393
5519987133394
5519987133411
5519987133888
5519987134135
5519987135636
5519987136552
5519987137188
5519987137433
5519987138580
5519987138806
5519987139315
5519987139500
5519987140103
5519987140185
5519987140416
5519987140479
5519987140672
5519987140677
5519987141226
5519987141737
5519987141895
5519987142113
5519987142176
5519987142241
5519987142242
5519987142243
5519987142249
5519987142252
5519987142398
5519987142475
5519987142508
5519987142517
5519987142528
5519987142570
5519987143964
5519987144275
5519987145491
5519987145527
5519987145551
5519987145552
5519987145564
5519987145565
5519987145586
5519987145598
5519987145737
5519987145951
5519987147399
5519987147406
5519987147417
5519987147424
5519987147432
5519987147436
5519987149140
5519987149553
5519987149590
5519987150101
5519987150109
5519987150216
5519987150652
5519987150948
5519987151426
5519987151523
5519987151526
5519987152166
5519987152851
5519987153113
5519987153114
5519987153124
5519987153181
5519987153414
5519987153432
5519987153781
5519987153860
5519987154193
5519987154243
5519987154586
5519987154756
5519987154894
5519987155122
5519987155153
5519987155255
5519987155257
5519987155263
5519987155415
5519987155416
5519987155444
5519987155909
5519987155958
5519987156048
5519987156153
5519987156269
5519987156970
5519987157179
5519987157227
5519987157470
5519987158480
5519987158631
5519987158835
5519987158929
5519987159208
5519987159257
5519987159445
5519987159517
5519987159717
5519987159779
5519987159974
5519987160111
5519987160165
5519987160402
5519987161047
5519987161132
5519987161201
5519987161255
5519987161321
5519987161335
5519987161342
5519987161456
5519987161492
5519987161690
5519987161945
5519987162369
5519987162510
5519987162907
5519987163046
5519987163457
5519987163466
5519987163541
5519987163594
5519987163694
5519987164182
5519987164189
5519987164867
5519987164920
5519987165102
5519987165520
5519987165918
5519987165965
5519987166269
5519987166276
5519987166287
5519987166296
5519987166389
5519987166504
5519987166558
5519987166704
5519987166950
5519987166975
5519987167185
5519987167508
5519987167619
5519987167666
5519987167708
5519987168149
5519987168502
5519987168718
5519987169005
5519987169628
5519987169823
5519987169877
5519987170063
5519987170347
5519987170443
5519987170469
5519987170899
5519987170907
5519987171002
5519987171365
5519987171375
5519987171433
5519987171492
5519987171892
5519987172028
5519987172080
5519987172122
5519987172201
5519987172361
5519987172368
5519987172870
5519987172883
5519987173307
5519987173685
5519987173791
5519987173912
5519987173941
5519987173942
5519987173951
5519987174056
5519987174068
5519987174429
5519987174592
5519987174670
5519987174738
5519987175129
5519987175304
5519987175495
5519987175604
5519987175867
5519987175898
5519987176172
5519987176254
5519987176343
5519987176452
5519987176790
5519987176798
5519987176848
5519987176902
5519987177015
5519987177145
5519987177313
5519987177325
5519987177330
5519987177344
5519987177354
5519987177370
5519987177384
5519987177414
5519987177451
5519987177465
5519987177798
5519987178237
5519987178302
5519987178435
5519987178437
5519987178440
5519987178755
5519987178756
5519987178770
5519987178777
5519987178781
5519987180259
5519987180260
5519987180314
5519987180356
5519987180559
5519987180826
5519987180838
5519987181034
5519987181200
5519987181451
5519987181461
5519987181471
5519987181548
5519987181854
5519987181884
5519987181938
5519987181981
5519987182144
5519987182260
5519987182416
5519987182484
5519987182485
5519987183016
5519987183029
5519987183139
5519987184481
5519987184569
5519987184659
5519987184686
5519987184815
5519987185019
5519987185034
5519987185047
5519987185053
5519987185055
5519987185061
5519987185067
5519987185210
5519987185326
5519987185519
5519987185820
5519987185854
5519987185918
5519987185985
5519987186081
5519987186093
5519987186099
5519987186102
5519987186109
5519987186332
5519987186343
5519987186503
5519987186614
5519987186639
5519987186694
5519987187041
5519987187205
5519987187294
5519987187310
5519987187539
5519987187930
5519987188503
5519987188692
5519987188765
5519987188952
5519987190090
5519987190109
5519987190339
5519987190744
5519987190959
5519987191466
5519987191689
5519987191787
5519987191811
5519987192041
5519987192760
5519987193038
5519987193160
5519987194073
5519987194076
5519987194219
5519987194305
5519987194506
5519987194775
5519987195063
5519987195922
5519987196063
5519987196110
5519987196133
5519987196138
5519987196206
5519987196476
5519987196773
5519987196939
5519987196942
5519987197007
5519987197161
5519987197187
5519987197208
5519987197212
5519987197453
5519987197459
5519987197555
5519987197608
5519987197716
5519987197970
5519987198015
5519987198062
5519987198161
5519987198184
5519987198185
5519987198211
5519987198509
5519987198637
5519987198640
5519987198678
5519987199013
5519987199178
5519987199307
5519987199397
5519987199522
5519987199537
5519987199673
5519987199791
5519987199808
5519987199813
5519987199828
5519987199829
5519987199835
5519987199848
5519987199849
5519987199872
5519987199874
5519987199879
5519987199889
5519987200010
5519987200012
5519987200021
5519987200027
5519987200037
5519987200045
5519987200064
5519987200091
5519987200094
5519987200102
5519987200294
5519987200652
5519987200666
5519987200670
5519987200672
5519987200677
5519987200684
5519987200725
5519987200730
5519987200738
5519987200758
5519987200761
5519987200787
5519987200863
5519987200901
5519987200912
5519987201205
5519987201696
5519987201795
5519987201804
5519987201808
5519987201812
5519987201813
5519987201816
5519987201821
5519987201826
5519987201830
5519987201860
5519987201871
5519987201880
5519987202126
5519987202180
5519987202195
5519987202224
5519987202227
5519987202232
5519987202269
5519987202450
5519987202511
5519987202679
5519987202727
5519987202804
5519987202842
5519987203150
5519987203336
5519987203597
5519987203696
5519987203800
5519987203987
5519987204393
5519987204564
5519987204791
5519987205112
5519987205374
5519987205464
5519987205712
5519987205748
5519987205890
5519987206601
5519987206772
5519987206970
5519987206971
5519987207029
5519987207096
5519987207104
5519987207186
5519987207244
5519987207313
5519987207358
5519987207512
5519987207686
5519987207854
5519987207952
5519987207955
5519987208760
5519987208807
5519987209063
5519987209091
5519987209102
5519987209179
5519987209236
5519987209301
5519987209303
5519987209431
5519987209499
5519987209508
5519987209538
5519987210062
5519987210191
5519987210313
5519987210353
5519987210469
5519987210511
5519987210525
5519987210672
5519987210721
5519987210756
5519987210834
5519987211070
5519987211237
5519987211396
5519987211498
5519987211625
5519987211713
5519987211853
5519987212121
5519987212170
5519987212477
5519987212493
5519987212536
5519987212569
5519987212656
5519987212807
5519987212836
5519987212851
5519987212876
5519987213048
5519987213152
5519987213443
5519987213471
5519987213534
5519987213589
5519987213751
5519987213778
5519987213827
5519987213868
5519987213973
5519987213974
5519987214137
5519987214237
5519987214266
5519987214463
5519987214471
5519987214510
5519987214519
5519987214536
5519987214581
5519987214760
5519987214816
5519987214943
5519987215044
5519987215130
5519987215169
5519987215252
5519987215595
5519987215884
5519987215960
5519987216002
5519987216135
5519987216223
5519987216224
5519987216254
5519987216256
5519987216276
5519987216277
5519987216286
5519987216372
5519987216379
5519987216514
5519987216656
5519987216699
5519987216803
5519987216950
5519987216997
5519987217052
5519987217162
5519987217299
5519987217462
5519987217492
5519987217532
5519987217661
5519987217729
5519987217797
5519987217934
5519987217982
5519987218339
5519987218368
5519987218503
5519987218586
5519987218699
5519987218842
5519987219173
5519987219489
5519987219674
5519987219728
5519987219754
5519987219804
5519987220875
5519987220890
5519987223370
5519987226630
5519987229770
5519987234770
5519987238270
5519987240382
5519987240415
5519987240420
5519987240428
5519987240964
5519987241578
5519987241681
5519987242019
5519987242063
5519987242140
5519987242172
5519987242325
5519987242350
5519987242435
5519987243063
5519987243455
5519987243581
5519987243601
5519987243645
5519987243724
5519987243767
5519987243784
5519987243978
5519987244658
5519987244719
5519987244775
5519987245213
5519987245226
5519987245394
5519987245437
5519987245694
5519987245813
5519987246102
5519987246105
5519987246240
5519987246271
5519987246326
5519987246715
5519987246867
5519987246893
5519987247296
5519987248121
5519987248132
5519987248135
5519987248210
5519987248230
5519987248238
5519987248248
5519987248318
5519987248326
5519987248355
5519987248386
5519987248608
5519987248651
5519987248848
5519987248908
5519987249110
5519987249386
5519987249396
5519987249440
5519987249668
5519987249885
5519987249947
5519987250025
5519987250075
5519987250319
5519987250332
5519987250336
5519987250353
5519987250355
5519987250458
5519987250485
5519987250663
5519987250693
5519987250778
5519987250910
5519987251565
5519987251659
5519987251677
5519987251850
5519987251863
5519987252009
5519987252049
5519987252050
5519987252254
5519987252334
5519987252539
5519987252578
5519987252689
5519987252733
5519987252868
5519987252953
5519987252956
5519987253453
5519987253486
5519987253533
5519987253550
5519987253590
5519987253625
5519987253631
5519987253668
5519987253749
5519987253900
5519987254852
5519987255106
5519987255265
5519987255349
5519987255525
5519987255664
5519987255669
5519987255670
5519987255932
5519987256112
5519987256240
5519987256242
5519987256280
5519987256452
5519987256570
5519987256715
5519987256720
5519987256821
5519987257309
5519987257441
5519987257522
5519987257523
5519987257525
5519987257527
5519987257550
5519987258169
5519987258174
5519987258231
5519987258411
5519987258702
5519987258887
5519987259038
5519987259294
5519987259646
5519987259870
5519987260383
5519987260564
5519987260582
5519987260588
5519987260597
5519987260598
5519987260600
5519987260652
5519987260882
5519987261395
5519987261418
5519987261487
5519987261596
5519987261761
5519987261914
5519987261931
5519987261957
5519987262006
5519987262025
5519987262220
5519987262269
5519987262503
5519987262779
5519987262846
5519987262874
5519987263003
5519987263210
5519987263307
5519987263460
5519987264822
5519987264841
5519987265101
5519987265628
5519987265797
5519987265934
5519987266170
5519987266323
5519987266469
5519987266557
5519987266637
5519987266706
5519987266708
5519987266795
5519987266815
5519987266849
5519987266876
5519987267172
5519987268219
5519987268667
5519987268701
5519987269356
5519987269364
5519987269408
5519987269451
5519987269729
5519987269732
5519987269758
5519987270241
5519987270412
5519987270603
5519987270805
5519987270835
5519987270866
5519987270885
5519987270923
5519987271014
5519987271070
5519987271179
5519987271241
5519987271416
5519987271491
5519987271606
5519987271808
5519987271953
5519987272180
5519987272209
5519987272242
5519987272462
5519987272474
5519987272484
5519987272491
5519987272503
5519987272507
5519987272518
5519987272530
5519987272746
5519987272952
5519987273406
5519987273438
5519987274064
5519987274118
5519987274201
5519987274221
5519987274491
5519987274584
5519987274744
5519987275216
5519987275298
5519987275326
5519987276118
5519987276175
5519987276226
5519987276370
5519987276480
5519987276638
5519987276794
5519987276818
5519987277077
5519987277121
5519987277267
5519987277291
5519987277361
5519987277368
5519987277544
5519987277545
5519987277734
5519987278051
5519987278218
5519987278611
5519987278671
5519987278712
5519987278723
5519987278748
5519987278825
5519987278966
5519987278998
5519987279519
5519987279664
5519987279920
5519987279947
5519987280062
5519987280073
5519987280446
5519987280492
5519987280493
5519987280498
5519987280643
5519987280645
5519987281048
5519987281146
5519987281188
5519987281225
5519987281308
5519987281523
5519987281729
5519987281777
5519987282169
5519987282212
5519987282225
5519987282228
5519987282231
5519987282238
5519987282597
5519987282629
5519987282667
5519987282752
5519987282755
5519987282776
5519987282778
5519987282925
5519987282947
5519987283386
5519987283669
5519987284368
5519987284567
5519987284595
5519987284609
5519987284729
5519987284731
5519987284900
5519987285122
5519987285189
5519987285354
5519987285498
5519987285913
5519987285916
5519987285954
5519987285960
5519987285961
5519987285968
5519987285983
5519987285990
5519987285994
5519987286211
5519987286806
5519987287019
5519987287021
5519987287081
5519987287090
5519987287272
5519987289052
5519987289183
5519987289329
5519987289461
5519987289755
5519987289757
5519987290171
5519987290179
5519987290210
5519987290251
5519987290600
5519987290644
5519987290776
5519987291081
5519987291103
5519987291333
5519987291382
5519987291504
5519987291638
5519987291893
5519987292001
5519987292095
5519987292315
5519987292373
5519987292501
5519987292632
5519987292669
5519987292783
5519987292798
5519987293031
5519987293044
5519987293047
5519987293352
5519987293358
5519987293382
5519987293431
5519987293555
5519987293671
5519987293789
5519987294024
5519987294080
5519987294089
