5511942354682
5511963858650
5511997734007
5511967071300
5511970499708
5511991713027
5511996510919
5511979678448
5511944550919
5511996051245
5511997990919
5511991419092
5511972130919
5511998393944
5511955527922
5511999817257
5511944686655
5511999143149
5511982124966
5511949285944
5511987759219
5511943419301
5511994494127
5511930198059
5511981253935
5511981245258
5511984787753
5511964687189
5511975579699
5511982616754
5511999698957
5511983654745
5511999785292
5511997547669
5511991783684
5511972857767
5511971405758
5511996591780
5511955581338
5511971405704
5511984822871
5511947053716
5511956518910
5511967053928
5511966700205
5511982767446
5511985425116
5511976245577
5511985419718
5511981675441
5511962950752
5511996755612
5511982499352
5511985498585
5511941393452
5511952311994
5511974295566
5511975764434
5511967214941
5511968951012
5511983246944
5511986092104
5511981046437
5511980662143
5511994524045
5511947601216
5511940161672
5511983578065
5511999179073
5511995051714
5511959662659
5511959662660
5511973819725
5511998062573
5511972767471
5511996156611
5511966620931
5511982584157
5511992797937
5511940311498
5511946485502
5511991068089
5511991938448
5511983304645
5511995712544
5511953386113
5511989689516
5511981354830
5511971132384
5511997202635
5511995473485
5511996932699
5511975738630
5511992146056
5511991544155
5511981821475
5511981823975
5511977323066
5511964554702
5511975988787
5511973636464
5511994125251
5511974426514
5511986017265
5511971385469
5511962417800
5511984950214
5511984950251
5511987193141
5511942755377
5511971464440
5511995066560
5511971016025
5511984083632
5511999873784
5511997656533
5511977497089
5511971297617
5511985385820
5511982454667
5511950394796
5511996305232
5511975532402
5511994321334
5511947355283
5511972351385
5511997884741
5511941804575
5511970499584
5511950747532
5511995699150
5511998229584
5511962735510
5511979908989
5511983645283
5511992619941
5511947324169
5511982265497
5511950257476
5511972063280
5511999126541
5511947460505
5511991365416
5511991108645
5511994506279
5511988884084
5511976679759
5511982420220
5511981226805
5511991542675
5511970452324
5511954931724
5511997256463
5511971102767
5511965291704
5511947811661
5511973967775
5511982640973
5511997217589
5511973875219
5511997653793
5511947292494
5511976688801
5511996227748
5511975700599
5511982340004
5511984157050
5511973952605
5511999275615
5511948657000
5511986972864
5511999901660
5511983400150
5511953764762
5511947740503
5511976293906
5511986828148
5511981524536
5511985586096
5511981424536
5511996186096
5511984421609
5511947116533
5511968522866
5511987991450
5511975448433
5511997052913
5511971945333
5511981298025
5511976738979
5511942906440
5511973343080
5511940357313
5511942064441
5511987644411
5511984449094
5511942294275
5511992045822
5511998488514
5511987208514
5511999148514
5511974412409
5511983075230
5511994604495
5511992817070
5511962123015
5511953017021
5511965932560
5511962962185
5511977485577
5511983521636
5511964997888
5511974427119
5511930514155
5511960641103
5511940035249
5511986300383
5511980261844
5511996477614
5511982492918
5511987819932
5511982773372
5511954062882
5511953161616
5511987002796
5511986381309
5511999300168
5511975436978
5511988008279
5511962748898
5511962748986
5511953785308
5511971279487
5511953149794
5511970827575
5511963640019
5511994256352
5511994947763
5511959505757
5511983176075
5511969564444
5511996444589
5511981499464
5511996770014
5511991533249
5511996771793
5511972165666
5511939325520
5511994846344
5511984626035
5511981812826
5511984262154
5511973540001
5511996667917
5511995820208
5511972576865
5511999987979
5511987439080
5511992122929
5511974432782
5511993771691
5511993976287
5511974763303
5511941611903
5511975620050
5511985746439
5511989381110
5511976918040
5511999056495
5511947148815
5511980197135
5511999844275
5511944720209
5511967096454
5511987847884
5511971191266
5511964899579
5511975141244
5511972271583
5511961222583
5511983473862
5511963521888
5511967716737
5511950320310
5511974641479
5511945041386
5511988336359
5511964708240
5511983696930
5511991115124
5511993913949
5511994300337
5511976497672
5511975512076
5511981670208
5511981558112
5511976702020
5511966455444
5511966753788
5511999640497
5511962636654
5511967676117
5511987632920
5511984851776
5511983075095
5511965727417
5511994532370
5511992714664
5511969270097
5511999610800
5511997638374
5511991494418
5511952444524
5511974943073
5511970906748
5511961725197
5511956761226
5511956780304
5511980320232
5511963178996
5511984599942
5511930544264
5511996694264
5511989249301
5511983277597
5511976915653
5511991910033
5511973473864
5511992201533
5511960621990
5511983297283
5511998354413
5511982270965
5511963014749
5511942550568
5511981813198
5511963873535
5511970387205
5511994466201
5511984666614
5511985990656
5511983072703
5511999165001
5511958110100
5511987019827
5511970349551
5511986666142
5511982190839
5511991230293
5511965964051
5511991712207
5511979708891
5511991828767
5511991694645
5511979562033
5511988386488
5511989854595
5511974774538
5511967471313
5511991645818
5511982857830
5511956078891
5511973404482
5511967003999
5511994404545
5511971449923
5511970829339
5511981414687
5511971042356
5511972134298
5511984162999
5511995612280
5511998876560
5511982711523
5511985805603
5511947508855
5511992537789
5511994846739
5511983010102
5511947508854
5511947376266
5511976009087
5511994943154
5511985786717
5511998887260
5511977581916
5511974160666
5511983668732
5511995277234
5511992808313
5511981752636
5511963791277
5511995790780
5511982510838
5511995848527
5511981046212
5511976618109
5511975980781
5511994479920
5511959229358
5511973818700
5511994214110
5511996627972
5511997840165
5511997829070
5511996627437
5511982671334
5511941223777
5511971479757
5511947822707
5511971996938
5511974375767
5511971509737
5511969113222
5511999723896
5511950702301
5511996978527
5511972423097
5511999851182
5511991476440
5511973772029
5511995836900
5511951521801
5511993601417
5511981019837
5511983189959
5511970151076
5511973881774
5511995341632
5511969751378
5511985483702
5511998520523
5511953102905
5511966320042
5511994670588
5511992350524
5511999828141
5511975171310
5511983318841
5511993729861
5511960833275
5511986737749
5511993936735
5511981776791
5511981522194
5511981751367
5511981047536
5511946129364
5511971827816
5511951985333
5511946706553
5511961468010
5511982248080
5511970844560
5511968154774
5511980461810
5511930970687
5511984468251
5511968769672
5511995804685
5511980318177
5511999197762
5511964880905
5511956309457
5511964881441
5511973355110
5511982345391
5511984620913
5511940347736
5511988913402
5511977244900
5511989362038
5511981418008
5511996216055
5511996970795
5511995204431
5511977341612
5511995081764
5511996310774
5511985968394
5511963802788
5511985550178
5511975424999
5511999046163
5511995155350
5511981252542
5511996613474
5511956568447
5511943869538
5511998423700
5511942752640
5511995569074
5511997564730
5511971960475
5511944634661
5511997584555
5511969895811
5511992938821
5511981730366
5511982994833
5511953028152
5511930391500
5511996807471
5511941471384
5511998893236
5511943350036
5511971848493
5511999017317
5511966050516
5511982675106
5511974450036
5511973327371
5511956528477
5511997239237
5511971164467
5511948402183
5511987135850
5511975549098
5511999755759
5511955550303
5511953833541
5511984920926
5511981023975
5511959710003
5511970286554
5511987464395
5511964437898
5511981757042
5511973639938
5511947238023
5511972206240
5511972518529
5511973172286
5511986595539
5511981931683
5511999138166
5511996592161
5511940060005
5511993953376
5511940330002
5511977953126
5511995687810
5511985496166
5511971149167
5511941806191
5511999065042
5511982589721
5511964171096
5511964171097
5511996293415
5511972186857
5511984131406
5511982097100
5511956067100
5511987535540
5511959411162
5511968606968
5511956363979
5511972060676
5511969664590
5511971844376
5511980635175
5511999485477
5511991253044
5511947008940
5511947008939
5511992773728
5511950700992
5511985797226
5511964022605
5511969842877
5511951137347
5511967691478
5511969071252
5511981499647
5511983896539
5511943913951
5511972696302
5511976598952
5511969241659
5511969228746
5511985743535
5511985744055
5511981511300
5511981488154
5511975291719
5511975252406
5511979850858
5511972002242
5511987798395
5511997548078
5511974240602
5511999523473
5511964841507
5511999004389
5511981491740
5511975600081
5511971210081
5511974413737
5511996196903
5511992199226
5511996520690
5511992570435
5511940253356
5511943460550
5511940014622
5511940189349
5511947513035
5511947249780
5511958200023
5511985389316
5511995221247
5511984441178
5511953139597
5511970364916
5511963960771
5511997517234
5511998006026
5511972630866
5511950543535
5511943477754
5511982728985
5511983381380
5511974758042
5511949796535
5511981221616
5511996081998
5511997104654
5511968779608
5511988201828
5511974213309
5511986638539
5511981043442
5511992496219
5511968883421
5511943733815
5511995870850
5511951974820
5511953293708
5511961696906
5511997134803
5511940242665
5511940376802
5511999126285
5511965416719
5511944551855
5511991609812
5511967550000
5511952911461
5511956666069
5511998528020
5511996854241
5511992505536
5511975419965
5511964780305
5511982378925
5511999747347
5511984656102
5511986949484
5511984650030
5511964980242
5511970451183
5511976989379
5511973439379
5511957437340
5511965383626
5511974005569
5511971023190
5511930421992
5511973214869
5511983100203
5511942320203
5511996980203
5511991118340
5511976675990
5511999572707
5511987824905
5511975118134
5511991994777
5511930933876
5511997612848
5511947271310
5511984157622
5511971442466
5511999690536
5511970207799
5511974124832
5511986747612
5511969015472
5511989052677
5511989113738
5511999200189
5511997997701
5511942347044
5511996938012
5511996938018
5511965653031
5511984533031
5511953547989
5511994060371
5511968262363
5511971294777
5511958131351
5511999354033
5511968353642
5511943014129
5511998768942
5511998695440
5511964405027
5511992093236
5511972640108
5511995352326
5511985727312
5511984952265
5511982921487
5511983497845
5511999117641
5511971500528
5511941945689
5511993935320
5511982053766
5511992486922
5511999937909
5511982897755
5511991640434
5511985970019
5511980726262
5511981598049
5511964437194
5511955583839
5511956283101
5511974627932
5511953463407
5511999697646
5511993827634
5511977492596
5511998413735
5511987585005
5511972486543
5511942791552
5511974277038
5511998298898
5511941786268
5511985274951
5511996369004
5511979613666
5511930025210
5511986121527
5511974821417
5511947314132
5511975485502
5511995151866
5511972564827
5511996002231
5511930326869
5511968433917
5511999491544
5511985631506
5511995747744
5511996341264
5511970742200
5511930150195
5511997687326
5511971372771
5511998477185
5511995513927
5511965389296
5511985362670
5511987829925
5511950498621
5511981298453
5511982616832
5511984493795
5511982244993
5511987263614
5511999845775
5511982088339
5511991967268
5511979845052
5511982716688
5511981918087
5511998511448
5511960307071
5511985770352
5511985584608
5511980804721
5511960882652
5511982601215
5511972467745
5511974211707
5511993797415
5511989129885
5511983341845
5511952924522
5511980154060
5511998549048
5511997986134
5511979861342
5511971522308
5511997811250
5511930007644
5511989123420
5511981554774
5511981584847
5511945677375
5511995889126
5511972537315
5511988617627
5511971661943
5511983723114
5511970520734
5511995951512
5511995646258
5511947921511
5511946335714
5511943842172
5511947410516
5511930559407
5511981361500
5511952887779
5511998143223
5511971092301
5511985091369
5511983929255
5511972278664
5511961850483
5511956398599
5511973770060
5511996566232
5511964243596
5511953316321
5511987156448
5511941679795
5511947343571
5511980505051
5511974008165
5511977263562
5511947591880
5511947579575
5511989172263
5511970537227
5511963839507
5511953059508
5511981950730
5511999962501
5511981635340
5511986739012
5511947230237
5511975705781
5511973631967
5511999774167
5511940050548
5511974632410
5511980900885
5511991335415
5511988609697
5511961954165
5511998639637
5511972283062
5511947399756
5511968603930
5511997975515
5511996222325
5511999120536
5511988332177
5511949408631
5511961700836
5511992903412
5511957537324
5511968918220
5511965305942
5511931005942
5511980294529
5511987470493
5511981750399
5511981215104
5511987636033
5511981368630
5511984225024
5511973727278
5511997679441
5511953003283
5511957030627
5511972558343
5511974774430
5511997983946
5511999654268
5511997792515
5511947424020
5511982063492
5511973375003
5511947165645
5511992302797
5511966654887
5511971016100
5511982978624
5511973046737
5511968791883
5511996718499
5511980231610
5511980288757
5511946229522
5511980648205
5511965476946
5511970448987
5511995649436
5511943899837
5511987062096
5511985685783
5511999277600
5511960339219
5511997877817
5511997801160
5511941834178
5511984444675
5511963430353
5511982593542
5511979932105
5511981046318
5511979925941
5511974281405
5511993849739
5511940213989
5511973306839
5511994520430
5511999699721
5511955564412
5511981538290
5511947451052
5511963318977
5511973117607
5511996563893
5511953483001
5511953483002
5511946924632
5511972126752
5511972126750
5511972126733
5511973845043
5511975155804
5511985154575
5511981810437
5511970707250
5511964926622
5511981060076
5511999459704
5511999452395
5511983057267
5511947437388
5511947213570
5511994708910
5511983999999
5511981225098
5511981144200
5511984703039
5511963435736
5511947167366
5511949931449
5511998194168
5511984179366
5511981995060
5511984892277
5511996351136
5511984317777
5511943422530
5511999121463
5511964053686
5511960132239
5511980364590
5511999975301
5511999908322
5511948150280
5511969753861
5511950544153
5511997429461
5511981071282
5511980386229
5511973547485
5511982406270
5511974252266
5511998885731
5511972788649
5511943204924
5511999953730
5511999828655
5511930607007
5511997877590
5511973574607
5511981358835
5511996152079
5511947253542
5511963623820
5511963869803
5511980356479
5511987507331
5511956399823
5511999493220
5511962859089
5511981638989
5511969399406
5511964566056
5511940631866
5511999940009
5511975527727
5511970992321
5511991159018
5511963415074
5511977993527
5511973733773
5511960720065
5511969527801
5511992343991
5511995463874
5511999050319
5511996852999
5511986595098
5511972477774
5511973805380
5511975875557
5511941125781
5511973507232
5511995562864
5511986936362
5511992044941
5511973306411
5511979917088
5511966264903
5511997514610
5511997808949
5511941003700
5511964123215
5511998463006
5511941753626
5511991686285
5511982159805
5511987819492
5511963570486
5511981122669
5511964816117
5511967381297
5511997942961
5511984415149
5511959254382
5511993899500
5511981472387
5511999442461
5511970907433
5511973747539
5511973593406
5511970207238
5511967759494
5511981931915
5511983699563
5511973446417
5511975266481
5511989550794
5511960758803
5511942751001
5511985094765
5511974599630
5511999998077
5511976560979
5511992851742
5511996790563
5511998868792
5511996802608
5511949638481
5511998118331
5511998498080
5511992445166
5511987589163
5511968289096
5511981820362
5511985185084
5511992267005
5511973994952
5511989997697
5511992751432
5511996837345
5511985235655
5511981034498
5511986413048
5511950212983
5511983358812
5511969969910
5511968117881
5511981600129
5511996768185
5511993688560
5511987587623
5511947640115
5511992100266
5511991924007
5511988812907
5511996772121
5511973012427
5511974530748
5511957636382
5511967343802
5511967347177
5511946390578
5511946019155
5511993364771
5511983541867
5511996050540
5511955572308
5511971336800
5511973305504
5511949290086
5511983803394
5511981126800
5511950216485
5511981450115
5511999120117
5511981450116
5511981997484
5511969132156
5511999051195
5511953746888
5511992098595
5511982160753
5511981220138
5511988646767
5511975440496
5511947228010
5511959568667
5511944036602
5511950310246
5511975601419
5511974472624
5511979713400
5511982112653
5511982434733
5511993273351
5511989136319
5511947056399
5511947519788
5511984270437
5511955718020
5511982175133
5511986113823
5511999799559
5511951306892
5511997419261
5511999526865
5511982632279
5511996107575
5511996890586
5511997180050
5511974137483
5511972566995
5511981369975
5511956097828
5511981889986
5511946458361
5511979829204
5511997160053
5511985648540
5511947758674
5511991317774
5511972827010
5511971330285
5511983768811
5511955511110
5511974055476
5511971676794
5511974644870
5511996423214
5511943439695
5511996752232
5511999924292
5511991426044
5511982493359
5511985275447
5511947331632
5511947836903
5511985590121
5511999195599
5511956672876
5511981069926
5511982249953
5511972284932
5511994540139
5511968661020
5511981507000
5511975730530
5511989652737
5511955804731
5511982362212
5511941157466
5511999559480
5511991223161
5511981830950
5511958721064
5511995492992
5511975492992
5511972994266
5511975432931
5511973662123
5511941007232
5511956086031
5511997306578
5511954334000
5511961986055
5511999011785
5511996286913
5511967178959
5511943836422
5511981589637
5511981589635
5511987876763
5511999321574
5511972780996
5511996445411
5511991608590
5511986932496
5511986932467
5511941464020
5511997448426
5511943961263
5511981765486
5511943044142
5511973955330
5511966631231
5511949233624
5511973933002
5511995498577
5511972309603
5511999171511
5511995910114
5511982240114
5511942848379
5511964520566
5511972143892
5511986444411
5511975985534
5511986449023
5511967689611
5511996008220
5511995051403
5511998689499
5511972757254
5511972112008
5511972952006
5511982772227
5511991315616
5511974948596
5511981499445
5511982052232
5511997244337
5511943713771
5511966011720
5511963105514
5511989312859
5511986114313
5511984134328
5511997718368
5511992147023
5511961673915
5511991701579
5511951193539
5511943018393
5511985355926
5511966564527
5511967717184
5511967102970
5511990266256
5511949214615
5511973740447
5511973740441
5511966801232
5511947505380
5511980294940
5511994662220
5511940359764
5511940359763
5511940359766
5511985540745
5511982705732
5511982605176
5511954355655
5511957966423
5511985668140
5511980103930
5511973317490
5511973091044
5511995314151
5511976799935
5511981413324
5511954315244
5511964514342
5511985182093
5511954498896
5511940103106
5511981454587
5511969693993
5511972096887
5511963691203
5511964316490
5511974154792
5511947805521
5511971396268
5511995241808
5511992866165
5511970286242
5511971356095
5511972435252
5511971353165
5511963428484
5511983103012
5511972139965
5511999000116
5511947824675
5511940002985
5511954760252
5511977443330
5511985984781
5511969388099
5511996945445
5511963219534
5511970305297
5511986107775
5511971896276
5511998910732
5511972243764
5511995189733
5511972937909
5511941629046
5511965983939
5511999424005
5511983470850
5511952799784
5511946791658
5511986521716
5511985002236
5511963122150
5511983716391
5511982388472
5511949092270
5511983260301
5511958501772
5511973964269
5511973964456
5511966646017
5511976181408
5511962943102
5511976681198
5511973286033
5511958649911
5511994223379
5511974008628
5511996803080
5511985514344
5511947673749
5511973304887
5511999609612
5511981330120
5511982848555
5511976310956
5511979700254
5511983336422
5511973036039
5511985433645
5511983805669
5511950305099
5511950305069
5511988336017
5511972426017
5511947465360
5511996828195
5511953021532
5511941208442
5511980787413
5511989971441
5511981479074
5511984574409
5511963673534
5511999535190
5511996559854
5511982070870
5511986883332
5511998338543
5511974802077
5511986311625
5511975583159
5511951605607
5511952770008
5511985554784
5511997221860
5511976288833
5511966629905
5511968128095
5511954487125
5511969023646
5511943952425
5511981045430
5511984489563
5511947340848
5511940072920
5511985967975
5511982143097
5511982592030
5511947837480
5511974438633
5511972668926
5511972573223
5511987140442
5511984021656
5511941091314
5511993748717
5511984060448
5511984040648
5511993508188
5511970114121
5511995367564
5511995310183
5511982679065
5511991330313
5511954638184
5511947800219
5511957162686
5511966693464
5511997273406
5511999058866
5511999058666
5511996612956
5511943074816
5511943621447
5511999815760
5511941993956
5511946164135
5511980153918
5511971823768
5511971708239
5511995828864
5511969978864
5511986611180
5511976887726
5511943413376
5511972894188
5511982114822
5511962963656
5511975897551
5511971272048
5511998414757
5511975753936
5511970410388
5511999307522
5511950618539
5511983890033
5511981264400
5511995777254
5511960731724
5511955400667
5511998994284
5511996203878
5511942055550
5511944727803
5511975152777
5511950577707
5511961913777
5511981158039
5511976316318
5511987668816
5511997316807
5511968731317
5511982697305
5511959473726
5511942675267
5511991727260
5511981948347
5511991649391
5511963951277
5511947350397
5511972382406
5511999560767
5511981118671
5511988388902
5511947928411
5511994582337
5511976761129
5511974975450
5511956495484
5511945526341
5511992423981
5511998127465
5511992040409
5511982827885
5511992834547
5511972334448
5511988998446
5511987201358
5511953356608
5511981354711
5511959078042
5511993401726
5511976729787
5511986070204
5511986070121
5511962013488
5511981922492
5511998871907
5511972775622
5511995008417
5511971476270
5511998206352
5511972429165
5511995347650
5511997083465
5511993061917
5511953112824
5511996455953
5511999982726
5511996787576
5511960698235
5511981578208
5511971313879
5511975669204
5511981864845
5511983318655
5511965404130
5511998405682
5511997093036
5511966013538
5511976534083
5511982920971
5511979744177
5511981748123
5511998821082
5511996344780
5511996375497
5511964460796
5511940382322
5511984541268
5511964321900
5511982667313
5511966595197
5511995254677
5511981412008
5511981144487
5511975581585
5511988981993
5511997426610
5511996870751
5511947657575
5511947334904
5511942681074
5511941788351
5511999725446
5511994909583
5511973377740
5511979700611
5511993913339
5511982396709
5511993277181
5511974037757
5511967447070
5511947935097
5511982084991
5511994898206
5511941811415
5511985588778
5511971201200
5511984317446
5511981862527
5511987173353
5511981971148
5511988639458
5511981475058
5511971441008
5511998513190
5511999982424
5511999702010
5511987053901
5511955522106
5511941344096
5511950462959
5511972122959
5511972002106
5511985693905
5511982961002
5511984697505
5511986853899
5511984080052
5511997703730
5511974101288
5511988700182
5511989540678
5511994756569
5511970711121
5511989480072
5511995911335
5511980195318
5511947430611
5511943669174
5511973355386
5511952863072
5511983276990
5511965103107
5511981809815
5511996448966
5511973794132
5511943214192
5511999652526
5511973463587
5511999710056
5511976834902
5511948766192
5511950691408
5511995667454
5511967363047
5511967269428
5511957624953
5511974363749
5511968476517
5511999717631
5511949613264
5511984865563
5511982202096
5511964377487
5511994640505
5511996661935
5511999950360
5511986576954
5511995904620
5511995320993
5511941983191
5511940235768
5511971722106
5511963305368
5511957612294
5511999342980
5511980101026
5511973328165
5511975056847
5511994920660
5511984874036
5511996642552
5511948511353
5511998665350
5511995363229
5511998666649
5511998009233
5511998667048
5511998666190
5511998001465
5511998005908
5511998001457
5511973288080
5511998791020
5511995501596
5511968371637
5511983022601
5511971575593
5511985643195
5511971035184
5511993855674
5511979720420
5511980513299
5511995092925
5511996119798
5511969277878
5511969164047
5511947517691
5511952652674
5511964951437
5511940243114
5511993018584
5511954919034
5511983935595
5511947552732
5511940392351
5511940257869
5511973190848
5511987271867
5511999641212
5511940155211
5511982241371
5511981963448
5511990111421
5511987551900
5511956061900
5511991316082
5511999374222
5511999104677
5511962994636
5511943852604
5511971123803
5511998113534
5511999181636
5511997879477
5511972368620
5511998507011
5511950567755
5511995086716
5511996245029
5511993383649
5511944702266
5511950417089
5511973735410
5511975660848
5511930566509
5511987628390
5511944600564
5511967836625
5511987782658
5511983399011
5511973668266
5511981070522
5511975825140
5511930393986
5511981911114
5511942181116
5511981911115
5511954100630
5511997507035
5511940106091
5511987481317
5511996718649
5511941712420
5511974405112
5511991664147
5511948847596
5511975933446
5511997433434
5511947947754
5511948692115
5511975889464
5511986272100
5511967543784
5511983544755
5511996113075
5511963310909
5511973927654
5511964381069
5511998611585
5511997762870
5511954443224
5511947979081
5511947979083
5511947979074
5511981099121
5511966311064
5511986454204
5511973648671
5511979629131
5511953844888
5511998246190
5511947886996
5511975452778
5511947737988
5511983143610
5511995510331
5511959900377
5511971818181
5511999657178
5511995483360
5511996139626
5511942745419
5511983531984
5511981334672
5511959082299
5511942271007
5511991335852
5511987290405
5511980541154
5511964428878
5511975489325
5511968283652
5511981998955
5511982451055
5511982662970
5511981418321
5511981118894
5511981118897
5511993972897
5511982626700
5511948874747
5511982619100
5511982610808
5511993746379
5511997148996
5511973176519
5511992544701
5511998685952
5511944485952
5511998344555
5511996002308
5511961619911
5511980909911
5511957986137
5511982241626
5511972300966
5511944762412
5511975564519
5511983813808
5511969784515
5511948592420
5511992661422
5511996691422
5511982211210
5511991285647
5511971696670
5511981169100
5511996166091
5511969024939
5511987698747
5511955588300
5511998878899
5511983383341
5511971047085
5511963703070
5511995375849
5511992235664
5511973723807
5511964950505
5511945262112
5511963759244
5511993264237
5511991131428
5511972559968
5511997617524
5511996005963
5511981140900
5511949292087
5511976178610
5511999881354
5511992772247
5511942421818
5511957711818
5511941550999
5511997400333
5511940320707
5511981014884
5511996581614
5511947319738
5511985938116
5511998539239
5511951984444
5511944444436
5511944444455
5511986533666
5511977620095
5511972139146
5511991566580
5511995367137
5511999429490
5511999423366
5511947236598
5511969016822
5511998222186
5511999117107
5511999213179
5511950358181
5511949925167
5511952112496
5511982006913
5511992021483
5511992678553
5511988580288
5511963492613
5511971474206
5511975655640
5511991284521
5511975511531
5511950463602
5511981045558
5511973617978
5511966563432
5511967897104
551199503169
5511995031697
5511947786144
5511969831020
5511947565776
5511994017643
5511983285885
5511960291288
5511983052581
5511996390074
5511941122593
5511955565885
5511999167723
5511991729390
5511983942766
5511972540525
5511972051219
5511982820900
5511980319967
5511950814035
5511989662880
5511963463454
5511961783906
5511947713401
5511977204234
5511947974257
5511981636585
5511995818400
5511999939292
5511999165872
5511973292511
5511981089756
5511964341873
5511986233082
5511984011255
5511986574881
5511991689649
5511985549870
5511991256743
5511976211003
5511991862111
5511964778313
5511996289946
5511973338309
5511999944589
5511965446164
5511972367161
5511981764586
5511984029153
5511971434180
5511995040683
5511986547562
5511993187604
5511974891626
5511996393069
5511999715001
5511998943353
5511942742694
5511952087638
5511967890502
5511984655562
5511996946699
5511971522021
5511972125518
5511999930739
5511975215965
5511983255851
5511983665176
5511974537684
5511963539972
5511974413604
5511983965938
5511952055586
5511932483068
5511941233229
5511981852872
5511970941423
5511993689360
5511941697946
5511981368537
5511977884444
5511984324361
5511948036593
5511984324083
5511970270929
5511982795364
5511975008680
5511975005615
5511999360185
5511970455385
5511966670101
5511951160379
5511941010552
5511941019623
5511932424017
5511966745867
5511941018377
5511969259605
5511988752800
5511998184950
5511952313157
5511962905788
5511997018291
5511982447429
5511974479391
5511942681214
5511973033133
5511950403250
5511963064864
5511982058515
5511970948585
5511958482308
5511983797509
5511971223455
5511977381261
5511992354848
5511997147708
5511999027949
5511984675847
5511982073318
5511993186833
5511977508424
5511972984647
5511953305448
5511941607498
5511980131116
5511995050417
5511973057601
5511955007788
5511973718219
