5534988832533;;;
5534998008701;;;
5534988068306;;;
5534988038952;;;
5534998918452;;;
5534998427698;;;
5534998002968;;;
5534991077931;;;
5534999917032;;;
5534998244313;;;
5534999172824;;;
5534999434790;;;
5534998285062;;;
5534999481389;;;
5534998066364;;;
5534999325679;;;
5534984113385;;;
5534999356693;;;
5534988293304;;;
5534988241624;;;
5534999062457;;;
5534998335563;;;
5534998310966;;;
5534998172379;;;
5534999566044;;;
5561996135891;;;
5534988569053;;;
5531984362471;;;
5534988043618;;;
5534999256263;;;
5534998420984;;;
5587991737733;;;
5534998359458;;;
5534999575864;;;
5534998240003;;;
5534984051641;;;
5534999297258;;;
5535998675020;;;
5534988092781;;;
5534998162027;;;
5534998046235;;;
5534998304376;;;
5534999542830;;;
5534988562332;;;
5534999529043;;;
5534999854177;;;
5534999025923;;;
5534998357159;;;
5534988504335;;;
5538999642702;;;
5534988073068;;;
5534991716130;;;
5534999225764;;;
5534999548360;;;
5534991437113;;;
5534999523942;;;
5534999542954;;;
5534998357770;;;
5534999599837;;;
5534999556359;;;
5534999134709;;;
5534998002432;;;
5534999432750;;;
5534999560507;;;
5534999216546;;;
5534999325387;;;
5534999522659;;;
5534998320204;;;
5534999599809;;;
5534999559755;;;
5534998294163;;;
5534998419550;;;
5534998206848;;;
5534988414003;;;
5534998003965;;;
5534999353359;;;
5534991960209;;;
5534988341182;;;
5534999202163;;;
5534998019095;;;
5534998038061;;;
5534999521052;;;
5534998334851;;;
5564996993719;;;
5534998402412;;;
5534988249960;;;
5534999249160;;;
5534998211149;;;
5534998350619;;;
5534998148531;;;
5534999544717;;;
5534999205262;;;
5534998261833;;;
5534999466399;;;
5537998692686;;;
5534999274137;;;
5538998591120;;;
5534991079991;;;
5534998020953;;;
5534988548855;;;
5594991573038;;;
5534998088045;;;
5534998040101;;;
5534998368070;;;
5538988144333;;;
5534998234330;;;
5534999414820;;;
5534998075937;;;
5534998290922;;;
5534999401907;;;
5577998200240;;;
5534998121281;;;
5534999181104;;;
5534984194682;;;
5534999395013;;;
5531996748522;;;
5534998057251;;;
5534999206761;;;
5538998533844;;;
5534999104539;;;
5534999591518;;;
5531971430102;;;
5561991580870;;;
5534999546764;;;
5538998687708;;;
5534999572860;;;
5534999404793;;;
5534999036640;;;
5534999522483;;;
5534999030787;;;
5534988299408;;;
5534997956000;;;
5534999878835;;;
5534991697540;;;
5534999543409;;;
5534998138089;;;
5534999438773;;;
5534999841406;;;
5534998205359;;;
5534988195680;;;
5534999412221;;;
5534988000214;;;
5534984102930;;;
5534999426676;;;
5534998420846;;;
5534998216034;;;
5534988256900;;;
5534996816828;;;
5534999416879;;;
5534998150297;;;
5534999461651;;;
5534999862083;;;
5534999033647;;;
5534999855186;;;
5537999476192;;;
5534999283047;;;
5534998389925;;;
5534988041484;;;
5534998382239;;;
5534984210567;;;
5538999556790;;;
5534999171464;;;
5534998039668;;;
5538997227500;;;
5534998165449;;;
5534998074736;;;
5534998403546;;;
5534988747455;;;
5534999550499;;;
5534999050620;;;
5569984555971;;;
5534998192999;;;
5531995964404;;;
5534988758312;;;
5534999208967;;;
5534988085952;;;
5534999396745;;;
5534999526065;;;
5561992700916;;;
5534999280513;;;
5534988433536;;;
5534998301281;;;
5534988199082;;;
5534992440900;;;
5534998241333;;;
5534998163184;;;
5534999286649;;;
5534998331998;;;
5534988150728;;;
5534999069335;;;
5534999578950;;;
5534999199278;;;
5534988764967;;;
5534999841579;;;
5534984146446;;;
5534999070561;;;
5534998090334;;;
5534999827166;;;
5534999888171;;;
5534999062637;;;
5534988588742;;;
5534988836038;;;
5534984108208;;;
5534999543290;;;
5562986117100;;;
5534999407249;;;
5534998038160;;;
5534999810397;;;
5534999444703;;;
5534988169802;;;
5534998271783;;;
5534999532716;;;
5534999544383;;;
5534999204570;;;
5534999524360;;;
5534999503217;;;
5534999370523;;;
5534998279602;;;
5534999551659;;;
5534988820700;;;
5534999275051;;;
5534984121230;;;
5538998315583;;;
5534998268026;;;
5534999442622;;;
5534999145173;;;
5534988383415;;;
5534988721905;;;
5534999419901;;;
5534988117231;;;
5534999106503;;;
5516991711071;;;
5534999553375;;;
5534988434764;;;
5534988307747;;;
5534984156462;;;
5534999414754;;;
5534998007689;;;
5534998358330;;;
5534999257771;;;
5534999379687;;;
5534999862679;;;
5534998298205;;;
5534999120186;;;
5511963532381;;;
5534999328702;;;
5534999833482;;;
5534998055383;;;
5534999545653;;;
5534999020666;;;
5534998243475;;;
5534991641507;;;
5565992093485;;;
5534999549537;;;
5534988994409;;;
5534998252768;;;
5534999530216;;;
5534998038451;;;
5534999174007;;;
5565998057654;;;
5534998251875;;;
5534998374528;;;
5534999550965;;;
5534999593890;;;
5534998255208;;;
5534999896939;;;
5534988664064;;;
5534988525472;;;
5534910020702;;;
5534999562510;;;
5534999817296;;;
5534984322265;;;
5511989243811;;;
5534999221513;;;
5534988035495;;;
5534998118024;;;
5534984061683;;;
5534999828344;;;
5535999680802;;;
5534998395959;;;
5534998331935;;;
5534998147528;;;
5534988530336;;;
5534999325700;;;
5534998008185;;;
5534999310829;;;
5534999894782;;;
5534999458839;;;
5534998230660;;;
5538998649717;;;
5563992330246;;;
5534998188262;;;
5534999060495;;;
5534999360282;;;
5534999573773;;;
5534998071745;;;
5534999543892;;;
5534999852461;;;
5534988002881;;;
5534999253232;;;
5534998078654;;;
5534999293872;;;
5534999364545;;;
5534999195791;;;
5534984039217;;;
5534999391165;;;
5534999128366;;;
5534999818712;;;
5534988514771;;;
5534999230763;;;
5534998080916;;;
5534998185317;;;
5534984097685;;;
5534998388508;;;
5534999470349;;;
5534998162027;;;
5534998398285;;;
5534992770337;;;
5534998190256;;;
5534998411415;;;
5534999434645;;;
5561981426377;;;
5534999482482;;;
5534988143047;;;
5534984408825;;;
5534998321535;;;
5534999041043;;;
5534998097713;;;
5534999534911;;;
5534998252756;;;
5534998304279;;;
5534999430506;;;
5534999055232;;;
5534998064071;;;
5534999599338;;;
5534999082620;;;
5534999353369;;;
5534988666889;;;
5534999186688;;;
5534999145952;;;
5534988319446;;;
5534999199384;;;
5534988757781;;;
5534999032504;;;
5534999441390;;;
5534999869947;;;
5534999096603;;;
5534998020401;;;
5534999587150;;;
5534999216848;;;
5534999849683;;;
5534988918558;;;
5534998306771;;;
5534999502780;;;
5561991434113;;;
5534991646641;;;
5534998338960;;;
5534999446920;;;
5534999895709;;;
5534999128564;;;
5534988502774;;;
5534988524384;;;
5537998072024;;;
5534999825850;;;
5534998059974;;;
5534988732916;;;
5534998197257;;;
5534998276839;;;
5534998043216;;;
5561991585973;;;
5534999255046;;;
5534998270290;;;
5534998100051;;;
5534998312589;;;
5534988375713;;;
5534910025481;;;
5534999590546;;;
5534999525523;;;
5534999814528;;;
5534999067119;;;
5534988188354;;;
5534999174280;;;
5538834470005;;;
5534999541613;;;
5534988083478;;;
5534998342533;;;
5534988249377;;;
5534999091271;;;
5534998351288;;;
5534999468746;;;
5534999560262;;;
5534999072641;;;
5534998129724;;;
5534987212400;;;
5534998053450;;;
5534988776113;;;
5534999352460;;;
5534988531645;;;
5534998101955;;;
5534999352566;;;
5534998113161;;;
5534987211491;;;
5534991096538;;;
5534998294611;;;
5534999584881;;;
5534999435983;;;
5534988837978;;;
5534999818981;;;
5534998011636;;;
5534999819899;;;
5534998269596;;;
5534999046223;;;
5534999584618;;;
5534999526513;;;
5534988265437;;;
5534999305410;;;
5534999596869;;;
5534998388446;;;
5534999247333;;;
5534999307081;;;
5534999843655;;;
5534991215425;;;
5561985130888;;;
5534999885073;;;
5534998371317;;;
5534998051630;;;
5534998299037;;;
5534999820191;;;
5534999242241;;;
5534999555602;;;
5534998405507;;;
5534999158451;;;
5534998373176;;;
5534998093151;;;
5534999812182;;;
5534999220520;;;
5534999439014;;;
5534984412892;;;
5534999514366;;;
5534999378189;;;
5534998112816;;;
5534991483381;;;
5534999830191;;;
5534998111946;;;
5534999871170;;;
5534998008107;;;
5534988127298;;;
5534999118355;;;
5534998308364;;;
5534999201238;;;
5538997445989;;;
5561999626985;;;
5534998196859;;;
5534999028727;;;
5564999781703;;;
5561991762054;;;
5534999172408;;;
5534999479797;;;
5534999216828;;;
5534998426438;;;
5534988589603;;;
5534998174626;;;
5534998198517;;;
5564996082854;;;
5534999171350;;;
5534984257272;;;
5534992984285;;;
5534999466123;;;
5534988629620;;;
5534998049092;;;
5534999574126;;;
5534988108433;;;
5534999265520;;;
5534998370650;;;
5534988188971;;;
5534988837632;;;
5534998378654;;;
5534999520576;;;
5534988334655;;;
5534999271676;;;
5534988158400;;;
5534988556144;;;
5524998566003;;;
5534999878697;;;
5534998099603;;;
5534999025617;;;
5577998419870;;;
5534984143413;;;
5534999157583;;;
5534988424133;;;
5534998142953;;;
5534998024817;;;
5534998281214;;;
5534999305530;;;
5534998186631;;;
5534999270332;;;
5534999418706;;;
5534999058546;;;
5534998191349;;;
5534998181385;;;
5534998344606;;;
5534999021235;;;
5534984040140;;;
5534988611893;;;
5534999828138;;;
5534999586965;;;
5534999589802;;;
5534999845969;;;
5534988120901;;;
5564981253944;;;
5534988116457;;;
5534998239613;;;
5511984704021;;;
5534998417568;;;
5534999898815;;;
5573988829326;;;
5534984150096;;;
5538999765644;;;
5534998268260;;;
5534999559204;;;
5534998054790;;;
5531983225235;;;
5531987815404;;;
5534988013561;;;
5534999027414;;;
5534998057267;;;
5534988551841;;;
5594992677487;;;
5534999577901;;;
5534999253074;;;
5534999066543;;;
5534984020200;;;
5534998386104;;;
5534998201500;;;
5534998292765;;;
5534988300501;;;
5534999523984;;;
5561992627292;;;
5534999819502;;;
5534999559442;;;
5534988408328;;;
5534998314065;;;
5534999819212;;;
5534984180230;;;
5534999388882;;;
5564992188426;;;
5534984119140;;;
5534991077315;;;
5534999245599;;;
5534988925232;;;
5534984087381;;;
5534998328469;;;
5567999325042;;;
5534999299446;;;
5561999552734;;;
5534999477622;;;
5534998202576;;;
5531997132978;;;
5561998593005;;;
5534999095372;;;
5534988722345;;;
5534988787607;;;
5534998282802;;;
5534999594466;;;
5534998181939;;;
5534999425840;;;
5534999512681;;;
5534998018171;;;
5534998229042;;;
5534999569609;;;
5534998318555;;;
5534999089404;;;
5534999508105;;;
5534999463511;;;
5534999416974;;;
5534998101116;;;
5534999585962;;;
5534998397710;;;
5534987008256;;;
5534999368975;;;
5534998231975;;;
5534987193452;;;
5534999281896;;;
5534984417425;;;
5534999831438;;;
5534999467421;;;
5534999460251;;;
5534998117390;;;
5534999887237;;;
5561993591034;;;
5561991293931;;;
5534999567082;;;
5534999564904;;;
5534999042312;;;
5534988270038;;;
5534988091441;;;
5534999136977;;;
5534999329457;;;
5534998023389;;;
5534987195576;;;
5534999438082;;;
5534999523828;;;
5534998020827;;;
5534998085983;;;
5534999859330;;;
5534984110753;;;
5534999279452;;;
5534998220484;;;
5534999591681;;;
5534998308900;;;
5534999872655;;;
5534999534766;;;
5534998214167;;;
5561981548010;;;
5534999250494;;;
5534998021369;;;
5563999886224;;;
5534988889274;;;
5534999511154;;;
5534999273009;;;
5534999565176;;;
5534984096993;;;
5534999067055;;;
5534999522748;;;
5534997975842;;;
5534999211219;;;
5534999415644;;;
5534992254195;;;
5534999121042;;;
5534999104866;;;
5534999417568;;;
5537998382524;;;
5534999571961;;;
5534988874098;;;
5537998637816;;;
5534998301457;;;
5531983145841;;;
5534999240479;;;
5534988352249;;;
5534991843998;;;
5534999872318;;;
5534998047894;;;
5534998164518;;;
5534999547980;;;
5534988216266;;;
5574999811479;;;
5534984393201;;;
5534998370719;;;
5534999818444;;;
5534998190521;;;
5534998007204;;;
5534988035868;;;
5534910019768;;;
5534999891555;;;
5534999579801;;;
5534993029709;;;
5534998055109;;;
5534998258694;;;
5534999440364;;;
5534984066118;;;
5534998282599;;;
5534999569441;;;
5534998046722;;;
5534999074725;;;
5534999384223;;;
5534999843418;;;
5596991835885;;;
5534988506427;;;
5534999527598;;;
5534998195691;;;
5534999524262;;;
5534988380398;;;
5534999824511;;;
5598999117283;;;
5534999316071;;;
5534999294826;;;
5534999572313;;;
5534998023365;;;
5534998212029;;;
5534984057117;;;
5534999214576;;;
5534984094015;;;
5534998394429;;;
5534998021588;;;
5534999261898;;;
5534998161284;;;
5534988304312;;;
5534992345670;;;
5534999561693;;;
5534998340101;;;
5534999561262;;;
5534999375119;;;
5534999178749;;;
5534999831499;;;
5534984145200;;;
5534998150105;;;
5534998292215;;;
5534991812729;;;
5534998192728;;;
5534999356018;;;
5534991643350;;;
5534998142242;;;
5534999867594;;;
5534988034624;;;
5534998013104;;;
5534988072739;;;
5534999085003;;;
5534999516931;;;
5534999364969;;;
5534999191766;;;
5534988012975;;;
5534999517552;;;
5531995032534;;;
5534998339535;;;
5534998209021;;;
5534999370012;;;
5534999317710;;;
5538997394462;;;
5534999440811;;;
5534988184196;;;
5534999556217;;;
5538999239679;;;
5534988399873;;;
5534999029513;;;
5534988299052;;;
5534991959324;;;
5534988313655;;;
5534999271313;;;
5534999208517;;;
5534998180389;;;
5534988379598;;;
5534999102458;;;
5534999121031;;;
5534999211816;;;
5534988393758;;;
5534988452301;;;
5534999408341;;;
5564981226336;;;
5534999240839;;;
5534999361994;;;
5534999819612;;;
5534988786388;;;
5534999367057;;;
5561986048728;;;
5534988835256;;;
5534998412765;;;
5534984156705;;;
5534999567162;;;
5534988699429;;;
5534999067098;;;
5534998249907;;;
5534999471238;;;
5534999850470;;;
5534999556037;;;
5534984156106;;;
5534998044360;;;
5534988071815;;;
5534999049600;;;
5534999280277;;;
5534999850599;;;
5534998002415;;;
5534984154559;;;
5534999539605;;;
5534999217282;;;
5538988229878;;;
5534999825650;;;
5534988484331;;;
5534998219601;;;
5534998374829;;;
5564981103681;;;
5534999116400;;;
5534999400857;;;
5534998408432;;;
5534999443972;;;
5534999437432;;;
5534999041387;;;
5534984131690;;;
5534998309639;;;
5534999312090;;;
5534999505795;;;
5534998209092;;;
5534988068769;;;
5534999202402;;;
5534999404124;;;
5534999020021;;;
5534999314154;;;
5534998411267;;;
5534999884845;;;
5511969451252;;;
5534998216910;;;
5534999534583;;;
5561998645082;;;
5534998287775;;;
5534991541916;;;
5538999242295;;;
5534988071868;;;
5534999550704;;;
5534998343789;;;
5534987009227;;;
5534998211033;;;
5534987219534;;;
5534988551526;;;
5534999257601;;;
5534999538580;;;
5534988050238;;;
5534988586306;;;
5534987198762;;;
5534999099731;;;
5534999375260;;;
5534999851052;;;
5562996262479;;;
5534999360426;;;
5534999465561;;;
5569985012177;;;
5534998339655;;;
5534999450041;;;
5534999377415;;;
5534984040133;;;
5534988376526;;;
5534998284251;;;
5561998452203;;;
5534999119375;;;
5534999351609;;;
5534998271853;;;
5534984254829;;;
5534998214596;;;
5532984071229;;;
5534910019923;;;
5564981367594;;;
5534988045165;;;
5534999050780;;;
5534998245853;;;
5534988122995;;;
5538997441325;;;
5534988829918;;;
5534999272760;;;
5534998350635;;;
5534999515495;;;
5534988159371;;;
5534988378539;;;
5534998257223;;;
5534999061694;;;
5534999235494;;;
5534999368738;;;
5534998316954;;;
5534999541560;;;
5534998306620;;;
5534988751210;;;
5574999142868;;;
5538999143723;;;
5534998079221;;;
5534988061874;;;
5534988649834;;;
5534988419036;;;
5577999390410;;;
5534998368661;;;
5534999884199;;;
5534988405831;;;
5534988616846;;;
5534999027361;;;
5534999075300;;;
5534999826726;;;
5534998022946;;;
5534999260661;;;
5534988256549;;;
5534998399075;;;
5534999207126;;;
5534998346199;;;
5534999574151;;;
5534984140524;;;
5534988932058;;;
5534988583627;;;
5534999280905;;;
5534998269606;;;
5534999251415;;;
5534999877223;;;
5534999817166;;;
5534998089045;;;
5534999572221;;;
5534999561718;;;
5534984028191;;;
5534998423798;;;
5534434811094;;;
5534999221305;;;
5534999155622;;;
5534987192960;;;
5538998612070;;;
5538997265117;;;
5534988541445;;;
5534999893832;;;
5534998029991;;;
5534988951545;;;
5534991077375;;;
5534988414960;;;
5534999827965;;;
5534998403976;;;
5534999541727;;;
5534999316639;;;
5534999300174;;;
5534991073786;;;
5534999104508;;;
5534988399970;;;
5534988502382;;;
5531985161615;;;
5534991097999;;;
5534999040839;;;
5534999572511;;;
5534999148577;;;
5534984313266;;;
5534992059491;;;
5534998407107;;;
5534988440950;;;
5534998248439;;;
5534999402130;;;
5534988775848;;;
5534988695767;;;
5534984138669;;;
5534988845058;;;
5534999184627;;;
5534992187848;;;
5534999273775;;;
5534999030830;;;
5534999821190;;;
5534988753566;;;
5534999131691;;;
5534999403972;;;
5534999588525;;;
5534999563500;;;
5514997898940;;;
5534998034620;;;
5534999300621;;;
5534999064056;;;
5534988171110;;;
5534999211285;;;
5534999542316;;;
5534998412868;;;
5534999299549;;;
5534999218110;;;
5534984112750;;;
5534999569407;;;
5534998412121;;;
5534999393714;;;
5534988792685;;;
5561998278687;;;
5534987213278;;;
5534988688137;;;
5534998002092;;;
5534998135577;;;
5534984283858;;;
5534998102275;;;
5534984134906;;;
5562998514337;;;
5534999288662;;;
5538999789407;;;
5534998216567;;;
5561996880106;;;
5534999438987;;;
5534999066602;;;
5538997370729;;;
5534999153689;;;
5534999310581;;;
5534988749717;;;
5561991239135;;;
5534999834557;;;
5534998214350;;;
5534999263763;;;
5562994343896;;;
5534999061334;;;
5534999539880;;;
5534984051898;;;
5534998336736;;;
5534988508180;;;
5534988143496;;;
5534988566404;;;
5534992806537;;;
5538999119417;;;
5534999036527;;;
5534999387744;;;
5534999840014;;;
5534999845583;;;
5534998362422;;;
5534999566540;;;
5534988687686;;;
5534998044935;;;
5534998001008;;;
5534998415838;;;
5534988621169;;;
5534999585473;;;
5534999586702;;;
5534999858219;;;
5534999413138;;;
5534999072101;;;
5534988687123;;;
5534999513722;;;
5534998294315;;;
5534984045065;;;
5534999596481;;;
5534999512250;;;
5534988649330;;;
5534999883364;;;
5534988546017;;;
5531996514716;;;
5534999890967;;;
5534988952475;;;
5534998257556;;;
5534998225779;;;
5534998179024;;;
5534988083400;;;
5534999400916;;;
5534988720747;;;
5534998311061;;;
5534999205287;;;
5534999249477;;;
5534998226936;;;
5534999510080;;;
5534999380350;;;
5534998334498;;;
5534999255104;;;
5534999118708;;;
5534988242068;;;
5534988241055;;;
5534999849985;;;
5534999452118;;;
5534998375150;;;
5534984028008;;;
5534988314704;;;
5534998071480;;;
5564999381017;;;
5534988369747;;;
5534988836112;;;
5534984194932;;;
5534999527933;;;
5534999865405;;;
5574999694661;;;
5534999264184;;;
5534998082702;;;
5534999036154;;;
5534998023669;;;
5541992670545;;;
5534998333439;;;
5534999459312;;;
5534999817115;;;
5534998171970;;;
5534998255781;;;
5561993686253;;;
5534999322893;;;
5534988495952;;;
5534988532160;;;
5534988915264;;;
5534988250120;;;
5534999220035;;;
5534999571011;;;
5534999538532;;;
5534998167170;;;
5538998748255;;;
5534999326615;;;
5584994656467;;;
5534998054581;;;
5534999844078;;;
5534999502773;;;
5534988248405;;;
5534988836368;;;
5534998071172;;;
5534998219915;;;
5534999811520;;;
5534999819424;;;
5534999208933;;;
5538998182622;;;
5534984161275;;;
5534998424242;;;
5534999518062;;;
5534998186866;;;
5534999082940;;;
5534988187378;;;
5534999824700;;;
5534999841804;;;
5534998357030;;;
5534999478451;;;
5534999575628;;;
5534999143921;;;
5534999032843;;;
5534999842400;;;
5534998210434;;;
5534999873132;;;
5534998230240;;;
5534998006804;;;
5534999421149;;;
5561981952139;;;
5534999355707;;;
5534984211596;;;
5534988288589;;;
5534998380975;;;
5534998391087;;;
5534988553961;;;
5534999216652;;;
5534999430054;;;
5534988294206;;;
5574999473868;;;
5534991350497;;;
5534998071327;;;
5534999527582;;;
5534988585543;;;
5534984117471;;;
5534999819499;;;
5534999327286;;;
5534999813846;;;
5538999786798;;;
5561981780803;;;
5534998117670;;;
5534988860210;;;
5534984021978;;;
5534988032652;;;
5534998367043;;;
5534998116270;;;
5534999895919;;;
5534998241442;;;
5534988227045;;;
5534998008058;;;
5534999524283;;;
5534988684223;;;
5534988676614;;;
5534998198877;;;
5534999160135;;;
5534988090756;;;
5534988728886;;;
5534999171923;;;
5534999364683;;;
5534998133508;;;
5534999832569;;;
5561991106179;;;
5534984134008;;;
5534999278838;;;
5534998187471;;;
5534999388852;;;
5534988372262;;;
5534998124139;;;
5534999189079;;;
5534998349167;;;
5534999074549;;;
5534998379987;;;
5574999711989;;;
5534988197766;;;
5571992988045;;;
5534999512731;;;
5534999095048;;;
5534998188808;;;
5534998359236;;;
5534998091838;;;
5534984087972;;;
5537998268831;;;
5519989920839;;;
5534999516469;;;
5534988092682;;;
5534984136609;;;
5534998311590;;;
5534988831993;;;
5538998474593;;;
5534984058331;;;
5534999543458;;;
5534998035678;;;
5534998108040;;;
5534988836989;;;
5534998006277;;;
5534998301498;;;
5534998105656;;;
5534998291807;;;
5534999882878;;;
5534998402633;;;
5534998391312;;;
5534999827616;;;
5534984114060;;;
5534998198178;;;
5534984383649;;;
5534999154232;;;
5534998323196;;;
5534999326455;;;
5561998323382;;;
5534998276602;;;
5534999113714;;;
5534998276926;;;
5534984073424;;;
5534999203255;;;
5534999264209;;;
5534999046540;;;
5534998098565;;;
5538988343524;;;
5534988653756;;;
5534999053640;;;
5534999109180;;;
5534999138336;;;
5534999390986;;;
5534999571289;;;
5534984024380;;;
5564996132133;;;
5534988173803;;;
5534988744702;;;
5534988292171;;;
5534999375240;;;
5534988449329;;;
5538999427558;;;
5534999536741;;;
5534991903359;;;
5534998301073;;;
5534998230776;;;
5534991973484;;;
5586994457259;;;
5574999791297;;;
5534999287120;;;
5535999819356;;;
5562981687728;;;
5534998133896;;;
5534998247500;;;
5534999277334;;;
5573981744536;;;
5534998010421;;;
5534999135811;;;
5534999069350;;;
5534999117688;;;
5575988526705;;;
5577998298575;;;
5514998746223;;;
5561992187466;;;
5591981233282;;;
5593988110208;;;
5534999891358;;;
5534991775697;;;
5542988485239;;;
5534999246005;;;
5534999297047;;;
5563999460225;;;
5534999075111;;;
5538998714906;;;
5534984139237;;;
5534998144351;;;
5561998421061;;;
5534988430235;;;
5585985001495;;;
5534998208740;;;
5534984093082;;;
5534999200386;;;
5534999880667;;;
5544988217810;;;
5542991350423;;;
5534999580674;;;
5534999040094;;;
5534998297858;;;
5534999290441;;;
5534999225796;;;
5534999288748;;;
5564996411247;;;
5581973273630;;;
5534984084975;;;
5534998213460;;;
5534998195024;;;
5588993468564;;;
5534998268481;;;
5531996179699;;;
5534999142120;;;
5534998299420;;;
5534984158754;;;
5534999417435;;;
5534999118809;;;
5534998386366;;;
5534998059728;;;
5534998264214;;;
5534991649144;;;
5534984012264;;;
5534988221408;;;
5534988880779;;;
5534998190118;;;
5534993254939;;;
5534998364567;;;
5534984432175;;;
5562998033386;;;
5531999833234;;;
5561992986209;;;
5534999284375;;;
5534988580534;;;
5534988815022;;;
5534988109746;;;
5534998077773;;;
5534999864269;;;
5534999220450;;;
5534999517513;;;
5534988381855;;;
5534988924450;;;
5534998376605;;;
5534999583631;;;
5564992316049;;;
5534999354903;;;
5534992031794;;;
5534992323279;;;
5534999235431;;;
5534988085072;;;
5534999574845;;;
5534998322832;;;
5534999820607;;;
5534999486886;;;
5534988662390;;;
5534998079778;;;
5534999527163;;;
5534998208141;;;
5538997262744;;;
5534992441533;;;
5534998146587;;;
5534988398741;;;
5534988072691;;;
5534991531509;;;
5534999463874;;;
5534988252133;;;
5534999201807;;;
5534988240360;;;
5534998012866;;;
5534999030314;;;
5538998676861;;;
5561983471039;;;
5521972594419;;;
5534987193461;;;
5534999560331;;;
5534999229086;;;
5534988782088;;;
5534988167516;;;
5534988494994;;;
5534998079682;;;
5574999458241;;;
5534988009887;;;
5538997426462;;;
5534999105025;;;
5534999453539;;;
5534999556223;;;
5534999167339;;;
5534998216430;;;
5534999557473;;;
5534998387363;;;
5534999048451;;;
5534998249981;;;
5534998112882;;;
5534999841946;;;
5519987458667;;;
5534988081767;;;
5534988396101;;;
5534998047687;;;
5566984099249;;;
5534992131858;;;
5534998045424;;;
5534999511967;;;
5534984072105;;;
5534999143569;;;
5562991933629;;;
5534998185201;;;
5534999851387;;;
5534988450981;;;
5534998192514;;;
5534999858567;;;
5534998169225;;;
5534998047355;;;
5534999271847;;;
5534991718603;;;
5534998367555;;;
5534998192100;;;
5534999366305;;;
5534988487156;;;
5534999250111;;;
5534988397024;;;
5534984043574;;;
5534999502600;;;
5564999226965;;;
5534999143455;;;
5589981187672;;;
5534999267916;;;
5564996252110;;;
5534999853107;;;
5577999130912;;;
5534998283388;;;
5534999832196;;;
5534999103374;;;
5534997773576;;;
5534998405379;;;
5534999467107;;;
5534999573713;;;
5564999799706;;;
5534998368243;;;
5534999035137;;;
5534999350121;;;
5589981301825;;;
5534988143437;;;
5561999954375;;;
5534998173022;;;
5564984254607;;;
5534999548585;;;
5534999066467;;;
5534999443346;;;
5534984140653;;;
5534998390523;;;
5534984156104;;;
5534998206897;;;
5534992210865;;;
5534998019404;;;
5534998418796;;;
5534999213588;;;
5534998400029;;;
5534999459022;;;
5534988231289;;;
5534984031344;;;
5534999106078;;;
5534999223552;;;
5534999394652;;;
5561983326536;;;
5534999480958;;;
5534999192314;;;
5534998267941;;;
5534988986375;;;
5534984150116;;;
5534988302763;;;
5534998393000;;;
5534998180820;;;
5534998397800;;;
5534999550584;;;
5534999855487;;;
5534988044282;;;
5534984118525;;;
5534998270249;;;
5534999380957;;;
5544988553301;;;
5534998115968;;;
5534988784303;;;
5534991687932;;;
5534998226044;;;
5534999071978;;;
5534998987699;;;
5534999512497;;;
5534999066394;;;
5534992171478;;;
5534984035634;;;
5534984053595;;;
5516992477000;;;
5534998105586;;;
5534999029834;;;
5534998061369;;;
5534988291599;;;
5534999883364;;;
5534998197656;;;
5534988317521;;;
5534999546445;;;
5534999573464;;;
5534988019510;;;
5534998057335;;;
5534998324442;;;
5561998291734;;;
5534998056343;;;
5534984052461;;;
5534984187173;;;
5534998018394;;;
5534988304587;;;
5534998272713;;;
5534999854912;;;
5534984071945;;;
5538997282336;;;
5534988979190;;;
5534999109006;;;
5534998026931;;;
5534999174233;;;
5534998289399;;;
5534999044332;;;
5534998331480;;;
5534998118642;;;
5534998025499;;;
5538999268280;;;
5534999369815;;;
5534999399896;;;
5534998414041;;;
5534999136897;;;
5534999556460;;;
5534999437599;;;
5534998195845;;;
5534999853981;;;
5534998258662;;;
5534998038854;;;
5534999053444;;;
5534998254909;;;
5534998285585;;;
5534998032416;;;
5534984077140;;;
5534998275678;;;
5534988282418;;;
5534988059656;;;
5511992163557;;;
5534998230730;;;
5534998313244;;;
5534999451098;;;
5534999442669;;;
5534999362561;;;
5534998321284;;;
5534998342887;;;
5534984434380;;;
5531999475750;;;
5534999522108;;;
5534984128696;;;
5535999594610;;;
5534998185105;;;
5534984219330;;;
5534998247638;;;
5534987003479;;;
5534988583711;;;
5534988140110;;;
5534999072508;;;
5534999398104;;;
5534999872680;;;
5534992131963;;;
5534999397758;;;
5534998032001;;;
5534999459784;;;
5534998225959;;;
5534999532577;;;
5534999105145;;;
5534999890985;;;
5534999840621;;;
5534998052265;;;
5534998135356;;;
5564984158141;;;
5534999213840;;;
5534999205711;;;
5538988191221;;;
5534998153917;;;
5531996891481;;;
5561996108015;;;
5534998226520;;;
5534999145171;;;
5534998066917;;;
5534998022554;;;
5534988633150;;;
5534991835524;;;
5534998186783;;;
5534984142860;;;
5534988170225;;;
5534988925636;;;
5534984126528;;;
5534998418212;;;
5534999813826;;;
5534988242599;;;
5534992807831;;;
5534988481710;;;
5534999424864;;;
5534998036503;;;
5538999398871;;;
5534984111092;;;
5534988184905;;;
5534998130655;;;
5534999169750;;;
5534999510024;;;
5534998334863;;;
5534991613119;;;
5534999878453;;;
5534998399145;;;
5534988567599;;;
5534984195389;;;
5534999092989;;;
5534999822929;;;
5534999827921;;;
5534999158186;;;
5534998173464;;;
5534998023285;;;
5534999890948;;;
5534999365228;;;
5534998003407;;;
5534988927345;;;
5534999058988;;;
5562999555556;;;
5534988778224;;;
5538999061746;;;
5534999226558;;;
5534998243557;;;
5534999292213;;;
5574999550063;;;
5534988186904;;;
5534991661747;;;
5534984233829;;;
5534999266622;;;
5534998077456;;;
5534998079231;;;
5534999094569;;;
5534998016010;;;
5534999583707;;;
5534999546795;;;
5534998164456;;;
5534998133584;;;
5534998320606;;;
5534999109699;;;
5534999428133;;;
5534999868234;;;
5534999551670;;;
5534999272778;;;
5534999575742;;;
5534999382693;;;
5574999397614;;;
5534999073979;;;
5534999829742;;;
5534999147653;;;
5534999358406;;;
5534984227301;;;
5534984098058;;;
5534998244665;;;
5534999203038;;;
5563984498895;;;
5534999166651;;;
5534999815272;;;
5534992120025;;;
5511962448548;;;
5534998059720;;;
5534999223555;;;
5533999911927;;;
5534984201637;;;
5534999586715;;;
5561982217928;;;
5534999313991;;;
5534999043836;;;
5534998265711;;;
5534999541475;;;
5534998267390;;;
5534999305943;;;
5534984009486;;;
5534998359716;;;
5534984048240;;;
5534999442260;;;
5534993248867;;;
5534998110282;;;
5534998289117;;;
5534999882285;;;
5534988792751;;;
5534998179213;;;
5534998190842;;;
5534998147259;;;
5534998288354;;;
5534992298629;;;
5538999977926;;;
5534998355237;;;
5534998297232;;;
5534998029831;;;
5534999477329;;;
5534998273056;;;
5534999427579;;;
5534984120287;;;
5534998093310;;;
5534999327217;;;
5564996010917;;;
5534987212380;;;
5534999230551;;;
5534984203543;;;
5534998001644;;;
5534984161358;;;
5534988949325;;;
5534998395413;;;
5534988093452;;;
5534998058646;;;
5534998303624;;;
5534998243652;;;
5534999277116;;;
5534998418411;;;
5534999898619;;;
5534999591654;;;
5534991191605;;;
5534999218073;;;
5534998127843;;;
5534998247270;;;
5534998193025;;;
5534999030277;;;
5534999294599;;;
5534999473865;;;
5534999284891;;;
5534988597110;;;
5534992265895;;;
5534984134402;;;
5534999702601;;;
5534999175310;;;
5534984043464;;;
5534998417043;;;
5534998271914;;;
5534999516865;;;
5534998205241;;;
5534998352853;;;
5534999438481;;;
5534984275384;;;
5534988431981;;;
5534998302441;;;
5534999854779;;;
5534998381504;;;
5534998087405;;;
5538999842359;;;
5534999454352;;;
5534998315558;;;
5534998052386;;;
5534999206290;;;
5585985861559;;;
5534988582862;;;
5534988449547;;;
5534999144015;;;
5531997647091;;;
5534996430488;;;
5534999025209;;;
5534998364289;;;
5534998268060;;;
5534999457357;;;
5534999479179;;;
5549999775792;;;
5534988498471;;;
5534998044208;;;
5534998299802;;;
5516981028388;;;
5534999116238;;;
5583993577462;;;
5534999560876;;;
5534998191071;;;
5534999868681;;;
5534998218733;;;
5534998419678;;;
5534988548877;;;
5534999501506;;;
5534998285642;;;
5534984364542;;;
5534999876507;;;
5534988875109;;;
5534996647788;;;
5534998193706;;;
5534999048476;;;
5562981402312;;;
5534999377369;;;
5534999224469;;;
5534999264440;;;
5534984118977;;;
5534999404503;;;
5566999047965;;;
5534988627779;;;
5534998355567;;;
5534998330322;;;
5534998033399;;;
5534992808928;;;
5534999391797;;;
5534988080001;;;
5534984184566;;;
5534998388176;;;
5537999576183;;;
5534998062471;;;
5534984133627;;;
5534998205132;;;
5534984060661;;;
5534998041454;;;
5534988257714;;;
5534984045937;;;
5534984250126;;;
5534999192711;;;
5534988933926;;;
5534999124746;;;
5534998060187;;;
5534999116117;;;
5531998881462;;;
5534998148620;;;
5534998335357;;;
5534998416079;;;
5534984097087;;;
5534999827560;;;
5534999274045;;;
5534998152184;;;
5534998196321;;;
5534984140574;;;
5534998299546;;;
5534999272005;;;
5534988372652;;;
5534998164312;;;
5534988059775;;;
5534998380864;;;
5534998330991;;;
5534998305069;;;
5534988686946;;;
5534999881720;;;
5534999214442;;;
5534992440710;;;
5544988304872;;;
5534999020060;;;
5534991518673;;;
5534999137408;;;
5561998303589;;;
5534999527369;;;
5534998409403;;;
5534999155838;;;
5534999591769;;;
5534984109149;;;
5534992251606;;;
5534999823296;;;
5534999067245;;;
5538999354745;;;
5534999159091;;;
5534998309832;;;
5534998148729;;;
5534984037273;;;
5534999592026;;;
5534984142672;;;
5534984091586;;;
5534988969786;;;
5534999353007;;;
5534999547066;;;
5534984175656;;;
5534998425747;;;
5534999540663;;;
5534999186781;;;
5534999023404;;;
5534998223416;;;
5534984127436;;;
5534987195429;;;
5534988187456;;;
5534999831578;;;
5534984062700;;;
5534988794608;;;
5534984072211;;;
5534910026857;;;
5534999027100;;;
5534998114908;;;
5534998003188;;;
5534998182323;;;
5534988944344;;;
5534999822241;;;
5534984316315;;;
5534999416728;;;
5534998145142;;;
5534998281119;;;
5534999308075;;;
5534998078003;;;
5534984213051;;;
5534998250647;;;
5534984160891;;;
5534998098544;;;
5534988581661;;;
5534998077623;;;
5534999098780;;;
5517991510155;;;
5534998189105;;;
5534998075150;;;
5534999280141;;;
5534999123193;;;
5534999135058;;;
5534999259440;;;
5534988943861;;;
5534998091447;;;
5534998066460;;;
5534999028755;;;
5534988170225;;;
5534988049352;;;
5534988754286;;;
5534998013994;;;
5534999895853;;;
5534988259324;;;
5534999896248;;;
5534984033722;;;
5561992321015;;;
5534992151445;;;
5534998329050;;;
5566999727810;;;
5534988435288;;;
5534988938201;;;
5534999123243;;;
5534998286285;;;
5534998169906;;;
5534999567460;;;
5534998369815;;;
5534988596212;;;
5534999250096;;;
5534999092857;;;
5534999570803;;;
5534998381778;;;
5534984429736;;;
5527996479389;;;
5534999546097;;;
5534988006568;;;
5534999549808;;;
5534998139503;;;
5534998180722;;;
5534998074765;;;
5534999184739;;;
5534984099762;;;
5534999405255;;;
5534984217733;;;
5534988073664;;;
5534988273073;;;
5534984054164;;;
5534988273169;;;
5534988635278;;;
5537988098981;;;
5534998146425;;;
5534984047289;;;
5534998359434;;;
5534998196512;;;
5534988176139;;;
5534991763219;;;
5534999467060;;;
5534999385812;;;
5534999318350;;;
5534988202593;;;
5534998005644;;;
5534999533710;;;
5534999157250;;;
5534988751100;;;
5534988322950;;;
5534998358447;;;
5534984093193;;;
5534988256515;;;
5534984140360;;;
5561996994384;;;
5534984017937;;;
5534999583690;;;
5534999047961;;;
5534988941597;;;
5534988139789;;;
5534999525153;;;
5534998193446;;;
5531998395688;;;
5534998264677;;;
5534999569050;;;
5534984022205;;;
5534999256236;;;
5534999429876;;;
5534998035409;;;
5534988534175;;;
5534999303495;;;
5534999486251;;;
5534991537860;;;
5534999870122;;;
5534999436449;;;
5534984426287;;;
5534998337575;;;
5513988565670;;;
5534998426494;;;
5534999484757;;;
5534999071205;;;
5534988106773;;;
5534988235233;;;
5534999272269;;;
5534999257141;;;
5517992707774;;;
5534999470884;;;
5534998374277;;;
5534998160893;;;
5534988389879;;;
5534998292425;;;
5534998333902;;;
5534999127408;;;
5534984048899;;;
5534999384164;;;
5534999437223;;;
5534998400809;;;
5534991560733;;;
5534998275829;;;
5534999858008;;;
5534984096036;;;
5534988586850;;;
5534998405044;;;
5534999872098;;;
5534998040983;;;
5534998144106;;;
5534988509815;;;
5534988212036;;;
5534999277343;;;
5534999376282;;;
5534988539589;;;
5561992189766;;;
5534984146494;;;
5534998316315;;;
5534998351765;;;
5534999596791;;;
5534998290727;;;
5534998101625;;;
5534988597534;;;
5566996612592;;;
5534998229117;;;
5534999461947;;;
5534999020853;;;
5534999818741;;;
5534988611506;;;
5534998107491;;;
5534999571437;;;
5534984077976;;;
5561996890066;;;
5534910025586;;;
5534998233495;;;
5534999040139;;;
5534999431406;;;
5534987214231;;;
5534999993078;;;
5534984194755;;;
5534999088957;;;
5534999271911;;;
5534999288883;;;
5534999479010;;;
5534988860376;;;
5534999307914;;;
5534984139395;;;
5534998414652;;;
5534999191617;;;
5534998232624;;;
5534999267827;;;
5534999278838;;;
5534999069500;;;
