5527992584165
5527981129878
5527988212538
5527992949170
5527988616058
5527992368192
5527999518281
5527981726161
5527998141800
5527992519495
5527992363997
5527992385235
5527992573887
5527992980753
5527992730339
5527992358747
5527988378205
5527981283896
5527992285761
5527988667743
5527992753879
5527981177246
5527988044531
5527988899860
5527992932569
5527992289397
5527988186169
5527981690133
5527981155641
5527981130372
5527992997165
5527992551897
5527988393940
5527992470977
5527992822762
5527988252791
5527981933639
5527992355588
5527981175768
5527992261879
5527981220056
5527981582373
5527981216868
5527992483788
5527981237111
5527981238296
5527996054822
5527992498769
5527992856185
5527992724330
5527992946835
5527981221080
5527992274232
5527992326686
5527981516970
5527992331504
5527992721245
5527988356286
5527992382079
5527988379371
5527992770139
5527992978696
5527988290428
5527992687783
5527992246729
5527992796834
5527988803625
5527992913344
5527988275870
5527992435534
5527988221120
5527981425179
5527999361986
5527992346688
5527992384157
5527981176447
5527992757508
5527998727200
5527981120897
5527992368703
5527988235251
5527988898391
5527988334872
5527992548914
5527988929338
5527998981329
5527992516069
5527988183750
5527992367869
5527981366508
5527981278183
5527992259003
5527992326881
5527992943018
5527981828603
5527981348591
5527992513444
5527992373112
5527981517018
5527993168087
5527988185178
5527981920004
5527988184514
5527981467085
5527988294011
5527988735517
5527981144093
5527992978693
5527992979381
5527988065993
5527992497818
5527981387689
5527981187453
5527992861550
5527992631475
5527981113024
5527988029987
5527988650651
5527988932124
5527988746354
5527981903030
5527981115246
5527988152693
5527992568255
5527992289388
5527992253732
5527992566331
5527997409033
5527992267443
5527992543528
5527992938175
5527981015057
5527988468727
5527988044929
5527992634021
5527981124681
5527992448653
5527992732688
5527981498338
5527992985529
5527992240923
5527988196983
5527992728712
5527981358812
5527981122758
5527981212814
5527999464775
5527981710010
5527988186251
5527992489626
5527988829141
5527992943392
5527981394381
5527992713664
5527992243183
5527988735880
5527992627785
5527981117862
5527988472648
5527992282391
5527992667890
5527992979914
5527992393344
5527992513945
5527992341682
5527981290266
5527998553140
5527988623457
5527992722599
5527981313950
5527992660754
5527988085855
5527981588219
5527999108069
5527992996692
5527992613972
5527993169787
5527992291281
5527992946839
5527988218136
5527988210854
5527992251329
5527988251308
5527981354567
5527992414327
5527981221826
5527992935625
5527981278976
5527988087636
5527992967948
5527992765938
5527999801333
5527988097312
5527992362768
5527992321372
5527992790152
5527992023431
5527992750532
5527981274700
5527992995690
5527988184579
5527988124246
5527992361017
5527999738665
5527993099667
5527981541425
5527981156345
5527988183435
5527992679505
5527988192070
5527981350177
5527988377974
5527992419395
5527992757701
5527992588138
5527981429757
5527981357476
5527988328487
5527988488889
5527997033119
5527988864301
5527981676776
5527981584637
5527992523396
5527992786452
5527992296717
5527992011259
5527988110783
5527988028164
5527992254305
5527993111014
5527981376849
5527992938094
5527988139391
5527988152824
5527988781298
5527981331943
5527992337973
5527992524701
5527981113916
5527999494400
5527999612255
5527993117096
5527981121208
5527988159849
5527992949675
5527981441000
5527992728589
5527992587760
5527988361387
5527992758609
5527992012900
5527981172071
5527992028927
5527992341691
5527988189181
5527992233311
5527981141542
5527981155701
5527988067895
5527981824418
5527981559286
5527981388704
5527999446880
5527992317899
5527981557283
5527993096716
5527988074290
5527981170655
5527992377902
5527992785527
5527988958261
5527988052096
5527988247583
5527992576719
5527992231147
5527992784796
5527988152932
5527992550342
5527981238685
5527988043185
5527988118291
5527992999351
5527992935300
5527988033456
5527988494888
5527999325069
5527992598443
5527998247526
5527981723210
5527981882500
5527988478486
5527981335699
5527992595313
5527992793746
5527992726677
5527988380014
5527988274137
5527981395070
5527992929694
5527992567260
5527988236124
5527988681667
5527981170328
5527999079012
5527992986968
5527992993365
5527981286917
5527988160908
5527988441373
5527992376972
5527992422216
5527988274691
5527981253030
5527992325804
5527992338498
5527988956049
5527999786389
5527981343535
5527992376343
5527988157857
5527992937357
5527992990621
5527993093058
5527999163765
5527992870642
5527981393581
5527981029832
5527981367730
5527988658987
5527992246331
5527992395038
5527992567571
5527981110162
5527981279952
5527988896228
5527992481335
5527992477957
5527981822009
5527988883010
5527992993274
5527992250241
5527992299776
5527988162000
5527992512904
5527992682268
5527988246325
5527988293681
5527981336981
5527992368487
5527981130318
5527992489285
5527988672433
5527999529635
5527992323829
5527988130643
5527992696715
5527999479693
5527992354189
5527992914147
5527988097205
5527992318019
5527992389881
5527981294480
5527992976474
5527992384943
5527992346583
5527988221050
5527981140308
5527981580107
5527992746141
5527988340127
5527992634299
5527992941054
5527992610747
5527981358021
5527992272958
5527992820252
5527992556644
5527981426223
5527992361328
5527981850207
5527992670103
5527988242394
5527981155828
5527992039522
5527998447357
5527992227131
5527981842928
5527992734138
5527981397775
5527981155274
5527981158069
5527988541132
5527999462368
5527988891904
5527988217097
5527988807408
5527988370716
5527992236440
5527992033075
5527992237049
5527981114426
5527981124824
5527992912599
5527992220533
5527981331837
5527992589216
5527992416620
5527981430693
5527999457556
5527992762396
5527988178747
5527981358626
5527988211965
5527981155350
5527992363790
5527992645955
5527988147021
5527992765019
5527992961030
5527992683152
5527981120278
5527981536677
5527992240865
5527992022773
5527981425554
5527992029100
5527981157756
5527992282996
5527981510080
5527988441095
5527992990531
5527981229928
5527981341441
5527992814462
5527999434462
5527992793673
5527981117618
5527988091074
5527992792539
5527992961619
5527988293902
5527992324699
5527988532850
5527981188114
5527988214505
5527992432815
5527988094764
5527981352503
5527988293910
5527992558607
5527992299013
5527981223534
5527981433988
5527992654330
5527988030853
5527981229779
5527992346043
5527992498904
5527981366979
5527981330562
5527988119489
5527981850067
5527992325332
5527988029996
5527981389166
5527992618298
5527992751993
5527988016788
5527981449705
5527992747368
5527992544900
5527988754743
5527992738456
5527981421915
5527992753850
5527992664363
5527992269596
5527992994910
5527992891115
5527988782483
5527992251963
5527981290239
5527988955294
5527981784554
5527981853751
5527981342210
5527992245138
5527988983460
5527988486710
5527981350740
5527992522619
5527981415066
5527981295677
5527992448954
5527992510012
5527992664940
5527992031910
5527981155867
5527992393286
5527992622601
5527988493219
5527981882333
5527988351320
5527988541411
5527992974870
5527992927464
5527992348833
5527988291464
5527988224017
5527988340677
5527992487982
5527981118321
5527981348782
5527981431681
5527988028020
5527992279657
5527992732032
5527992224107
5527992596406
5527981142910
5527981278434
5527981241200
5527999327195
5527988134088
5527981160351
5527992478442
5527992225215
5527988951254
5527993098529
5527988184408
5527993096985
5527992011482
5527992718566
5527992352371
5527988929289
5527992630879
5527992994743
5527988121302
5527992757539
5527992357146
5527981162282
5527992740441
5527992560038
5527988029981
5527992464986
5527988955589
5527992998141
5527981292008
5527992731347
5527992744328
5527988228963
5527992944018
5527992558043
5527981884545
5527992963764
5527992435615
5527988751296
5527992561817
5527993126813
5527992267782
5527992257177
5527992453369
5527981162772
5527992325714
5527981187462
5527981388831
5527992947892
5527992686327
5527992258826
5527981828301
5527981268044
5527981828902
5527981187417
5527992760595
5527992276080
5527988467963
5527992365170
5527992233352
5527988607899
5527992458759
5527988971715
5527992536043
5527981187090
5527992263709
5527992261516
5527992720315
5527993128403
5527992966020
5527992525096
5527992932252
5527999319506
5527992450718
5527988499094
5527992330054
5527992474840
5527988410843
5527981382920
5527981141482
5527992331353
5527992669648
5527981259389
5527988372148
5527992260994
5527992234707
5527988262301
5527988955918
5527993166705
5527981351242
5527988251111
5527981424353
5527988176095
5527992847260
5527992867137
5527981299955
5527992938564
5527992943556
5527981467214
5527992620885
5527988551749
5527988793097
5527988499046
5527981393596
5527981518251
5527993090581
5527992779199
5527988190910
5527981155965
5527981318931
5527988444693
5527992357467
5527981580033
5527992282373
5527992461730
5527981926688
5527992911494
5527981229925
5527981358638
5527992619947
5527992298628
5527992315709
5527981169787
5527992557638
5527992931077
5527988094249
5527981142053
5527992514953
5527992257122
5527981394007
5527992656021
5527992593939
5527981394378
5527992728743
5527988153047
5527992582079
5527992731034
5527992821708
5527992364071
5527988070751
5527992450493
5527992661357
5527992395673
5527992929629
5527992299397
5527981283245
5527981558024
5527992028320
5527992496567
5527988663116
5527992760116
5527997252482
5527988857413
5527988182806
5527981514091
5527988349650
5527992397612
5527997980472
5527988121815
5527988119306
5527988179367
5527992348796
5527981821677
5527992632905
5527981770469
5527981143641
5527981351229
5527999024161
5527988198555
5527981156014
5527992595631
5527992646491
5527988691222
5527988965821
5527992436021
5527992612251
5527988857697
5527988185783
5527981278601
5527992253900
5527992812866
5527988134539
5527981141119
5527981843777
5527988118634
5527988000930
5527992345489
5527992645613
5527999190196
5527992361445
5527981177242
5527992914752
5527981439520
5527992450894
5527981366920
5527981158639
5527992569377
5527981335553
5527992646853
5527981297318
5527988311688
5527988134565
5527992376557
5527992438003
5527992680266
5527999415863
5527992266412
5527992261467
5527981243225
5527988040336
5527981414628
5527992762801
5527988113065
5527992512132
5527992983086
5527981348007
5527992986645
5527988373718
5527988021202
5527992448210
5527988317917
5527992767473
5527999317527
5527992038836
5527988880032
5527992741635
5527988896180
5527981372683
5527981242122
5527988239886
5527992997287
5527988164574
5527981825664
5527988250964
5527992453891
5527992324095
5527981292782
5527988647673
5527988299430
5527988013893
5527988466836
5527992970242
5527988664580
5527992944149
5527992221848
5527981516238
5527981331929
5527981335723
5527992353927
5527981031927
5527981341761
5527981120047
5527988056439
5527981905354
5527988837292
5527988194381
5527992391377
5527992987779
5527988663091
5527996176964
5527981328890
5527992440336
5527992547117
5527992911865
5527998932673
5527992344123
5527992965822
5527988067506
5527981466420
5527981357814
5527992687812
5527988187511
5527992485526
5527981514594
5527981296689
5527988793015
5527981120862
5527992554270
5527993128378
5527981128911
5527992625891
5527988365400
5527988292252
5527981131756
5527981387226
5527992453013
5527999196644
5527981810707
5527992983450
5527992944531
5527992515660
5527988222900
5527981278839
5527992766443
5527992576948
5527988270726
5527992725620
5527992755838
5527988793944
5527992420433
5527992432042
5527992027769
5527992838683
5527992224990
5527981558082
5527992435098
5527992586695
5527992367536
5527992511466
5527992767279
5527999113772
5527981155731
5527981179592
5527981170608
5527999721789
5527992870937
5527988448307
5527992773256
5527981336899
5527981870054
5527981122212
5527992776465
5527981172207
5527981318338
5527981191725
5527981335498
5527992315833
5527992288938
5527992520819
5527999790036
5527992983267
5527992265676
5527988795618
5527992765416
5527981288861
5527981335715
5527992038654
5527992716323
5527981521877
5527988855578
5527981158279
5527992453483
5527992593959
5527992036940
5527988224769
5527988928528
5527992613798
5527988337095
5527988000393
5527988027288
5527981256430
5527988490210
5527998253202
5527981671799
5527992330619
5527988169596
5527988179197
5527988554202
5527992743281
5527981584770
5527992260540
5527981620562
5527988929322
5527993126231
5527992638939
5527992310975
5527988495345
5527992784219
5527988221888
5527992266283
5527988250355
5527981765615
5527999132363
5527992785447
5527988247448
5527988133459
5527992734721
5527988102173
5527992641714
5527992328641
5527992571716
5527992741913
5527981156471
5527992653687
5527992974960
5527981358154
5527992721475
5527992387737
5527981395285
5527992733420
5527981111352
5527992324714
5527988050544
5527992919813
5527993167009
5527988743255
5527992596049
5527992285146
5527992271573
5527992439979
5527998111103
5527992328995
5527988233568
5527992388796
5527988371231
5527981284517
5527992250899
5527981498625
5527992426663
5527992467140
5527981126723
5527992477058
5527992944140
5527992515083
5527992377629
5527992818089
5527992870073
5527992330617
5527992747646
5527992718562
5527993113623
5527981295565
5527988033231
5527988071137
5527988029915
5527992782528
5527988147475
5527992773241
5527992967781
5527992569243
5527992239510
5527981465674
5527981661234
5527988815100
5527992315450
5527992717307
5527992575202
5527992268542
5527992286636
5527992763832
5527992768354
5527992312749
5527992768276
5527981286777
5527997317420
5527992963150
5527992294209
5527992552872
5527981466367
5527992655818
5527981386233
5527981386680
5527999445122
5527992747521
5527992569215
5527988195498
5527992319851
5527992272556
5527992253565
5527992054884
5527992599451
5527992292795
5527997940602
5527988328244
5527992441822
5527993097984
5527981465427
5527998058537
5527992036895
5527992737598
5527992899344
5527988242643
5527981110752
5527992646698
5527992531044
5527992877879
5527981114919
5527988125194
5527992514566
5527992312890
5527992351253
5527992251118
5527988289195
5527988121941
5527992995730
5527998194018
5527992598391
5527992553262
5527992526076
5527988028172
5527992920589
5527981448433
5527988722512
5527992636882
5527992478435
5527988896330
5527992230449
5527988238646
5527992475613
5527981439205
5527988881162
5527981286465
5527988750910
5527992751280
5527988897815
5527981419367
5527992582557
5527992516968
5527992766698
5527981225320
5527992556948
5527981140220
5527981428175
5527981497568
5527988295056
5527988680028
5527992025221
5527992477623
5527993111767
5527981310447
5527992552557
5527992035772
5527988796888
5527981518007
5527992011475
5527988791783
5527992038416
5527992494881
5527992783074
5527981385395
5527988158056
5527988148385
5527999339131
5527981521884
5527992883572
5527992285019
5527992634562
5527988193028
5527981155257
5527981187678
5527999732412
5527992651768
5527992014211
5527981668990
5527981514833
5527992687314
5527981156126
5527988680596
5527992937441
5527992245790
5527992755123
5527981465261
5527988028707
5527981141813
5527988897668
5527992998730
5527981117013
5527992769927
5527992389235
5527992444451
5527981219221
5527988567730
5527992996467
5527992583071
5527988336947
5527981367627
5527992918443
5527993090421
5527988490439
5527992744424
5527992242484
5527992997019
5527981427743
5527988083285
5527992367686
5527992377492
5527992674613
5527988111107
5527992877919
5527992745146
5527988751066
5527988118108
5527981169854
5527988181839
5527981358689
5527988217910
5527992368499
5527992234402
5527988215627
5527981342047
5527988164216
5527988184632
5527998577642
5527992931557
5527988327848
5527988496236
5527992764568
5527992990181
5527992534268
5527992298669
5527992416858
5527992772706
5527988222865
5527992460260
5527999741740
5527992270452
5527992948335
5527992926145
5527988929231
5527992918609
5527981348541
5527988284516
5527993160834
5527988026595
5527992935982
5527992662460
5527992532311
5527992381461
5527992282935
5527992577170
5527992726878
5527988162578
5527992612598
5527981334304
5527988133342
5527992276808
5527981447951
5527988237704
5527992484935
5527996319735
5527988251267
5527992970497
5527999298239
5527992981220
5527981382368
5527992244860
5527992256411
5527981518559
5527992910396
5527992263791
5527988117126
5527992287534
5527988329542
5527992937681
5527988182853
5527992712075
5527988004972
5527992321022
5527988355080
5527992767761
5527992274217
5527988224057
5527992494205
5527992490537
5527992533929
5527992317224
5527981680809
5527992256282
5527993115670
5527988857024
5527992939794
5527981151379
5527988338672
5527992512999
5527988232370
5527992758920
5527992269320
5527992592860
5527992592991
5527988242515
5527981279480
5527988077018
5527992979232
5527981444400
5527981915152
5527981238775
5527999182704
5527981012719
5527981268295
5527992523887
5527992299152
5527992357513
5527992870760
5527998831184
5527988896326
5527981190506
5527988827784
5527981187717
5527988076418
5527981347208
5527992340299
5527992782520
5527998111768
5527992563091
5527981168624
5527981218747
5527988311953
5527992514389
5527981384463
5527981283797
5527992459080
5527992341522
5527992534536
5527988170531
5527992788548
5527988174931
5527992785684
5527988371962
5527992378299
5527981398265
5527988857643
5527988450160
5527993160788
5527997375248
5527981629798
5527992527369
5527988788579
5527981356999
5527992325316
5527988051045
5527992738674
5527981129243
5527988170897
5527988251287
5527992370490
5527992798876
5527992619324
5527988188880
5527981722928
5527988520098
5527981129337
5527992984975
5527988857064
5527999207832
5527992735001
5527992750031
5527981645319
5527992412075
5527981173187
5527992716077
5527992430395
5527992451918
5527992495982
5527992013012
5527981163896
5527988496513
5527992319603
5527992378527
5527988340711
5527992365984
5527996403892
5527992366085
5527992221927
5527988857418
5527988734360
5527981180806
5527992717093
5527988855703
5527992484717
5527998421148
5527992229727
5527981196106
5527992719408
5527992753874
5527992994857
5527999654699
5527988498476
5527992056702
5527992372797
5527995700674
5527992453370
5527988035456
5527992949131
5527988475040
5527998878490
5527992545507
5527992568908
5527992976021
5527992624506
5527992328696
5527981499070
5527988036565
5527981369094
5527999443079
5527998840910
5527988095216
5527988112280
5527992041357
5527992554011
5527992993149
5527992627179
5527981239855
5527993092919
5527992593003
5527992028786
5527992972193
5527981419448
5527988225505
5527992812022
5527981347133
5527988242170
5527992714262
5527988084185
5527988193620
5527992031593
5527981205995
5527992540123
5527981440252
5527992842508
5527988447521
5527992379099
5527998070434
5527988468743
5527992473398
5527981716626
5527981156410
5527993117406
5527992729374
5527981160362
5527981319221
5527992945480
5527992915152
5527992346709
5527992860437
5527992584144
5527992963987
5527992540467
5527981142653
5527992036922
5527981486677
5527992266060
5527988498865
5527988077855
5527992028440
5527988171748
5527993161303
5527992574287
5527992592358
5527981181085
5527981345733
5527992775290
5527992921403
5527981123284
5527999698822
5527988288953
5527981466423
5527992273345
5527992221522
5527993160623
5527992576653
5527981459335
5527988787497
5527992731477
5527993090898
5527992268705
5527988210288
5527992264285
5527988730098
5527992770931
5527988857026
5527992972523
5527981198963
5527988959711
5527992419851
5527981376677
5527999188719
5527997219469
5527981141716
5527992928535
5527988182944
5527981320655
5527981155427
5527999861900
5527981288111
5527981446927
5527988147279
5527988187018
5527992799757
5527981766797
5527992284703
5527981188171
5527992387623
5527998259875
5527992942541
5527981522264
5527981129324
5527981876263
5527992410416
5527992984686
5527981440330
5527981219968
5527981585066
5527981913663
5527992710925
5527988271257
5527981498077
5527993095016
5527999616319
5527992028519
5527998256169
5527992966450
5527988016790
5527988143662
5527992933222
5527992229924
5527981533841
5527992410492
5527992712413
5527981447697
5527988140835
5527988449025
5527992685037
5527992627816
5527992512447
5527988166816
5527992579522
5527992325769
5527992543752
5527992288260
5527992738066
5527981158294
5527992669808
5527992039830
5527988617428
5527988323287
5527988399287
5527992516625
5527992596515
5527992495798
5527992723081
5527992538679
5527992221081
5527992318277
5527981342003
5527992531804
5527988080243
5527992925726
5527992688737
5527992024539
5527992792560
5527992351895
5527981398146
5527988292480
5527992557112
5527981463973
5527998703736
5527988197109
5527988088885
5527981822733
5527992719618
5527992013612
5527981579501
5527988356109
5527988271759
5527993164125
5527981651234
5527981487373
5527981130054
5527992611474
5527988176487
5527981158521
5527981395323
5527981398346
5527988681627
5527992928910
5527992946646
5527981470982
5527988681216
5527988330105
5527988481360
5527992238057
5527988131448
5527981425568
5527992025373
5527988180002
5527992561751
5527992960386
5527992661421
5527992246837
5527999246034
5527981466947
5527981239842
5527992767130
5527992945899
5527992612347
5527992297919
5527992389430
5527992519887
5527993127248
5527981414900
5527992581018
5527992616185
5527988238459
5527988531901
5527988856912
5527981346307
5527992964764
5527988655807
5527988340341
5527988054521
5527996416040
5527998256055
5527992476348
5527992916748
5527981317474
5527998362960
5527988212480
5527988014158
5527992445384
5527999231398
5527992898957
5527992949318
5527992264638
5527988340296
5527992771961
5527988330542
5527996251437
5527997775805
5527988858944
5527992328490
5527992870538
5527988212542
5527992598076
5527992395821
5527988656690
5527992724305
5527988178873
5527992948295
5527988242412
5527981338216
5527992522008
5527981632529
5527999993366
5527981352148
5527992992526
5527981184124
5527981843100
5527992942827
5527988463513
5527992585851
5527988047047
5527981339522
5527988499674
5527988055603
5527981426455
5527992617594
5527999920729
5527992249575
5527992754198
5527988492718
5527981419038
5527981188678
5527988311639
5527992563486
5527992350480
5527981328568
5527988120106
5527993094246
5527992714635
5527992253048
5527988780664
5527981715100
5527992729718
5527988479739
5527988027930
5527992756040
5527992037204
5527981314125
5527992397608
5527988519953
5527988052680
5527988176995
5527992759169
5527992351437
5527981121712
5527992590232
5527992763954
5527992587645
5527992555764
5527992975725
5527995322539
5527988858213
5527992638845
5527981356620
5527981341282
5527992480887
5527992646688
5527992510340
5527992749449
5527992767374
5527992985891
5527981860005
5527988783179
5527981168848
5527999814786
5527981025555
5527992038609
5527988390053
5527988250344
5527981156310
5527981239051
5527999636596
5527992913389
5527992715683
5527998409951
5527992458586
5527988181987
5527981259463
5527998974486
5527992029796
5527992516242
5527999451657
5527992635964
5527992973836
5527992727753
5527992282413
5527988181898
5527992913204
5527992658733
5527981349349
5527992757554
5527988952842
5527992785673
5527992012914
5527992531347
5527988224347
5527993110492
5527981342199
5527988927847
5527992758462
5527992789501
5527992042706
5527992347320
5527992984507
5527999573163
5527981239744
5527992622087
5527992453653
5527988115555
5527988183065
5527988239420
5527992589140
5527988658200
5527992494095
5527992581330
5527999707935
5527981006401
5527988796158
5527988328900
5527981341709
5527988882560
5527996078781
5527992035356
5527981557449
5527992727178
5527992765694
5527992450655
5527992390230
5527993126574
5527992849636
5527992818981
5527981517955
5527992847343
5527981119692
5527988667300
5527992660861
5527992318727
5527988149041
5527992792833
5527992910950
5527992599077
5527999038055
5527992499690
5527981182596
5527993167731
5527981382441
5527988130901
5527992316856
5527993128241
5527993096964
5527992246486
5527992274177
5527992892459
5527981331991
5527992532992
5527988599206
5527992927799
5527981129609
5527988192731
5527988488297
5527988191582
5527981318308
5527992646695
5527992439058
5527988682174
5527988143006
5527999897047
5527988479632
5527992394804
5527981132250
5527992774549
5527992417697
5527992257812
5527999541041
5527988985539
5527988927033
5527988335986
5527988230227
5527993118657
5527992341328
5527988374713
5527992274782
5527992922147
5527992345291
5527988341376
5527981447637
5527992763182
5527981741313
5527981278842
5527992042470
5527988170411
5527992282494
5527992461759
5527981358137
5527988263642
5527981516862
5527992655525
5527992396137
5527992734600
5527981144352
5527988118301
5527981170747
5527992528753
5527988799251
5527992458357
5527992233063
5527992351416
5527992540843
5527988093541
5527992327727
5527992660122
5527992595009
5527988360100
5527988185109
5527992298214
5527992548126
5527992560895
5527992028332
5527992680505
5527981171984
5527981268802
5527992410629
5527993160917
5527981169832
5527992029407
5527992319221
5527992796201
5527992929453
5527981568269
5527981745001
5527988241543
5527981441694
5527988159203
5527988014474
5527981466371
5527988926965
5527992983170
5527988221195
5527992029925
5527988185078
5527992274341
5527981498545
5527992618704
5527992720801
5527981348064
5527992367273
5527992925977
5527988795578
5527988071962
5527988064553
5527992244914
5527992394964
5527992324818
5527988238689
5527988074013
5527999702462
5527988182671
5527981112271
5527992967834
5527992567496
5527992630274
5527992366206
5527988469398
5527992910198
5527992947881
5527981372622
5527992778091
5527993120705
5527992924949
5527992742497
5527981910101
5527992674837
5527992426086
5527992694826
5527988422105
5527981517958
5527988169731
5527992420058
5527992319496
5527988239560
5527988517923
5527992522473
5527988479402
5527992361981
5527992935712
5527999497866
5527981762345
5527992940074
5527988513998
5527981558370
5527992034081
5527981156546
5527992776599
5527992941898
5527992790207
5527992475945
5527981449591
5527988143670
5527992442456
5527992378960
5527992773450
5527992915892
5527988796971
5527981774943
5527981119233
5527988284277
5527992259893
5527992369077
5527981286065
5527981740048
5527988498674
5527998429000
5527988374687
5527998362237
5527988153169
5527981459919
5527992341226
5527988936032
5527992251990
5527992915402
5527992870211
5527988493201
5527999183495
5527988972024
5527992745247
5527992971780
5527988375998
5527988750471
5527981162294
5527992565427
5527988359115
5527988027633
5527981325155
5527992360702
5527992931800
5527992583182
5527988771205
5527988179467
5527992565317
5527992274184
5527988548022
5527988250332
5527988027692
5527988848143
5527988239156
5527988244019
5527999055827
5527988110914
5527988261562
5527981145011
5527988559100
5527981550776
5527981118354
5527992925415
5527981148346
5527992039997
5527981500004
5527988794150
5527992742547
5527981150960
5527992652273
5527992977825
5527988341897
5527992692955
5527999799807
5527988190407
5527992240082
5527988541401
5527992334974
5527988128982
5527992329642
5527981342155
5527992473928
5527992971027
5527992498831
5527988851334
5527988859582
5527988791487
5527992962467
5527988125992
5527992628734
5527992947889
5527988229550
5527988880122
5527981439185
5527988193832
5527993114124
5527981421867
5527992992055
5527996074398
5527981338833
5527988228060
5527981358648
5527988410081
5527993119368
5527988235061
5527981520402
5527988794915
5527981176889
5527992749430
5527988183925
5527981914040
5527992979483
5527981254141
5527981345573
5527992429944
5527992649977
5527992996047
5527988848642
5527992532818
5527988795475
5527992332709
5527988927354
5527988413500
5527981497135
5527992289219
5527992655081
5527988237187
5527988795025
5527988361670
5527988269568
5527993168818
5527992846719
5527992972430
5527992674487
5527981890123
5527988029780
5527993092708
5527988742102
5527992929874
5527988293975
5527992984441
5527992295279
5527999097979
5527988084202
5527992371727
5527988857717
5527992270014
5527988751897
5527998310360
5527992269847
5527981724224
5527981430506
5527981354275
5527992717262
5527981840706
5527981140432
5527992610330
5527988273363
5527988881071
