5527999994094
5527981459205
5527992922777
5527981587466
5527988224822
5527996982148
5527981225700
5527981297417
5527988895564
5527993099674
5527992657557
5527988026131
5527988179375
5527998356740
5527981329709
5527993117971
5527997660667
5527988223240
5527992816069
5527981116562
5527993097480
5527992747404
5527993160085
5527981870221
5527981512649
5527981255315
5527992794535
5527981349680
5527992979746
5527992355183
5527992511908
5527988375817
5527988238431
5527988959541
5527997770777
5527998362892
5527988751795
5527999413181
5527981514550
5527993096455
5527992429434
5527988135423
5527988593745
5527992044942
5527981146033
5527993116759
5527992331772
5527988184715
5527981288142
5527981345826
5527992478946
5527992597856
5527992036892
5527992871665
5527992353620
5527992491924
5527988295514
5527992997793
5527981111447
5527992914548
5527981498001
5527988277401
5527988198302
5527988185134
5527981278977
5527981287385
5527992969298
5527992746969
5527992578474
5527981810600
5527988734610
5527999660974
5527992222475
5527992756200
5527993165499
5527999622269
5527981314268
5527981466275
5527999891096
5527992994937
5527992938612
5527981348342
5527995174957
5527999055415
5527988796272
5527992399287
5527992388123
5527992467410
5527988314990
5527992033697
5527988499124
5527988246447
5527988848846
5527981118883
5527981187959
5527992014345
5527992979878
5527998989233
5527992758723
5527992288475
5527988110861
5527988152760
5527981416916
5527992464746
5527988928546
5527981341265
5527981330214
5527992742911
5527992272604
5527988240947
5527992287943
5527981579316
5527988897758
5527996026480
5527992376650
5527992658855
5527992415979
5527981349219
5527988638325
5527992984706
5527988467400
5527988761252
5527981837616
5527981117922
5527992667922
5527988078097
5527988858821
5527992370353
5527988629561
5527981824390
5527992273187
5527992721115
5527992786990
5527988004078
5527988159627
5527999639122
5527981213254
5527988751728
5527992011163
5527988264090
5527981122245
5527988751479
5527988080788
5527988218880
5527992268198
5527999726603
5527988057464
5527999259402
5527981686661
5527981870254
5527999302633
5527981395835
5527981111404
5527981299430
5527999185606
5527981158584
5527988793037
5527981144293
5527981343533
5527992516318
5527992586210
5527992223308
5527992797248
5527992947948
5527988335540
5527999034698
5527998217915
5527992647354
5527996976709
5527997580434
5527981113660
5527988469551
5527992429005
5527988665441
5527992894258
5527981318161
5527981173938
5527981461191
5527988124920
5527992592481
5527988120353
5527981820250
5527988264940
5527981465869
5527992983925
5527988344542
5527992420754
5527992464357
5527988251299
5527992019915
5527992513150
5527992373960
5527988741996
5527992233548
5527981122851
5527981373679
5527981825831
5527981828513
5527988774085
5527992775635
5527992029562
5527992767844
5527992643680
5527992253621
5527992855678
5527992914611
5527992382160
5527992248307
5527992933693
5527993161142
5527988985917
5527992767090
5527992540627
5527992527213
5527999231092
5527992284509
5527992799711
5527988442258
5527981880073
5527992359633
5527988080637
5527981665352
5527981897978
5527981341940
5527981747557
5527981229027
5527992026249
5527981156472
5527992522677
5527981331280
5527981113970
5527981419958
5527981171291
5527999865494
5527981349477
5527981211279
5527988520061
5527993124761
5527981331819
5527992789857
5527988183372
5527988955618
5527981427798
5527992013685
5527981176206
5527988149254
5527988167876
5527992312415
5527988293277
5527988238269
5527992392561
5527981583132
5527992255226
5527981557967
5527992044941
5527981128708
5527988115188
5527992994457
5527992440497
5527981193100
5527988827027
5527992371907
5527988793264
5527981175745
5527992270080
5527992355821
5527992981566
5527992986617
5527981421111
5527988232158
5527988039775
5527981188805
5527988792330
5527992036880
5527981924870
5527992598911
5527992367851
5527988430140
5527992598265
5527992348937
5527992414837
5527992381273
5527992611126
5527999633972
5527992343672
5527992273025
5527997535403
5527981828572
5527981514668
5527981386289
5527999443586
5527992385547
5527981127070
5527992765449
5527988935695
5527992511314
5527981183046
5527992345787
5527988240892
5527988210098
5527988857521
5527992752420
5527988658828
5527988275407
5527981348454
5527992980905
5527981129080
5527992317432
5527993165377
5527981161197
5527981424120
5527981569747
5527992741702
5527992981310
5527981682225
5527988230278
5527981141240
5527992849001
5527992417743
5527992528251
5527981317317
5527981219101
5527981495999
5527981498757
5527981847133
5527988240945
5527988899396
5527981357697
5527981735824
5527981299403
5527981380173
5527981259662
5527981238506
5527988804600
5527988750799
5527992836232
5527992682427
5527988835241
5527988080929
5527992255845
5527992736599
5527981516439
5527992292593
5527992379657
5527992575130
5527981584827
5527988239146
5527981348047
5527988796979
5527992549571
5527981131244
5527981164821
5527992025411
5527992227659
5527988063395
5527992929349
5527981239764
5527981150521
5527992028278
5527988340306
5527988242364
5527992326132
5527992870994
5527993165912
5527992659354
5527981518255
5527988115263
5527992281906
5527981585430
5527981188693
5527988926549
5527981692190
5527992035126
5527981441482
5527992996127
5527981269738
5527981440591
5527988222980
5527981016778
5527992568046
5527981221777
5527981140727
5527981820279
5527999950302
5527992470630
5527988480234
5527981447065
5527992299438
5527992285432
5527981394196
5527981380011
5527992329843
5527981358466
5527988795369
5527981180268
5527999613248
5527981398129
5527992776948
5527988040809
5527992750293
5527992220504
5527981161453
5527981644411
5527988221897
5527981371673
5527992962139
5527993129322
5527981583281
5527988346323
5527988792314
5527988793993
5527988243646
5527981397034
5527988858737
5527981241829
5527992627993
5527981287555
5527992345891
5527993093917
5527981397932
5527981510234
5527988626226
5527992295195
5527981394383
5527981359261
5527981121341
5527992798495
5527981415664
5527992752913
5527992683590
5527981110838
5527981289501
5527988096061
5527981337307
5527988026781
5527992510163
5527981820467
5527992989915
5527992521272
5527992979310
5527992373357
5527981498181
5527988787780
5527981224477
5527981198867
5527992554982
5527992967009
5527988223475
5527981946999
5527988197094
5527992720771
5527992661616
5527999822772
5527992427275
5527992751750
5527999545626
5527981497353
5527981278295
5527981521856
5527992234987
5527981187414
5527992786453
5527997971414
5527988616146
5527981438509
5527999181290
5527981359100
5527981926668
5527992234739
5527998279814
5527993161697
5527992582168
5527992565249
5527992911730
5527992731240
5527992590512
5527988830347
5527981773663
5527981459812
5527988013538
5527988270818
5527988897709
5527992319076
5527981010006
5527988857415
5527992366658
5527981118306
5527988078998
5527988098218
5527992590357
5527981447512
5527981110867
5527981582348
5527981826116
5527988567752
5527981215682
5527992330165
5527981259038
5527981313017
5527988799296
5527992534411
5527988768029
5527981283492
5527999567278
5527992548899
5527993099218
5527992998452
5527988958257
5527981222002
5527999279450
5527996043932
5527992246292
5527988498210
5527988111285
5527992460421
5527992539011
5527981349595
5527981153564
5527981115640
5527988331446
5527992992656
5527981583368
5527996941009
5527992424767
5527992613247
5527981559470
5527981557168
5527981940001
5527992538261
5527992930354
5527981920009
5527995060691
5527988430231
5527988243872
5527988029227
5527992922338
5527992320113
5527992982881
5527988250965
5527981671991
5527992964525
5527993114970
5527988116766
5527992263946
5527981286137
5527992245240
5527981347771
5527981358697
5527992627693
5527992344953
5527988929923
5527992546468
5527992935972
5527981497165
5527999913105
5527981274455
5527988229143
5527988659163
5527981113103
5527988448326
5527992570237
5527992562714
5527981584788
5527981214442
5527988294003
5527981885553
5527981396139
5527992926243
5527988430139
5527992761140
5527981290993
5527988897893
5527981010475
5527981259498
5527992045328
5527992664163
5527998315904
5527992376866
5527992664735
5527992031449
5527981216684
5527981241001
5527988261425
5527992778445
5527981663358
5527998030903
5527988146570
5527992339339
5527981822257
5527981415161
5527981186700
5527988061585
5527988240546
5527992339739
5527992728401
5527999171846
5527981273910
5527992822131
5527993091672
5527992581698
5527988375070
5527981143518
5527981141863
5527981343767
5527992379629
5527988469588
5527997473034
5527981218872
5527998909767
5527992519776
5527992223397
5527981466609
5527981850206
5527981385748
5527988659160
5527981582993
5527981904449
5527998841617
5527981466629
5527993093101
5527981396768
5527993092491
5527993165687
5527981157677
5527981466352
5527992422392
5527988462512
5527998484759
5527981584042
5527988079017
5527992441182
5527992339615
5527992896697
5527981169119
5527988983636
5527988899548
5527993099344
5527988447176
5527992461118
5527981260154
5527981252240
5527981160789
5527992933864
5527988659327
5527981218898
5527981214222
5527992596373
5527981863067
5527981395977
5527999037784
5527995292948
5527997445642
5527988337254
5527988184853
5527992412618
5527992585736
5527992683062
5527992743137
5527988052379
5527992391668
5527988527446
5527988244022
5527992946825
5527988899157
5527992653984
5527999645370
5527988344162
5527981349434
5527981156389
5527981359008
5527988186758
5527992372934
5527992910277
5527992934076
5527992965384
5527981328080
5527992989794
5527998452389
5527981287956
5527981155241
5527992597412
5527981335887
5527992989252
5527981120957
5527993099310
5527981188043
5527981111931
5527988272148
5527981341125
5527992523151
5527992390869
5527981436308
5527999372691
5527992464229
5527981156072
5527992036887
5527988959591
5527992223603
5527981343277
5527993125723
5527992861812
5527981462360
5527981350314
5527998288106
5527981268497
5527988544704
5527988290938
5527981629595
5527992241735
5527992392797
5527981280029
5527988189243
5527992993237
5527988657575
5527992769293
5527992665781
5527992457993
5527988317811
5527981374171
5527981212731
5527992813712
5527988138121
5527988138394
5527981582662
5527992986223
5527981155391
5527988218288
5527992335991
5527981896160
5527981512782
5527988043027
5527981510033
5527992428013
5527988234769
5527999305691
5527992795399
5527981450077
5527997561160
5527981357903
5527992743152
5527992631011
5527992641429
5527996351212
5527992663838
5527988139827
5527981319036
5527992032558
5527981274444
5527988239839
5527992385400
5527988796635
5527992344764
5527981218891
5527992312525
5527992653821
5527992793060
5527981635866
5527981772424
5527992357291
5527981373758
5527992819512
5527992456609
5527988761824
5527981213259
5527981461063
5527992581768
5527993163259
5527981465967
5527988211561
5527981347832
5527988244582
5527992413057
5527999613400
5527992998311
5527988272132
5527981117127
5527988199993
5527981832813
5527992234416
5527992982607
5527981328852
5527996257403
5527981169070
5527996099682
5527988072104
5527999789507
5527992320823
5527992792108
5527992590611
5527981157212
5527981022679
5527992772982
5527981121686
5527988241161
5527999469248
5527988222976
5527981183089
5527992863196
5527992321548
5527992321809
5527992744106
5527981582961
5527992913264
5527988985331
5527981480002
5527992774604
5527981216948
5527992935825
5527981016086
5527981284422
5527988220680
5527992964448
5527992772077
5527988499239
5527996366220
5527981120837
5527992473067
5527988543605
5527988094456
5527981516073
5527992453852
5527992493790
5527992339124
5527988287097
5527992564568
5527988270827
5527988029675
5527988262704
5527992380225
5527992295337
5527988159855
5527999455212
5527981397546
5527992443092
5527992266409
5527992356071
5527981115967
5527992611728
5527992459342
5527998990619
5527988122488
5527993116205
5527992832777
5527992559884
5527981219021
5527981441696
5527992534887
5527988739359
5527981158664
5527988020337
5527993166689
5527992919773
5527992960541
5527999684557
5527992543892
5527981332117
5527992490405
5527992271607
5527992914206
5527988029618
5527998495678
5527981517488
5527988029662
5527992635819
5527981113793
5527981387902
5527999940090
5527992964479
5527988238493
5527988164483
5527981825013
5527992360827
5527981124850
5527992533840
5527992785855
5527988716202
5527992860138
5527992870324
5527992774896
5527988958781
5527992983894
5527981112405
5527981359185
5527981191556
5527992320126
5527981266633
5527992243549
5527992026467
5527992975788
5527992599984
5527981447342
5527981616292
5527992028662
5527981094531
5527992443916
5527988284286
5527992512698
5527992556495
5527988191673
5527988126525
5527992582164
5527992588146
5527995119137
5527992010033
5527992773466
5527981229151
5527992397711
5527988358955
5527981710001
5527992870368
5527988848782
5527993111744
5527999353155
5527993099730
5527988078410
5527992598622
5527988340207
5527981538899
5527981335886
5527992247311
5527988054262
5527992964854
5527988935652
5527992481673
5527997403810
5527988015483
5527988077933
5527981240042
5527999577430
5527992588714
5527992641889
5527988158571
5527999598811
5527992722457
5527981002629
5527992445767
5527988130458
5527992359509
5527988148519
5527981115149
5527993168703
5527988136141
5527998522125
5527992611607
5527992581627
5527981372285
5527981330370
5527981582635
5527999744817
5527981497102
5527992556354
5527992922064
5527992610493
5527988041183
5527981912828
5527997582103
5527988025837
5527992736645
5527992595311
5527981184159
5527988795956
5527981239849
5527992265868
5527998113784
5527992651186
5527981311692
5527988609191
5527993116754
5527992373804
5527992411956
5527992993724
5527988225066
5527981516735
5527988927536
5527988028954
5527988188574
5527988957144
5527981112222
5527992938540
5527981382261
5527988764235
5527992657958
5527981441706
5527981449483
5527981516979
5527981115555
5527998383895
5527988054102
5527981556754
5527988181699
5527981824578
5527998723872
5527992227775
5527992384501
5527992492065
5527988269618
5527992412868
5527992242723
5527981123212
5527988232570
5527988559384
5527981187565
5527988340762
5527992911932
5527992417541
5527981498467
5527981447191
5527999627908
5527999451808
5527981219880
5527992498645
5527988196746
5527992847465
5527992978613
5527981143646
5527988412199
5527988569438
5527981152620
5527992658905
5527992347815
5527992710842
5527992045745
5527992514497
5527992245002
5527992298457
5527981498058
5527988079083
5527992421908
5527992593216
5527988479244
5527981290535
5527992383083
5527981465778
5527992670863
5527981326687
5527992999666
5527992522863
5527988242517
5527993098394
5527988450836
5527981792442
5527997826407
5527988494438
5527993122663
5527992313106
5527981218012
5527981279446
5527992393973
5527992540540
5527981398014
5527992399322
5527999827909
5527992949011
5527981111059
5527981169488
5527988061228
5527992599898
5527981254666
5527988181333
5527992031922
5527995300979
5527992566859
5527992530576
5527981483355
5527992221286
5527988271771
5527988345534
5527981371593
5527981622560
5527981495577
5527992285395
5527981419898
5527999616483
5527992683120
5527992830665
5527981171762
5527981372000
5527988294977
5527992493316
5527981324061
5527981286925
5527998493853
5527981331513
5527988336477
5527988262992
5527992273697
5527992316341
5527981123211
5527988749260
5527992779831
5527992233776
5527992639659
5527999426388
5527993125688
5527981583134
5527988135120
5527992787744
5527981133523
5527988014710
5527981129198
5527988227143
5527993098687
5527988141893
5527988217691
5527992571709
5527988180252
5527988131164
5527992411504
5527992668668
5527992023518
5527981425237
5527988986736
5527981241040
5527999087245
5527988934054
5527981268144
5527988293013
5527992316520
5527992870471
5527992291257
5527988176495
5527992752930
5527981461757
5527992964376
5527999693316
5527988243025
5527981330248
5527988927217
5527993114429
5527999791008
5527981586528
5527988110786
5527992458139
5527981161180
5527999194746
5527988292150
5527988737569
5527992013223
5527988927222
5527992971990
5527998190249
5527988191687
5527992372740
5527981431116
5527998622739
5527992729431
5527988221158
5527988644647
5527992934195
5527992871465
5527981222635
5527992643535
5527992530964
5527981904445
5527992911990
5527988065068
5527992885228
5527981440518
5527981825759
5527981447030
5527999885310
5527981447547
5527981278831
5527992292001
5527981352499
5527992536404
5527981333322
5527988217955
5527988167229
5527981904446
5527992312562
5527992336524
5527981141420
5527981428088
5527992783688
5527992870658
5527988029906
5527981488138
5527988630783
5527988080887
5527981825043
5527996343496
5527981226040
5527981377006
5527992454803
5527988224795
5527992972228
5527988146158
5527988605895
5527981357453
5527993094411
5527981338196
5527992393068
5527999818153
5527981016948
5527981372752
5527992843585
5527988028715
5527988214539
5527992517592
5527999404810
5527988029985
5527981580016
5527988122756
5527981112525
5527981227715
5527992928046
5527988284939
5527981516142
5527992589964
5527988118000
5527992761115
5527981128928
5527988848650
5527992830898
5527992928713
5527992360971
5527988088007
5527992580204
5527993117681
5527992233885
5527992320961
5527999792727
5527992612986
5527988098399
5527988659316
5527992460831
5527992395708
5527988292231
5527988184951
5527992034394
5527992871393
5527981760889
5527993094597
5527981198991
5527992942531
5527992592925
5527992235556
5527988336448
5527993096094
5527988247245
5527988527741
5527988117984
5527988215554
5527993124570
5527992782610
5527997188807
5527992979903
5527992322174
5527992778200
5527992895995
5527988355901
5527993126064
5527981424438
5527981461852
5527999865655
5527992642569
5527992487830
5527988274664
5527992653822
5527992374743
5527999666712
5527998410114
5527988029791
5527992762947
5527981192614
5527992853007
5527988291472
5527988211868
5527981558187
5527999547016
5527996929665
5527988186636
5527981140310
5527992968004
5527988787221
5527981345710
5527992566827
5527981111146
5527981149370
5527992813735
5527992730836
5527992391624
5527996375937
5527993119663
5527988192276
5527988251128
5527999132900
5527981344488
5527993117880
5527999709187
5527981060565
5527996174627
5527996202204
5527988223469
5527981424642
5527981118859
5527992972932
5527998900140
5527992246467
5527981214696
5527981291185
5527992353506
5527981110702
5527981198869
5527999332748
5527992524981
5527992737865
5527988211943
5527992333556
5527988354526
5527988546789
5527999240545
5527992383075
5527981118263
5527992376084
5527992431557
5527992251807
5527992411710
5527999438221
5527981584321
5527988004286
5527992980953
5527992251698
5527992754103
5527988238587
5527999327583
5527981662500
5527981193029
5527992280355
5527998453001
5527988479857
5527981569990
5527992798285
5527992728166
5527981169790
5527981559303
5527992439900
5527981112356
5527981349940
5527981388729
5527981357564
5527992488044
5527992963679
5527981943000
5527981388726
5527988153051
5527988863440
5527992929981
5527981135149
5527981335933
5527981112250
5527992963590
5527988192461
5527992331086
5527992767474
5527981228738
5527988134133
5527992923796
5527992331784
5527992751761
5527992254290
5527992627947
5527988493845
5527992769642
5527992264849
5527992423014
5527981122393
5527992631584
5527999553685
5527981346693
5527981372924
5527992768124
5527981363870
5527992463947
5527999459187
5527992028435
5527981113033
5527988737007
5527981162947
5527988187096
5527992329961
5527992662855
5527992317526
5527992917430
5527981448639
5527993091666
5527999154631
5527992968212
5527988651218
5527981499105
5527992275105
5527981822837
5527997101809
5527988513538
5527992643533
5527999720309
5527988339868
5527988286510
5527988378440
5527981198838
5527999110368
5527988896332
5527992240508
5527988897751
5527981342101
5527988021099
5527992316124
5527999775117
5527981155485
5527981167926
5527974008629
5527992577458
5527992546174
5527981425596
5527992312429
5527992399851
5527992452034
5527992632370
5527981907574
5527993117115
5527992715585
5527981396434
5527981823056
5527992442790
5527992028979
5527992841422
5527981395759
5527981583327
5527993168418
5527992574377
5527992527444
5527992234199
5527992520442
5527981349104
5527999454264
5527992982765
5527999558629
5527992478545
5527988023952
5527981370003
5527981782800
5527988184014
5527992314238
5527988165001
5527981191554
5527988326905
5527981158312
5527988272183
5527988821008
5527988227488
5527988193548
5527981188523
5527981114667
5527981900212
5527992924102
5527988003930
5527995186639
5527992930681
5527992543784
5527988214552
5527981279836
5527999560936
5527993095763
5527988793326
5527988251951
5527992554803
5527992428160
5527988045917
5527999921389
5527992523796
5527996521582
5527999459226
5527992457678
5527992455824
5527992558760
5527981791234
5527981820051
5527992513657
5527981478252
5527981210099
5527988262210
5527981427870
5527992611242
5527981314017
5527988045914
5527981279563
5527988076532
5527981133239
5527999452779
5527992940744
5527992928918
5527992028453
5527992312073
5527981349784
5527992296185
5527981832684
5527992427609
5527981287918
5527981513309
5527981199987
5527992326890
5527988293087
5527988780618
5527981160854
5527992327448
5527988371247
5527981842444
5527998464595
5527988116836
5527992617769
5527981298706
5527995069092
5527988821448
5527992622953
5527981118175
5527999961036
5527993110672
5527988111881
5527988275333
5527981497947
5527999999990
5527992519232
5527988738610
5527998365665
5527992033849
5527988493099
5527981386818
5527999823513
5527999321505
5527992316002
5527981358475
5527981231110
5527992660639
5527992235035
5527988170400
5527992935259
5527988250753
5527992984483
5527981128505
5527992923176
5527992029815
5527981214358
5527988158531
5527981446784
5527981156457
5527992345836
5527992260183
5527992492780
5527995253362
5527993124498
5527992792354
5527998387516
5527992240087
5527992584742
5527992938322
5527992226391
5527999227516
5527992420071
5527992932613
5527981258910
5527988081617
5527992712969
5527992452706
5527992640823
5527992870799
5527981111569
5527988052731
5527988243825
5527992731633
5527992934576
5527981440943
5527992271034
5527981512854
5527999651474
5527999808058
5527992728002
5527999890797
5527998807517
5527981826161
5527988468949
5527992999176
5527981357172
5527981521922
5527992315271
5527988344193
5527998082496
5527988799377
5527992462961
5527981205154
5527988021317
5527981798000
5527999810977
5527981286706
5527992241951
5527992989232
5527992229200
5527992878133
5527981583753
5527992992617
5527981634305
5527992637193
5527981829324
5527999785965
5527992731499
5527981149132
5527981129879
5527992812877
5527992252665
5527981257400
5527981199288
5527981278236
5527988242456
5527981287213
5527992917222
5527988231341
5527996028475
5527992296590
5527992420466
5527992420552
5527981823801
5527999926536
5527981416273
5527992344353
5527992744928
5527992444807
5527992027939
5527981557879
5527981163537
5527999829314
5527992919277
5527981287176
5527992330480
5527981268721
5527996160449
5527999516383
5527981186646
5527992913430
5527992373644
5527992295743
5527992621390
5527996169747
5527981229277
5527981112308
5527995052206
5527992430253
5527981131394
5527992779208
5527988228153
5527992714627
5527988286502
5527992621735
5527992577830
5527992546616
5527988378880
5527981155834
5527981118538
5527981268391
5527998276859
5527981331525
5527981116208
5527992035781
5527988197594
5527998430130
5527992574992
5527988353010
5527981192200
5527992914304
5527992222383
5527992465146
5527981386050
5527998002209
5527981373659
5527981348464
5527992235110
5527992989917
5527992722299
5527981190822
5527981458746
5527981111294
5527992249528
5527988921027
5527988898175
5527992336492
5527981399256
5527981557004
5527992247299
5527999160940
5527981358568
5527992776993
5527981278715
5527988721848
5527992267088
5527992395763
5527981820173
5527981513949
5527992260832
5527992521449
5527981110203
5527992979917
5527992495009
5527981822945
5527995276791
5527992518792
5527988918593
5527992611760
5527981111462
5527992980605
5527988463314
5527981628448
5527992995889
5527981218777
5527999820602
5527999480071
5527992222152
5527992042417
5527992520069
5527988242484
5527992931087
5527981659664
5527993096839
5527992029587
5527998469934
5527992870819
5527981238889
5527988742130
5527993163490
5527992460854
5527981348228
5527992747905
5527988881988
5527992759210
5527992656814
5527999563776
5527992791663
5527981823169
5527992345735
5527988928602
5527998155517
5527988793334
5527992748543
5527992986951
5527992299220
5527999492587
5527992997071
5527992850182
5527992247123
5527992628594
5527993126384
5527981258926
5527992465787
5527988499116
5527992987443
5527992974139
5527988351255
5527993164852
5527988518772
5527992495718
5527992047745
5527981321219
5527981367487
5527992967772
5527981140651
5527981881514
5527981629877
5527992299822
5527992396592
5527992647148
5527988890358
5527981513271
5527992523999
5527981394924
5527981944444
5527992936650
5527981393830
5527992556540
5527981343631
5527992930834
5527988450792
5527988232393
5527992964216
5527992652733
5527988254812
5527981358153
5527992988736
5527981349442
5527999916632
5527992747573
5527993163844
5527992034295
5527988272264
5527981459408
5527992446738
5527992326510
5527992741679
5527992325697
5527992380875
5527988051950
5527998556096
5527992910214
5527992994752
5527999445033
5527992543480
5527981283469
5527988469880
5527981498952
5527992996406
5527999945599
5527988430541
5527981372781
5527992719511
5527992339113
5527981497889
5527997778189
5527996410928
5527992734601
5527992930337
5527992964297
5527981120027
5527993115993
5527988037751
5527981825329
5527992918537
5527992361309
5527992581666
5527988189889
5527992718103
5527992238401
5527981124507
5527992247544
5527988444615
5527992496059
5527992730247
5527988121945
5527981377979
5527988848794
5527992360506
5527981330444
5527992384089
5527992346606
5527981850706
5527981447156
5527981239747
5527992254518
5527992926146
5527981447868
5527992486841
5527981216263
5527992560549
5527992678587
5527992539772
5527992310186
5527988190337
5527992627427
5527992537046
5527992981768
5527998177858
5527992557291
5527988643698
5527981146436
5527992899439
5527981319457
5527988859921
5527999814551
5527981384435
5527988194261
5527981212701
5527981156591
5527988238886
5527981142519
5527992862290
5527999175998
5527992032593
5527992329583
5527992989598
5527981656787
5527981112893
5527992961688
5527992984683
5527981122775
5527992763558
5527988795477
5527988651865
5527992557830
5527992480247
5527992289871
5527993116932
5527992411262
5527992713924
5527981345819
5527992918437
5527992634329
5527981397731
5527981123046
5527988113924
5527992460230
5527992777866
5527999338386
5527993097117
5527992584089
5527999601266
5527981198623
5527992447853
5527988006121
5527981238807
5527992274122
5527992465665
5527988293097
5527992463713
5527988315752
5527981352623
5527988246515
5527981342192
5527992285435
5527992460308
5527997319366
5527992845346
5527988256040
5527981476427
5527992498251
5527992468998
5527992387669
5527992228008
5527992629359
5527992296936
5527992492712
5527981156238
5527992858081
5527988292133
5527992510136
5527999024484
5527992975561
5527992933411
5527992782171
5527998665431
5527981114455
5527981157220
5527992611447
5527992555236
5527981881414
5527993166179
5527992837128
5527998211078
5527992766525
5527992265370
5527992034517
5527988193541
5527981826305
5527981840775
5527992399361
5527981569613
5527992230369
5527998728169
5527992257285
5527988250232
5527992540344
5527992472550
5527996026778
5527981419638
5527981828253
5527997167684
5527981419842
5527992235881
5527981580986
5527981921314
5527988024178
5527999930696
5527992284258
5527992991729
5527981868586
5527992772863
5527992999318
5527981352494
5527992379812
5527992788302
5527981171818
5527993116697
5527981170505
5527981219320
5527988750297
5527981187046
5527992968248
5527981170855
5527988472180
5527981398985
5527981235573
5527992930109
5527992447919
5527992234400
5527981157306
5527981168422
5527981116846
5527992224847
5527981286952
5527992914302
5527992928060
5527992926015
5527992422681
5527992729793
5527992547651
