5527992430610
5527992645504
5527992028386
5527992380180
5527988434404
5527997197262
5527981349454
5527992523838
5527998049976
5527988340410
5527981528700
5527992551720
5527992515588
5527988433717
5527992580082
5527981847696
5527981198198
5527992355261
5527992455401
5527992418712
5527992552724
5527992985791
5527992860337
5527981826066
5527992371147
5527981901022
5527981112716
5527999166502
5527992033388
5527981156356
5527988290699
5527992266254
5527992817366
5527992415478
5527981141898
5527992352898
5527992999759
5527992262509
5527992869707
5527981613623
5527988896889
5527981343636
5527992910054
5527981337406
5527981236200
5527981582919
5527992579409
5527988098734
5527992860458
5527992351608
5527993099363
5527981198926
5527981383173
5527981399024
5527992345904
5527988222954
5527992365081
5527988149612
5527988468643
5527981166417
5527981169506
5527988001938
5527992670198
5527998465730
5527981827186
5527992250271
5527981348462
5527981399199
5527992974654
5527981237330
5527992384276
5527992452385
5527981119227
5527992683405
5527992043282
5527992676650
5527988370639
5527981156607
5527981125870
5527999619757
5527981881400
5527992887506
5527999979000
5527992276201
5527981431594
5527992932578
5527981258917
5527988118135
5527988244603
5527992438132
5527992226387
5527988244183
5527981640064
5527992522158
5527992612733
5527981911166
5527988023046
5527981558509
5527992458163
5527981152039
5527981239972
5527992526574
5527999627893
5527988147010
5527992939792
5527992796958
5527988926755
5527992593326
5527992268159
5527992036557
5527981557389
5527996238675
5527988232187
5527992595791
5527981268964
5527981424813
5527988246244
5527992292799
5527988244158
5527988578280
5527988112773
5527993162132
5527981789194
5527988378072
5527981374646
5527981520559
5527992960006
5527992499220
5527988215107
5527981441446
5527992041419
5527992653134
5527992944638
5527992254043
5527993165531
5527981111354
5527992389236
5527992766514
5527992029088
5527981145119
5527992453694
5527988293502
5527992433012
5527981287963
5527981125317
5527992321622
5527988179485
5527992281822
5527992028593
5527988211972
5527997480406
5527993117476
5527988243841
5527999821097
5527981824900
5527992059568
5527992573555
5527992296938
5527992925496
5527992559998
5527988179990
5527988883342
5527988293494
5527992828807
5527981445042
5527992863305
5527992642272
5527992487853
5527988319232
5527981118756
5527992361805
5527992531609
5527992281941
5527981239856
5527992389360
5527981515315
5527992655512
5527981219468
5527992488774
5527992411140
5527992979487
5527988171603
5527981144260
5527981440164
5527992556902
5527997371134
5527981396874
5527988883217
5527992752503
5527997670239
5527992373207
5527992714106
5527992273082
5527981150245
5527992924911
5527981447344
5527999825238
5527981350406
5527988895828
5527999928998
5527992989913
5527998659255
5527981382756
5527981159204
5527988927193
5527992913080
5527992667625
5527992445361
5527981234900
5527981557469
5527992512115
5527988519698
5527992326631
5527981332139
5527992631927
5527981113676
5527988377704
5527993117946
5527997477993
5527981116458
5527981512597
5527993165733
5527988514121
5527981292121
5527999868808
5527996901967
5527988238494
5527992974089
5527981126904
5527993098209
5527981116487
5527988795529
5527981166418
5527992298664
5527992574647
5527988361104
5527981278466
5527992584327
5527992417668
5527992790297
5527988456970
5527988710281
5527992799125
5527981459950
5527992559730
5527988324088
5527988588874
5527988025130
5527988442892
5527988276959
5527981312275
5527981219343
5527988119546
5527992817690
5527988241031
5527992221060
5527992559367
5527999043148
5527981416158
5527992383093
5527981148567
5527992568743
5527992297934
5527998527072
5527988250357
5527999948541
5527992262956
5527981213061
5527992488034
5527992684088
5527981901011
5527981350506
5527992444592
5527988213081
5527996105814
5527992529150
5527988160747
5527981568389
5527981726200
5527992760056
5527981032642
5527988363988
5527981357274
5527988651200
5527993117417
5527999438135
5527992261125
5527988161153
5527981131771
5527988124300
5527992423262
5527992279721
5527988212241
5527988195619
5527992487978
5527981267330
5527992799559
5527992033448
5527981170331
5527992293341
5527988193770
5527981156919
5527981740062
5527981368500
5527992026269
5527988318666
5527992010125
5527992230710
5527992916711
5527992518335
5527988540090
5527992454568
5527988188348
5527992543414
5527992630094
5527992450330
5527992931561
5527992319259
5527992973629
5527996202546
5527992734220
5527992638822
5527992718648
5527992557936
5527992354851
5527988896972
5527981558792
5527992435912
5527981518460
5527992648028
5527999999339
5527988139177
5527988331127
5527988728282
5527981115265
5527992749993
5527992995593
5527992396774
5527992768266
5527992362246
5527981168341
5527992932594
5527992030596
5527988118123
5527981236059
5527992253267
5527981188342
5527981425947
5527992866923
5527998612743
5527981825168
5527992564768
5527992475311
5527998557460
5527992642526
5527988252124
5527992032413
5527981358418
5527992770441
5527992345710
5527992720740
5527995732131
5527981760605
5527997466772
5527992282862
5527993118645
5527988927162
5527996911743
5527992726066
5527999221311
5527988788072
5527992658427
5527992713244
5527992282388
5527981822652
5527981176767
5527992887696
5527992979852
5527992846040
5527993163088
5527988927518
5527988210819
5527999995924
5527992269540
5527988196446
5527981537711
5527996021280
5527992936640
5527988219513
5527981823141
5527988192596
5527981337851
5527992397861
5527988238280
5527992785210
5527988238740
5527988848653
5527992471414
5527981862100
5527999420856
5527981372087
5527992419936
5527988288453
5527992773636
5527981498706
5527992355073
5527988271800
5527988773528
5527981153880
5527997226290
5527988360293
5527988113907
5527988184614
5527981517930
5527992790231
5527999999455
5527981286838
5527992028434
5527992577058
5527988330001
5527981496090
5527992731478
5527992695769
5527988796091
5527981558514
5527981197136
5527988393385
5527992468952
5527981162625
5527988241021
5527988282802
5527992497295
5527992727228
5527988336982
5527988029774
5527988935473
5527992478683
5527988081577
5527992237893
5527981180205
5527981228680
5527992026199
5527981568785
5527992785018
5527988826460
5527992565524
5527998345743
5527981199863
5527981537000
5527981397951
5527988370058
5527981372098
5527988794109
5527999383020
5527988242144
5527992798818
5527992712225
5527988213602
5527992385226
5527981396257
5527999419368
5527999510055
5527992381192
5527992986566
5527992747102
5527988434500
5527992520066
5527981824090
5527992742874
5527992562132
5527992932727
5527988239620
5527988498992
5527992552164
5527988497263
5527992039963
5527998688237
5527999399424
5527988379195
5527995158993
5527992224090
5527981119181
5527981582694
5527992672419
5527981517651
5527981497487
5527981172054
5527988474786
5527988950090
5527988330240
5527992910800
5527981191268
5527981132750
5527988364652
5527992731153
5527981330209
5527992359560
5527988050324
5527993166135
5527992627922
5527981143995
5527992781712
5527992981918
5527992929977
5527993164598
5527981372097
5527981496303
5527998859640
5527999517254
5527988127391
5527992934643
5527981238336
5527992566946
5527981396677
5527998831045
5527981546718
5527992463978
5527993090273
5527981167946
5527988736016
5527992597132
5527992574847
5527992247286
5527988498548
5527981425092
5527988791632
5527992721489
5527992349230
5527992552223
5527981820513
5527997667500
5527992784414
5527992411131
5527988116067
5527988663447
5527981156254
5527988543000
5527988530291
5527981518032
5527999662550
5527992750646
5527981332018
5527992477923
5527988843733
5527988184967
5527992248882
5527981235995
5527981476507
5527981348410
5527988293127
5527988149001
5527992739930
5527988858320
5527988238499
5527981383971
5527996008488
5527992038543
5527992744874
5527988020253
5527981426401
5527981670026
5527992793808
5527988223287
5527988340680
5527992339358
5527981495235
5527992553945
5527981151003
5527981279342
5527988221303
5527992337274
5527981213002
5527992297690
5527992790489
5527997900101
5527981289110
5527999161139
5527999588899
5527992559861
5527992720445
5527988168977
5527981559272
5527988015191
5527993129423
5527988858432
5527981731514
5527981820050
5527981399870
5527988097061
5527992737456
5527988252503
5527981075750
5527992368216
5527988004784
5527981201608
5527992746176
5527992341086
5527981530547
5527997767536
5527981229019
5527992922642
5527981826962
5527998272920
5527981583317
5527981182910
5527981131535
5527981284413
5527999241703
5527988138976
5527992986387
5527988242974
5527992994781
5527988608738
5527988023494
5527988314420
5527992648281
5527988284291
5527992727865
5527988468573
5527992290422
5527992326641
5527988799125
5527981266699
5527992317093
5527981131988
5527988239574
5527988751008
5527981901069
5527992778844
5527981650053
5527981823112
5527992792057
5527988188589
5527992544244
5527992248984
5527981187726
5527988857414
5527988082658
5527988198838
5527992935504
5527988360939
5527996143266
5527981286136
5527988239885
5527992781220
5527992929731
5527992544248
5527981843636
5527992030309
5527981454301
5527999838705
5527988273561
5527992739395
5527992962288
5527992298790
5527993163113
5527981163733
5527981396825
5527988346086
5527992870071
5527988143682
5527981161501
5527992998630
5527988166519
5527999443387
5527988229117
5527992224910
5527992385933
5527992256085
5527981141571
5527988927048
5527992979694
5527992527975
5527992742680
5527992612508
5527992988952
5527992550741
5527981113943
5527992450050
5527981146299
5527992778504
5527992032444
5527988382729
5527992986808
5527992453385
5527981215948
5527981499284
5527992921246
5527988224555
5527981119155
5527988795576
5527988753223
5527988848928
5527992614802
5527981110431
5527988190164
5527992960150
5527981773600
5527981386276
5527992930265
5527992312167
5527992985469
5527992970381
5527988264516
5527992621617
5527992938145
5527981465936
5527981585006
5527998469901
5527988173279
5527998175406
5527988238763
5527981146107
5527992269726
5527988751803
5527992668533
5527981156273
5527998293019
5527992764239
5527992883251
5527981425025
5527981506116
5527981825166
5527988198807
5527992261191
5527992970435
5527988858286
5527992647379
5527981371539
5527988157330
5527988214344
5527981122849
5527999075078
5527988450156
5527995209566
5527988792535
5527999230069
5527988258464
5527981188161
5527992044101
5527993116294
5527995016713
5527997981028
5527988151679
5527981288623
5527992988912
5527981827178
5527993122496
5527988082965
5527981113831
5527992541988
5527988101963
5527981279510
5527988017439
5527981516113
5527993128911
5527988788361
5527999296315
5527992510342
5527988029950
5527992393211
5527981150912
5527981318611
5527981144212
5527999020252
5527988897856
5527981860500
5527988029548
5527988926997
5527988897790
5527988929243
5527988241112
5527992771890
5527988866518
5527992862819
5527988135726
5527981394667
5527992731738
5527992779606
5527981431296
5527981823830
5527981158512
5527988036830
5527992746550
5527988240923
5527981160923
5527981465579
5527992750575
5527999467447
5527992273425
5527992022563
5527981886492
5527992453379
5527981259440
5527992778922
5527981387096
5527992729654
5527992275046
5527992651475
5527992992171
5527992741864
5527988174753
5527999761967
5527992647170
5527981119545
5527988220255
5527981287977
5527992573949
5527981438527
5527988141640
5527988244189
5527993110329
5527981290093
5527992970386
5527988897901
5527981424676
5527992670403
5527992362150
5527981561327
5527992742918
5527981287002
5527981395404
5527988027699
5527992562747
5527988192845
5527992430630
5527992732986
5527992369137
5527988152480
5527992980724
5527981731111
5527992398633
5527981212508
5527997246838
5527992584419
5527999850969
5527981057313
5527992797351
5527992655819
5527992918738
5527988120960
5527999419376
5527992942416
5527981187411
5527998744813
5527992442982
5527995901587
5527988080528
5527988263369
5527997144447
5527993125299
5527992421179
5527988136515
5527988231340
5527992437594
5527992540017
5527992345888
5527992240316
5527988926930
5527992274235
5527981945051
5527981112212
5527997933291
5527988244755
5527988212296
5527981283457
5527992568948
5527992442947
5527992756043
5527992799235
5527993121366
5527992557802
5527988221155
5527981229305
5527999696855
5527992442140
5527981284365
5527992416754
5527992939461
5527981430412
5527992395742
5527981173104
5527992525680
5527992381167
5527981194174
5527981665445
5527992042008
5527981321602
5527988028151
5527999647607
5527981329071
5527981820288
5527992555021
5527988252508
5527988099209
5527981346941
5527981580174
5527992437925
5527992529533
5527988293805
5527988324753
5527992331271
5527992317207
5527981264969
5527988796156
5527988293673
5527992441658
5527988650348
5527981923388
5527993120010
5527988130665
5527993118261
5527992392595
5527981145521
5527992597176
5527992267946
5527992960730
5527999529356
5527981212480
5527992727904
5527992544124
5527988794022
5527981461478
5527992243349
5527981350393
5527981512577
5527992948875
5527981385508
5527992026905
5527981458858
5527988121220
5527988075815
5527981190864
5527981121996
5527981159589
5527988223198
5527981415609
5527981497110
5527992754602
5527981513332
5527981249622
5527992781130
5527988184482
5527992564265
5527992570290
5527992759889
5527992975211
5527998570994
5527992345924
5527988802463
5527992398433
5527992998450
5527981156769
5527992724619
5527981827709
5527993166548
5527981352626
5527988926799
5527992980759
5527988412698
5527992029445
5527992948879
5527988776113
5527992322435
5527981561659
5527992726426
5527992540182
5527988468312
5527992566495
5527988766874
5527998484796
5527992986310
5527992379232
5527992682893
5527988369639
5527981110123
5527992536948
5527993116578
5527988680238
5527992978044
5527992966003
5527998948768
5527988330030
5527992716514
5527988480813
5527981582912
5527993110816
5527992497326
5527999233849
5527988238487
5527992023078
5527988230572
5527992239854
5527981116503
5527981558146
5527995185414
5527988221182
5527992359415
5527992480882
5527992529902
5527992577882
5527999399096
5527998721951
5527988320175
5527988197004
5527992932471
5527993112577
5527992036110
5527981399478
5527992594450
5527981141623
5527992549427
5527988082435
5527988050967
5527981579928
5527981150466
5527992533203
5527997777715
5527992330306
5527992285981
5527993097119
5527988159496
5527992252437
5527992511520
5527981569975
5527988019541
5527981341260
5527981111124
5527992984720
5527993120510
5527988650444
5527981156883
5527992513112
5527981198685
5527988927051
5527981348104
5527988082077
5527999842094
5527992279205
5527981205265
5527981335850
5527981582565
5527992968741
5527988344518
5527992932859
5527992586715
5527988292204
5527998903510
5527988020311
5527992380536
5527981372283
5527992437537
5527992940947
5527988083625
5527988223295
5527988195007
5527988856192
5527992918277
5527981585586
5527992741889
5527981149902
5527988896366
5527992591395
5527988259088
5527993165943
5527992934770
5527988083280
5527992782565
5527988786599
5527996875769
5527992692631
5527981113340
5527981188877
5527988242965
5527988041194
5527992339159
5527992344783
5527981397176
5527988372586
5527988448308
5527992234376
5527981843579
5527988160591
5527992592228
5527981372699
5527981415784
5527992537334
5527992838241
5527988718405
5527981557237
5527988947732
5527992971202
5527988211895
5527992533113
5527992645376
5527992617555
5527988318759
5527988190076
5527996532467
5527981190815
5527992469353
5527981881331
5527981237997
5527995283552
5527992936485
5527992411507
5527981579428
5527992398038
5527981357786
5527992345369
5527992771072
5527992285353
5527999681490
5527981129561
5527992521042
5527981551761
5527992714541
5527993164554
5527981821892
5527992653877
5527988434363
5527996382648
5527981459833
5527981125698
5527992935711
5527981110340
5527997649991
5527992034106
5527988650880
5527981445525
5527981383112
5527988393089
5527992631214
5527981266407
5527981386052
5527988039294
5527992730860
5527992299821
5527981870243
5527993116292
5527981176155
5527996330218
5527992274814
5527996382992
5527988463039
5527992248491
5527992633029
5527992353725
5527981357813
5527988184656
5527981513842
5527981766109
5527981367584
5527981267901
5527981420359
5527988926823
5527992374858
5527981828699
5527988116325
5527992746370
5527992771484
5527981133911
5527981373442
5527992982650
5527992439361
5527981127161
5527992576663
5527993117169
5527992478251
5527981198650
5527992549068
5527998974573
5527981289907
5527997029185
5527981842800
5527992035664
5527981236766
5527988098994
5527992029064
5527992748322
5527981110588
5527988115931
5527981446060
5527981342042
5527981343545
5527988857538
5527992934515
5527992374975
5527992960277
5527992683254
5527992414278
5527981570286
5527992720380
5527988238551
5527992393386
5527981110363
5527988851312
5527992277637
5527981278849
5527988079342
5527988373902
5527992227046
5527992519384
5527981396843
5527988856590
5527981144030
5527993111879
5527992520934
5527992464790
5527993112455
5527992456160
5527981615522
5527997747447
5527981438866
5527988026217
5527992967307
5527992871667
5527988223203
5527988927062
5527992029822
5527993169921
5527981147102
5527992756145
5527981126836
5527981593690
5527992497629
5527981283284
5527992565453
5527992931154
5527992644282
5527992637359
5527988157400
5527981259307
5527992765360
5527981527177
5527981116038
5527992593005
5527997612705
5527992383775
5527981144964
5527981445027
5527999001074
5527988166094
5527981340970
5527992236671
5527988294045
5527992297290
5527988244891
5527992976815
5527981330968
5527992941978
5527981885558
5527981151536
5527981158585
5527992681201
5527988293409
5527992475726
5527988251388
5527999536688
5527992987896
5527992481024
5527993094434
5527992582837
5527988166964
5527981441234
5527981514986
5527988374768
5527992638358
5527992488093
5527992711209
5527992553082
5527999338196
5527992416831
5527992742141
5527981358798
5527981833536
5527992323333
5527981792082
5527992649075
5527981513370
5527992972363
5527981895300
5527988024698
5527981278855
5527992032304
5527992236972
5527988193180
5527992370217
5527988088989
5527992248720
5527981846304
5527981184708
5527981235665
5527992372155
5527992255355
5527992614115
5527981291963
5527999240561
5527981772400
5527992641468
5527981855447
5527988214526
5527988289665
5527998255258
5527988290091
5527993129211
5527992772794
5527988244490
5527988373371
5527981352520
5527992528398
5527992427188
5527992468068
5527988756831
5527981923335
5527981284159
5527992366309
5527988479309
5527981347212
5527988662118
5527992754829
5527988183693
5527992961701
5527988134909
5527988181995
5527988194269
5527992871496
5527992711136
5527981396765
5527997211351
5527988442275
5527988001066
5527992280842
5527988319309
5527981142163
5527981112526
5527992228192
5527992341881
5527988269970
5527988229151
5527993121456
5527997235307
5527999028055
5527999004343
5527981110253
5527992910118
5527981015807
5527992546355
5527992325259
5527981501222
5527992986671
5527997362427
5527993122538
5527992320460
5527988149267
5527981428078
5527981370012
5527981466137
5527988845710
5527988285600
5527997909230
5527981394602
5527995002002
5527992436656
5527992325006
5527981347705
5527992538190
5527988267216
5527988652508
5527992248303
5527981141894
5527992334107
5527988689670
5527992258175
5527981465891
5527988929320
5527988216793
5527992618999
5527998599523
5527997246760
5527988294033
5527992246357
5527992934238
5527992658112
5527992994602
5527981283767
5527992869581
5527988240954
5527992593312
5527981359218
5527992990942
5527988213812
5527992024374
5527988148605
5527981143747
5527992931951
5527997229483
5527981660102
5527981136316
5527981419679
5527992266232
5527992785659
5527992477721
5527992324322
5527992773802
5527992497134
5527992972927
5527992516348
5527992725132
5527992633678
5527992931343
5527988322398
5527988337096
5527981394050
5527988289136
5527981499634
5527981438496
5527992431128
5527988117644
5527981249340
5527988490217
5527998851996
5527981141760
5527981155361
5527992984488
5527998345306
5527988170410
5527992929659
5527992942947
5527988773411
5527988856422
5527981151147
5527992228037
5527992299720
5527988959993
5527988069190
5527981114445
5527998689990
5527993094198
5527992314423
5527999861135
5527992677096
5527988897728
5527992940707
5527981183604
5527988849075
5527992568097
5527992633839
5527981235655
5527988751581
5527992728528
5527981683029
5527981343530
5527988240709
5527992928485
5527992993013
5527992396246
5527981133793
5527988070807
5527988220118
5527988192471
5527992254823
5527988024670
5527992775974
5527988148641
5527988055477
5527981348098
5527992556280
5527992789503
5527992741548
5527988077075
5527981129191
5527999685081
5527981113791
5527988146893
5527988659326
5527988223127
5527992942780
5527992378981
5527992346680
5527992035111
5527988225518
5527988029643
5527992235215
5527981329084
5527988073888
5527992589560
5527981461001
5527981465915
5527981341741
5527993116751
5527992385782
5527988315985
5527981192804
5527981314233
5527988199929
5527981259238
5527988382585
5527992973279
5527993160106
5527988856689
5527988882959
5527992489749
5527981351555
5527988126800
5527992423540
5527992036187
5527988898770
5527998741614
5527992735273
5527988079799
5527992960708
5527992252160
5527992523119
5527981399692
5527981910430
5527981156337
5527992610083
5527992843022
5527992761148
5527981160393
5527992353121
5527981571418
5527988352330
5527981357933
5527988079067
5527988194604
5527996868854
5527981483636
5527981112193
5527992760539
5527981198413
5527992792964
5527988331582
5527992248372
5527992767658
5527988119007
5527981870014
5527981279404
5527992649731
5527988790849
5527981557662
5527981170909
5527988315456
5527981449103
5527981516879
5527993166517
5527992388609
5527981512698
5527999826871
5527988088836
5527981346652
5527981278214
5527992778196
5527981119162
5527981426417
5527999765638
5527981431194
5527981372071
5527992773183
5527999113392
5527999320110
5527981171143
5527981234899
5527981349437
5527999816093
5527981465560
5527988350113
5527992346627
5527992645961
5527992747788
5527981445714
5527992712170
5527992749866
5527988607063
5527992264828
5527992793360
5527992757865
5527988680778
5527988083155
5527981120666
5527988340469
5527988460602
5527992358529
5527992665452
5527988680667
5527992940775
5527981190831
5527992263536
5527992396750
5527981448457
5527992294173
5527992982852
5527981516551
5527992412581
5527988450694
5527992294999
5527981732928
5527992024818
5527981449793
5527988582823
5527992971559
5527992470806
5527992233127
5527981115898
5527992912771
5527981091357
5527988366850
5527992246471
5527988881603
5527992452528
5527988290407
5527992975179
5527992482767
5527992289380
5527992771984
5527993092562
5527993169990
5527981415083
5527992426318
5527981158046
5527981419743
5527981447154
5527992767841
5527992763563
5527981349706
5527992740724
5527992548640
5527981347066
5527988138991
5527992394505
5527981431648
5527988764757
5527992387519
5527981430907
5527992651200
5527992548222
5527988212937
5527988609706
5527981196667
5527981360062
5527992319024
5527992993143
5527981385671
5527992943162
5527988749421
5527992990194
5527988632271
5527992421965
5527992287372
5527981396547
5527981463535
5527992935783
5527992418870
5527993116099
5527993117942
5527997008675
5527981372547
5527992787089
5527997778807
5527981360172
5527993111361
5527992588780
5527981394873
5527981119416
5527988115592
5527988131268
5527981188727
5527981342175
5527981559045
5527981188527
5527993115791
5527992729618
5527988081929
5527988024864
5527992476442
5527988454595
5527992949703
5527981514117
5527992928164
5527981317269
5527998152211
5527992485013
5527981128783
5527988151143
5527992572948
5527988075800
5527992720507
5527981236665
5527993110166
5527993166417
5527995181802
5527981687694
5527988591491
5527992431432
5527992653730
5527981571452
5527981394247
5527993161134
5527981443311
5527988118933
5527988857412
5527992643327
5527981398462
5527992257361
5527981124634
5527992936604
5527992341504
5527992794532
5527988241035
5527981142825
5527992520527
5527988244365
5527992948505
5527992539592
5527988370049
5527996243244
5527992519453
5527981881312
5527981559455
5527992291917
5527981440927
5527981131060
5527992378694
5527992221372
5527992778026
5527992311428
5527992496094
5527988468967
5527992372885
5527981112104
5527981025477
5527988043407
5527992938007
5527998857440
5527992858129
5527993111265
5527981372625
5527992534933
5527988240878
5527981111253
5527992625730
5527992362370
5527981331349
5527993167666
5527981112778
5527992758498
5527992381692
5527981388986
5527981559060
5527988271387
5527988195264
5527992721170
5527981415662
5527992865256
5527981363163
5527992728773
5527993128813
5527992667176
5527998564877
5527997876876
5527992493138
5527992028406
5527992659097
5527992936623
5527992315495
5527981233330
5527988332322
5527981288589
5527996233638
5527988210188
5527992593928
5527992733557
5527981897997
5527992981804
5527992558439
5527992756406
5527981238451
5527992357261
5527992964265
5527981891333
5527992552226
5527981198741
5527981424750
5527992222051
5527981465803
5527988896283
5527992513148
5527992041316
5527981827216
5527992587124
5527981116115
5527981213080
5527992754835
5527988768030
5527981393951
5527992369028
5527999817786
5527992863915
5527992463031
5527981279233
5527992271435
5527981557830
5527992985780
5527988192365
5527988319231
5527981251020
5527988221054
5527992463124
5527992243250
5527992962552
5527981141210
5527988317524
5527988350030
5527988037993
5527981342185
5527981141394
5527981239077
5527993126403
5527981239333
5527992930827
5527981357129
5527988244028
5527981343508
5527992260370
5527988052447
5527992242648
5527992547491
5527992377940
5527981799393
5527992297268
5527992023084
5527992919596
5527992488631
5527988253967
5527981438954
5527981716582
5527981659952
5527981372739
5527992984407
5527992574652
5527999463667
5527981341171
5527981263533
5527992783666
5527992724090
5527988136998
5527981342292
5527992717664
5527992371124
5527981477520
5527981520513
5527988929887
5527992960658
5527992791591
5527992559851
5527981416624
5527981741819
5527992660492
5527981480249
5527981279316
5527992650178
5527981424851
5527993165704
5527981114693
5527992585294
5527992295018
5527992351647
5527981171749
5527992384281
5527981130305
5527992359832
5527988067564
5527999018854
5527981471351
5527981399191
5527981244100
5527981145427
5527992513235
5527988015070
5527981274411
5527992352295
5527988293136
5527981386308
5527992488275
5527992733495
5527981516207
5527992978521
5527992724861
5527988468256
5527992946394
5527992292720
5527981332519
5527981259062
5527992588903
5527988190189
5527992920282
5527997788492
5527988053042
5527992221733
5527981358954
5527988855897
5527992738563
5527981118560
5527981485477
5527988466309
5527992894369
5527981110886
5527988211689
5527981117468
5527988799701
5527992235880
5527988217994
5527981476919
5527988239649
5527992836000
5527998326049
5527992979930
5527981336885
5527997136262
5527992260841
5527988086955
5527992415285
5527981350808
5527988927401
5527992028752
5527981005963
5527988240915
5527992533005
5527992511111
5527981229957
5527988447395
5527992672858
5527992638571
5527988130917
5527981442866
5527999785866
5527988221498
5527998368530
5527988119870
5527992566232
5527992716829
5527988118042
5527988020929
5527992526177
5527992781099
5527992549537
5527992558269
5527999646299
5527988068322
5527988332004
5527981110807
5527992675425
5527992789912
5527981440487
5527992910803
5527992226094
5527992416660
5527981183978
5527988269771
5527981176300
5527988720909
5527996345697
5527988513489
5527992511218
5527993122090
5527992260883
5527993110002
5527992674483
5527995264549
5527999811283
5527992310141
5527992566192
5527992564470
5527998909227
5527995054303
5527988187948
5527981155218
5527992687259
5527992431436
5527992238866
5527992542016
5527993168678
5527992913175
5527993111597
5527997382289
5527992616220
5527992426892
5527988472686
5527992348726
5527992596666
5527992585922
5527992395884
5527995169600
5527992811000
5527988197015
5527981466202
5527992697622
5527992434342
5527992327278
