5527981496687
5527993097584
5527981418864
5527992583153
5527992931691
5527992242008
5527992266642
5527992388931
5527981329333
5527981187435
5527988111554
5527992992245
5527992990042
5527981828940
5527992886364
5527992399842
5527999557556
5527981513320
5527988072878
5527992279901
5527988220226
5527992378193
5527988244493
5527981158834
5527992312091
5527981399811
5527981186259
5527992621455
5527992033945
5527992965717
5527993127311
5527992351213
5527981144128
5527992447030
5527999829835
5527992729988
5527992446000
5527981826838
5527992235357
5527992325481
5527988194613
5527988292833
5527988605953
5527992924808
5527992363922
5527993122110
5527992358953
5527988112007
5527988242787
5527992256012
5527981143457
5527981158492
5527992579446
5527981111476
5527981163721
5527992645270
5527992597109
5527992769079
5527992722124
5527981188021
5527981156139
5527992390106
5527992345083
5527981131694
5527992935219
5527981123210
5527992751712
5527988314419
5527993163130
5527992367854
5527992234991
5527992720475
5527992650270
5527981187547
5527999411518
5527981157326
5527992565087
5527992713783
5527992512511
5527992510277
5527988224626
5527992945827
5527981140499
5527992375983
5527981131527
5527993098941
5527992553363
5527992611209
5527981372535
5527992589192
5527993099035
5527992639977
5527992378253
5527992038221
5527992257015
5527992374918
5527981164238
5527992270632
5527981414949
5527995274478
5527981332036
5527993113518
5527981515010
5527992275733
5527981292037
5527988247644
5527992984247
5527992036092
5527992239220
5527996409202
5527992411147
5527981158409
5527981188658
5527988210787
5527992025556
5527981373031
5527988528410
5527981428444
5527992945824
5527992760617
5527992516417
5527981142807
5527981449518
5527981396193
5527992225011
5527992645908
5527981461730
5527981329266
5527981210302
5527998927464
5527992944780
5527992616438
5527988235773
5527992683756
5527981375277
5527998469925
5527981358254
5527981385557
5527992737118
5527992424474
5527981424891
5527981415482
5527988282814
5527992484714
5527992945980
5527981121902
5527992396689
5527993118780
5527981428165
5527981119360
5527992546677
5527981329456
5527992746444
5527992651841
5527997902992
5527992996659
5527992397245
5527992277991
5527992525789
5527992221592
5527981719355
5527992356774
5527992964498
5527992565723
5527992557897
5527992725711
5527981140514
5527992453855
5527993110344
5527992470638
5527992282057
5527981158445
5527988080267
5527988287812
5527998377187
5527992925260
5527993110713
5527998480669
5527988897844
5527992813680
5527992510314
5527992237850
5527981119105
5527981156744
5527992494896
5527992725683
5527999821012
5527992366035
5527992242950
5527992587146
5527988561987
5527981465895
5527992234834
5527981158107
5527988026048
5527992246511
5527981117951
5527992622273
5527988649763
5527992445122
5527981387003
5527999011276
5527998041260
5527992397754
5527981192944
5527992264359
5527993090054
5527999965514
5527992028826
5527988450561
5527999823777
5527992339779
5527992599834
5527992413125
5527992631258
5527992250569
5527981236342
5527981510800
5527988485113
5527992285076
5527981495876
5527992894120
5527992993290
5527988253975
5527988321230
5527981199498
5527988275007
5527988235569
5527988693132
5527992293598
5527992719100
5527992713007
5527981155091
5527981149815
5527981415567
5527988794754
5527981116323
5527981589310
5527992976086
5527988186102
5527981247788
5527981156161
5527993126581
5527992560617
5527981168894
5527992467892
5527992983491
5527988240953
5527988611400
5527992796098
5527992463462
5527992344619
5527992760444
5527992288205
5527981828287
5527992784147
5527992512138
5527981518584
5527992935812
5527981227844
5527981129914
5527992552582
5527992937006
5527981183757
5527992450613
5527992347387
5527988138889
5527981428461
5527981012820
5527992597307
5527999454454
5527981516852
5527988421201
5527981513132
5527992931856
5527992396566
5527988696717
5527988152585
5527981841918
5527981366866
5527981140297
5527981111057
5527992644466
5527981415433
5527992029126
5527993118663
5527996141746
5527992878173
5527988468341
5527981416304
5527992416361
5527992480086
5527992225634
5527992678030
5527992836510
5527981180102
5527992246469
5527993114053
5527993115152
5527981114741
5527992899021
5527999723114
5527992783575
5527992293129
5527981476585
5527992531312
5527992945107
5527992927679
5527981239823
5527992484617
5527988238092
5527981827586
5527992610508
5527992415089
5527992447357
5527988773472
5527992778065
5527992654237
5527992299542
5527988815920
5527981449472
5527988221685
5527992399676
5527981810809
5527992279071
5527992922045
5527981122843
5527981129103
5527988125864
5527992523994
5527992921204
5527992871410
5527981220822
5527988371606
5527992294538
5527992919886
5527992415129
5527992877309
5527992225375
5527992524097
5527981357639
5527981118231
5527988116700
5527981111282
5527992285859
5527988340975
5527992980814
5527981449470
5527981827734
5527997729600
5527981115233
5527988026509
5527992026288
5527992961490
5527992421612
5527992656185
5527981690190
5527992677012
5527981891119
5527992370911
5527993169133
5527981441599
5527992971518
5527988225267
5527981389146
5527992979348
5527993165233
5527992230858
5527981395289
5527993122516
5527988803457
5527993099816
5527999789839
5527992632165
5527992553180
5527992244027
5527981288391
5527992031096
5527988857424
5527988242654
5527981152090
5527992898709
5527999492477
5527992223346
5527988236107
5527997358807
5527998900179
5527992384741
5527992548163
5527988758625
5527998428512
5527992344757
5527992521881
5527992996879
5527988271723
5527999864780
5527988370830
5527988751729
5527981483131
5527981440110
5527992778427
5527988121500
5527992028152
5527981238387
5527981419646
5527981373625
5527981199906
5527981296108
5527981191595
5527981112541
5527992635249
5527992252434
5527992383081
5527992931460
5527981821895
5527981496534
5527992731950
5527992221339
5527981170561
5527988223255
5527992748521
5527993110066
5527992227542
5527992681907
5527981345778
5527988271029
5527992936026
5527992325553
5527992668664
5527992439173
5527992877305
5527999620664
5527992556587
5527992938399
5527981416365
5527981187749
5527996873469
5527988143961
5527981826843
5527988183014
5527981515212
5527992977798
5527981284563
5527992796173
5527992222685
5527992620899
5527981194658
5527999116052
5527981429758
5527988077636
5527992967944
5527981435400
5527992361116
5527988218289
5527981187156
5527999989633
5527993115851
5527992518612
5527981449859
5527999797255
5527992755393
5527992751499
5527988090908
5527981898222
5527981158264
5527993111189
5527992297833
5527981465189
5527981329750
5527981159274
5527992345276
5527992528077
5527993090289
5527981926664
5527988024168
5527981425479
5527981439724
5527981329004
5527992984772
5527988749882
5527988021660
5527992038559
5527999132828
5527981336977
5527981515557
5527992360903
5527988897881
5527981024164
5527981460322
5527992291429
5527988293310
5527988672523
5527981384518
5527992996936
5527988163404
5527988221125
5527988025670
5527992719250
5527981228774
5527992242413
5527992945901
5527988172808
5527981396767
5527981190125
5527992360794
5527981003102
5527981439002
5527992599157
5527981397385
5527988716167
5527981352573
5527992338805
5527988156207
5527992449408
5527988187944
5527992598047
5527992389211
5527992930475
5527992974162
5527981349643
5527992224431
5527981387636
5527988743223
5527988325666
5527988736937
5527981500277
5527992550722
5527998509437
5527992688156
5527992917829
5527981115107
5527981155987
5527988689304
5527998333014
5527981828835
5527981161120
5527981176572
5527981692222
5527988807954
5527992410429
5527992448917
5527992764141
5527993090040
5527981118344
5527992748971
5527981459908
5527981128863
5527992351579
5527981328945
5527981187450
5527981143701
5527992922778
5527992453756
5527981331018
5527981431620
5527992861653
5527981441646
5527992748578
5527981454002
5527981239755
5527981723029
5527988879085
5527981331633
5527988225108
5527999980261
5527992571201
5527997370159
5527981354582
5527992342523
5527998163646
5527992467643
5527981145442
5527992495668
5527992688979
5527992796994
5527988815919
5527981157458
5527981199366
5527992467516
5527992539469
5527981350558
5527999369501
5527981416360
5527988246530
5527992665988
5527992356095
5527992527136
5527988858700
5527988318849
5527988040023
5527992669067
5527981357517
5527992967649
5527988331004
5527992991355
5527981941994
5527981258936
5527981477800
5527992223995
5527992569314
5527992982728
5527992045709
5527992287217
5527981115617
5527992438941
5527981268646
5527998295236
5527988928491
5527981861177
5527992312288
5527981702626
5527988163536
5527992241123
5527992716720
5527988023780
5527988253758
5527988242748
5527992041488
5527988072877
5527981110030
5527988566433
5527992275313
5527981289916
5527992321684
5527981141063
5527981449900
5527981390499
5527981318838
5527981158103
5527988153765
5527988362131
5527981129320
5527981862222
5527988990030
5527981002570
5527999816624
5527988237007
5527992350183
5527981173580
5527988791508
5527988154423
5527992027385
5527988371102
5527981358649
5527981556676
5527992276942
5527995212220
5527981439273
5527992914239
5527992933844
5527992447611
5527988858923
5527992522974
5527992535236
5527981140316
5527992963833
5527981297869
5527992992926
5527981892002
5527992738164
5527988010502
5527992566710
5527992037063
5527988238003
5527992455321
5527988080752
5527992716869
5527981459846
5527988896291
5527992825303
5527998648266
5527993118848
5527993168898
5527981680205
5527981458496
5527981397716
5527999914152
5527992944366
5527981216237
5527992396157
5527988160816
5527999325764
5527981558143
5527981266035
5527981388511
5527988240885
5527992977796
5527988149828
5527993166339
5527988370721
5527993166630
5527981416547
5527988004067
5527981198415
5527992933223
5527981113667
5527988258309
5527988029800
5527992029577
5527981263589
5527992932361
5527992570531
5527992535939
5527992961842
5527992513759
5527981398710
5527992419375
5527988071701
5527981112444
5527992940220
5527988074549
5527981825857
5527992598968
5527981681211
5527981843399
5527988620318
5527992726328
5527992233323
5527988184354
5527981153870
5527992663718
5527981214390
5527981827884
5527981781075
5527988382161
5527981287359
5527988394008
5527981163039
5527992515313
5527993163751
5527981343434
5527988793035
5527992943817
5527992981660
5527992742651
5527992672579
5527992293594
5527988082459
5527992717477
5527988889088
5527981557607
5527992355786
5527992032094
5527988176370
5527992710113
5527992525868
5527988929328
5527992334800
5527992784767
5527981558338
5527992357601
5527988751810
5527981213100
5527981711009
5527988134808
5527992871396
5527981188377
5527992610274
5527992343779
5527981367623
5527981427576
5527992231445
5527981438318
5527993168006
5527988833222
5527988929279
5527992781719
5527988571061
5527992563327
5527981380935
5527981884774
5527992370142
5527981120048
5527981228659
5527988080741
5527993113526
5527998504171
5527981187950
5527992767380
5527988650595
5527998915860
5527988812641
5527981394946
5527992646636
5527992472993
5527992378606
5527988891609
5527992922290
5527981427588
5527988140995
5527992591825
5527992411820
5527988251172
5527988174701
5527992564993
5527992784309
5527992254649
5527992396082
5527988176019
5527981128923
5527988190286
5527988271746
5527988076938
5527992416009
5527992517121
5527988052924
5527988754391
5527992432217
5527992990659
5527988955648
5527992684335
5527992929602
5527997727774
5527992257721
5527988340985
5527992459520
5527981216872
5527992753704
5527988119578
5527992641654
5527992732412
5527992381160
5527992781817
5527992975399
5527988340717
5527981168411
5527992495663
5527988444037
5527988566783
5527988224548
5527988580674
5527988037723
5527992948415
5527981159249
5527981371346
5527992242244
5527992332008
5527981164956
5527988071740
5527992576228
5527992419437
5527992459463
5527992738640
5527992776941
5527981116788
5527981164816
5527988211785
5527999435396
5527992414348
5527981343553
5527992717248
5527988897603
5527981129661
5527988680989
5527981140105
5527988136913
5527981144610
5527981466699
5527981342393
5527992979886
5527992939843
5527981870256
5527981459844
5527981395639
5527988371557
5527988371413
5527988320890
5527992796107
5527981395325
5527981850164
5527988256013
5527988090164
5527981289671
5527992321753
5527992042312
5527981382478
5527992271423
5527992448995
5527999464803
5527988881334
5527981319108
5527999738662
5527992596617
5527981144225
5527992224116
5527996633669
5527981110367
5527988487089
5527981350548
5527988221583
5527981380472
5527992683266
5527988047045
5527988764282
5527992510877
5527981219526
5527992979970
5527981841112
5527988541622
5527992237164
5527988751754
5527992587255
5527981370000
5527992631419
5527992483705
5527992330502
5527981337013
5527992928375
5527992473579
5527992544301
5527981145098
5527992292086
5527992465316
5527981165805
5527981424245
5527992593481
5527992347032
5527992034841
5527992412296
5527992726826
5527999822883
5527981517071
5527981238249
5527992782207
5527981117450
5527981394484
5527998310577
5527999829185
5527992561071
5527992869722
5527992484290
5527981620300
5527992929891
5527992593382
5527992675678
5527993121554
5527988323331
5527992047060
5527992615035
5527988832327
5527981256688
5527981319188
5527992896963
5527992041099
5527993115492
5527992425214
5527999489350
5527999012820
5527988241801
5527988244504
5527981557644
5527992758740
5527992564048
5527981207574
5527988181101
5527992336241
5527981247241
5527992260515
5527993111637
5527988244529
5527981440875
5527992429786
5527988294010
5527988122207
5527988072427
5527992295435
5527992240828
5527992593710
5527999025413
5527981521980
5527992037548
5527992039767
5527992048892
5527981141263
5527992798229
5527981187798
5527992779084
5527988673759
5527992783342
5527988361283
5527981175572
5527981426282
5527988780445
5527981697890
5527988857416
5527981421414
5527981279042
5527992512740
5527992966295
5527981560023
5527992555071
5527992040250
5527992270913
5527992269777
5527992326111
5527997626667
5527988322222
5527999835577
5527992731351
5527997016263
5527988187576
5527992964520
5527981870074
5527992352849
5527988332545
5527988194947
5527988891310
5527992921534
5527999964844
5527992968124
5527981445731
5527992756686
5527992415147
5527988158919
5527992983137
5527995177381
5527997378825
5527981440284
5527992872332
5527988166878
5527981438807
5527992366151
5527992355583
5527981164206
5527988972494
5527988190242
5527988494174
5527992684606
5527998507300
5527988896364
5527992668508
5527988108916
5527981827669
5527981149972
5527992739328
5527981371505
5527992335687
5527988021005
5527981742223
5527981190048
5527992964746
5527992262864
5527992918994
5527992266584
5527981862227
5527988251281
5527981144156
5527988796607
5527988422203
5527988189068
5527992359361
5527981820975
5527998031617
5527992225786
5527992382092
5527992432551
5527981441740
5527981372292
5527992298624
5527992661477
5527988230680
5527992934729
5527992577455
5527993096654
5527992980570
5527988450930
5527988599917
5527992314017
5527981455200
5527999994269
5527999849105
5527988879572
5527981156863
5527981349490
5527981359036
5527981821099
5527988284247
5527988981910
5527988121010
5527981517005
5527992397899
5527988929245
5527992778862
5527992768523
5527992340235
5527988985234
5527999739067
5527981266219
5527992475176
5527981129579
5527981448764
5527992270771
5527992597804
5527992490174
5527992262295
5527988379279
5527992577025
5527981140279
5527992271983
5527988251387
5527992395995
5527988232306
5527981428381
5527988059382
5527992737284
5527981629695
5527988607370
5527981140747
5527988929237
5527992415150
5527992281529
5527992285141
5527981116713
5527981197290
5527992644904
5527992271787
5527992733816
5527981145510
5527992523096
5527988192532
5527999605910
5527992376220
5527992385727
5527981398291
5527992455444
5527981399675
5527992790679
5527988567670
5527981120004
5527988249952
5527992995877
5527988823627
5527981575797
5527981385088
5527988117841
5527992949457
5527981610236
5527992227782
5527981190561
5527992735019
5527992712711
5527992990169
5527988832448
5527992558881
5527992993818
5527981313434
5527981150848
5527988250340
5527992587140
5527981767962
5527981419222
5527981827791
5527981348719
5527988293991
5527992391052
5527992291248
5527981690343
5527981840666
5527992246706
5527992797308
5527992826661
5527988091302
5527988082451
5527992248880
5527992991821
5527988983264
5527988981658
5527999434230
5527981130620
5527981115933
5527992497544
5527981299300
5527981427842
5527981447090
5527992258752
5527992380680
5527992347882
5527981448079
5527981908444
5527992270046
5527992917253
5527992278570
5527993166895
5527992585868
5527988448187
5527981196327
5527992238183
5527981111264
5527988260739
5527992563371
5527981229934
5527988026669
5527988343994
5527992643632
5527992328722
5527992293351
5527992279289
5527988781299
5527992741216
5527992625138
5527992033028
5527992524647
5527992980615
5527992972762
5527981122787
5527981425427
5527992563104
5527981348893
5527988029569
5527992336204
5527988458715
5527992985223
5527981136345
5527992599110
5527992932861
5527988137598
5527992484407
5527992681600
5527997178269
5527988112006
5527988315520
5527992658081
5527992922230
5527981723003
5527981557319
5527981278384
5527988795481
5527992311675
5527992762570
5527992916103
5527988144301
5527981790153
5527992274198
5527988226716
5527988182517
5527992591774
5527981931810
5527992992204
5527988339118
5527993161393
5527981732459
5527981140157
5527992811302
5527992377692
5527981159070
5527992331364
5527992268589
5527992324271
5527988453864
5527988186519
5527992520914
5527988189334
5527981129623
5527981178086
5527988112310
5527981505657
5527981335794
5527981367717
5527992618059
5527988347016
5527992225953
5527981187050
5527992960519
5527981496778
5527981823821
5527988899993
5527997443969
5527981115043
5527998598152
5527992030921
5527988539517
5527981287398
5527981158341
5527992639179
5527988103317
5527981130522
5527988969616
5527988374815
5527992379931
5527988048525
5527981180165
5527981267615
5527988114720
5527992624333
5527992366967
5527988344932
5527988008694
5527992648021
5527988136442
5527988094990
5527998543567
5527992394281
5527992236353
5527988449010
5527992681143
5527992057853
5527981216324
5527992549795
5527992042610
5527981828606
5527988361298
5527992342462
5527992863660
5527992426285
5527988294015
5527981199593
5527999220168
5527981582765
5527981502021
5527981157275
5527992429145
5527988815374
5527992851134
5527992855745
5527981278189
5527988319941
5527999131631
5527988238779
5527992764882
5527988858256
5527981238201
5527992644735
5527992465759
5527992971905
5527992349843
5527981332115
5527988183481
5527981384508
5527992870482
5527981424811
5527981162270
5527992540378
5527992473315
5527981287573
5527988959714
5527988422531
5527981348299
5527992535509
5527981517781
5527981722882
5527997101247
5527992399038
5527981287045
5527988189828
5527992032205
5527981343532
5527992718276
5527988069136
5527992250119
5527992252495
5527997825243
5527981843600
5527992980344
5527992646778
5527988194843
5527988887422
5527999438664
5527988012065
5527988895573
5527988373047
5527981373920
5527981512350
5527988214511
5527981425907
5527992612545
5527981213191
5527999927376
5527981448608
5527992594981
5527988174731
5527992784537
5527981078505
5527981441029
5527981330569
5527988175642
5527992946023
5527992279941
5527992629152
5527981199259
5527992351946
5527981356932
5527992995361
5527988359851
5527992481226
5527981211599
5527992230573
5527992795083
5527981165774
5527992551193
5527988434390
5527993098951
5527998425006
5527981259164
5527988121311
5527992039024
5527981518014
5527992768910
5527992647808
5527992334058
5527981522764
5527992967980
5527992391357
5527988241289
5527981332048
5527981862424
5527992283788
5527992969751
5527981373692
5527981358234
5527981421367
5527988087601
5527981354180
5527981385190
5527992516291
5527992826019
5527981044839
5527992912133
5527992284205
5527981292630
5527981397151
5527988174734
5527992856969
5527992363212
5527992282582
5527992937198
5527988158839
5527988955873
5527992319271
5527981353976
5527988858462
5527992025795
5527992789811
5527981447178
5527992343330
5527992975585
5527981283461
5527992282063
5527992352477
5527993096832
5527988193929
5527992553610
5527992752352
5527992373288
5527981386123
5527981141895
5527992633095
5527992227010
5527981131978
5527992924294
5527992547102
5527992388236
5527992390013
5527999732154
5527988880397
5527992272127
5527992325492
5527988029970
5527981396933
5527992914881
5527993113959
5527992778032
5527988293894
5527992661581
5527992736233
5527981557085
5527992356426
5527981119073
5527988027723
5527988028810
5527981465425
5527988184643
5527981828085
5527992481533
5527992381641
5527988004111
5527988881332
5527992627781
5527992360918
5527981219051
5527992266158
5527981155307
5527992036731
5527981351322
5527992768744
5527992452147
5527981661300
5527981314275
5527981119524
5527992413967
5527988782050
5527992518807
5527992048522
5527981196671
5527988856379
5527988330133
5527988055606
5527988751790
5527992754913
5527988855945
5527988795032
5527992342353
5527992390555
5527981283362
5527992294154
5527992396709
5527992894129
5527988136030
5527988099870
5527981191130
5527992224473
5527981372314
5527992036749
5527992544364
5527988950791
5527992266941
5527992512871
5527996513344
5527992586204
5527992274718
5527998932390
5527981161110
5527988152510
5527992550414
5527992224173
5527981142128
5527992743972
5527981560030
5527992982853
5527992024496
5527988271979
5527988029693
5527988984726
5527988085015
5527992793383
5527992492359
5527988174749
5527992649269
5527998843549
5527981182882
5527992381829
5527992032919
5527992259479
5527993112883
5527981157755
5527992989533
5527992683978
5527981501441
5527993160543
5527988192686
5527992553825
5527981419818
5527992229367
5527992525083
5527988049664
5527997426190
5527992348263
5527992573712
5527992571985
5527992943740
5527981516164
5527992729734
5527992041853
5527981445270
5527981129310
5527981513396
5527992980487
5527981438421
5527992426483
5527992664190
5527988026130
5527992579206
5527988897833
5527999827249
5527993098502
5527992010819
5527997335033
5527981394023
5527981142038
5527992331611
5527988467621
5527992718556
5527992360119
5527988027707
5527992773841
5527992414567
5527981515785
5527988897308
5527992687898
5527992766650
5527981215485
5527992935954
5527992776570
5527992711293
5527999445708
5527988659362
5527992731543
5527992726794
5527992347198
5527988797297
5527988111809
5527988792013
5527992029920
5527988371114
5527988079848
5527992455996
5527988138714
5527999275447
5527988430535
5527981823613
5527992335815
5527988177249
5527988085485
5527981593221
5527992918941
5527981119556
5527988716550
5527992966636
5527992996494
5527992418897
5527993120052
5527992521057
5527981214241
5527992243363
5527992332875
5527981299433
5527999929058
5527992339431
5527992659245
5527996116021
5527988421660
5527992983883
5527992821174
5527992243036
5527992592089
5527988177139
5527988882324
5527992547310
5527988238335
5527988751736
5527981471869
5527988897832
5527992464637
5527988742048
5527988146951
5527988098623
5527988124215
5527988003413
5527981271859
5527981412368
5527992023255
5527992272243
5527981348250
5527992592910
5527992892979
5527992562875
5527992597260
5527981154993
5527992615230
5527992988167
5527988541438
5527988263132
5527992771740
5527992655155
5527981634746
5527981112854
5527981350495
5527992034784
5527992735690
5527992262765
5527981415401
5527999276052
5527981125056
5527999725171
5527992790456
5527992734469
5527981365689
5527992561900
5527992971828
5527992747655
5527992922586
5527992277088
5527992381623
5527988233200
5527988538804
5527981291035
5527988959406
5527988217424
5527988293871
5527992474153
5527981235511
5527992565272
5527981080675
5527988859925
5527988223036
5527988145733
5527992554879
5527988113927
5527993095576
5527992039301
5527992245479
5527992790034
5527992236889
5527981296363
5527981428095
5527992016482
5527992484653
5527999612376
5527998744811
5527992963935
5527981820649
5527981298329
5527992281783
5527988050611
5527981120017
5527992526339
5527988359067
5527981144450
5527988278657
5527988227496
5527981328571
5527981228263
5527992886000
5527992454061
5527988014933
5527988184348
5527992531405
5527992316064
5527997221202
5527992923357
5527988016566
5527992386760
5527992470989
5527988242953
5527996504298
5527981386530
5527988863786
5527992932675
5527988469253
5527992628691
5527998461432
5527992673444
5527988881320
5527981187299
5527988791536
5527988068474
5527981318977
5527992397324
5527988959849
5527992254901
5527981164695
5527992943044
5527992960567
5527992767269
5527992410963
5527981790111
5527988373485
5527988074900
5527992326710
5527992777903
5527981820227
5527996869007
5527992041749
5527992228178
5527992287982
5527988117790
5527992220032
5527981498282
5527981359183
5527988360420
5527988416316
5527992430128
5527998862115
5527992029529
5527999714434
5527992765091
5527988792090
5527992669079
5527981229969
5527992233616
5527988450154
5527988361824
5527992338046
5527988174173
5527992291663
5527992314935
5527988148963
5527981513397
5527981915885
5527988896586
5527992998822
5527981214382
5527992467172
5527992775387
5527992453059
5527988849341
5527988150097
5527981517983
5527992738478
5527981217109
5527981335835
5527981388626
5527988137494
5527992916125
5527993091277
5527981388508
5527981518249
5527992716975
5527981233210
5527992387661
5527992535605
5527999013174
5527993166785
5527988152815
5527981283030
5527992723054
5527992567657
5527992816124
5527988688591
5527992960085
5527988796341
5527992495038
5527992713253
5527996072055
5527988450142
5527992936591
5527988430519
5527981115056
5527981225706
5527981118943
5527992356940
5527988154925
5527988189013
5527992975033
5527992264595
5527992569872
5527992517882
5527992624670
5527992025877
5527988189902
5527981163816
5527981118098
5527988958227
5527981415162
5527981557604
5527992460373
5527988606280
5527988108306
5527992452558
5527988479457
5527981448354
5527992255618
5527992589839
5527992973147
5527981829280
5527981512843
5527981318632
5527992432985
5527992775623
5527992561055
5527992040342
5527992031790
5527981496577
5527988239569
5527981158642
5527988130148
5527981212721
5527992033981
5527993166618
5527988899350
5527992632755
5527992639774
5527981181207
5527992618248
5527993115009
5527988986230
5527999769010
5527988897569
5527992412671
5527992544103
5527992984863
5527981287830
5527981157396
5527988751718
5527992792604
5527992351103
5527992742206
5527988781090
5527992495549
5527981116397
5527988044406
5527992391651
5527992993768
5527992785609
5527992428476
5527992568706
5527988248201
5527992942665
5527992844535
5527992343430
5527999325212
5527992298581
5527992359988
5527988469488
5527992793389
5527998648779
5527992038397
5527981190283
5527981419173
5527988152884
5527992312319
5527981337269
5527992286144
5527992546229
5527988255730
5527988242131
5527992346815
5527992279140
5527992777298
5527988057085
5527988856665
5527988088546
5527988190271
5527992371897
5527992763822
5527992921410
5527981347754
5527999850183
5527988216775
5527992520143
5527992530109
5527988881880
5527992648590
5527981518181
5527995821162
5527995176534
5527992281592
5527999709847
5527992582617
5527981213567
5527981368988
5527992524579
5527992517517
5527992328315
5527992441390
5527992597185
5527992263789
5527988188493
5527992628493
5527992884732
5527992030553
5527992441444
5527988053670
5527992480858
5527992747817
5527988239604
5527981826854
5527988071712
5527988117320
5527981398975
5527981466159
5527993161431
5527992545929
5527992672733
5527988479909
5527988293895
5527993091193
5527981399121
5527988189384
5527992274415
5527988895574
5527992388577
5527992987666
5527981911666
5527992390303
5527992233265
5527981114141
5527988371064
5527988951597
5527992282318
5527988565097
5527981329522
5527992012977
5527981467147
5527992919900
5527993110108
5527992368568
5527992256857
5527981385731
5527992575177
5527992480599
5527992575127
5527988448518
5527999309998
5527988759902
5527992233340
5527981142580
5527992932710
5527981731919
5527988031413
5527981467330
