5527992242662
5527998232037
5527992483821
5527992769950
5527988292195
5527992766458
5527992511509
5527988926897
5527992422381
5527992499796
5527996033653
5527981174099
5527992791038
5527992790626
5527992591514
5527998925181
5527992743728
5527992237009
5527981457855
5527981169765
5527992874562
5527992277521
5527981466138
5527995228545
5527992363729
5527992449904
5527992396021
5527981116149
5527988189855
5527992537316
5527988222949
5527988102748
5527992948962
5527981825750
5527999016015
5527992844539
5527992949135
5527992549396
5527992347309
5527992910529
5527996034023
5527992265375
5527999651459
5527992722405
5527992829286
5527992275404
5527981144963
5527992723478
5527992989129
5527992473636
5527992996635
5527992035378
5527992058375
5527992377041
5527998815772
5527981386100
5527992239639
5527992495784
5527992375807
5527993129591
5527992870526
5527992279354
5527992653263
5527981416487
5527992595060
5527992346735
5527981287660
5527988788177
5527992274076
5527992031415
5527981926665
5527981827035
5527981141896
5527981142514
5527992555044
5527992594072
5527993127739
5527992940107
5527992324500
5527992783122
5527981216982
5527992552474
5527997162042
5527988214027
5527992421279
5527992359156
5527988240400
5527993163519
5527981394320
5527992537411
5527999852790
5527981445724
5527992374639
5527992567284
5527988035302
5527998930896
5527981447493
5527995319533
5527992894001
5527992574745
5527996187972
5527992033134
5527981141229
5527988249858
5527988251260
5527992991940
5527981824983
5527992736076
5527992711766
5527981196644
5527988235876
5527988797340
5527992228797
5527981398785
5527999692526
5527992733427
5527992367098
5527981198382
5527992264251
5527992331381
5527981382424
5527981118735
5527992395799
5527988777155
5527993113013
5527992566107
5527992924715
5527992711598
5527992668217
5527998350646
5527988191736
5527981550214
5527992234978
5527992029134
5527992261128
5527992452649
5527981439537
5527992795507
5527992034945
5527992579871
5527992354012
5527981515967
5527992620762
5527992426936
5527992250612
5527981288032
5527992746677
5527992280899
5527981825596
5527981113536
5527992979420
5527988198292
5527992414004
5527992321840
5527992948776
5527981366939
5527992986881
5527996073126
5527992346368
5527992612773
5527992594914
5527992289161
5527981158101
5527992588331
5527981177672
5527981354039
5527981399719
5527992765487
5527981457567
5527996398430
5527992970950
5527981449941
5527992417825
5527992531986
5527996149411
5527992359801
5527997476365
5527992574283
5527988057795
5527988240951
5527992622963
5527992236677
5527992480492
5527992793434
5527988373005
5527988212609
5527981359900
5527993166684
5527992594598
5527999109526
5527988358431
5527988288428
5527992729864
5527981827060
5527992427855
5527992389771
5527981496986
5527992432459
5527981496029
5527992612765
5527981826112
5527981117796
5527981199054
5527988606811
5527992391541
5527992250018
5527981116226
5527988496122
5527992930711
5527992522396
5527992335353
5527992946442
5527992485760
5527992773597
5527992421506
5527992712130
5527981259025
5527992549008
5527992368788
5527981239920
5527981350091
5527993165393
5527992481452
5527992421894
5527981163481
5527988929219
5527992782673
5527992547228
5527981465184
5527981118792
5527993112659
5527998912987
5527992314226
5527981149936
5527992570376
5527992727826
5527992270575
5527981120161
5527981197385
5527981298070
5527993099420
5527992439751
5527981449476
5527988243748
5527992270228
5527981371721
5527992482187
5527981157257
5527992713217
5527992724382
5527997138579
5527992347104
5527981158479
5527981129068
5527981151274
5527992282031
5527981398893
5527988157957
5527988130311
5527981438511
5527992327296
5527981824400
5527992923252
5527988884043
5527981158349
5527992713763
5527992918739
5527992264591
5527992025623
5527981341268
5527992432700
5527988135428
5527992321641
5527981239254
5527992890006
5527988078813
5527998601622
5527992928116
5527993117240
5527988120227
5527981439884
5527992278198
5527981268000
5527988061196
5527992514335
5527988081069
5527981668723
5527988070222
5527992041302
5527981449816
5527992395257
5527988798672
5527992299035
5527981430468
5527993116666
5527996919312
5527981357604
5527988199520
5527988427823
5527997272462
5527999897475
5527992375627
5527992963769
5527992268726
5527988365990
5527992286316
5527988715108
5527988191745
5527988000883
5527992353597
5527988990438
5527992752775
5527992314182
5527988217459
5527981441020
5527999498094
5527981314638
5527981158687
5527981290761
5527992316107
5527992816088
5527992287718
5527993117951
5527992283339
5527981358080
5527996868291
5527988375037
5527992446058
5527988811973
5527988871926
5527988092602
5527992742755
5527992548228
5527992637133
5527981396364
5527988134538
5527988378221
5527988236315
5527988238110
5527992510016
5527992848840
5527992863908
5527988574515
5527988730833
5527992231639
5527992477672
5527999042732
5527992591191
5527981228147
5527981439451
5527981385697
5527998416750
5527992938014
5527992224743
5527992788273
5527999481691
5527992636291
5527988244569
5527981169801
5527992589282
5527992317305
5527992322683
5527981827236
5527992580129
5527988780358
5527992358416
5527998216095
5527992234971
5527992638799
5527992290463
5527999734108
5527988242298
5527988546037
5527981079392
5527988214683
5527988023520
5527981491122
5527992919223
5527988251107
5527981513029
5527981292806
5527988194769
5527992252263
5527981239190
5527981212003
5527992231385
5527981158671
5527988848693
5527981142405
5527993098776
5527992620922
5527992766488
5527981942600
5527992628836
5527992528023
5527988792466
5527992435721
5527992738743
5527988858314
5527992264382
5527992730519
5527997168146
5527992777331
5527981156899
5527981346362
5527992947438
5527981145130
5527988124726
5527992917046
5527981314386
5527981284447
5527981319139
5527992242458
5527988121828
5527992454072
5527999325345
5527992292776
5527981684554
5527981431203
5527992747719
5527992482983
5527992781765
5527988244053
5527992777389
5527992557213
5527992328360
5527993162441
5527992225821
5527992824858
5527981143764
5527999737712
5527992911545
5527993116650
5527992588571
5527992929184
5527981211411
5527981512805
5527992741143
5527992611325
5527988295122
5527992642205
5527992787776
5527992949297
5527992229538
5527981373700
5527992929009
5527992871020
5527992667845
5527981279737
5527981811009
5527981283589
5527988293046
5527981150368
5527992515722
5527981122225
5527981129317
5527988820559
5527981923332
5527988682606
5527988699949
5527992978279
5527992340381
5527992994479
5527988928550
5527988239688
5527988110941
5527992982099
5527981143998
5527992277693
5527988239411
5527988351963
5527988158431
5527992740830
5527993120953
5527981828892
5527988472760
5527999322042
5527992666392
5527992464975
5527988715902
5527981290961
5527988234030
5527992921848
5527992229701
5527988111768
5527992318446
5527992255172
5527981894334
5527988956022
5527992344828
5527992346108
5527992971406
5527992420386
5527981923637
5527992310362
5527988553533
5527981164392
5527988536611
5527992547045
5527992685462
5527988239802
5527999861541
5527988080171
5527988214595
5527981908885
5527988279859
5527999009904
5527992591981
5527981563313
5527981149859
5527992295848
5527981357007
5527992942624
5527992969444
5527981925474
5527992033145
5527988628886
5527988470094
5527992368819
5527988216940
5527988181605
5527992635769
5527981118772
5527992559734
5527988399103
5527992416586
5527992756067
5527981558920
5527992299979
5527988956519
5527981430355
5527992514945
5527999819943
5527981328650
5527992281215
5527992347365
5527988128451
5527988290716
5527992492301
5527992558715
5527988211339
5527988033233
5527992515963
5527992038766
5527992586644
5527981556775
5527992342476
5527988252120
5527981368600
5527988017811
5527981198975
5527992859053
5527988468861
5527992630916
5527998062291
5527992543167
5527992972342
5527981499071
5527988482913
5527988050006
5527981579545
5527992468772
5527992993734
5527992784763
5527981445645
5527992550257
5527981557321
5527981129139
5527992760480
5527981270065
5527999628513
5527981158144
5527981140199
5527992423318
5527981134019
5527981459475
5527981438564
5527999538058
5527992979630
5527992944713
5527992762500
5527992239738
5527981424378
5527988237802
5527992267391
5527981372131
5527992238507
5527981394069
5527988170306
5527988485282
5527992312188
5527992688320
5527992767799
5527992775991
5527988053064
5527988372467
5527981158653
5527988270799
5527988251958
5527981560098
5527995092493
5527981129855
5527981440368
5527992787999
5527992646781
5527992235360
5527992354842
5527992645282
5527992274082
5527981118187
5527981516713
5527997254643
5527981513731
5527988660690
5527981086046
5527981512448
5527981441645
5527988011147
5527988112214
5527992892439
5527981187806
5527981019265
5527992934275
5527981167600
5527992988719
5527992223938
5527992553866
5527988276621
5527981144679
5527988114054
5527981560100
5527992480962
5527992424772
5527992269171
5527981348442
5527981397422
5527992398307
5527992993861
5527988649034
5527981466023
5527988320447
5527992597644
5527981447518
5527992966935
5527988990059
5527981836790
5527981188778
5527981314389
5527999077888
5527999249897
5527992518865
5527992278716
5527992458590
5527988253739
5527981931116
5527981462400
5527988795950
5527981443800
5527992365539
5527992382663
5527992733544
5527992235276
5527993124520
5527992363982
5527992373024
5527992948236
5527992221236
5527992961452
5527981471084
5527981198002
5527988115532
5527992280719
5527981781991
5527981629333
5527997159673
5527981160665
5527981314886
5527992276787
5527981151105
5527988718002
5527988224407
5527992576346
5527999619800
5527992941509
5527988267964
5527992276973
5527992563145
5527992973117
5527988115145
5527988027590
5527992355709
5527988677792
5527993118376
5527995128510
5527992781277
5527988123534
5527981278298
5527993093375
5527981155424
5527992455245
5527992944990
5527988220954
5527993098559
5527981850805
5527992338647
5527988071503
5527988235540
5527992441107
5527981871111
5527988927365
5527992466846
5527992786370
5527992867126
5527992818883
5527992725595
5527999792506
5527992294614
5527981051040
5527992855382
5527981557134
5527992413979
5527992399430
5527988340672
5527981238972
5527999846031
5527988330556
5527981140334
5527981341134
5527988113478
5527999488489
5527988321790
5527993111696
5527992818583
5527988466389
5527988116338
5527988399432
5527992516067
5527992974264
5527998510721
5527998185508
5527988381309
5527988185747
5527981558911
5527981885335
5527981345771
5527981439984
5527992379723
5527992312350
5527999111070
5527992518864
5527992390573
5527981216591
5527981557835
5527992529980
5527992357702
5527988751769
5527988055117
5527992553230
5527981459891
5527992290974
5527992770331
5527992284084
5527981514234
5527992665957
5527988049318
5527992347306
5527992461882
5527999860325
5527988222849
5527981145639
5527992342402
5527988591514
5527981168564
5527988532702
5527992919025
5527992511322
5527998900342
5527992758816
5527996230708
5527999920312
5527981111543
5527992945189
5527988145551
5527981569714
5527981278250
5527992290862
5527981155874
5527992923501
5527981521235
5527981449784
5527981283971
5527998330081
5527992996610
5527981316214
5527981521587
5527993115091
5527988188583
5527981852322
5527988189369
5527988785743
5527992286620
5527992297936
5527981386326
5527988235605
5527992889016
5527999921057
5527992822644
5527992282425
5527992531534
5527981347758
5527992747927
5527988088152
5527988787886
5527988691663
5527992745768
5527981558697
5527992743665
5527992863692
5527992431778
5527981352578
5527998239904
5527981227711
5527992285139
5527992739499
5527992391958
5527997304544
5527981147156
5527988290678
5527981128781
5527992543076
5527993098129
5527992398673
5527988370638
5527992979271
5527981396744
5527988184671
5527998957189
5527992766665
5527992573529
5527993116959
5527992999463
5527988958336
5527996993520
5527993165057
5527992767660
5527992381019
5527988929306
5527999442406
5527981119946
5527992519345
5527992480560
5527988635887
5527988770437
5527988064471
5527992728590
5527988134214
5527981345772
5527988320858
5527992551840
5527992324689
5527988037967
5527981683940
5527988063432
5527992329119
5527992999614
5527988192583
5527981394973
5527988027785
5527981832325
5527988854015
5527981229716
5527988332103
5527988082950
5527988467765
5527981592801
5527992988538
5527981168555
5527988959500
5527996178667
5527992497864
5527992944497
5527992587113
5527992294838
5527992915043
5527988929340
5527981113367
5527992318573
5527992685015
5527981514790
5527981372041
5527981810066
5527992259305
5527981396337
5527992995564
5527992255953
5527981580020
5527999823433
5527992242473
5527999439098
5527992615262
5527992411456
5527981168777
5527992028988
5527988244391
5527992931117
5527999617879
5527992765599
5527992494921
5527981387335
5527988211989
5527993115932
5527981222985
5527992631868
5527981110953
5527992976761
5527992985251
5527981384200
5527992347030
5527981558759
5527992546381
5527992666028
5527988251293
5527992284214
5527981347251
5527992522433
5527996588008
5527988082143
5527992780830
5527981394654
5527996075925
5527981790807
5527992351096
5527981373867
5527992992580
5527981922423
5527988253732
5527988184431
5527992977063
5527992233920
5527999999656
5527992614300
5527992780392
5527981448765
5527992326250
5527988280572
5527988437014
5527988786869
5527988950155
5527981510161
5527992315418
5527992442617
5527981516041
5527992743815
5527992382065
5527992033509
5527992353460
5527988986491
5527992575642
5527988012673
5527988681423
5527981113245
5527988081771
5527988113103
5527988230748
5527981341553
5527988243815
5527988184719
5527992330324
5527992745067
5527988175020
5527988462774
5527981171374
5527992758124
5527996482236
5527992776950
5527992370767
5527981829313
5527988073688
5527992627967
5527981397097
5527988268774
5527992930921
5527992473901
5527992496201
5527988213537
5527992261861
5527988058405
5527992391852
5527988370269
5527992436469
5527988787345
5527988195044
5527988146785
5527981924847
5527992252238
5527992684262
5527988848310
5527981119352
5527981171544
5527992998769
5527992549494
5527992714218
5527992749910
5527992293294
5527988240868
5527992583727
5527992436361
5527992943243
5527992777267
5527988313480
5527992930089
5527992682438
5527992352826
5527981521341
5527981157408
5527992863131
5527981388331
5527988299725
5527988383938
5527992539758
5527981441274
5527999831090
5527992664687
5527988929229
5527981156210
5527988014623
5527992753842
5527992490592
5527988008779
5527981318643
5527981762829
5527988007283
5527981319078
5527992730152
5527992982336
5527988228077
5527992663025
5527992033004
5527992898987
5527981926677
5527992468539
5527992030508
5527988029768
5527981826668
5527992936680
5527988518211
5527992623345
5527992419879
5527992473249
5527992039793
5527992391731
5527992340379
5527988598124
5527992313903
5527988839404
5527988190819
5527988293881
5527992234880
5527988294044
5527981518105
5527992615511
5527992335704
5527981120965
5527999251014
5527981342115
5527992989061
5527981257171
5527988220085
5527992626736
5527992686517
5527992371579
5527981263200
5527988896328
5527992243560
5527992796892
5527981415062
5527992864930
5527992780421
5527988730028
5527988196249
5527988810231
5527992236374
5527981168118
5527992798398
5527992591541
5527992910581
5527993166694
5527992336680
5527992310735
5527981556614
5527992765573
5527992332843
5527992337616
5527981158383
5527981561324
5527992726213
5527981167892
5527995822705
5527981144287
5527988027948
5527988091638
5527981348199
5527992986696
5527981448950
5527992683821
5527988751726
5527992317603
5527981287177
5527992844761
5527992258729
5527988255705
5527988443707
5527981430631
5527992277400
5527981268874
5527988490821
5527981496643
5527992523265
5527988250331
5527992748183
5527981192969
5527992570884
5527981515045
5527988312866
5527981515816
5527992244877
5527981913131
5527988060912
5527992297565
5527981388963
5527981384475
5527992037309
5527988681047
5527988293605
5527981264499
5527992443978
5527992762342
5527981906300
5527988172294
5527988220011
5527981286887
5527992363863
5527992325196
5527992741443
5527981523646
5527988210542
5527981254050
5527992739598
5527988185359
5527999092358
5527981129053
5527988244595
5527992351630
5527988073049
5527999497066
5527992471838
5527981134803
5527981684042
5527992313865
5527992947692
5527988609507
5527999788829
5527988712714
5527992396861
5527981348840
5527992428097
5527999434443
5527981348624
5527981217114
5527992346430
5527992383163
5527992750118
5527992913296
5527981913003
5527992788936
5527981272119
5527988617590
5527992595852
5527992920061
5527988290708
5527992430097
5527992327657
5527997722844
5527992366656
5527981259382
5527981115702
5527981117544
5527988322378
5527981348126
5527992234383
5527981112050
5527981342132
5527981416150
5527992993021
5527988360266
5527992460213
5527992790088
5527981234200
5527988179515
5527997729588
5527988061469
5527981298174
5527992289957
5527992619877
5527988980090
5527981284552
5527988410822
5527992668089
5527992997605
5527988689211
5527988998950
5527988991016
5527988609968
5527992238716
5527981587728
5527981348180
5527992260485
5527988956266
5527981155309
5527988133926
5527981190197
5527992583117
5527992296580
5527992583753
5527988222830
5527992624300
5527992356413
5527981174206
5527981748998
5527988367086
5527998780345
5527988730507
5527981170708
5527992841751
5527993097657
5527992717700
5527992030474
5527981310134
5527992712298
5527981149278
5527981115602
5527981211648
5527992997259
5527992610952
5527981894040
5527992247417
5527992457267
5527992885149
5527981342013
5527992226332
5527988795862
5527992789664
5527981583870
5527992268945
5527998146070
5527992684827
5527992224026
5527988839209
5527993118434
5527981447537
5527992620430
5527992633594
5527992453811
5527992643321
5527992259443
5527988192842
5527992390659
5527992346659
5527992512964
5527992429628
5527992780726
5527992296991
5527993121364
5527981448852
5527998698177
5527988994330
5527992577654
5527992738106
5527992978743
5527992614884
5527992751433
5527988178952
5527992534012
5527992522617
5527988335427
5527988370274
5527992735735
5527992928464
5527992945718
5527988568907
5527992924111
5527999985494
5527981232728
5527992534989
5527992744748
5527992752639
5527981740057
5527992320223
5527992267487
5527988195176
5527981161626
5527992374832
5527992295919
5527981292211
5527992030929
5527992398553
5527992242245
5527992459323
5527999449728
5527988568678
5527992491042
5527981142190
5527992484795
5527992256873
5527992596342
5527992033649
5527988006092
5527981500188
5527988955920
5527988341209
5527992640799
5527981319784
5527992577242
5527992519390
5527981513728
5527992940266
5527988880631
5527981394243
5527992587565
5527992938964
5527988957129
5527992322562
5527992974866
5527981441563
5527981398628
5527988377899
5527992978124
5527992596314
5527981358740
5527981190258
5527992425046
5527981148576
5527981449851
5527992341685
5527992398734
5527988219700
5527988259529
5527988294043
5527992396908
5527988336584
5527992314602
5527988095747
5527992521660
5527992792989
5527997742404
5527988349792
5527992374607
5527981389300
5527992387820
5527981171094
5527992740059
5527992549591
5527981843535
5527992450377
5527981193031
5527992028248
5527988220634
5527981116796
5527992679482
5527992465274
5527981111340
5527988010697
5527981181817
5527981181319
5527992797742
5527981314323
5527999940284
5527997167404
5527981396229
5527988152882
5527992633837
5527992299899
5527981447480
5527992299510
5527992870059
5527992725975
5527992522271
5527988895832
5527981356789
5527992298813
5527981822076
5527992276412
5527988722926
5527992478089
5527992242970
5527981191417
5527992494070
5527992745209
5527981891115
5527992942696
5527988793427
5527996037430
5527997177738
5527992363809
5527992577922
5527981229725
5527992397926
5527992610566
5527992915005
5527992944248
5527992321428
5527992041197
5527981912299
5527992630222
5527996677047
5527992032378
5527981219305
5527981087777
5527992243694
5527997516841
5527992453846
5527992933593
5527992774591
5527992026819
5527997384978
5527995012006
5527988129697
5527988737192
5527998489507
5527992620206
5527988929915
5527992712596
5527992327565
5527992412438
5527992588633
5527992871146
5527988188675
5527988181716
5527988134198
5527988183958
5527981168605
5527992436729
5527992870524
5527992927693
5527988210056
5527992028455
5527981440769
5527988611586
5527992340576
5527992542796
5527988450937
5527992616765
5527992247769
5527999899960
5527992619450
5527992621410
5527992984008
5527993118039
5527988293892
5527992421939
5527992870998
5527988096232
5527992397158
5527981144408
5527992916957
5527992592273
5527981283605
5527996260087
5527981119243
5527988848659
5527981260138
5527988029997
5527981346763
5527997302061
5527981122954
5527992551805
5527981141155
5527992524001
5527988890244
5527992913110
5527992293625
5527988044133
5527992375470
5527981522019
5527981637346
5527981558806
5527988212561
5527981666699
5527981579851
5527988283441
5527992963015
5527981431176
5527981114427
5527988073484
5527992528032
5527981032368
5527981385357
5527992713527
5527992675758
5527981142131
5527992334759
5527992039239
5527992316207
5527988163132
5527988073841
5527992934934
5527981394221
5527992632526
5527992312658
5527988114327
5527981360145
5527997154372
5527981913233
5527992535192
5527981465337
5527981500800
5527997551896
5527988370271
5527988085848
5527981584985
5527992289158
5527992524841
5527992928340
5527988117778
5527992546424
5527992548326
5527988795024
5527981055551
5527981396370
5527981298202
5527992278190
5527992963305
5527992588525
5527992029808
5527992613292
5527981170138
5527997053388
5527992452541
5527992921990
5527988315503
5527992577327
5527999729141
5527992410435
5527981366965
5527992322784
5527992512026
5527992276691
5527992590689
5527992775359
5527988614411
5527988137178
5527981346683
5527981278817
5527988174735
5527993098918
5527988780653
5527992453505
5527981127555
5527981205275
5527992480383
5527992910965
5527992592494
5527992756324
5527992997140
5527988378808
5527992873910
5527992031564
5527988243012
5527992294858
5527992547483
5527992724733
5527992459362
5527988479845
5527988242985
5527992628490
5527992999068
5527999897368
5527981342283
5527992386829
5527988822085
5527992976624
5527992499680
5527992483767
5527992992687
5527992031007
5527992718629
5527993121363
5527981398198
5527981188046
5527999418521
5527992398280
5527981331946
5527981331949
5527992794017
5527992450671
5527988927006
5527988788625
5527992930040
5527988540768
5527992915680
5527992384555
5527981499119
5527988196273
5527988111479
5527992756693
5527992578654
5527992028370
5527992324458
5527981459308
5527981590130
5527981448751
5527988372143
5527988699297
5527992239548
5527981190748
5527981348508
5527992996648
5527992724834
5527992993024
5527988294034
5527981216661
5527992684728
5527992960691
5527981347863
5527992610591
5527992948133
5527992281635
5527993116398
5527992590074
5527981360809
5527999693023
5527992274000
5527988008260
5527988795772
5527981359174
5527992443970
5527992558773
5527988794002
5527988136329
5527992040934
5527992267665
5527981836900
5527988189443
5527992597304
5527988481974
5527992965703
5527981199171
5527992024976
5527992963073
5527992240314
5527992745075
5527992765097
5527992233664
5527988956890
5527992641978
5527988952318
5527992961414
5527981287927
5527988242470
5527992333800
5527992923630
5527981278970
5527992370777
5527992961558
5527992382775
5527992541732
5527992250906
5527992962433
5527981347970
5527992945961
5527999697831
5527992348568
5527992995228
5527981380683
5527992866818
5527988291770
5527981427585
5527996523886
5527992028488
5527981827934
5527992495679
5527992228543
5527992610912
5527981514591
5527988797483
5527981912992
5527988239147
5527992268661
5527988014557
5527988929314
5527981269936
5527988156444
5527981282863
5527981329030
5527981520502
5527992893853
5527992969607
5527981515496
5527992427507
5527981116070
5527992277146
5527992324076
5527992788823
5527998088003
5527992617623
5527996095796
5527992875461
5527988140907
5527992577751
5527992960946
5527981828557
5527992544445
5527981430337
5527981630997
5527981341191
5527988182063
5527992395302
5527981515603
5527999535493
5527992969796
5527981110655
5527992029777
5527981381578
5527992818907
5527988751717
5527992789046
5527992240108
5527992870116
5527992385005
5527992996555
5527988221243
5527997443812
5527998097623
5527981382191
5527993120090
5527992832601
5527992982029
5527981119503
5527988215718
5527981149724
5527999960026
5527998628504
5527988074688
5527981161020
5527981158296
5527992025756
5527988135725
5527988248807
5527992423125
5527992230504
5527992372737
5527992966202
5527992256799
5527992555084
5527981164111
5527988154735
5527992475537
5527981348563
5527981324029
5527988961591
5527992564829
5527981679377
5527981358033
5527992798248
5527981315713
5527988492212
5527992239996
5527992779658
5527981348546
5527988184550
5527992261489
5527981445677
5527981155836
5527998340104
5527992445787
5527992274903
5527992898901
5527992718432
5527992988318
5527981512573
5527992039032
5527992254487
5527992635185
5527992230453
5527981883663
5527981198497
5527981342333
5527992244586
5527992387596
5527992461125
5527992472486
5527997466775
5527988150915
5527992971193
5527992987687
5527992557522
5527992319079
5527992923530
5527981584447
5527992493715
5527988929920
5527992343451
5527995788606
5527992033636
5527992272641
5527992511012
5527998467877
5527981284008
5527992599642
5527981229146
5527992034162
5527992277739
5527981353935
5527988317447
5527992719461
5527992923150
5527997308996
5527981345897
5527981902500
5527992766655
5527992240368
5527988553392
5527999400374
5527992558159
5527992612532
5527981354206
5527993126034
5527981781000
5527988353001
5527988547599
5527981110698
5527992929353
5527992768082
5527992228101
5527992818647
5527992913452
5527992234918
5527992284158
5527992454259
5527988495135
5527981913130
5527981415419
5527993098024
5527981348215
5527981723837
5527999216152
5527988025392
5527988018244
5527988682195
5527992510535
5527988317025
5527992610001
5527996074426
5527998455909
5527992512416
5527992798451
5527981585170
5527988145928
5527988430230
5527992924435
5527988469963
5527999448264
5527988795326
5527993091787
5527988925844
5527988749730
5527988680888
5527988244041
5527996240180
5527988790309
5527992326287
5527981440244
5527981214529
5527992834224
5527981441111
5527981278749
5527992314872
5527988859853
5527992927729
5527992672720
5527988362012
5527992389027
5527988750684
5527997471975
5527999631817
5527988467194
5527992438823
5527988113466
5527992357549
5527981374348
5527999895437
5527981278728
5527988163924
5527999716647
5527992979507
5527992235700
5527981399215
5527992285166
5527988789858
5527981298077
5527992899003
5527992587799
5527981125986
5527981459256
5527992844481
5527993126941
5527981318156
5527992615694
5527992595239
5527981157616
5527981121219
5527997209001
5527981190130
5527999438274
5527988051070
5527988255036
5527992524274
5527992028012
5527988750219
5527988450118
5527998480421
5527981114389
5527992264289
5527981156255
5527988849467
5527988160491
5527992417510
5527992916546
5527981700058
5527981515397
5527992362077
5527992364118
5527992337140
5527981513038
5527998354200
5527981367226
5527981273706
5527993165387
5527988430206
5527992735879
5527988133812
5527992388978
5527992321499
5527981155426
5527988050899
5527992625513
5527992443067
5527981395846
5527981619799
5527981426369
5527981397461
5527981350967
5527996870487
5527992548489
5527993126014
5527988420674
5527981212870
5527992280306
5527988751735
5527981342274
5527988028851
5527992331714
5527981318402
5527999023482
5527992585181
5527981150190
5527992370161
5527981343413
5527992984670
5527992389774
5527988377266
5527981122040
5527992916329
5527981110997
5527993113839
5527988192824
5527981182013
5527992358895
5527992332316
5527992260337
5527992353487
5527992227148
5527992364565
5527992999104
5527981441512
5527992531099
5527992940318
5527992348465
5527999108143
5527981791001
5527981198460
5527981585017
5527992676672
5527981396907
5527992522000
5527988848873
5527999828271
5527992491988
5527981496208
5527992380516
