5511993872196
5511993872222
5511993872232
5511993872243
5511993872253
5511993872255
5511993872280
5511993872342
5511993872344
5511993872355
5511993872361
5511993872385
5511993872389
5511993872394
5511993872399
5511993872402
5511993872423
5511993872432
5511993872445
5511993872459
5511993872466
5511993872487
5511993872492
5511993872502
5511993872550
5511993872561
5511993872575
5511993872583
5511993872592
5511993872606
5511993872632
5511993872643
5511993872675
5511993872676
5511993872697
5511993872766
5511993872771
5511993872777
5511993872811
5511993872812
5511993872817
5511993872835
5511993872868
5511993872874
5511993872898
5511993872910
5511993872922
5511993872930
5511993872935
5511993872942
5511993872955
5511993872964
5511993872969
5511993873001
5511993873002
5511993873023
5511993873035
5511993873074
5511993873104
5511993873107
5511993873123
5511993873126
5511993873133
5511993873160
5511993873168
5511993873175
5511993873229
5511993873266
5511993873304
5511993873329
5511993873345
5511993873391
5511993873417
5511993873456
5511993873521
5511993873531
5511993873544
5511993873555
5511993873561
5511993873575
5511993873600
5511993873631
5511993873644
5511993873646
5511993873653
5511993873678
5511993873680
5511993873684
5511993873690
5511993873724
5511993873737
5511993873740
5511993873748
5511993873751
5511993873765
5511993873769
5511993873785
5511993873794
5511993873796
5511993873798
5511993873869
5511993873878
5511993873882
5511993873883
5511993873917
5511993873927
5511993873930
5511993873939
5511993873958
5511993873981
5511993873985
5511993873986
5511993873993
5511993874046
5511993874051
5511993874060
5511993874062
5511993874063
5511993874073
5511993874120
5511993874122
5511993874160
5511993874168
5511993874176
5511993874180
5511993874197
5511993874215
5511993874217
5511993874234
5511993874243
5511993874250
5511993874269
5511993874270
5511993874277
5511993874308
5511993874319
5511993874320
5511993874321
5511993874332
5511993874336
5511993874337
5511993874343
5511993874347
5511993874349
5511993874361
5511993874389
5511993874392
5511993874393
5511993874420
5511993874456
5511993874466
5511993874496
5511993874502
5511993874508
5511993874536
5511993874537
5511993874556
5511993874558
5511993874597
5511993874613
5511993874615
5511993874635
5511993874668
5511993874703
5511993874725
5511993874726
5511993874733
5511993874738
5511993874752
5511993874759
5511993874783
5511993874791
5511993874815
5511993874820
5511993874825
5511993874865
5511993874891
5511993874905
5511993874930
5511993874934
5511993874942
5511993874959
5511993874969
5511993874973
5511993874974
5511993874983
5511993874986
5511993875009
5511993875033
5511993875051
5511993875057
5511993875058
5511993875066
5511993875088
5511993875103
5511993875110
5511993875114
5511993875155
5511993875190
5511993875206
5511993875207
5511993875209
5511993875211
5511993875215
5511993875284
5511993875302
5511993875303
5511993875323
5511993875341
5511993875350
5511993875358
5511993875361
5511993875376
5511993875379
5511993875381
5511993875382
5511993875395
5511993875403
5511993875415
5511993875432
5511993875436
5511993875447
5511993875449
5511993875450
5511993875455
5511993875473
5511993875480
5511993875481
5511993875518
5511993875532
5511993875557
5511993875574
5511993875579
5511993875591
5511993875602
5511993875609
5511993875613
5511993875638
5511993875639
5511993875667
5511993875668
5511993875673
5511993875684
5511993875690
5511993875691
5511993875694
5511993875708
5511993875776
5511993875785
5511993875800
5511993875805
5511993875860
5511993875881
5511993875903
5511993875905
5511993875971
5511993875981
5511993875997
5511993876006
5511993876028
5511993876034
5511993876054
5511993876059
5511993876077
5511993876130
5511993876131
5511993876186
5511993876203
5511993876208
5511993876231
5511993876237
5511993876261
5511993876266
5511993876290
5511993876296
5511993876298
5511993876302
5511993876305
5511993876315
5511993876322
5511993876326
5511993876332
5511993876335
5511993876387
5511993876390
5511993876392
5511993876399
5511993876421
5511993876429
5511993876456
5511993876461
5511993876467
5511993876468
5511993876477
5511993876480
5511993876484
5511993876489
5511993876500
5511993876504
5511993876537
5511993876543
5511993876556
5511993876562
5511993876564
5511993876567
5511993876570
5511993876576
5511993876580
5511993876602
5511993876604
5511993876616
5511993876617
5511993876623
5511993876653
5511993876663
5511993876676
5511993876688
5511993876700
5511993876710
5511993876712
5511993876713
5511993876715
5511993876722
5511993876753
5511993876762
5511993876764
5511993876789
5511993876792
5511993876793
5511993876823
5511993876840
5511993876891
5511993876944
5511993876949
5511993876974
5511993876987
5511993876992
5511993876993
5511993877007
5511993877021
5511993877023
5511993877057
5511993877069
5511993877080
5511993877105
5511993877108
5511993877123
5511993877130
5511993877136
5511993877151
5511993877176
5511993877187
5511993877217
5511993877219
5511993877230
5511993877243
5511993877250
5511993877282
5511993877290
5511993877296
5511993877305
5511993877310
5511993877312
5511993877318
5511993877332
5511993877334
5511993877357
5511993877376
5511993877406
5511993877439
5511993877476
5511993877489
5511993877516
5511993877557
5511993877590
5511993877595
5511993877613
5511993877625
5511993877626
5511993877656
5511993877658
5511993877660
5511993877671
5511993877692
5511993877696
5511993877707
5511993877712
5511993877740
5511993877799
5511993877809
5511993877820
5511993877828
5511993877841
5511993877845
5511993877847
5511993877862
5511993877886
5511993877893
5511993877901
5511993877914
5511993877925
5511993877926
5511993877941
5511993877942
5511993877944
5511993877946
5511993877952
5511993877967
5511993877969
5511993877970
5511993877971
5511993877982
5511993877987
5511993877994
5511993878003
5511993878004
5511993878013
5511993878020
5511993878023
5511993878051
5511993878054
5511993878063
5511993878075
5511993878076
5511993878114
5511993878165
5511993878196
5511993878213
5511993878230
5511993878243
5511993878249
5511993878273
5511993878292
5511993878309
5511993878332
5511993878335
5511993878338
5511993878351
5511993878388
5511993878402
5511993878403
5511993878416
5511993878423
5511993878438
5511993878476
5511993878499
5511993878523
5511993878548
5511993878568
5511993878576
5511993878586
5511993878587
5511993878591
5511993878601
5511993878604
5511993878623
5511993878625
5511993878657
5511993878687
5511993878694
5511993878700
5511993878727
5511993878736
5511993878744
5511993878753
5511993878758
5511993878792
5511993878801
5511993878811
5511993878812
5511993878832
5511993878838
5511993878840
5511993878854
5511993878903
5511993878911
5511993878917
5511993878936
5511993878944
5511993878945
5511993878946
5511993878948
5511993878950
5511993878965
5511993878981
5511993879000
5511993879006
5511993879008
5511993879030
5511993879032
5511993879042
5511993879045
5511993879059
5511993879072
5511993879127
5511993879142
5511993879180
5511993879182
5511993879231
5511993879242
5511993879249
5511993879255
5511993879265
5511993879268
5511993879269
5511993879294
5511993879301
5511993879330
5511993879346
5511993879351
5511993879356
5511993879358
5511993879367
5511993879374
5511993879387
5511993879392
5511993879393
5511993879398
5511993879400
5511993879402
5511993879405
5511993879410
5511993879415
5511993879419
5511993879439
5511993879458
5511993879488
5511993879503
5511993879505
5511993879528
5511993879540
5511993879550
5511993879551
5511993879555
5511993879562
5511993879563
5511993879566
5511993879588
5511993879589
5511993879600
5511993879602
5511993879622
5511993879628
5511993879639
5511993879644
5511993879649
5511993879659
5511993879696
5511993879703
5511993879718
5511993879720
5511993879730
5511993879732
5511993879736
5511993879737
5511993879773
5511993879819
5511993879833
5511993879844
5511993879850
5511993879851
5511993879889
5511993879892
5511993879897
5511993879911
5511993879913
5511993879931
5511993879936
5511993879938
5511993879950
5511993879977
5511993879991
5511993879996
5511993880013
5511993880049
5511993880097
5511993880105
5511993880118
5511993880119
5511993880127
5511993880129
5511993880144
5511993880149
5511993880161
5511993880168
5511993880191
5511993880207
5511993880221
5511993880287
5511993880288
5511993880318
5511993880320
5511993880388
5511993880417
5511993880423
5511993880431
5511993880440
5511993880457
5511993880459
5511993880471
5511993880485
5511993880493
5511993880495
5511993880513
5511993880530
5511993880532
5511993880541
5511993880565
5511993880574
5511993880597
5511993880603
5511993880627
5511993880641
5511993880657
5511993880715
5511993880718
5511993880732
5511993880757
5511993880777
5511993880824
5511993880883
5511993880884
5511993880904
5511993880907
5511993880926
5511993880929
5511993880939
5511993880958
5511993880965
5511993881017
5511993881026
5511993881027
5511993881113
5511993881121
5511993881124
5511993881148
5511993881154
5511993881187
5511993881191
5511993881207
5511993881256
5511993881257
5511993881300
5511993881307
5511993881310
5511993881320
5511993881322
5511993881325
5511993881339
5511993881345
5511993881364
5511993881369
5511993881402
5511993881411
5511993881423
5511993881427
5511993881439
5511993881474
5511993881479
5511993881512
5511993881534
5511993881557
5511993881573
5511993881577
5511993881583
5511993881586
5511993881599
5511993881600
5511993881608
5511993881623
5511993881637
5511993881650
5511993881662
5511993881678
5511993881680
5511993881703
5511993881708
5511993881735
5511993881750
5511993881751
5511993881753
5511993881756
5511993881775
5511993881784
5511993881785
5511993881798
5511993881818
5511993881843
5511993881866
5511993881870
5511993881883
5511993881890
5511993881895
5511993881907
5511993881908
5511993881916
5511993881920
5511993881947
5511993881966
5511993881975
5511993881976
5511993881982
5511993881989
5511993881994
5511993882009
5511993882016
5511993882028
5511993882060
5511993882064
5511993882091
5511993882095
5511993882106
5511993882112
5511993882120
5511993882128
5511993882139
5511993882140
5511993882141
5511993882142
5511993882145
5511993882157
5511993882162
5511993882173
5511993882180
5511993882189
5511993882191
5511993882202
5511993882206
5511993882228
5511993882252
5511993882284
5511993882319
5511993882328
5511993882347
5511993882349
5511993882352
5511993882363
5511993882368
5511993882376
5511993882390
5511993882394
5511993882395
5511993882409
5511993882433
5511993882455
5511993882458
5511993882471
5511993882486
5511993882487
5511993882496
5511993882509
5511993882516
5511993882521
5511993882548
5511993882585
5511993882605
5511993882608
5511993882611
5511993882629
5511993882648
5511993882655
5511993882735
5511993882759
5511993882783
5511993882891
5511993882892
5511993882902
5511993882920
5511993882940
5511993882943
5511993882949
5511993882953
5511993882963
5511993883019
5511993883028
5511993883035
5511993883063
5511993883072
5511993883087
5511993883097
5511993883098
5511993883104
5511993883105
5511993883110
5511993883122
5511993883125
5511993883127
5511993883148
5511993883150
5511993883160
5511993883164
5511993883169
5511993883191
5511993883210
5511993883216
5511993883219
5511993883223
5511993883231
5511993883238
5511993883251
5511993883265
5511993883272
5511993883313
5511993883373
5511993883422
5511993883429
5511993883453
5511993883504
5511993883523
5511993883526
5511993883537
5511993883538
5511993883548
5511993883586
5511993883592
5511993883600
5511993883628
5511993883635
5511993883638
5511993883648
5511993883667
5511993883681
5511993883688
5511993883705
5511993883713
5511993883730
5511993883736
5511993883742
5511993883801
5511993883816
5511993883847
5511993883849
5511993883896
5511993883919
5511993883958
5511993884024
5511993884028
5511993884079
5511993884090
5511993884101
5511993884108
5511993884144
5511993884179
5511993884199
5511993884208
5511993884222
5511993884234
5511993884245
5511993884285
5511993884287
5511993884335
5511993884347
5511993884375
5511993884403
5511993884404
5511993884426
5511993884434
5511993884451
5511993884453
5511993884455
5511993884456
5511993884459
5511993884479
5511993884487
5511993884502
5511993884533
5511993884537
5511993884553
5511993884586
5511993884587
5511993884592
5511993884594
5511993884608
5511993884643
5511993884645
5511993884666
5511993884670
5511993884671
5511993884674
5511993884686
5511993884695
5511993884701
5511993884710
5511993884715
5511993884716
5511993884744
5511993884753
5511993884766
5511993884776
5511993884780
5511993884785
5511993884787
5511993884807
5511993884831
5511993884836
5511993884845
5511993884848
5511993884858
5511993884860
5511993884867
5511993884873
5511993884877
5511993884879
5511993884881
5511993884895
5511993884898
5511993884920
5511993884927
5511993884948
5511993884949
5511993884976
5511993884986
5511993884987
5511993884996
5511993884998
5511993885001
5511993885008
5511993885010
5511993885039
5511993885046
5511993885053
5511993885061
5511993885062
5511993885073
5511993885075
5511993885078
5511993885082
5511993885085
5511993885088
5511993885096
5511993885099
5511993885101
5511993885107
5511993885110
5511993885114
5511993885115
5511993885116
5511993885118
5511993885126
5511993885130
5511993885136
5511993885139
5511993885143
5511993885153
5511993885161
5511993885171
5511993885180
5511993885194
5511993885208
5511993885226
5511993885232
5511993885236
5511993885244
5511993885263
5511993885265
5511993885285
5511993885300
5511993885332
5511993885336
5511993885398
5511993885402
5511993885403
5511993885405
5511993885443
5511993885445
5511993885518
5511993885543
5511993885558
5511993885582
5511993885598
5511993885608
5511993885624
5511993885645
5511993885655
5511993885660
5511993885672
5511993885682
5511993885737
5511993885742
5511993885756
5511993885770
5511993885794
5511993885802
5511993885831
5511993885839
5511993885844
5511993885848
5511993885854
5511993885860
5511993885877
5511993885905
5511993885919
5511993885937
5511993885943
5511993885957
5511993886005
5511993886018
5511993886094
5511993886101
5511993886107
5511993886114
5511993886128
5511993886133
5511993886155
5511993886166
5511993886179
5511993886212
5511993886266
5511993886279
5511993886333
5511993886368
5511993886394
5511993886410
5511993886460
5511993886470
5511993886508
5511993886543
5511993886578
5511993886600
5511993886633
5511993886643
5511993886646
5511993886662
5511993886681
5511993886714
5511993886715
5511993886718
5511993886722
5511993886749
5511993886760
5511993886761
5511993886775
5511993886776
5511993886779
5511993886783
5511993886790
5511993886802
5511993886828
5511993886840
5511993886845
5511993886867
5511993886876
5511993886881
5511993886882
5511993886888
5511993886915
5511993886917
5511993886924
5511993886928
5511993886944
5511993886959
5511993886963
5511993886967
5511993886990
5511993886992
5511993886998
5511993887005
5511993887025
5511993887057
5511993887060
5511993887062
5511993887076
5511993887082
5511993887083
5511993887085
5511993887087
5511993887090
5511993887108
5511993887110
5511993887113
5511993887127
5511993887135
5511993887144
5511993887163
5511993887164
5511993887165
5511993887171
5511993887176
5511993887178
5511993887188
5511993887200
5511993887210
5511993887225
5511993887230
5511993887234
5511993887238
5511993887241
5511993887245
5511993887251
5511993887262
5511993887264
5511993887268
5511993887277
5511993887278
5511993887279
5511993887293
5511993887296
5511993887299
5511993887301
5511993887316
5511993887317
5511993887333
5511993887335
5511993887346
5511993887351
5511993887356
5511993887369
5511993887371
5511993887383
5511993887404
5511993887412
5511993887414
5511993887418
5511993887426
5511993887440
5511993887446
5511993887452
5511993887456
5511993887479
5511993887549
5511993887561
5511993887567
5511993887584
5511993887589
5511993887611
5511993887617
5511993887618
5511993887634
5511993887649
5511993887655
5511993887660
5511993887662
5511993887664
5511993887667
5511993887681
5511993887693
5511993887714
5511993887716
5511993887721
5511993887722
5511993887727
5511993887734
5511993887747
5511993887753
5511993887756
5511993887763
5511993887766
5511993887770
5511993887790
5511993887794
5511993887795
5511993887797
5511993887814
5511993887817
5511993887818
5511993887820
5511993887858
5511993887860
5511993887869
5511993887891
5511993887892
5511993887894
5511993887898
5511993887910
5511993887929
5511993887952
5511993887964
5511993887969
5511993887977
5511993887980
5511993888002
5511993888020
5511993888066
5511993888069
5511993888075
5511993888078
5511993888091
5511993888103
5511993888110
5511993888112
5511993888113
5511993888160
5511993888168
5511993888174
5511993888178
5511993888183
5511993888186
5511993888205
5511993888209
5511993888216
5511993888224
5511993888257
5511993888260
5511993888261
5511993888271
5511993888275
5511993888290
5511993888310
5511993888320
5511993888322
5511993888329
5511993888331
5511993888351
5511993888354
5511993888359
5511993888378
5511993888408
5511993888411
5511993888425
5511993888426
5511993888431
5511993888436
5511993888445
5511993888473
5511993888477
5511993888490
5511993888493
5511993888494
5511993888497
5511993888500
5511993888502
5511993888510
5511993888512
5511993888520
5511993888524
5511993888530
5511993888537
5511993888540
5511993888563
5511993888574
5511993888577
5511993888580
5511993888586
5511993888614
5511993888616
5511993888623
5511993888647
5511993888663
5511993888667
5511993888678
5511993888681
5511993888685
5511993888697
5511993888698
5511993888702
5511993888706
5511993888707
5511993888708
5511993888709
5511993888711
5511993888712
5511993888713
5511993888714
5511993888719
5511993888720
5511993888722
5511993888734
5511993888740
5511993888756
5511993888775
5511993888784
5511993888795
5511993888796
5511993888797
5511993888813
5511993888846
5511993888849
5511993888851
5511993888852
5511993888858
5511993888862
5511993888866
5511993888867
5511993888894
5511993888898
5511993888905
5511993888918
5511993888935
5511993888942
5511993888956
5511993888961
5511993888973
5511993888994
5511993889002
5511993889008
5511993889011
5511993889018
5511993889019
5511993889027
5511993889029
5511993889031
5511993889061
5511993889082
5511993889086
5511993889104
5511993889113
5511993889120
5511993889129
5511993889141
5511993889152
5511993889159
5511993889168
5511993889176
5511993889177
5511993889198
5511993889215
5511993889218
5511993889225
5511993889232
5511993889237
5511993889240
5511993889246
5511993889248
5511993889256
5511993889259
5511993889267
5511993889271
5511993889293
5511993889297
5511993889300
5511993889322
5511993889327
5511993889338
5511993889340
5511993889343
5511993889368
5511993889371
5511993889372
5511993889378
5511993889394
5511993889395
5511993889397
5511993889414
5511993889438
5511993889450
5511993889455
5511993889456
5511993889468
5511993889474
5511993889490
5511993889515
5511993889516
5511993889526
5511993889533
5511993889534
5511993889538
5511993889551
5511993889553
5511993889558
5511993889559
5511993889579
5511993889584
5511993889590
5511993889608
5511993889613
5511993889617
5511993889621
5511993889633
5511993889641
5511993889648
5511993889682
5511993889706
5511993889728
5511993889748
5511993889778
5511993889788
5511993889798
5511993889801
5511993889803
5511993889815
5511993889843
5511993889848
5511993889851
5511993889876
5511993889885
5511993889891
5511993889892
5511993889896
5511993889898
5511993889901
5511993889919
5511993889928
5511993889937
5511993889947
5511993889970
5511993889975
5511993890032
5511993890064
5511993890071
5511993890086
5511993890091
5511993890099
5511993890139
5511993890164
5511993890172
5511993890180
5511993890202
5511993890203
5511993890209
5511993890210
5511993890234
5511993890237
5511993890263
5511993890271
5511993890277
5511993890279
5511993890283
5511993890291
5511993890313
5511993890316
5511993890325
5511993890364
5511993890382
5511993890391
5511993890394
5511993890433
5511993890436
5511993890438
5511993890441
5511993890448
5511993890455
5511993890463
5511993890466
5511993890481
5511993890488
5511993890489
5511993890496
5511993890500
5511993890502
5511993890508
5511993890514
5511993890524
5511993890531
5511993890541
5511993890543
5511993890581
5511993890584
5511993890589
5511993890593
5511993890601
5511993890615
5511993890626
5511993890628
5511993890683
5511993890725
5511993890744
5511993890752
5511993890754
5511993890762
5511993890764
5511993890782
5511993890821
5511993890825
5511993890835
5511993890836
5511993890848
5511993890857
5511993890864
5511993890867
5511993890875
5511993890876
5511993890877
5511993890881
5511993890912
5511993890922
5511993890926
5511993890940
5511993890942
5511993890943
5511993890956
5511993890970
5511993890971
5511993890984
5511993891016
5511993891042
5511993891049
5511993891054
5511993891058
5511993891064
5511993891150
5511993891167
5511993891178
5511993891195
5511993891214
5511993891220
5511993891233
5511993891242
5511993891253
5511993891281
5511993891289
5511993891295
5511993891299
5511993891330
5511993891371
5511993891373
5511993891376
5511993891378
5511993891381
5511993891404
5511993891414
5511993891427
5511993891448
5511993891469
5511993891495
5511993891501
5511993891504
5511993891525
5511993891538
5511993891553
5511993891555
5511993891565
5511993891584
5511993891592
5511993891627
5511993891636
5511993891645
5511993891656
5511993891699
5511993891732
5511993891733
5511993891779
5511993891788
5511993891791
5511993891803
5511993891804
5511993891862
5511993891866
5511993891896
5511993891911
5511993891938
5511993891980
5511993891998
5511993892015
5511993892048
5511993892050
5511993892070
5511993892127
5511993892129
5511993892148
5511993892152
5511993892153
5511993892171
5511993892207
5511993892210
5511993892224
5511993892264
5511993892272
5511993892280
5511993892311
5511993892313
5511993892342
5511993892347
5511993892390
5511993892400
5511993892403
5511993892464
5511993892472
5511993892488
5511993892500
5511993892514
5511993892520
5511993892545
5511993892570
5511993892578
5511993892580
5511993892603
5511993892605
5511993892659
5511993892661
5511993892667
5511993892676
5511993892721
5511993892733
5511993892744
5511993892747
5511993892752
5511993892757
5511993892758
5511993892760
5511993892774
5511993892792
5511993892800
5511993892814
5511993892824
5511993892852
5511993892859
5511993892869
5511993892886
5511993892894
5511993892906
5511993892926
5511993892931
5511993892935
5511993892946
5511993892982
5511993892997
5511993893012
5511993893057
5511993893061
5511993893063
5511993893064
5511993893077
5511993893079
5511993893089
5511993893102
5511993893115
5511993893133
5511993893137
5511993893138
5511993893140
5511993893186
5511993893199
5511993893205
5511993893208
5511993893213
5511993893254
5511993893258
5511993893282
5511993893285
5511993893286
5511993893320
5511993893325
5511993893334
5511993893343
5511993893347
5511993893361
5511993893365
5511993893380
5511993893386
5511993893395
5511993893403
5511993893439
5511993893444
5511993893466
5511993893492
5511993893535
5511993893553
5511993893558
5511993893559
5511993893577
5511993893606
5511993893642
5511993893669
5511993893674
5511993893692
5511993893701
5511993893750
5511993893756
5511993893764
5511993893772
5511993893784
5511993893792
5511993893806
5511993893815
5511993893823
5511993893833
5511993893837
5511993893845
5511993893864
5511993893868
5511993893908
5511993893912
5511993893916
5511993893932
5511993893934
5511993893946
5511993893951
5511993893974
5511993893982
5511993893993
5511993894012
5511993894018
5511993894019
5511993894024
5511993894026
5511993894038
5511993894046
5511993894065
5511993894072
5511993894076
5511993894085
5511993894088
5511993894155
5511993894158
5511993894172
5511993894196
5511993894204
5511993894206
5511993894242
5511993894257
5511993894275
5511993894365
5511993894375
5511993894404
5511993894409
5511993894414
5511993894418
5511993894431
5511993894434
5511993894436
5511993894511
5511993894564
5511993894581
5511993894588
5511993894590
5511993894593
5511993894597
5511993894631
5511993894645
5511993894650
5511993894653
5511993894690
5511993894707
5511993894715
5511993894751
5511993894791
5511993894797
5511993894807
5511993894822
5511993894842
5511993894852
5511993894856
5511993894859
5511993894861
5511993894862
5511993894933
5511993894973
5511993894975
5511993894979
5511993894991
5511993895000
5511993895007
5511993895040
5511993895059
5511993895065
5511993895069
5511993895073
5511993895081
5511993895085
5511993895088
5511993895105
5511993895120
5511993895139
5511993895195
5511993895202
5511993895210
5511993895227
5511993895239
5511993895250
5511993895270
5511993895329
5511993895330
5511993895340
5511993895351
5511993895367
5511993895377
5511993895383
5511993895386
5511993895407
5511993895409
5511993895413
5511993895421
5511993895425
5511993895430
5511993895446
5511993895452
5511993895464
5511993895514
5511993895537
5511993895595
5511993895600
5511993895621
5511993895636
5511993895640
5511993895683
5511993895684
5511993895707
5511993895710
5511993895720
5511993895721
5511993895766
5511993895777
5511993895823
5511993895840
5511993895884
5511993895933
5511993895937
5511993895967
5511993895982
5511993895992
5511993896005
5511993896027
5511993896054
5511993896085
5511993896111
5511993896121
5511993896133
5511993896135
5511993896146
5511993896159
5511993896181
5511993896188
5511993896221
5511993896223
5511993896226
5511993896238
5511993896242
5511993896256
5511993896270
5511993896296
5511993896318
5511993896322
5511993896345
5511993896359
5511993896361
5511993896381
5511993896413
5511993896429
5511993896432
5511993896442
5511993896476
5511993896492
5511993896516
5511993896551
5511993896558
5511993896566
5511993896573
5511993896574
5511993896580
5511993896627
5511993896637
5511993896640
5511993896655
5511993896669
5511993896687
5511993896715
5511993896717
5511993896720
5511993896730
5511993896766
5511993896769
5511993896790
5511993896814
5511993896841
5511993896857
5511993896864
5511993896870
5511993896893
5511993896895
5511993896900
5511993896911
5511993896929
5511993896938
5511993896983
5511993897022
5511993897026
5511993897101
5511993897102
5511993897110
5511993897132
5511993897150
5511993897159
5511993897174
5511993897177
5511993897183
5511993897184
5511993897198
5511993897228
5511993897320
5511993897333
5511993897339
5511993897355
5511993897376
5511993897412
5511993897432
5511993897450
5511993897457
5511993897472
5511993897511
5511993897546
5511993897552
5511993897575
5511993897617
5511993897656
5511993897671
5511993897673
5511993897676
5511993897697
5511993897722
5511993897728
5511993897731
5511993897744
5511993897771
5511993897774
5511993897782
5511993897817
5511993897827
5511993897832
5511993897848
5511993897878
5511993897885
5511993897887
5511993897908
5511993898032
5511993898035
5511993898067
5511993898073
5511993898074
5511993898076
5511993898094
5511993898096
5511993898099
5511993898116
5511993898123
5511993898126
5511993898143
5511993898189
5511993898200
5511993898201
5511993898210
5511993898224
5511993898225
5511993898231
5511993898232
5511993898247
5511993898278
5511993898288
5511993898296
5511993898303
5511993898306
5511993898314
5511993898329
5511993898334
5511993898379
5511993898396
5511993898397
5511993898403
5511993898417
5511993898443
5511993898445
5511993898478
5511993898501
5511993898520
5511993898544
5511993898559
5511993898607
5511993898608
5511993898623
5511993898632
5511993898645
5511993898661
5511993898683
5511993898721
5511993898740
5511993898745
5511993898757
5511993898764
5511993898765
5511993898769
5511993898791
5511993898795
5511993898801
5511993898817
5511993898842
5511993898846
5511993898850
5511993898853
5511993898875
5511993898896
5511993898907
5511993898915
5511993898920
5511993898942
5511993898974
5511993898980
5511993898983
5511993898991
5511993898998
5511993899009
5511993899012
5511993899021
5511993899028
5511993899063
5511993899071
5511993899084
5511993899092
5511993899094
5511993899102
5511993899118
5511993899158
5511993899210
5511993899216
5511993899234
5511993899323
5511993899358
5511993899360
5511993899367
5511993899385
5511993899398
5511993899415
