5511993822464
5511993822473
5511993822486
5511993822509
5511993822534
5511993822551
5511993822596
5511993822601
5511993822604
5511993822620
5511993822624
5511993822636
5511993822675
5511993822688
5511993822696
5511993822703
5511993822712
5511993822731
5511993822733
5511993822736
5511993822754
5511993822772
5511993822774
5511993822839
5511993822901
5511993822909
5511993822913
5511993822921
5511993822926
5511993822949
5511993822950
5511993823012
5511993823020
5511993823030
5511993823053
5511993823062
5511993823066
5511993823129
5511993823146
5511993823154
5511993823176
5511993823187
5511993823191
5511993823228
5511993823325
5511993823349
5511993823397
5511993823410
5511993823414
5511993823433
5511993823472
5511993823498
5511993823511
5511993823558
5511993823665
5511993823668
5511993823678
5511993823695
5511993823746
5511993823752
5511993823772
5511993823782
5511993823809
5511993823825
5511993823867
5511993823935
5511993823980
5511993823981
5511993823989
5511993823991
5511993824010
5511993824024
5511993824047
5511993824054
5511993824063
5511993824085
5511993824093
5511993824098
5511993824104
5511993824115
5511993824125
5511993824142
5511993824182
5511993824230
5511993824252
5511993824258
5511993824337
5511993824340
5511993824360
5511993824369
5511993824374
5511993824375
5511993824385
5511993824405
5511993824408
5511993824409
5511993824485
5511993824493
5511993824502
5511993824531
5511993824536
5511993824540
5511993824610
5511993824627
5511993824628
5511993824634
5511993824647
5511993824652
5511993824672
5511993824696
5511993824708
5511993824717
5511993824721
5511993824730
5511993824741
5511993824745
5511993824752
5511993824771
5511993824782
5511993824802
5511993824849
5511993824858
5511993824872
5511993824879
5511993824882
5511993824883
5511993824884
5511993824893
5511993824899
5511993824907
5511993824917
5511993824983
5511993824985
5511993825006
5511993825015
5511993825019
5511993825031
5511993825035
5511993825055
5511993825057
5511993825062
5511993825066
5511993825095
5511993825115
5511993825146
5511993825193
5511993825194
5511993825206
5511993825238
5511993825270
5511993825279
5511993825287
5511993825294
5511993825305
5511993825309
5511993825335
5511993825353
5511993825356
5511993825357
5511993825368
5511993825370
5511993825398
5511993825407
5511993825418
5511993825432
5511993825438
5511993825449
5511993825450
5511993825456
5511993825485
5511993825499
5511993825513
5511993825529
5511993825535
5511993825536
5511993825550
5511993825562
5511993825591
5511993825630
5511993825644
5511993825663
5511993825664
5511993825675
5511993825689
5511993825713
5511993825721
5511993825724
5511993825747
5511993825750
5511993825751
5511993825796
5511993825834
5511993825842
5511993825850
5511993825855
5511993825858
5511993825862
5511993825878
5511993825881
5511993825907
5511993825956
5511993825985
5511993825987
5511993825989
5511993826007
5511993826021
5511993826024
5511993826044
5511993826078
5511993826088
5511993826102
5511993826116
5511993826125
5511993826132
5511993826140
5511993826155
5511993826166
5511993826174
5511993826193
5511993826245
5511993826247
5511993826272
5511993826296
5511993826318
5511993826321
5511993826341
5511993826366
5511993826396
5511993826399
5511993826436
5511993826442
5511993826471
5511993826475
5511993826488
5511993826493
5511993826500
5511993826501
5511993826597
5511993826601
5511993826656
5511993826700
5511993826701
5511993826702
5511993826706
5511993826718
5511993826738
5511993826792
5511993826827
5511993826828
5511993826849
5511993826858
5511993826876
5511993826909
5511993826921
5511993826944
5511993826949
5511993826998
5511993827004
5511993827017
5511993827035
5511993827036
5511993827044
5511993827046
5511993827076
5511993827079
5511993827088
5511993827089
5511993827130
5511993827148
5511993827164
5511993827182
5511993827221
5511993827223
5511993827227
5511993827268
5511993827275
5511993827295
5511993827336
5511993827380
5511993827388
5511993827403
5511993827435
5511993827441
5511993827442
5511993827452
5511993827454
5511993827465
5511993827473
5511993827476
5511993827498
5511993827533
5511993827546
5511993827558
5511993827591
5511993827626
5511993827643
5511993827649
5511993827669
5511993827677
5511993827684
5511993827695
5511993827712
5511993827724
5511993827747
5511993827754
5511993827756
5511993827780
5511993827785
5511993827791
5511993827795
5511993827798
5511993827799
5511993827820
5511993827844
5511993827852
5511993827860
5511993827866
5511993827869
5511993827879
5511993827903
5511993827914
5511993827937
5511993827946
5511993827964
5511993827979
5511993827989
5511993828006
5511993828009
5511993828036
5511993828040
5511993828099
5511993828103
5511993828106
5511993828118
5511993828136
5511993828146
5511993828176
5511993828184
5511993828219
5511993828243
5511993828251
5511993828252
5511993828254
5511993828271
5511993828278
5511993828284
5511993828310
5511993828348
5511993828366
5511993828377
5511993828412
5511993828436
5511993828479
5511993828494
5511993828496
5511993828511
5511993828522
5511993828552
5511993828559
5511993828587
5511993828591
5511993828606
5511993828623
5511993828626
5511993828656
5511993828672
5511993828702
5511993828716
5511993828736
5511993828739
5511993828742
5511993828759
5511993828785
5511993828797
5511993828806
5511993828809
5511993828811
5511993828854
5511993828907
5511993828912
5511993828916
5511993828994
5511993829003
5511993829017
5511993829021
5511993829027
5511993829040
5511993829072
5511993829076
5511993829107
5511993829127
5511993829172
5511993829173
5511993829176
5511993829180
5511993829189
5511993829220
5511993829227
5511993829234
5511993829246
5511993829262
5511993829264
5511993829265
5511993829271
5511993829286
5511993829295
5511993829316
5511993829348
5511993829351
5511993829438
5511993829443
5511993829445
5511993829523
5511993829549
5511993829556
5511993829577
5511993829580
5511993829627
5511993829630
5511993829637
5511993829638
5511993829653
5511993829664
5511993829666
5511993829679
5511993829690
5511993829694
5511993829700
5511993829727
5511993829733
5511993829744
5511993829785
5511993829793
5511993829802
5511993829805
5511993829807
5511993829833
5511993829834
5511993829851
5511993829852
5511993829858
5511993829859
5511993829869
5511993829874
5511993829883
5511993829884
5511993829887
5511993829889
5511993829891
5511993829913
5511993829916
5511993829938
5511993829939
5511993829950
5511993829964
5511993829965
5511993829971
5511993829973
5511993829975
5511993829995
5511993830004
5511993830005
5511993830009
5511993830013
5511993830032
5511993830040
5511993830042
5511993830045
5511993830049
5511993830051
5511993830077
5511993830084
5511993830087
5511993830115
5511993830121
5511993830138
5511993830154
5511993830155
5511993830164
5511993830181
5511993830184
5511993830200
5511993830206
5511993830226
5511993830227
5511993830235
5511993830240
5511993830255
5511993830266
5511993830271
5511993830273
5511993830282
5511993830286
5511993830300
5511993830303
5511993830307
5511993830314
5511993830325
5511993830332
5511993830341
5511993830344
5511993830345
5511993830346
5511993830349
5511993830377
5511993830381
5511993830392
5511993830409
5511993830416
5511993830420
5511993830429
5511993830441
5511993830451
5511993830473
5511993830474
5511993830481
5511993830495
5511993830508
5511993830512
5511993830513
5511993830518
5511993830544
5511993830549
5511993830574
5511993830577
5511993830595
5511993830596
5511993830598
5511993830603
5511993830616
5511993830620
5511993830634
5511993830641
5511993830648
5511993830655
5511993830661
5511993830665
5511993830673
5511993830674
5511993830683
5511993830700
5511993830716
5511993830718
5511993830719
5511993830720
5511993830723
5511993830724
5511993830729
5511993830745
5511993830761
5511993830766
5511993830767
5511993830771
5511993830781
5511993830793
5511993830809
5511993830810
5511993830813
5511993830838
5511993830839
5511993830848
5511993830854
5511993830857
5511993830876
5511993830888
5511993830889
5511993830895
5511993830903
5511993830906
5511993830909
5511993830915
5511993830922
5511993830939
5511993830946
5511993830958
5511993830962
5511993830977
5511993830979
5511993830983
5511993830994
5511993831005
5511993831014
5511993831017
5511993831018
5511993831049
5511993831056
5511993831064
5511993831091
5511993831092
5511993831097
5511993831115
5511993831118
5511993831120
5511993831121
5511993831125
5511993831140
5511993831151
5511993831171
5511993831172
5511993831175
5511993831181
5511993831182
5511993831188
5511993831217
5511993831228
5511993831245
5511993831267
5511993831268
5511993831269
5511993831273
5511993831274
5511993831276
5511993831282
5511993831284
5511993831324
5511993831335
5511993831351
5511993831356
5511993831360
5511993831363
5511993831366
5511993831379
5511993831385
5511993831392
5511993831410
5511993831413
5511993831419
5511993831423
5511993831434
5511993831435
5511993831449
5511993831451
5511993831464
5511993831471
5511993831477
5511993831505
5511993831506
5511993831517
5511993831527
5511993831534
5511993831552
5511993831586
5511993831588
5511993831610
5511993831617
5511993831619
5511993831624
5511993831653
5511993831656
5511993831658
5511993831668
5511993831677
5511993831679
5511993831685
5511993831696
5511993831698
5511993831707
5511993831708
5511993831740
5511993831743
5511993831750
5511993831754
5511993831757
5511993831762
5511993831771
5511993831773
5511993831798
5511993831804
5511993831806
5511993831834
5511993831835
5511993831839
5511993831841
5511993831843
5511993831846
5511993831849
5511993831852
5511993831861
5511993831864
5511993831865
5511993831866
5511993831886
5511993831890
5511993831894
5511993831900
5511993831903
5511993831906
5511993831909
5511993831915
5511993831931
5511993831933
5511993831956
5511993831967
5511993831984
5511993831988
5511993831992
5511993831996
5511993831997
5511993831999
5511993832010
5511993832030
5511993832044
5511993832066
5511993832067
5511993832076
5511993832079
5511993832083
5511993832088
5511993832092
5511993832095
5511993832104
5511993832113
5511993832115
5511993832121
5511993832130
5511993832136
5511993832137
5511993832146
5511993832150
5511993832158
5511993832159
5511993832163
5511993832165
5511993832183
5511993832191
5511993832194
5511993832217
5511993832252
5511993832261
5511993832269
5511993832283
5511993832298
5511993832301
5511993832306
5511993832308
5511993832317
5511993832333
5511993832334
5511993832336
5511993832349
5511993832359
5511993832360
5511993832364
5511993832365
5511993832367
5511993832372
5511993832376
5511993832383
5511993832385
5511993832402
5511993832404
5511993832412
5511993832415
5511993832417
5511993832420
5511993832427
5511993832451
5511993832458
5511993832462
5511993832470
5511993832474
5511993832484
5511993832486
5511993832488
5511993832495
5511993832528
5511993832531
5511993832538
5511993832544
5511993832549
5511993832557
5511993832558
5511993832562
5511993832571
5511993832582
5511993832590
5511993832599
5511993832616
5511993832623
5511993832682
5511993832684
5511993832685
5511993832686
5511993832700
5511993832716
5511993832718
5511993832723
5511993832724
5511993832726
5511993832734
5511993832744
5511993832749
5511993832767
5511993832783
5511993832809
5511993832833
5511993832837
5511993832845
5511993832846
5511993832848
5511993832857
5511993832864
5511993832866
5511993832867
5511993832893
5511993832900
5511993832906
5511993832915
5511993832924
5511993832948
5511993832952
5511993832956
5511993832957
5511993832983
5511993832985
5511993832987
5511993832989
5511993832993
5511993832999
5511993833005
5511993833009
5511993833018
5511993833023
5511993833027
5511993833030
5511993833046
5511993833098
5511993833104
5511993833110
5511993833134
5511993833139
5511993833150
5511993833192
5511993833193
5511993833207
5511993833223
5511993833229
5511993833231
5511993833232
5511993833238
5511993833241
5511993833246
5511993833251
5511993833253
5511993833257
5511993833258
5511993833266
5511993833280
5511993833300
5511993833315
5511993833321
5511993833322
5511993833325
5511993833328
5511993833338
5511993833340
5511993833342
5511993833343
5511993833347
5511993833366
5511993833385
5511993833388
5511993833394
5511993833397
5511993833407
5511993833420
5511993833424
5511993833428
5511993833438
5511993833440
5511993833446
5511993833452
5511993833458
5511993833464
5511993833477
5511993833481
5511993833484
5511993833512
5511993833513
5511993833523
5511993833538
5511993833540
5511993833547
5511993833549
5511993833552
5511993833570
5511993833571
5511993833578
5511993833581
5511993833582
5511993833583
5511993833590
5511993833592
5511993833593
5511993833603
5511993833612
5511993833613
5511993833624
5511993833644
5511993833648
5511993833658
5511993833662
5511993833667
5511993833669
5511993833672
5511993833680
5511993833683
5511993833690
5511993833693
5511993833702
5511993833704
5511993833705
5511993833708
5511993833711
5511993833719
5511993833723
5511993833752
5511993833757
5511993833759
5511993833771
5511993833774
5511993833781
5511993833784
5511993833790
5511993833797
5511993833800
5511993833832
5511993833849
5511993833851
5511993833863
5511993833871
5511993833879
5511993833891
5511993833910
5511993833917
5511993833921
5511993833935
5511993833956
5511993833959
5511993833991
5511993834005
5511993834009
5511993834027
5511993834038
5511993834039
5511993834047
5511993834052
5511993834060
5511993834063
5511993834069
5511993834079
5511993834080
5511993834094
5511993834102
5511993834111
5511993834121
5511993834140
5511993834160
5511993834161
5511993834163
5511993834164
5511993834168
5511993834202
5511993834206
5511993834208
5511993834216
5511993834218
5511993834221
5511993834223
5511993834225
5511993834227
5511993834228
5511993834238
5511993834248
5511993834249
5511993834260
5511993834278
5511993834285
5511993834291
5511993834292
5511993834293
5511993834303
5511993834310
5511993834312
5511993834316
5511993834319
5511993834335
5511993834339
5511993834389
5511993834407
5511993834410
5511993834422
5511993834426
5511993834448
5511993834452
5511993834456
5511993834458
5511993834479
5511993834491
5511993834499
5511993834505
5511993834513
5511993834520
5511993834523
5511993834524
5511993834547
5511993834556
5511993834564
5511993834568
5511993834570
5511993834581
5511993834583
5511993834593
5511993834595
5511993834604
5511993834610
5511993834616
5511993834618
5511993834627
5511993834637
5511993834659
5511993834663
5511993834672
5511993834677
5511993834685
5511993834686
5511993834726
5511993834746
5511993834751
5511993834759
5511993834764
5511993834780
5511993834787
5511993834790
5511993834796
5511993834805
5511993834816
5511993834819
5511993834821
5511993834823
5511993834841
5511993834849
5511993834856
5511993834859
5511993834860
5511993834863
5511993834866
5511993834874
5511993834878
5511993834879
5511993834887
5511993834889
5511993834896
5511993834898
5511993834904
5511993834923
5511993834933
5511993834946
5511993834955
5511993834968
5511993834985
5511993835048
5511993835065
5511993835069
5511993835076
5511993835077
5511993835078
5511993835080
5511993835094
5511993835104
5511993835111
5511993835113
5511993835116
5511993835118
5511993835120
5511993835121
5511993835138
5511993835165
5511993835170
5511993835171
5511993835177
5511993835178
5511993835195
5511993835226
5511993835235
5511993835247
5511993835250
5511993835253
5511993835254
5511993835257
5511993835267
5511993835268
5511993835275
5511993835296
5511993835299
5511993835312
5511993835329
5511993835335
5511993835340
5511993835343
5511993835345
5511993835350
5511993835351
5511993835358
5511993835363
5511993835382
5511993835384
5511993835406
5511993835407
5511993835417
5511993835451
5511993835457
5511993835469
5511993835480
5511993835491
5511993835508
5511993835523
5511993835530
5511993835541
5511993835556
5511993835557
5511993835558
5511993835572
5511993835578
5511993835579
5511993835583
5511993835594
5511993835604
5511993835610
5511993835611
5511993835613
5511993835637
5511993835642
5511993835643
5511993835644
5511993835662
5511993835671
5511993835681
5511993835683
5511993835700
5511993835704
5511993835710
5511993835715
5511993835716
5511993835739
5511993835761
5511993835772
5511993835773
5511993835775
5511993835780
5511993835787
5511993835788
5511993835793
5511993835819
5511993835836
5511993835842
5511993835886
5511993835931
5511993835939
5511993835944
5511993836005
5511993836010
5511993836041
5511993836043
5511993836091
5511993836099
5511993836104
5511993836119
5511993836141
5511993836147
5511993836174
5511993836214
5511993836215
5511993836217
5511993836222
5511993836230
5511993836234
5511993836243
5511993836253
5511993836292
5511993836330
5511993836338
5511993836362
5511993836364
5511993836379
5511993836399
5511993836404
5511993836406
5511993836407
5511993836424
5511993836425
5511993836428
5511993836435
5511993836440
5511993836442
5511993836444
5511993836449
5511993836503
5511993836574
5511993836595
5511993836609
5511993836621
5511993836624
5511993836627
5511993836644
5511993836659
5511993836672
5511993836675
5511993836676
5511993836678
5511993836679
5511993836684
5511993836692
5511993836742
5511993836747
5511993836757
5511993836796
5511993836823
5511993836844
5511993836874
5511993836904
5511993836909
5511993836924
5511993836931
5511993836964
5511993836996
5511993837012
5511993837024
5511993837051
5511993837065
5511993837069
5511993837074
5511993837102
5511993837110
5511993837112
5511993837116
5511993837136
5511993837146
5511993837150
5511993837151
5511993837158
5511993837160
5511993837161
5511993837167
5511993837172
5511993837192
5511993837193
5511993837208
5511993837222
5511993837226
5511993837268
5511993837287
5511993837319
5511993837350
5511993837367
5511993837370
5511993837377
5511993837379
5511993837382
5511993837386
5511993837391
5511993837400
5511993837403
5511993837410
5511993837411
5511993837418
5511993837421
5511993837431
5511993837432
5511993837461
5511993837464
5511993837481
5511993837485
5511993837488
5511993837496
5511993837516
5511993837521
5511993837524
5511993837525
5511993837534
5511993837554
5511993837557
5511993837559
5511993837560
5511993837565
5511993837576
5511993837595
5511993837600
5511993837630
5511993837641
5511993837646
5511993837649
5511993837653
5511993837654
5511993837681
5511993837682
5511993837689
5511993837701
5511993837706
5511993837707
5511993837716
5511993837718
5511993837724
5511993837739
5511993837748
5511993837864
5511993837865
5511993837886
5511993837960
5511993837968
5511993837982
5511993838007
5511993838010
5511993838011
5511993838018
5511993838020
5511993838040
5511993838041
5511993838063
5511993838070
5511993838082
5511993838121
5511993838124
5511993838142
5511993838143
5511993838150
5511993838151
5511993838162
5511993838168
5511993838174
5511993838177
5511993838181
5511993838190
5511993838196
5511993838207
5511993838208
5511993838245
5511993838246
5511993838253
5511993838260
5511993838263
5511993838278
5511993838283
5511993838285
5511993838302
5511993838303
5511993838354
5511993838372
5511993838406
5511993838412
5511993838418
5511993838419
5511993838430
5511993838445
5511993838447
5511993838452
5511993838460
5511993838461
5511993838465
5511993838468
5511993838500
5511993838518
5511993838546
5511993838548
5511993838551
5511993838554
5511993838557
5511993838562
5511993838565
5511993838566
5511993838578
5511993838590
5511993838599
5511993838610
5511993838614
5511993838627
5511993838630
5511993838634
5511993838635
5511993838646
5511993838650
5511993838653
5511993838656
5511993838661
5511993838681
5511993838685
5511993838688
5511993838700
5511993838722
5511993838743
5511993838760
5511993838766
5511993838775
5511993838779
5511993838782
5511993838793
5511993838796
5511993838808
5511993838813
5511993838821
5511993838824
5511993838825
5511993838826
5511993838828
5511993838860
5511993838868
5511993838873
5511993838877
5511993838896
5511993838904
5511993838918
5511993838930
5511993838941
5511993838945
5511993838948
5511993838950
5511993838989
5511993839013
5511993839016
5511993839036
5511993839040
5511993839045
5511993839061
5511993839062
5511993839071
5511993839073
5511993839078
5511993839082
5511993839085
5511993839086
5511993839090
5511993839092
5511993839093
5511993839097
5511993839101
5511993839112
5511993839114
5511993839158
5511993839184
5511993839197
5511993839244
5511993839251
5511993839259
5511993839277
5511993839279
5511993839294
5511993839300
5511993839306
5511993839314
5511993839324
5511993839326
5511993839339
5511993839344
5511993839356
5511993839360
5511993839373
5511993839379
5511993839381
5511993839394
5511993839419
5511993839429
5511993839431
5511993839432
5511993839447
5511993839465
5511993839474
5511993839488
5511993839491
5511993839504
5511993839530
5511993839531
5511993839532
5511993839536
5511993839560
5511993839572
5511993839591
5511993839594
5511993839596
5511993839598
5511993839604
5511993839605
5511993839607
5511993839611
5511993839614
5511993839625
5511993839632
5511993839643
5511993839680
5511993839686
5511993839692
5511993839697
5511993839702
5511993839703
5511993839727
5511993839732
5511993839748
5511993839756
5511993839757
5511993839760
5511993839783
5511993839795
5511993839810
5511993839812
5511993839821
5511993839834
5511993839843
5511993839852
5511993839854
5511993839864
5511993839866
5511993839871
5511993839874
5511993839881
5511993839904
5511993839915
5511993839917
5511993839928
5511993839940
5511993839943
5511993839946
5511993839968
5511993839973
5511993839974
5511993839981
5511993840026
5511993840037
5511993840050
5511993840076
5511993840081
5511993840088
5511993840099
5511993840151
5511993840175
5511993840195
5511993840228
5511993840266
5511993840277
5511993840287
5511993840304
5511993840310
5511993840322
5511993840343
5511993840350
5511993840366
5511993840371
5511993840384
5511993840392
5511993840417
5511993840441
5511993840468
5511993840486
5511993840487
5511993840500
5511993840501
5511993840541
5511993840585
5511993840587
5511993840594
5511993840615
5511993840631
5511993840647
5511993840671
5511993840677
5511993840687
5511993840692
5511993840709
5511993840722
5511993840729
5511993840745
5511993840759
5511993840779
5511993840780
5511993840810
5511993840826
5511993840851
5511993840869
5511993840883
5511993840901
5511993840906
5511993840930
5511993840934
5511993840942
5511993840952
5511993840970
5511993840975
5511993840980
5511993840985
5511993841004
5511993841025
5511993841029
5511993841032
5511993841041
5511993841043
5511993841063
5511993841093
5511993841107
5511993841120
5511993841124
5511993841139
5511993841149
5511993841150
5511993841153
5511993841155
5511993841194
5511993841203
5511993841250
5511993841313
5511993841323
5511993841325
5511993841340
5511993841344
5511993841346
5511993841348
5511993841351
5511993841357
5511993841364
5511993841400
5511993841408
5511993841431
5511993841433
5511993841439
5511993841443
5511993841461
5511993841462
5511993841467
5511993841482
5511993841493
5511993841498
5511993841508
5511993841528
5511993841529
5511993841546
5511993841580
5511993841588
5511993841634
5511993841641
5511993841684
5511993841698
5511993841715
5511993841784
5511993841809
5511993841837
5511993841842
5511993841855
5511993841856
5511993841876
5511993841877
5511993841897
5511993841923
5511993841932
5511993841935
5511993841940
5511993841945
5511993841965
5511993841975
5511993841982
5511993842006
5511993842012
5511993842015
5511993842052
5511993842055
5511993842062
5511993842065
5511993842070
5511993842072
5511993842083
5511993842091
5511993842096
5511993842100
5511993842163
5511993842173
5511993842187
5511993842213
5511993842215
5511993842231
5511993842276
5511993842288
5511993842295
5511993842303
5511993842332
5511993842339
5511993842354
5511993842434
5511993842450
5511993842483
5511993842515
5511993842521
5511993842551
5511993842559
5511993842562
5511993842573
5511993842575
5511993842599
5511993842616
5511993842632
5511993842644
5511993842672
5511993842690
5511993842701
5511993842724
5511993842749
5511993842762
5511993842766
5511993842787
5511993842809
5511993842814
5511993842819
5511993842825
5511993842840
5511993842853
5511993842863
5511993842865
5511993842893
5511993842894
5511993842898
5511993842913
5511993842925
5511993842930
5511993842936
5511993842964
5511993842967
5511993842969
5511993842975
5511993842993
5511993842995
5511993843020
5511993843025
5511993843041
5511993843063
5511993843069
5511993843084
5511993843088
5511993843090
5511993843132
5511993843159
5511993843170
5511993843174
5511993843175
5511993843180
5511993843212
5511993843227
5511993843230
5511993843233
5511993843263
5511993843283
5511993843301
5511993843310
5511993843316
5511993843328
5511993843331
5511993843333
5511993843335
5511993843336
5511993843338
5511993843357
5511993843361
5511993843365
5511993843378
5511993843400
5511993843449
5511993843467
5511993843517
5511993843537
5511993843552
5511993843568
5511993843573
5511993843585
5511993843589
5511993843595
5511993843612
5511993843615
5511993843626
5511993843648
5511993843656
5511993843696
5511993843730
5511993843769
5511993843777
5511993843813
5511993843839
5511993843858
5511993843862
5511993843882
5511993843899
5511993843904
5511993843923
5511993843967
5511993843971
5511993843976
5511993843977
5511993843988
5511993843995
5511993844015
5511993844021
5511993844029
5511993844040
5511993844071
5511993844078
5511993844096
5511993844155
5511993844161
5511993844172
5511993844176
5511993844215
5511993844224
5511993844228
5511993844238
5511993844253
5511993844259
5511993844267
5511993844277
5511993844280
5511993844281
5511993844285
5511993844289
5511993844295
5511993844323
5511993844324
5511993844330
5511993844333
5511993844338
5511993844395
5511993844407
5511993844424
5511993844431
5511993844434
5511993844439
5511993844459
5511993844474
5511993844488
5511993844503
5511993844505
5511993844516
5511993844519
5511993844525
5511993844535
5511993844545
5511993844546
5511993844578
5511993844620
5511993844640
5511993844692
5511993844694
5511993844700
5511993844704
5511993844719
5511993844733
5511993844742
5511993844771
5511993844772
5511993844827
5511993844834
5511993844841
5511993844852
5511993844857
5511993844863
5511993844867
5511993844868
5511993844887
5511993844897
5511993844902
5511993844904
5511993844920
5511993844943
5511993844974
5511993844995
5511993845032
5511993845048
5511993845060
5511993845100
5511993845111
5511993845114
5511993845115
5511993845120
5511993845136
5511993845159
5511993845166
5511993845186
5511993845187
5511993845191
5511993845221
5511993845224
5511993845240
5511993845242
5511993845247
5511993845291
5511993845293
5511993845305
5511993845339
5511993845345
5511993845351
5511993845373
5511993845378
5511993845400
5511993845422
5511993845450
5511993845455
5511993845463
5511993845465
5511993845469
5511993845496
5511993845502
5511993845507
5511993845526
5511993845542
5511993845543
5511993845553
5511993845574
5511993845584
5511993845595
5511993845603
5511993845640
5511993845665
5511993845709
5511993845764
5511993845791
5511993845797
5511993845815
5511993845827
5511993845830
5511993845851
5511993845888
5511993845892
5511993845953
5511993845967
5511993845968
5511993845977
5511993845994
5511993846003
5511993846013
5511993846061
5511993846081
5511993846087
5511993846091
5511993846113
5511993846123
5511993846129
5511993846167
5511993846186
5511993846190
5511993846195
5511993846239
5511993846251
5511993846258
5511993846259
5511993846267
5511993846274
5511993846278
5511993846302
5511993846304
5511993846305
5511993846353
5511993846393
5511993846396
5511993846423
5511993846437
5511993846442
5511993846488
5511993846500
5511993846502
5511993846506
5511993846526
5511993846539
5511993846545
5511993846559
5511993846575
5511993846580
5511993846581
5511993846591
5511993846593
5511993846617
5511993846619
5511993846630
5511993846653
5511993846658
5511993846697
5511993846711
5511993846736
5511993846758
5511993846767
5511993846814
5511993846836
5511993846841
5511993846842
5511993846850
5511993846868
5511993846892
5511993846895
5511993846977
5511993846985
5511993846992
5511993847018
5511993847023
5511993847046
5511993847060
5511993847061
5511993847062
5511993847072
5511993847120
5511993847144
