5511993224717
5511993224721
5511993224723
5511993224725
5511993224728
5511993224731
5511993224741
5511993224750
5511993224756
5511993224760
5511993224773
5511993224782
5511993224788
5511993224816
5511993224826
5511993224830
5511993224836
5511993224838
5511993224871
5511993224878
5511993224899
5511993224901
5511993224907
5511993224912
5511993224918
5511993224925
5511993224944
5511993224948
5511993224950
5511993224961
5511993224967
5511993224969
5511993224970
5511993224974
5511993224977
5511993224982
5511993224989
5511993225012
5511993225019
5511993225020
5511993225024
5511993225036
5511993225038
5511993225047
5511993225053
5511993225069
5511993225076
5511993225079
5511993225080
5511993225081
5511993225114
5511993225126
5511993225131
5511993225142
5511993225162
5511993225175
5511993225177
5511993225198
5511993225206
5511993225209
5511993225233
5511993225240
5511993225268
5511993225269
5511993225275
5511993225282
5511993225287
5511993225293
5511993225308
5511993225328
5511993225329
5511993225333
5511993225334
5511993225346
5511993225347
5511993225349
5511993225354
5511993225357
5511993225362
5511993225372
5511993225380
5511993225381
5511993225384
5511993225392
5511993225396
5511993225403
5511993225409
5511993225414
5511993225429
5511993225431
5511993225432
5511993225433
5511993225436
5511993225451
5511993225453
5511993225454
5511993225455
5511993225457
5511993225459
5511993225464
5511993225471
5511993225476
5511993225484
5511993225486
5511993225499
5511993225504
5511993225509
5511993225521
5511993225527
5511993225538
5511993225542
5511993225544
5511993225561
5511993225566
5511993225576
5511993225584
5511993225586
5511993225616
5511993225619
5511993225650
5511993225652
5511993225672
5511993225678
5511993225683
5511993225690
5511993225694
5511993225697
5511993225702
5511993225708
5511993225711
5511993225717
5511993225718
5511993225728
5511993225732
5511993225744
5511993225767
5511993225772
5511993225777
5511993225780
5511993225789
5511993225790
5511993225791
5511993225795
5511993225798
5511993225818
5511993225819
5511993225824
5511993225826
5511993225828
5511993225829
5511993225841
5511993225847
5511993225849
5511993225859
5511993225867
5511993225868
5511993225895
5511993225897
5511993225899
5511993225903
5511993225905
5511993225920
5511993225936
5511993225949
5511993225954
5511993225956
5511993225965
5511993225966
5511993225974
5511993225979
5511993225980
5511993225986
5511993225993
5511993226001
5511993226005
5511993226011
5511993226015
5511993226020
5511993226023
5511993226030
5511993226037
5511993226055
5511993226059
5511993226060
5511993226061
5511993226065
5511993226071
5511993226103
5511993226112
5511993226129
5511993226132
5511993226137
5511993226139
5511993226145
5511993226147
5511993226167
5511993226175
5511993226178
5511993226184
5511993226193
5511993226197
5511993226205
5511993226206
5511993226209
5511993226232
5511993226233
5511993226236
5511993226240
5511993226247
5511993226255
5511993226263
5511993226268
5511993226269
5511993226270
5511993226289
5511993226300
5511993226306
5511993226308
5511993226318
5511993226329
5511993226330
5511993226332
5511993226350
5511993226360
5511993226363
5511993226384
5511993226385
5511993226389
5511993226402
5511993226405
5511993226406
5511993226410
5511993226413
5511993226416
5511993226418
5511993226422
5511993226429
5511993226430
5511993226432
5511993226439
5511993226443
5511993226456
5511993226460
5511993226462
5511993226466
5511993226467
5511993226471
5511993226480
5511993226482
5511993226499
5511993226505
5511993226510
5511993226512
5511993226518
5511993226520
5511993226526
5511993226533
5511993226534
5511993226541
5511993226557
5511993226563
5511993226567
5511993226570
5511993226572
5511993226575
5511993226586
5511993226587
5511993226591
5511993226592
5511993226593
5511993226595
5511993226598
5511993226600
5511993226601
5511993226613
5511993226620
5511993226622
5511993226627
5511993226630
5511993226631
5511993226649
5511993226651
5511993226656
5511993226663
5511993226668
5511993226674
5511993226679
5511993226687
5511993226689
5511993226693
5511993226729
5511993226732
5511993226736
5511993226747
5511993226782
5511993226784
5511993226788
5511993226789
5511993226804
5511993226835
5511993226848
5511993226849
5511993226851
5511993226856
5511993226867
5511993226871
5511993226876
5511993226883
5511993226885
5511993226887
5511993226891
5511993226892
5511993226894
5511993226904
5511993226907
5511993226916
5511993226917
5511993226920
5511993226921
5511993226942
5511993226947
5511993226949
5511993226953
5511993226954
5511993226967
5511993226968
5511993226975
5511993226984
5511993226992
5511993226995
5511993227002
5511993227009
5511993227027
5511993227052
5511993227060
5511993227066
5511993227070
5511993227088
5511993227095
5511993227104
5511993227114
5511993227117
5511993227145
5511993227148
5511993227157
5511993227184
5511993227186
5511993227193
5511993227200
5511993227210
5511993227215
5511993227240
5511993227246
5511993227259
5511993227268
5511993227269
5511993227276
5511993227277
5511993227279
5511993227305
5511993227315
5511993227333
5511993227335
5511993227361
5511993227406
5511993227431
5511993227432
5511993227453
5511993227455
5511993227458
5511993227466
5511993227473
5511993227475
5511993227477
5511993227479
5511993227487
5511993227509
5511993227516
5511993227526
5511993227559
5511993227562
5511993227585
5511993227586
5511993227593
5511993227605
5511993227624
5511993227631
5511993227632
5511993227656
5511993227658
5511993227663
5511993227665
5511993227667
5511993227668
5511993227671
5511993227678
5511993227679
5511993227682
5511993227703
5511993227706
5511993227711
5511993227714
5511993227720
5511993227722
5511993227742
5511993227743
5511993227751
5511993227756
5511993227765
5511993227777
5511993227783
5511993227824
5511993227829
5511993227833
5511993227834
5511993227845
5511993227848
5511993227862
5511993227893
5511993227894
5511993227895
5511993227899
5511993227900
5511993227921
5511993227930
5511993227931
5511993227932
5511993227935
5511993227940
5511993227950
5511993227961
5511993227973
5511993227979
5511993227981
5511993227982
5511993227985
5511993228000
5511993228001
5511993228003
5511993228007
5511993228011
5511993228020
5511993228025
5511993228028
5511993228031
5511993228035
5511993228057
5511993228086
5511993228087
5511993228101
5511993228103
5511993228116
5511993228117
5511993228118
5511993228135
5511993228149
5511993228159
5511993228161
5511993228163
5511993228168
5511993228170
5511993228189
5511993228219
5511993228227
5511993228239
5511993228240
5511993228247
5511993228251
5511993228252
5511993228255
5511993228281
5511993228286
5511993228291
5511993228293
5511993228294
5511993228299
5511993228309
5511993228326
5511993228334
5511993228344
5511993228355
5511993228360
5511993228363
5511993228371
5511993228385
5511993228391
5511993228401
5511993228413
5511993228417
5511993228420
5511993228421
5511993228422
5511993228423
5511993228430
5511993228432
5511993228433
5511993228438
5511993228480
5511993228481
5511993228483
5511993228485
5511993228495
5511993228502
5511993228523
5511993228535
5511993228540
5511993228552
5511993228581
5511993228593
5511993228605
5511993228612
5511993228621
5511993228630
5511993228637
5511993228646
5511993228660
5511993228663
5511993228665
5511993228670
5511993228678
5511993228691
5511993228712
5511993228721
5511993228722
5511993228729
5511993228732
5511993228733
5511993228743
5511993228745
5511993228761
5511993228763
5511993228777
5511993228791
5511993228792
5511993228796
5511993228797
5511993228798
5511993228800
5511993228802
5511993228803
5511993228810
5511993228813
5511993228817
5511993228824
5511993228841
5511993228843
5511993228844
5511993228845
5511993228847
5511993228851
5511993228855
5511993228865
5511993228869
5511993228870
5511993228894
5511993228899
5511993228913
5511993228916
5511993228920
5511993228930
5511993228932
5511993228951
5511993228969
5511993228974
5511993228975
5511993228977
5511993228981
5511993228991
5511993228993
5511993228994
5511993228996
5511993228998
5511993229003
5511993229005
5511993229009
5511993229020
5511993229024
5511993229025
5511993229033
5511993229036
5511993229048
5511993229062
5511993229067
5511993229077
5511993229098
5511993229099
5511993229103
5511993229114
5511993229127
5511993229145
5511993229149
5511993229151
5511993229159
5511993229172
5511993229181
5511993229183
5511993229185
5511993229214
5511993229227
5511993229232
5511993229241
5511993229247
5511993229256
5511993229257
5511993229261
5511993229264
5511993229271
5511993229288
5511993229296
5511993229304
5511993229311
5511993229313
5511993229332
5511993229346
5511993229356
5511993229358
5511993229367
5511993229370
5511993229389
5511993229391
5511993229400
5511993229402
5511993229415
5511993229418
5511993229426
5511993229430
5511993229432
5511993229435
5511993229439
5511993229457
5511993229459
5511993229463
5511993229471
5511993229476
5511993229491
5511993229492
5511993229497
5511993229519
5511993229522
5511993229524
5511993229530
5511993229539
5511993229541
5511993229553
5511993229566
5511993229585
5511993229593
5511993229598
5511993229627
5511993229628
5511993229629
5511993229636
5511993229641
5511993229647
5511993229659
5511993229660
5511993229669
5511993229670
5511993229674
5511993229677
5511993229678
5511993229700
5511993229702
5511993229720
5511993229727
5511993229732
5511993229733
5511993229734
5511993229738
5511993229748
5511993229775
5511993229779
5511993229783
5511993229802
5511993229804
5511993229805
5511993229808
5511993229809
5511993229815
5511993229829
5511993229832
5511993229835
5511993229838
5511993229847
5511993229851
5511993229855
5511993229858
5511993229868
5511993229870
5511993229872
5511993229884
5511993229886
5511993229890
5511993229893
5511993229894
5511993229906
5511993229912
5511993229913
5511993229915
5511993229916
5511993229917
5511993229918
5511993229935
5511993229939
5511993229940
5511993229947
5511993229958
5511993229972
5511993229974
5511993229984
5511993229987
5511993229994
5511993230005
5511993230025
5511993230027
5511993230028
5511993230034
5511993230036
5511993230052
5511993230053
5511993230065
5511993230069
5511993230082
5511993230103
5511993230104
5511993230105
5511993230111
5511993230112
5511993230116
5511993230119
5511993230120
5511993230129
5511993230132
5511993230138
5511993230143
5511993230146
5511993230153
5511993230157
5511993230165
5511993230174
5511993230176
5511993230179
5511993230183
5511993230187
5511993230189
5511993230197
5511993230198
5511993230212
5511993230214
5511993230220
5511993230221
5511993230235
5511993230243
5511993230254
5511993230265
5511993230274
5511993230279
5511993230283
5511993230290
5511993230291
5511993230312
5511993230314
5511993230316
5511993230322
5511993230334
5511993230337
5511993230344
5511993230346
5511993230348
5511993230367
5511993230376
5511993230391
5511993230392
5511993230421
5511993230426
5511993230431
5511993230438
5511993230439
5511993230454
5511993230457
5511993230462
5511993230474
5511993230482
5511993230497
5511993230500
5511993230502
5511993230522
5511993230523
5511993230524
5511993230526
5511993230533
5511993230536
5511993230545
5511993230546
5511993230553
5511993230557
5511993230573
5511993230581
5511993230585
5511993230589
5511993230591
5511993230594
5511993230620
5511993230628
5511993230640
5511993230644
5511993230646
5511993230648
5511993230649
5511993230651
5511993230681
5511993230685
5511993230686
5511993230689
5511993230693
5511993230696
5511993230703
5511993230704
5511993230714
5511993230722
5511993230740
5511993230748
5511993230750
5511993230753
5511993230756
5511993230761
5511993230764
5511993230774
5511993230775
5511993230782
5511993230783
5511993230787
5511993230789
5511993230795
5511993230827
5511993230834
5511993230848
5511993230883
5511993230888
5511993230889
5511993230897
5511993230904
5511993230912
5511993230947
5511993230950
5511993230961
5511993230963
5511993230967
5511993230973
5511993231003
5511993231020
5511993231024
5511993231032
5511993231038
5511993231048
5511993231050
5511993231054
5511993231057
5511993231059
5511993231065
5511993231067
5511993231071
5511993231073
5511993231080
5511993231087
5511993231095
5511993231097
5511993231115
5511993231123
5511993231127
5511993231144
5511993231147
5511993231153
5511993231179
5511993231183
5511993231184
5511993231194
5511993231209
5511993231211
5511993231217
5511993231240
5511993231242
5511993231243
5511993231260
5511993231276
5511993231278
5511993231281
5511993231285
5511993231290
5511993231296
5511993231299
5511993231302
5511993231313
5511993231315
5511993231320
5511993231326
5511993231339
5511993231364
5511993231365
5511993231374
5511993231377
5511993231378
5511993231393
5511993231395
5511993231397
5511993231417
5511993231418
5511993231420
5511993231431
5511993231448
5511993231449
5511993231455
5511993231458
5511993231462
5511993231465
5511993231472
5511993231473
5511993231478
5511993231483
5511993231484
5511993231485
5511993231491
5511993231495
5511993231499
5511993231508
5511993231518
5511993231520
5511993231550
5511993231559
5511993231578
5511993231612
5511993231622
5511993231634
5511993231639
5511993231641
5511993231653
5511993231661
5511993231664
5511993231666
5511993231670
5511993231672
5511993231677
5511993231681
5511993231689
5511993231698
5511993231704
5511993231706
5511993231714
5511993231716
5511993231719
5511993231724
5511993231747
5511993231753
5511993231758
5511993231765
5511993231827
5511993231831
5511993231832
5511993231849
5511993231854
5511993231858
5511993231875
5511993231881
5511993231882
5511993231886
5511993231905
5511993231920
5511993231943
5511993231954
5511993231959
5511993231970
5511993231987
5511993232009
5511993232010
5511993232013
5511993232021
5511993232025
5511993232027
5511993232028
5511993232031
5511993232046
5511993232071
5511993232072
5511993232077
5511993232100
5511993232101
5511993232106
5511993232130
5511993232137
5511993232138
5511993232139
5511993232140
5511993232142
5511993232144
5511993232148
5511993232157
5511993232167
5511993232176
5511993232184
5511993232188
5511993232189
5511993232197
5511993232200
5511993232230
5511993232233
5511993232243
5511993232249
5511993232251
5511993232256
5511993232264
5511993232275
5511993232306
5511993232307
5511993232319
5511993232321
5511993232327
5511993232328
5511993232329
5511993232330
5511993232349
5511993232354
5511993232360
5511993232364
5511993232367
5511993232372
5511993232392
5511993232409
5511993232416
5511993232425
5511993232429
5511993232430
5511993232431
5511993232448
5511993232464
5511993232465
5511993232469
5511993232472
5511993232473
5511993232476
5511993232484
5511993232485
5511993232490
5511993232493
5511993232499
5511993232507
5511993232512
5511993232522
5511993232525
5511993232527
5511993232528
5511993232531
5511993232558
5511993232572
5511993232585
5511993232587
5511993232599
5511993232607
5511993232621
5511993232626
5511993232633
5511993232634
5511993232635
5511993232649
5511993232668
5511993232677
5511993232678
5511993232680
5511993232689
5511993232694
5511993232705
5511993232714
5511993232720
5511993232727
5511993232731
5511993232741
5511993232769
5511993232778
5511993232787
5511993232804
5511993232805
5511993232806
5511993232814
5511993232822
5511993232824
5511993232830
5511993232834
5511993232837
5511993232850
5511993232866
5511993232872
5511993232879
5511993232884
5511993232900
5511993232912
5511993232913
5511993232915
5511993232917
5511993232932
5511993232933
5511993232934
5511993232937
5511993232939
5511993232940
5511993232945
5511993232948
5511993232952
5511993232953
5511993232956
5511993232960
5511993232976
5511993232990
5511993233002
5511993233003
5511993233019
5511993233020
5511993233038
5511993233061
5511993233066
5511993233071
5511993233075
5511993233080
5511993233088
5511993233091
5511993233096
5511993233097
5511993233100
5511993233101
5511993233109
5511993233112
5511993233117
5511993233125
5511993233135
5511993233139
5511993233152
5511993233155
5511993233167
5511993233170
5511993233173
5511993233179
5511993233181
5511993233182
5511993233183
5511993233185
5511993233191
5511993233213
5511993233238
5511993233245
5511993233247
5511993233254
5511993233283
5511993233291
5511993233298
5511993233314
5511993233336
5511993233352
5511993233357
5511993233370
5511993233372
5511993233378
5511993233387
5511993233407
5511993233410
5511993233415
5511993233416
5511993233427
5511993233451
5511993233452
5511993233454
5511993233462
5511993233473
5511993233478
5511993233490
5511993233499
5511993233502
5511993233506
5511993233513
5511993233518
5511993233532
5511993233536
5511993233552
5511993233565
5511993233570
5511993233592
5511993233593
5511993233612
5511993233613
5511993233614
5511993233618
5511993233619
5511993233624
5511993233641
5511993233647
5511993233667
5511993233669
5511993233682
5511993233693
5511993233708
5511993233714
5511993233718
5511993233721
5511993233732
5511993233733
5511993233741
5511993233743
5511993233744
5511993233745
5511993233749
5511993233754
5511993233755
5511993233761
5511993233763
5511993233764
5511993233802
5511993233810
5511993233813
5511993233823
5511993233843
5511993233851
5511993233861
5511993233872
5511993233885
5511993233888
5511993233890
5511993233891
5511993233898
5511993233912
5511993233919
5511993233927
5511993233929
5511993233932
5511993233939
5511993233943
5511993233953
5511993233973
5511993233983
5511993233985
5511993233987
5511993233993
5511993234007
5511993234008
5511993234009
5511993234013
5511993234042
5511993234050
5511993234052
5511993234076
5511993234082
5511993234083
5511993234097
5511993234112
5511993234134
5511993234140
5511993234146
5511993234153
5511993234159
5511993234161
5511993234167
5511993234172
5511993234175
5511993234196
5511993234197
5511993234209
5511993234213
5511993234217
5511993234219
5511993234223
5511993234239
5511993234248
5511993234252
5511993234253
5511993234257
5511993234300
5511993234302
5511993234303
5511993234313
5511993234318
5511993234325
5511993234329
5511993234335
5511993234339
5511993234342
5511993234343
5511993234346
5511993234355
5511993234358
5511993234364
5511993234375
5511993234377
5511993234386
5511993234408
5511993234412
5511993234415
5511993234419
5511993234420
5511993234437
5511993234440
5511993234447
5511993234449
5511993234464
5511993234465
5511993234467
5511993234478
5511993234481
5511993234482
5511993234492
5511993234496
5511993234502
5511993234503
5511993234514
5511993234524
5511993234526
5511993234530
5511993234533
5511993234536
5511993234539
5511993234542
5511993234546
5511993234558
5511993234562
5511993234569
5511993234572
5511993234603
5511993234605
5511993234607
5511993234619
5511993234627
5511993234633
5511993234654
5511993234655
5511993234657
5511993234662
5511993234686
5511993234689
5511993234713
5511993234718
5511993234725
5511993234727
5511993234733
5511993234752
5511993234753
5511993234768
5511993234769
5511993234781
5511993234790
5511993234797
5511993234799
5511993234823
5511993234833
5511993234836
5511993234840
5511993234847
5511993234857
5511993234858
5511993234861
5511993234865
5511993234866
5511993234874
5511993234876
5511993234882
5511993234889
5511993234890
5511993234896
5511993234908
5511993234912
5511993234918
5511993234919
5511993234920
5511993234930
5511993234932
5511993234946
5511993234953
5511993234955
5511993234962
5511993234963
5511993234972
5511993234973
5511993234981
5511993234988
5511993234989
5511993234997
5511993234998
5511993235003
5511993235009
5511993235012
5511993235014
5511993235017
5511993235018
5511993235021
5511993235025
5511993235026
5511993235030
5511993235044
5511993235053
5511993235061
5511993235077
5511993235080
5511993235083
5511993235088
5511993235089
5511993235094
5511993235103
5511993235120
5511993235124
5511993235139
5511993235143
5511993235155
5511993235158
5511993235160
5511993235163
5511993235165
5511993235169
5511993235171
5511993235174
5511993235185
5511993235191
5511993235200
5511993235203
5511993235235
5511993235253
5511993235257
5511993235259
5511993235264
5511993235267
5511993235276
5511993235291
5511993235300
5511993235301
5511993235304
5511993235306
5511993235307
5511993235314
5511993235315
5511993235323
5511993235325
5511993235326
5511993235328
5511993235358
5511993235362
5511993235367
5511993235374
5511993235375
5511993235376
5511993235385
5511993235394
5511993235395
5511993235401
5511993235414
5511993235415
5511993235423
5511993235430
5511993235431
5511993235434
5511993235435
5511993235441
5511993235442
5511993235446
5511993235449
5511993235454
5511993235481
5511993235482
5511993235484
5511993235488
5511993235495
5511993235497
5511993235504
5511993235507
5511993235514
5511993235517
5511993235520
5511993235526
5511993235533
5511993235537
5511993235538
5511993235540
5511993235541
5511993235543
5511993235546
5511993235549
5511993235556
5511993235567
5511993235569
5511993235586
5511993235588
5511993235598
5511993235600
5511993235618
5511993235637
5511993235641
5511993235642
5511993235645
5511993235652
5511993235653
5511993235654
5511993235657
5511993235668
5511993235675
5511993235678
5511993235680
5511993235685
5511993235692
5511993235698
5511993235700
5511993235708
5511993235721
5511993235732
5511993235737
5511993235765
5511993235773
5511993235774
5511993235781
5511993235782
5511993235793
5511993235803
5511993235828
5511993235829
5511993235834
5511993235852
5511993235853
5511993235856
5511993235861
5511993235862
5511993235869
5511993235871
5511993235872
5511993235876
5511993235878
5511993235880
5511993235886
5511993235894
5511993235895
5511993235903
5511993235904
5511993235906
5511993235914
5511993235916
5511993235924
5511993235930
5511993235932
5511993235936
5511993235938
5511993235941
5511993235945
5511993235952
5511993235961
5511993235968
5511993235972
5511993235973
5511993235975
5511993235981
5511993236000
5511993236023
5511993236027
5511993236033
5511993236051
5511993236060
5511993236065
5511993236067
5511993236083
5511993236088
5511993236089
5511993236093
5511993236104
5511993236106
5511993236109
5511993236113
5511993236139
5511993236149
5511993236154
5511993236163
5511993236166
5511993236168
5511993236169
5511993236175
5511993236187
5511993236194
5511993236201
5511993236209
5511993236219
5511993236227
5511993236240
5511993236248
5511993236258
5511993236263
5511993236268
5511993236272
5511993236279
5511993236280
5511993236283
5511993236284
5511993236285
5511993236286
5511993236295
5511993236312
5511993236318
5511993236326
5511993236329
5511993236337
5511993236341
5511993236344
5511993236354
5511993236360
5511993236370
5511993236377
5511993236395
5511993236399
5511993236415
5511993236418
5511993236421
5511993236429
5511993236433
5511993236447
5511993236451
5511993236456
5511993236457
5511993236461
5511993236492
5511993236506
5511993236512
5511993236526
5511993236532
5511993236533
5511993236540
5511993236591
5511993236605
5511993236630
5511993236634
5511993236644
5511993236645
5511993236646
5511993236661
5511993236672
5511993236692
5511993236696
5511993236703
5511993236707
5511993236715
5511993236741
5511993236743
5511993236752
5511993236762
5511993236764
5511993236776
5511993236777
5511993236780
5511993236785
5511993236792
5511993236793
5511993236794
5511993236797
5511993236799
5511993236824
5511993236826
5511993236840
5511993236842
5511993236845
5511993236852
5511993236861
5511993236870
5511993236873
5511993236877
5511993236918
5511993236921
5511993236922
5511993236924
5511993236930
5511993236940
5511993236942
5511993237007
5511993237009
5511993237011
5511993237012
5511993237019
5511993237020
5511993237026
5511993237031
5511993237034
5511993237044
5511993237066
5511993237074
5511993237075
5511993237082
5511993237090
5511993237091
5511993237094
5511993237100
5511993237112
5511993237137
5511993237138
5511993237139
5511993237152
5511993237160
5511993237168
5511993237181
5511993237184
5511993237210
5511993237222
5511993237230
5511993237238
5511993237240
5511993237243
5511993237259
5511993237263
5511993237274
5511993237278
5511993237294
5511993237308
5511993237312
5511993237320
5511993237327
5511993237337
5511993237340
5511993237344
5511993237353
5511993237370
5511993237373
5511993237376
5511993237403
5511993237418
5511993237421
5511993237430
5511993237437
5511993237453
5511993237457
5511993237458
5511993237463
5511993237467
5511993237468
5511993237480
5511993237490
5511993237497
5511993237503
5511993237505
5511993237507
5511993237512
5511993237515
5511993237517
5511993237518
5511993237520
5511993237527
5511993237534
5511993237543
5511993237545
5511993237548
5511993237554
5511993237559
5511993237569
5511993237571
5511993237572
5511993237577
5511993237578
5511993237583
5511993237584
5511993237588
5511993237608
5511993237643
5511993237651
5511993237657
5511993237658
5511993237666
5511993237670
5511993237678
5511993237679
5511993237687
5511993237689
5511993237701
5511993237702
5511993237716
5511993237723
5511993237739
5511993237740
5511993237742
5511993237743
5511993237752
5511993237753
5511993237764
5511993237769
5511993237775
5511993237776
5511993237780
5511993237782
5511993237784
5511993237793
5511993237804
5511993237810
5511993237816
5511993237817
5511993237819
5511993237822
5511993237826
5511993237845
5511993237851
5511993237856
5511993237858
5511993237859
5511993237867
5511993237871
5511993237874
5511993237875
5511993237893
5511993237900
5511993237902
5511993237903
5511993237909
5511993237922
5511993237923
5511993237925
5511993237929
5511993237935
5511993237945
5511993237964
5511993237970
5511993237979
5511993237981
5511993237988
5511993238008
5511993238026
5511993238030
5511993238037
5511993238040
5511993238041
5511993238042
5511993238056
5511993238057
5511993238059
5511993238072
5511993238090
5511993238108
5511993238113
5511993238118
5511993238119
5511993238127
5511993238128
5511993238147
5511993238154
5511993238170
5511993238171
5511993238179
5511993238180
5511993238185
5511993238187
5511993238189
5511993238195
5511993238204
5511993238216
5511993238218
5511993238228
5511993238248
5511993238251
5511993238259
5511993238261
5511993238265
5511993238270
5511993238279
5511993238280
5511993238282
5511993238284
5511993238324
5511993238339
5511993238341
5511993238345
5511993238351
5511993238353
5511993238369
5511993238389
5511993238408
5511993238412
5511993238422
5511993238431
5511993238434
5511993238446
5511993238453
5511993238456
5511993238462
5511993238464
5511993238466
5511993238469
5511993238470
5511993238471
5511993238479
5511993238480
5511993238490
5511993238491
5511993238492
5511993238500
5511993238504
5511993238507
5511993238511
5511993238514
5511993238528
5511993238533
5511993238539
5511993238551
5511993238558
5511993238570
5511993238586
5511993238587
5511993238588
5511993238591
5511993238595
5511993238601
5511993238607
5511993238610
5511993238612
5511993238631
5511993238636
5511993238655
5511993238658
5511993238660
5511993238669
5511993238676
5511993238680
5511993238681
5511993238695
5511993238698
5511993238701
5511993238719
5511993238723
5511993238728
5511993238729
5511993238739
5511993238741
5511993238744
5511993238755
5511993238763
5511993238808
5511993238819
5511993238851
5511993238860
5511993238881
5511993238909
5511993238910
5511993238917
5511993238932
5511993238933
5511993238938
5511993238949
5511993238954
5511993238956
5511993238991
5511993239012
5511993239029
5511993239032
5511993239037
5511993239049
5511993239057
5511993239065
5511993239068
5511993239069
5511993239078
5511993239079
5511993239080
5511993239108
5511993239124
5511993239132
5511993239139
5511993239147
5511993239150
5511993239154
5511993239164
5511993239177
5511993239183
5511993239184
5511993239220
5511993239221
5511993239236
5511993239244
5511993239245
5511993239250
5511993239268
5511993239303
5511993239331
5511993239342
5511993239346
5511993239355
5511993239361
5511993239363
5511993239366
5511993239368
5511993239373
5511993239380
5511993239385
5511993239406
5511993239407
5511993239415
5511993239418
5511993239430
5511993239448
5511993239458
5511993239459
5511993239466
5511993239478
5511993239480
5511993239484
5511993239486
5511993239513
5511993239527
5511993239536
5511993239537
5511993239538
5511993239544
