5511993167360
5511993167374
5511993167379
5511993167405
5511993167410
5511993167412
5511993167413
5511993167414
5511993167420
5511993167423
5511993167431
5511993167440
5511993167444
5511993167449
5511993167456
5511993167458
5511993167466
5511993167473
5511993167479
5511993167483
5511993167493
5511993167503
5511993167507
5511993167511
5511993167516
5511993167526
5511993167554
5511993167563
5511993167576
5511993167586
5511993167590
5511993167595
5511993167596
5511993167615
5511993167637
5511993167653
5511993167664
5511993167667
5511993167668
5511993167677
5511993167688
5511993167704
5511993167709
5511993167711
5511993167722
5511993167731
5511993167738
5511993167741
5511993167743
5511993167752
5511993167757
5511993167770
5511993167776
5511993167799
5511993167800
5511993167801
5511993167808
5511993167810
5511993167816
5511993167820
5511993167831
5511993167840
5511993167841
5511993167845
5511993167881
5511993167897
5511993167900
5511993167901
5511993167903
5511993167906
5511993167911
5511993167916
5511993167939
5511993167942
5511993167952
5511993167973
5511993167974
5511993167978
5511993167990
5511993167995
5511993168008
5511993168012
5511993168024
5511993168026
5511993168048
5511993168049
5511993168054
5511993168063
5511993168071
5511993168074
5511993168081
5511993168088
5511993168089
5511993168109
5511993168115
5511993168123
5511993168152
5511993168156
5511993168169
5511993168172
5511993168174
5511993168184
5511993168185
5511993168187
5511993168202
5511993168204
5511993168213
5511993168218
5511993168230
5511993168242
5511993168244
5511993168246
5511993168263
5511993168277
5511993168290
5511993168298
5511993168303
5511993168318
5511993168340
5511993168350
5511993168351
5511993168354
5511993168358
5511993168367
5511993168373
5511993168375
5511993168404
5511993168406
5511993168422
5511993168436
5511993168445
5511993168451
5511993168466
5511993168469
5511993168472
5511993168478
5511993168480
5511993168487
5511993168517
5511993168521
5511993168535
5511993168542
5511993168546
5511993168549
5511993168560
5511993168567
5511993168569
5511993168574
5511993168575
5511993168588
5511993168590
5511993168591
5511993168595
5511993168609
5511993168611
5511993168619
5511993168621
5511993168625
5511993168628
5511993168645
5511993168650
5511993168672
5511993168677
5511993168678
5511993168679
5511993168684
5511993168689
5511993168690
5511993168691
5511993168695
5511993168712
5511993168713
5511993168727
5511993168730
5511993168736
5511993168737
5511993168745
5511993168748
5511993168757
5511993168779
5511993168789
5511993168797
5511993168803
5511993168807
5511993168810
5511993168811
5511993168817
5511993168821
5511993168823
5511993168824
5511993168841
5511993168844
5511993168857
5511993168864
5511993168866
5511993168880
5511993168884
5511993168893
5511993168911
5511993168916
5511993168918
5511993168928
5511993168930
5511993168935
5511993168938
5511993168942
5511993168944
5511993168952
5511993168953
5511993168957
5511993168965
5511993168976
5511993168977
5511993168982
5511993168994
5511993169008
5511993169031
5511993169043
5511993169060
5511993169070
5511993169075
5511993169077
5511993169081
5511993169089
5511993169095
5511993169125
5511993169129
5511993169130
5511993169134
5511993169144
5511993169148
5511993169157
5511993169159
5511993169164
5511993169165
5511993169182
5511993169185
5511993169196
5511993169203
5511993169217
5511993169223
5511993169232
5511993169236
5511993169243
5511993169245
5511993169250
5511993169260
5511993169268
5511993169269
5511993169271
5511993169272
5511993169273
5511993169276
5511993169281
5511993169282
5511993169294
5511993169297
5511993169300
5511993169302
5511993169307
5511993169319
5511993169333
5511993169341
5511993169349
5511993169356
5511993169368
5511993169371
5511993169372
5511993169375
5511993169376
5511993169387
5511993169393
5511993169398
5511993169409
5511993169419
5511993169420
5511993169433
5511993169443
5511993169444
5511993169446
5511993169452
5511993169482
5511993169488
5511993169497
5511993169503
5511993169519
5511993169535
5511993169541
5511993169559
5511993169563
5511993169569
5511993169577
5511993169590
5511993169595
5511993169596
5511993169599
5511993169611
5511993169618
5511993169620
5511993169631
5511993169645
5511993169650
5511993169658
5511993169661
5511993169667
5511993169669
5511993169672
5511993169687
5511993169692
5511993169696
5511993169703
5511993169733
5511993169746
5511993169748
5511993169750
5511993169751
5511993169752
5511993169757
5511993169761
5511993169773
5511993169779
5511993169781
5511993169786
5511993169791
5511993169795
5511993169811
5511993169814
5511993169815
5511993169817
5511993169824
5511993169825
5511993169832
5511993169836
5511993169837
5511993169842
5511993169852
5511993169853
5511993169854
5511993169866
5511993169880
5511993169882
5511993169926
5511993169934
5511993169940
5511993169943
5511993169946
5511993169956
5511993169962
5511993169963
5511993169972
5511993169977
5511993169982
5511993169983
5511993169993
5511993170008
5511993170013
5511993170019
5511993170032
5511993170044
5511993170046
5511993170047
5511993170050
5511993170081
5511993170092
5511993170120
5511993170166
5511993170172
5511993170191
5511993170192
5511993170197
5511993170205
5511993170207
5511993170209
5511993170213
5511993170216
5511993170220
5511993170221
5511993170228
5511993170230
5511993170240
5511993170241
5511993170250
5511993170256
5511993170259
5511993170260
5511993170265
5511993170266
5511993170284
5511993170299
5511993170314
5511993170331
5511993170341
5511993170344
5511993170362
5511993170370
5511993170371
5511993170376
5511993170378
5511993170379
5511993170397
5511993170417
5511993170424
5511993170431
5511993170448
5511993170454
5511993170457
5511993170463
5511993170483
5511993170484
5511993170486
5511993170494
5511993170511
5511993170531
5511993170534
5511993170537
5511993170542
5511993170551
5511993170569
5511993170573
5511993170587
5511993170608
5511993170615
5511993170620
5511993170633
5511993170640
5511993170645
5511993170648
5511993170664
5511993170669
5511993170676
5511993170698
5511993170706
5511993170709
5511993170711
5511993170713
5511993170728
5511993170729
5511993170738
5511993170739
5511993170756
5511993170758
5511993170764
5511993170766
5511993170768
5511993170780
5511993170784
5511993170793
5511993170798
5511993170816
5511993170830
5511993170839
5511993170842
5511993170853
5511993170867
5511993170869
5511993170884
5511993170885
5511993170887
5511993170896
5511993170899
5511993170913
5511993170921
5511993170931
5511993170938
5511993170968
5511993170977
5511993170985
5511993170991
5511993170999
5511993171011
5511993171060
5511993171065
5511993171070
5511993171074
5511993171077
5511993171083
5511993171089
5511993171099
5511993171107
5511993171116
5511993171132
5511993171134
5511993171136
5511993171137
5511993171142
5511993171145
5511993171173
5511993171218
5511993171220
5511993171230
5511993171239
5511993171240
5511993171244
5511993171251
5511993171255
5511993171260
5511993171279
5511993171298
5511993171310
5511993171316
5511993171320
5511993171335
5511993171339
5511993171354
5511993171372
5511993171375
5511993171377
5511993171380
5511993171382
5511993171387
5511993171400
5511993171411
5511993171421
5511993171424
5511993171437
5511993171443
5511993171447
5511993171450
5511993171457
5511993171464
5511993171476
5511993171478
5511993171490
5511993171491
5511993171492
5511993171506
5511993171523
5511993171528
5511993171530
5511993171538
5511993171540
5511993171559
5511993171565
5511993171566
5511993171570
5511993171585
5511993171592
5511993171619
5511993171631
5511993171649
5511993171664
5511993171676
5511993171680
5511993171686
5511993171693
5511993171694
5511993171699
5511993171707
5511993171732
5511993171739
5511993171750
5511993171754
5511993171757
5511993171764
5511993171767
5511993171772
5511993171779
5511993171781
5511993171785
5511993171787
5511993171789
5511993171806
5511993171809
5511993171820
5511993171821
5511993171829
5511993171841
5511993171848
5511993171855
5511993171857
5511993171858
5511993171871
5511993171887
5511993171889
5511993171894
5511993171900
5511993171908
5511993171913
5511993171914
5511993171919
5511993171930
5511993171934
5511993171941
5511993171944
5511993171969
5511993171973
5511993171975
5511993171988
5511993171990
5511993171993
5511993171995
5511993172014
5511993172022
5511993172023
5511993172041
5511993172051
5511993172054
5511993172129
5511993172130
5511993172141
5511993172142
5511993172169
5511993172172
5511993172178
5511993172189
5511993172190
5511993172199
5511993172200
5511993172201
5511993172212
5511993172227
5511993172240
5511993172242
5511993172247
5511993172248
5511993172272
5511993172276
5511993172280
5511993172284
5511993172293
5511993172296
5511993172303
5511993172304
5511993172305
5511993172310
5511993172313
5511993172337
5511993172338
5511993172344
5511993172353
5511993172360
5511993172363
5511993172367
5511993172368
5511993172381
5511993172383
5511993172384
5511993172385
5511993172386
5511993172388
5511993172405
5511993172406
5511993172414
5511993172420
5511993172421
5511993172424
5511993172438
5511993172444
5511993172449
5511993172452
5511993172463
5511993172465
5511993172469
5511993172473
5511993172478
5511993172488
5511993172508
5511993172512
5511993172520
5511993172522
5511993172535
5511993172542
5511993172547
5511993172553
5511993172555
5511993172557
5511993172558
5511993172563
5511993172568
5511993172570
5511993172572
5511993172573
5511993172574
5511993172582
5511993172592
5511993172626
5511993172629
5511993172632
5511993172646
5511993172665
5511993172676
5511993172677
5511993172679
5511993172682
5511993172685
5511993172693
5511993172696
5511993172703
5511993172730
5511993172733
5511993172737
5511993172739
5511993172744
5511993172746
5511993172783
5511993172787
5511993172788
5511993172791
5511993172793
5511993172813
5511993172816
5511993172822
5511993172831
5511993172832
5511993172837
5511993172841
5511993172847
5511993172848
5511993172849
5511993172852
5511993172853
5511993172864
5511993172870
5511993172883
5511993172906
5511993172911
5511993172918
5511993172926
5511993172930
5511993172931
5511993172937
5511993172939
5511993172945
5511993172947
5511993172948
5511993172949
5511993172952
5511993172953
5511993172960
5511993172971
5511993172974
5511993172979
5511993172996
5511993173007
5511993173014
5511993173023
5511993173031
5511993173033
5511993173035
5511993173063
5511993173076
5511993173086
5511993173090
5511993173106
5511993173112
5511993173116
5511993173121
5511993173125
5511993173126
5511993173152
5511993173155
5511993173174
5511993173191
5511993173193
5511993173202
5511993173204
5511993173206
5511993173209
5511993173211
5511993173229
5511993173231
5511993173235
5511993173247
5511993173251
5511993173269
5511993173270
5511993173280
5511993173282
5511993173286
5511993173294
5511993173321
5511993173323
5511993173326
5511993173343
5511993173355
5511993173365
5511993173366
5511993173375
5511993173382
5511993173397
5511993173399
5511993173403
5511993173404
5511993173418
5511993173421
5511993173460
5511993173483
5511993173492
5511993173497
5511993173505
5511993173509
5511993173513
5511993173515
5511993173572
5511993173581
5511993173586
5511993173587
5511993173601
5511993173603
5511993173632
5511993173638
5511993173647
5511993173655
5511993173657
5511993173676
5511993173681
5511993173683
5511993173688
5511993173690
5511993173693
5511993173696
5511993173709
5511993173711
5511993173725
5511993173731
5511993173740
5511993173744
5511993173758
5511993173764
5511993173774
5511993173781
5511993173789
5511993173794
5511993173818
5511993173819
5511993173822
5511993173824
5511993173830
5511993173832
5511993173833
5511993173837
5511993173838
5511993173842
5511993173845
5511993173854
5511993173880
5511993173885
5511993173886
5511993173899
5511993173903
5511993173920
5511993173923
5511993173929
5511993173939
5511993173942
5511993173954
5511993173955
5511993173960
5511993173973
5511993173991
5511993174000
5511993174004
5511993174005
5511993174007
5511993174020
5511993174030
5511993174032
5511993174034
5511993174040
5511993174045
5511993174065
5511993174071
5511993174073
5511993174084
5511993174112
5511993174124
5511993174126
5511993174130
5511993174138
5511993174139
5511993174141
5511993174146
5511993174147
5511993174182
5511993174204
5511993174206
5511993174208
5511993174209
5511993174218
5511993174224
5511993174228
5511993174240
5511993174251
5511993174252
5511993174257
5511993174260
5511993174270
5511993174275
5511993174289
5511993174291
5511993174329
5511993174351
5511993174368
5511993174372
5511993174381
5511993174383
5511993174396
5511993174398
5511993174428
5511993174433
5511993174441
5511993174442
5511993174444
5511993174450
5511993174464
5511993174468
5511993174473
5511993174487
5511993174517
5511993174519
5511993174530
5511993174536
5511993174541
5511993174552
5511993174564
5511993174574
5511993174580
5511993174584
5511993174595
5511993174621
5511993174655
5511993174664
5511993174675
5511993174686
5511993174687
5511993174701
5511993174703
5511993174707
5511993174721
5511993174725
5511993174730
5511993174733
5511993174764
5511993174768
5511993174771
5511993174780
5511993174811
5511993174818
5511993174820
5511993174821
5511993174824
5511993174840
5511993174847
5511993174851
5511993174869
5511993174918
5511993174934
5511993174942
5511993174952
5511993174960
5511993174964
5511993174967
5511993174976
5511993175004
5511993175009
5511993175022
5511993175034
5511993175037
5511993175038
5511993175047
5511993175050
5511993175053
5511993175057
5511993175060
5511993175061
5511993175067
5511993175076
5511993175082
5511993175084
5511993175085
5511993175098
5511993175110
5511993175128
5511993175134
5511993175141
5511993175142
5511993175149
5511993175164
5511993175172
5511993175179
5511993175191
5511993175195
5511993175199
5511993175212
5511993175215
5511993175232
5511993175259
5511993175265
5511993175273
5511993175282
5511993175295
5511993175306
5511993175310
5511993175319
5511993175324
5511993175352
5511993175355
5511993175376
5511993175387
5511993175393
5511993175395
5511993175396
5511993175413
5511993175415
5511993175416
5511993175421
5511993175430
5511993175431
5511993175434
5511993175449
5511993175452
5511993175454
5511993175455
5511993175456
5511993175460
5511993175477
5511993175487
5511993175490
5511993175495
5511993175506
5511993175520
5511993175529
5511993175543
5511993175550
5511993175554
5511993175564
5511993175569
5511993175572
5511993175579
5511993175591
5511993175601
5511993175615
5511993175626
5511993175637
5511993175640
5511993175647
5511993175653
5511993175669
5511993175672
5511993175675
5511993175677
5511993175684
5511993175695
5511993175702
5511993175705
5511993175710
5511993175714
5511993175722
5511993175730
5511993175750
5511993175753
5511993175758
5511993175763
5511993175770
5511993175781
5511993175787
5511993175794
5511993175797
5511993175810
5511993175821
5511993175824
5511993175826
5511993175830
5511993175833
5511993175837
5511993175857
5511993175869
5511993175871
5511993175875
5511993175884
5511993175885
5511993175888
5511993175891
5511993175894
5511993175896
5511993175908
5511993175910
5511993175923
5511993175932
5511993175933
5511993175954
5511993175962
5511993175971
5511993175974
5511993175981
5511993175987
5511993175988
5511993175989
5511993175990
5511993175997
5511993176000
5511993176006
5511993176008
5511993176011
5511993176012
5511993176020
5511993176022
5511993176031
5511993176037
5511993176041
5511993176051
5511993176055
5511993176074
5511993176076
5511993176086
5511993176096
5511993176103
5511993176111
5511993176114
5511993176125
5511993176147
5511993176158
5511993176163
5511993176167
5511993176171
5511993176175
5511993176181
5511993176188
5511993176191
5511993176195
5511993176197
5511993176200
5511993176211
5511993176216
5511993176218
5511993176220
5511993176224
5511993176232
5511993176241
5511993176246
5511993176249
5511993176250
5511993176251
5511993176258
5511993176262
5511993176270
5511993176276
5511993176288
5511993176292
5511993176302
5511993176311
5511993176313
5511993176321
5511993176332
5511993176335
5511993176342
5511993176345
5511993176359
5511993176401
5511993176417
5511993176420
5511993176422
5511993176429
5511993176435
5511993176442
5511993176443
5511993176449
5511993176467
5511993176469
5511993176474
5511993176496
5511993176513
5511993176519
5511993176539
5511993176542
5511993176551
5511993176555
5511993176574
5511993176575
5511993176579
5511993176622
5511993176626
5511993176636
5511993176644
5511993176645
5511993176670
5511993176678
5511993176714
5511993176722
5511993176723
5511993176724
5511993176725
5511993176738
5511993176743
5511993176744
5511993176752
5511993176757
5511993176764
5511993176777
5511993176787
5511993176791
5511993176792
5511993176804
5511993176805
5511993176807
5511993176824
5511993176833
5511993176834
5511993176856
5511993176862
5511993176867
5511993176877
5511993176882
5511993176884
5511993176888
5511993176889
5511993176905
5511993176917
5511993176918
5511993176930
5511993176936
5511993176941
5511993176946
5511993176951
5511993176954
5511993176970
5511993176971
5511993176983
5511993176989
5511993177001
5511993177007
5511993177011
5511993177012
5511993177014
5511993177024
5511993177027
5511993177030
5511993177053
5511993177054
5511993177058
5511993177074
5511993177089
5511993177092
5511993177110
5511993177143
5511993177174
5511993177177
5511993177178
5511993177179
5511993177184
5511993177185
5511993177200
5511993177204
5511993177214
5511993177219
5511993177229
5511993177231
5511993177234
5511993177243
5511993177249
5511993177259
5511993177283
5511993177305
5511993177308
5511993177310
5511993177313
5511993177320
5511993177324
5511993177330
5511993177345
5511993177347
5511993177361
5511993177368
5511993177369
5511993177371
5511993177374
5511993177375
5511993177377
5511993177387
5511993177390
5511993177391
5511993177392
5511993177394
5511993177398
5511993177409
5511993177427
5511993177428
5511993177433
5511993177463
5511993177471
5511993177478
5511993177495
5511993177497
5511993177498
5511993177515
5511993177518
5511993177532
5511993177551
5511993177558
5511993177583
5511993177589
5511993177596
5511993177597
5511993177600
5511993177606
5511993177612
5511993177613
5511993177618
5511993177623
5511993177630
5511993177634
5511993177638
5511993177651
5511993177652
5511993177661
5511993177664
5511993177665
5511993177680
5511993177681
5511993177684
5511993177686
5511993177691
5511993177692
5511993177697
5511993177711
5511993177717
5511993177723
5511993177727
5511993177735
5511993177741
5511993177745
5511993177755
5511993177757
5511993177765
5511993177770
5511993177777
5511993177779
5511993177784
5511993177795
5511993177800
5511993177813
5511993177816
5511993177821
5511993177834
5511993177866
5511993177869
5511993177873
5511993177908
5511993177911
5511993177922
5511993177931
5511993177934
5511993177935
5511993177938
5511993177940
5511993177942
5511993177947
5511993177953
5511993177955
5511993177957
5511993177963
5511993177971
5511993177972
5511993177979
5511993177982
5511993177991
5511993178001
5511993178016
5511993178020
5511993178025
5511993178026
5511993178031
5511993178048
5511993178060
5511993178068
5511993178080
5511993178081
5511993178092
5511993178099
5511993178116
5511993178118
5511993178121
5511993178128
5511993178138
5511993178140
5511993178142
5511993178145
5511993178166
5511993178169
5511993178176
5511993178190
5511993178192
5511993178196
5511993178203
5511993178226
5511993178249
5511993178262
5511993178266
5511993178274
5511993178275
5511993178282
5511993178290
5511993178293
5511993178320
5511993178333
5511993178342
5511993178370
5511993178376
5511993178382
5511993178384
5511993178409
5511993178413
5511993178425
5511993178428
5511993178442
5511993178450
5511993178460
5511993178462
5511993178465
5511993178471
5511993178475
5511993178476
5511993178478
5511993178479
5511993178481
5511993178483
5511993178485
5511993178487
5511993178488
5511993178493
5511993178494
5511993178504
5511993178508
5511993178509
5511993178518
5511993178524
5511993178535
5511993178537
5511993178538
5511993178543
5511993178545
5511993178547
5511993178553
5511993178554
5511993178568
5511993178572
5511993178578
5511993178585
5511993178597
5511993178635
5511993178641
5511993178645
5511993178652
5511993178674
5511993178680
5511993178683
5511993178701
5511993178702
5511993178708
5511993178721
5511993178731
5511993178735
5511993178736
5511993178770
5511993178773
5511993178776
5511993178777
5511993178786
5511993178794
5511993178804
5511993178806
5511993178815
5511993178819
5511993178822
5511993178825
5511993178827
5511993178833
5511993178841
5511993178844
5511993178858
5511993178870
5511993178881
5511993178890
5511993178895
5511993178898
5511993178901
5511993178909
5511993178921
5511993178928
5511993178936
5511993178954
5511993178960
5511993178978
5511993178979
5511993178983
5511993178999
5511993179013
5511993179021
5511993179025
5511993179036
5511993179039
5511993179060
5511993179068
5511993179082
5511993179095
5511993179104
5511993179109
5511993179111
5511993179122
5511993179125
5511993179137
5511993179143
5511993179149
5511993179159
5511993179161
5511993179163
5511993179178
5511993179191
5511993179205
5511993179230
5511993179236
5511993179241
5511993179243
5511993179244
5511993179248
5511993179251
5511993179265
5511993179267
5511993179274
5511993179275
5511993179277
5511993179280
5511993179285
5511993179297
5511993179298
5511993179303
5511993179305
5511993179316
5511993179326
5511993179328
5511993179333
5511993179344
5511993179349
5511993179350
5511993179352
5511993179353
5511993179366
5511993179387
5511993179388
5511993179389
5511993179392
5511993179400
5511993179403
5511993179414
5511993179415
5511993179422
5511993179432
5511993179440
5511993179445
5511993179447
5511993179450
5511993179452
5511993179453
5511993179461
5511993179470
5511993179482
5511993179487
5511993179496
5511993179503
5511993179505
5511993179510
5511993179521
5511993179541
5511993179554
5511993179560
5511993179581
5511993179582
5511993179584
5511993179590
5511993179602
5511993179608
5511993179626
5511993179630
5511993179633
5511993179635
5511993179637
5511993179641
5511993179642
5511993179667
5511993179679
5511993179682
5511993179707
5511993179708
5511993179714
5511993179715
5511993179729
5511993179740
5511993179744
5511993179754
5511993179774
5511993179782
5511993179783
5511993179787
5511993179795
5511993179816
5511993179825
5511993179826
5511993179828
5511993179831
5511993179838
5511993179842
5511993179870
5511993179872
5511993179887
5511993179893
5511993179894
5511993179897
5511993179900
5511993179915
5511993179923
5511993179934
5511993179960
5511993179964
5511993179965
5511993179966
5511993179974
5511993179983
5511993179989
5511993180004
5511993180005
5511993180031
5511993180033
5511993180055
5511993180068
5511993180091
5511993180096
5511993180098
5511993180114
5511993180124
5511993180139
5511993180144
5511993180149
5511993180159
5511993180172
5511993180204
5511993180210
5511993180211
5511993180233
5511993180257
5511993180260
5511993180262
5511993180269
5511993180270
5511993180279
5511993180280
5511993180300
5511993180308
5511993180317
5511993180323
5511993180339
5511993180341
5511993180349
5511993180373
5511993180391
5511993180399
5511993180409
5511993180417
5511993180428
5511993180436
5511993180448
5511993180450
5511993180452
5511993180459
5511993180461
5511993180469
5511993180471
5511993180478
5511993180486
5511993180488
5511993180493
5511993180498
5511993180529
5511993180543
5511993180557
5511993180560
5511993180580
5511993180584
5511993180588
5511993180608
5511993180613
5511993180632
5511993180659
5511993180668
5511993180689
5511993180698
5511993180715
5511993180726
5511993180727
5511993180730
5511993180736
5511993180772
5511993180777
5511993180780
5511993180781
5511993180784
5511993180794
5511993180797
5511993180823
5511993180826
5511993180828
5511993180846
5511993180849
5511993180850
5511993180854
5511993180864
5511993180886
5511993180890
5511993180894
5511993180949
5511993180955
5511993180956
5511993180957
5511993180971
5511993180984
5511993181001
5511993181016
5511993181018
5511993181019
5511993181020
5511993181035
5511993181046
5511993181057
5511993181058
5511993181063
5511993181064
5511993181072
5511993181074
5511993181077
5511993181081
5511993181085
5511993181089
5511993181092
5511993181119
5511993181126
5511993181130
5511993181149
5511993181179
5511993181186
5511993181195
5511993181206
5511993181207
5511993181210
5511993181221
5511993181227
5511993181232
5511993181251
5511993181267
5511993181274
5511993181277
5511993181310
5511993181347
5511993181349
5511993181358
5511993181360
5511993181368
5511993181395
5511993181409
5511993181417
5511993181429
5511993181438
5511993181448
5511993181449
5511993181455
5511993181459
5511993181463
5511993181475
5511993181480
5511993181490
5511993181496
5511993181497
5511993181502
5511993181503
5511993181513
5511993181519
5511993181525
5511993181527
5511993181529
5511993181541
5511993181546
5511993181551
5511993181570
5511993181571
5511993181590
5511993181602
5511993181614
5511993181652
5511993181661
5511993181662
5511993181663
5511993181681
5511993181685
5511993181686
5511993181700
5511993181701
5511993181708
5511993181710
5511993181724
5511993181730
5511993181733
5511993181738
5511993181741
5511993181743
5511993181747
5511993181758
5511993181775
5511993181791
5511993181792
5511993181806
5511993181808
5511993181812
5511993181822
5511993181828
5511993181833
5511993181840
5511993181845
5511993181846
5511993181860
5511993181887
5511993181890
5511993181898
5511993181906
5511993181908
5511993181910
5511993181917
5511993181924
5511993181943
5511993181953
5511993181954
5511993181980
5511993181991
5511993181994
5511993182014
5511993182039
5511993182040
5511993182041
5511993182044
5511993182049
5511993182072
5511993182074
5511993182078
5511993182096
5511993182098
5511993182103
5511993182104
5511993182113
5511993182122
5511993182127
5511993182141
5511993182149
5511993182151
5511993182164
5511993182165
5511993182185
5511993182191
5511993182209
5511993182216
5511993182221
5511993182224
5511993182239
5511993182249
5511993182252
5511993182270
5511993182274
5511993182297
5511993182306
5511993182320
5511993182332
5511993182335
5511993182336
5511993182345
5511993182358
5511993182385
5511993182398
5511993182404
5511993182407
5511993182411
5511993182415
5511993182424
5511993182431
5511993182432
5511993182446
5511993182455
5511993182456
5511993182463
5511993182491
5511993182522
5511993182539
5511993182545
5511993182546
5511993182550
5511993182557
5511993182567
5511993182580
5511993182583
5511993182585
5511993182588
5511993182599
5511993182621
5511993182629
5511993182630
5511993182634
5511993182637
5511993182641
5511993182646
5511993182665
5511993182667
5511993182668
5511993182691
5511993182695
5511993182702
5511993182703
5511993182706
5511993182709
5511993182732
5511993182735
5511993182767
5511993182776
5511993182785
5511993182792
5511993182798
5511993182841
5511993182858
5511993182860
5511993182874
5511993182897
5511993182900
5511993182901
5511993182912
5511993182921
5511993182932
5511993182936
5511993182938
5511993182942
5511993182952
5511993182953
5511993182971
5511993182972
5511993182973
5511993182983
5511993182990
5511993182991
5511993182992
5511993183000
5511993183009
5511993183030
5511993183036
5511993183053
5511993183057
5511993183058
5511993183072
5511993183076
5511993183086
5511993183093
5511993183108
5511993183110
5511993183127
5511993183128
5511993183129
5511993183132
5511993183140
5511993183146
5511993183174
5511993183176
5511993183182
5511993183183
5511993183186
5511993183199
5511993183202
5511993183216
5511993183218
5511993183228
5511993183233
5511993183234
5511993183240
5511993183262
5511993183266
5511993183268
5511993183270
5511993183271
5511993183284
5511993183292
5511993183295
5511993183298
5511993183301
5511993183319
5511993183320
5511993183323
5511993183325
5511993183333
5511993183345
5511993183368
5511993183375
5511993183378
5511993183390
5511993183399
5511993183408
5511993183412
5511993183422
5511993183426
5511993183428
