5511992382140
5511992382161
5511992382172
5511992382176
5511992382259
5511992382339
5511992382362
5511992382373
5511992382392
5511992382415
5511992382459
5511992382467
5511992382497
5511992382634
5511992382682
5511992382721
5511992382770
5511992382826
5511992382864
5511992382912
5511992382929
5511992382952
5511992382966
5511992383074
5511992383080
5511992383149
5511992383218
5511992383267
5511992383270
5511992383276
5511992383307
5511992383365
5511992383387
5511992383459
5511992383473
5511992383522
5511992383529
5511992383610
5511992383613
5511992383709
5511992383730
5511992383747
5511992383886
5511992383892
5511992383904
5511992383906
5511992383950
5511992383977
5511992383991
5511992383999
5511992384000
5511992384036
5511992384107
5511992384128
5511992384140
5511992384208
5511992384210
5511992384220
5511992384292
5511992384310
5511992384333
5511992384336
5511992384344
5511992384347
5511992384360
5511992384362
5511992384438
5511992384449
5511992384591
5511992384609
5511992384610
5511992384616
5511992384618
5511992384659
5511992384696
5511992384722
5511992384786
5511992384797
5511992384801
5511992384836
5511992384862
5511992384877
5511992385007
5511992385016
5511992385032
5511992385045
5511992385058
5511992385077
5511992385112
5511992385164
5511992385171
5511992385265
5511992385281
5511992385287
5511992385314
5511992385320
5511992385340
5511992385424
5511992385455
5511992385467
5511992385471
5511992385475
5511992385486
5511992385492
5511992385562
5511992385578
5511992385594
5511992385711
5511992385738
5511992385745
5511992385797
5511992385805
5511992385809
5511992385813
5511992385825
5511992385827
5511992385847
5511992385893
5511992385895
5511992385915
5511992385922
5511992386018
5511992386025
5511992386063
5511992386080
5511992386087
5511992386122
5511992386168
5511992386202
5511992386203
5511992386225
5511992386243
5511992386269
5511992386347
5511992386382
5511992386386
5511992386408
5511992386414
5511992386415
5511992386466
5511992386491
5511992386534
5511992386567
5511992386571
5511992386575
5511992386583
5511992386604
5511992386641
5511992386654
5511992386655
5511992386658
5511992386677
5511992386686
5511992386705
5511992386724
5511992386774
5511992386776
5511992386916
5511992386925
5511992386939
5511992386996
5511992387001
5511992387012
5511992387014
5511992387018
5511992387020
5511992387061
5511992387069
5511992387129
5511992387206
5511992387209
5511992387222
5511992387232
5511992387269
5511992387341
5511992387374
5511992387394
5511992387406
5511992387414
5511992387455
5511992387474
5511992387475
5511992387519
5511992387574
5511992387596
5511992387597
5511992387671
5511992387673
5511992387744
5511992387760
5511992387828
5511992387849
5511992387878
5511992387889
5511992387893
5511992387952
5511992387960
5511992388065
5511992388104
5511992388111
5511992388113
5511992388118
5511992388153
5511992388168
5511992388206
5511992388213
5511992388256
5511992388260
5511992388281
5511992388283
5511992388288
5511992388319
5511992388388
5511992388413
5511992388431
5511992388458
5511992388480
5511992388533
5511992388553
5511992388587
5511992388615
5511992388617
5511992388646
5511992388661
5511992388667
5511992388670
5511992388772
5511992388818
5511992388825
5511992388853
5511992388872
5511992388949
5511992389020
5511992389029
5511992389119
5511992389139
5511992389144
5511992389157
5511992389160
5511992389201
5511992389204
5511992389207
5511992389219
5511992389231
5511992389276
5511992389287
5511992389291
5511992389325
5511992389341
5511992389412
5511992389429
5511992389531
5511992389533
5511992389569
5511992389596
5511992389639
5511992389640
5511992389644
5511992389656
5511992389709
5511992389713
5511992389772
5511992389797
5511992389806
5511992389812
5511992389843
5511992389857
5511992389907
5511992389920
5511992389960
5511992389999
5511992390166
5511992390180
5511992390199
5511992390208
5511992390222
5511992390266
5511992390293
5511992390309
5511992390361
5511992390379
5511992390392
5511992390419
5511992390449
5511992390487
5511992390488
5511992390499
5511992390517
5511992390522
5511992390546
5511992390569
5511992390575
5511992390610
5511992390633
5511992390638
5511992390801
5511992390822
5511992390848
5511992390858
5511992390877
5511992390898
5511992390900
5511992390914
5511992390949
5511992390964
5511992390972
5511992391031
5511992391041
5511992391046
5511992391053
5511992391061
5511992391063
5511992391100
5511992391135
5511992391159
5511992391215
5511992391232
5511992391260
5511992391268
5511992391279
5511992391300
5511992391329
5511992391330
5511992391390
5511992391444
5511992391459
5511992391476
5511992391535
5511992391537
5511992391549
5511992391563
5511992391566
5511992391600
5511992391604
5511992391610
5511992391639
5511992391640
5511992391654
5511992391706
5511992391741
5511992391750
5511992391819
5511992391820
5511992391976
5511992391989
5511992392015
5511992392047
5511992392133
5511992392170
5511992392179
5511992392218
5511992392253
5511992392259
5511992392273
5511992392309
5511992392325
5511992392409
5511992392412
5511992392482
5511992392497
5511992392511
5511992392557
5511992392616
5511992392625
5511992392669
5511992392707
5511992392728
5511992392763
5511992392768
5511992392799
5511992392813
5511992392823
5511992392825
5511992392907
5511992392916
5511992392944
5511992392953
5511992392964
5511992392983
5511992392999
5511992393003
5511992393004
5511992393020
5511992393021
5511992393045
5511992393060
5511992393103
5511992393104
5511992393110
5511992393114
5511992393121
5511992393131
5511992393135
5511992393151
5511992393164
5511992393169
5511992393187
5511992393223
5511992393230
5511992393246
5511992393248
5511992393297
5511992393300
5511992393302
5511992393319
5511992393368
5511992393379
5511992393398
5511992393406
5511992393438
5511992393467
5511992393512
5511992393542
5511992393543
5511992393554
5511992393558
5511992393563
5511992393635
5511992393677
5511992393704
5511992393711
5511992393791
5511992393792
5511992393809
5511992393832
5511992393857
5511992393918
5511992393922
5511992393935
5511992393975
5511992393976
5511992393984
5511992394029
5511992394067
5511992394073
5511992394112
5511992394121
5511992394122
5511992394141
5511992394150
5511992394170
5511992394190
5511992394229
5511992394241
5511992394252
5511992394279
5511992394290
5511992394329
5511992394355
5511992394365
5511992394371
5511992394378
5511992394441
5511992394472
5511992394476
5511992394493
5511992394546
5511992394561
5511992394569
5511992394599
5511992394606
5511992394613
5511992394638
5511992394656
5511992394678
5511992394684
5511992394686
5511992394698
5511992394715
5511992394729
5511992394730
5511992394783
5511992394821
5511992394832
5511992394839
5511992394860
5511992394861
5511992394868
5511992394870
5511992394875
5511992394887
5511992394890
5511992394913
5511992394915
5511992394949
5511992394979
5511992395006
5511992395008
5511992395019
5511992395027
5511992395046
5511992395051
5511992395082
5511992395094
5511992395121
5511992395122
5511992395124
5511992395127
5511992395130
5511992395137
5511992395147
5511992395154
5511992395161
5511992395175
5511992395178
5511992395191
5511992395255
5511992395289
5511992395295
5511992395340
5511992395341
5511992395399
5511992395428
5511992395433
5511992395450
5511992395465
5511992395470
5511992395487
5511992395501
5511992395502
5511992395506
5511992395558
5511992395570
5511992395571
5511992395576
5511992395582
5511992395611
5511992395620
5511992395623
5511992395638
5511992395663
5511992395684
5511992395725
5511992395733
5511992395817
5511992395820
5511992395837
5511992395859
5511992395880
5511992395881
5511992395922
5511992395970
5511992395977
5511992395993
5511992395996
5511992395999
5511992396028
5511992396037
5511992396038
5511992396039
5511992396120
5511992396175
5511992396190
5511992396213
5511992396223
5511992396267
5511992396304
5511992396307
5511992396309
5511992396310
5511992396312
5511992396322
5511992396327
5511992396331
5511992396355
5511992396376
5511992396389
5511992396409
5511992396460
5511992396495
5511992396511
5511992396538
5511992396547
5511992396579
5511992396595
5511992396616
5511992396720
5511992396735
5511992396752
5511992396774
5511992396788
5511992396837
5511992396849
5511992396861
5511992396873
5511992396902
5511992396933
5511992396938
5511992397016
5511992397031
5511992397059
5511992397070
5511992397089
5511992397112
5511992397131
5511992397132
5511992397139
5511992397151
5511992397156
5511992397159
5511992397160
5511992397170
5511992397216
5511992397233
5511992397234
5511992397242
5511992397245
5511992397247
5511992397354
5511992397420
5511992397429
5511992397449
5511992397474
5511992397520
5511992397581
5511992397582
5511992397584
5511992397586
5511992397588
5511992397595
5511992397598
5511992397635
5511992397646
5511992397647
5511992397657
5511992397729
5511992397785
5511992397793
5511992397797
5511992397809
5511992397849
5511992397851
5511992397854
5511992397879
5511992397894
5511992397898
5511992397907
5511992397909
5511992397963
5511992398053
5511992398055
5511992398067
5511992398126
5511992398304
5511992398364
5511992398436
5511992398459
5511992398587
5511992398590
5511992398599
5511992398636
5511992398711
5511992398733
5511992398763
5511992398803
5511992398821
5511992398883
5511992398906
5511992398911
5511992398945
5511992398968
5511992398984
5511992399009
5511992399011
5511992399091
5511992399167
5511992399215
5511992399272
5511992399280
5511992399302
5511992399333
5511992399344
5511992399381
5511992399391
5511992399444
5511992399501
5511992399503
5511992399512
5511992399564
5511992399611
5511992399616
5511992399620
5511992399636
5511992399664
5511992399668
5511992399684
5511992399709
5511992399715
5511992399718
5511992399727
5511992399730
5511992399766
5511992399769
5511992399924
5511992399931
5511992399941
5511992399971
5511992399976
5511992399984
5511992400044
5511992400048
5511992400225
5511992400251
5511992400253
5511992400369
5511992400441
5511992400637
5511992400687
5511992400695
5511992400806
5511992400827
5511992400875
5511992400890
5511992401005
5511992401023
5511992401219
5511992401239
5511992401296
5511992401388
5511992401444
5511992401459
5511992401507
5511992401551
5511992401641
5511992401709
5511992401820
5511992401871
5511992401899
5511992401991
5511992402008
5511992402038
5511992402056
5511992402080
5511992402102
5511992402134
5511992402155
5511992402232
5511992402290
5511992402313
5511992402342
5511992402387
5511992402429
5511992402587
5511992402641
5511992402706
5511992402845
5511992402865
5511992402885
5511992402977
5511992403024
5511992403034
5511992403056
5511992403098
5511992403242
5511992403344
5511992403536
5511992403639
5511992403656
5511992403712
5511992403915
5511992403921
5511992403975
5511992403999
5511992404116
5511992404185
5511992404245
5511992404560
5511992404574
5511992404578
5511992404586
5511992404605
5511992404680
5511992404717
5511992404819
5511992404878
5511992404989
5511992405027
5511992405047
5511992405057
5511992405094
5511992405185
5511992405260
5511992405306
5511992405712
5511992405751
5511992406026
5511992406075
5511992406096
5511992406102
5511992406204
5511992406207
5511992406243
5511992406259
5511992406265
5511992406273
5511992406290
5511992406330
5511992406371
5511992406417
5511992406597
5511992406673
5511992406834
5511992406938
5511992407041
5511992407049
5511992407107
5511992407166
5511992407202
5511992407290
5511992407368
5511992407666
5511992407761
5511992407936
5511992408058
5511992408233
5511992408281
5511992408290
5511992408443
5511992408489
5511992408498
5511992408723
5511992408841
5511992408873
5511992408936
5511992408976
5511992409117
5511992409552
5511992409664
5511992409721
5511992409786
5511992409788
5511992409864
5511992409906
5511992409931
5511992409935
5511992409948
5511992409967
5511992409984
5511992410001
5511992410003
5511992410004
5511992410006
5511992410013
5511992410023
5511992410051
5511992410055
5511992410077
5511992410080
5511992410088
5511992410093
5511992410102
5511992410104
5511992410120
5511992410137
5511992410150
5511992410154
5511992410162
5511992410180
5511992410189
5511992410191
5511992410236
5511992410250
5511992410256
5511992410268
5511992410289
5511992410302
5511992410314
5511992410322
5511992410325
5511992410326
5511992410345
5511992410365
5511992410370
5511992410387
5511992410404
5511992410433
5511992410450
5511992410452
5511992410479
5511992410490
5511992410491
5511992410494
5511992410504
5511992410515
5511992410517
5511992410522
5511992410524
5511992410530
5511992410545
5511992410567
5511992410582
5511992410588
5511992410591
5511992410623
5511992410634
5511992410635
5511992410637
5511992410641
5511992410653
5511992410662
5511992410671
5511992410685
5511992410686
5511992410695
5511992410701
5511992410702
5511992410721
5511992410722
5511992410738
5511992410758
5511992410770
5511992410784
5511992410794
5511992410799
5511992410806
5511992410807
5511992410824
5511992410841
5511992410856
5511992410862
5511992410875
5511992410891
5511992410905
5511992410915
5511992410916
5511992410926
5511992410930
5511992410931
5511992410935
5511992410941
5511992410955
5511992410981
5511992411003
5511992411005
5511992411009
5511992411025
5511992411036
5511992411039
5511992411063
5511992411080
5511992411085
5511992411094
5511992411116
5511992411150
5511992411168
5511992411170
5511992411171
5511992411195
5511992411228
5511992411241
5511992411258
5511992411259
5511992411285
5511992411308
5511992411309
5511992411312
5511992411313
5511992411328
5511992411330
5511992411345
5511992411358
5511992411359
5511992411364
5511992411376
5511992411387
5511992411391
5511992411416
5511992411421
5511992411425
5511992411431
5511992411432
5511992411440
5511992411455
5511992411458
5511992411481
5511992411483
5511992411501
5511992411502
5511992411509
5511992411513
5511992411528
5511992411534
5511992411540
5511992411555
5511992411557
5511992411560
5511992411581
5511992411591
5511992411594
5511992411596
5511992411600
5511992411602
5511992411604
5511992411608
5511992411624
5511992411627
5511992411645
5511992411664
5511992411685
5511992411692
5511992411698
5511992411759
5511992411770
5511992411780
5511992411787
5511992411788
5511992411798
5511992411800
5511992411858
5511992411860
5511992411866
5511992411872
5511992411892
5511992411907
5511992411925
5511992411933
5511992411942
5511992411946
5511992411954
5511992411958
5511992411965
5511992412006
5511992412007
5511992412020
5511992412028
5511992412035
5511992412039
5511992412063
5511992412065
5511992412072
5511992412097
5511992412123
5511992412124
5511992412125
5511992412138
5511992412144
5511992412158
5511992412159
5511992412176
5511992412184
5511992412188
5511992412201
5511992412219
5511992412225
5511992412244
5511992412245
5511992412249
5511992412278
5511992412304
5511992412328
5511992412332
5511992412340
5511992412355
5511992412369
5511992412389
5511992412409
5511992412426
5511992412439
5511992412440
5511992412478
5511992412497
5511992412523
5511992412526
5511992412527
5511992412564
5511992412589
5511992412602
5511992412603
5511992412635
5511992412639
5511992412655
5511992412672
5511992412686
5511992412692
5511992412695
5511992412705
5511992412715
5511992412724
5511992412744
5511992412751
5511992412753
5511992412757
5511992412769
5511992412779
5511992412787
5511992412791
5511992412813
5511992412830
5511992412842
5511992412873
5511992412877
5511992412878
5511992412882
5511992412897
5511992412910
5511992412970
5511992412973
5511992412984
5511992412990
5511992413000
5511992413002
5511992413006
5511992413008
5511992413011
5511992413026
5511992413056
5511992413067
5511992413083
5511992413100
5511992413103
5511992413114
5511992413117
5511992413126
5511992413131
5511992413145
5511992413162
5511992413163
5511992413186
5511992413189
5511992413192
5511992413200
5511992413212
5511992413241
5511992413242
5511992413257
5511992413258
5511992413261
5511992413270
5511992413271
5511992413275
5511992413287
5511992413289
5511992413294
5511992413308
5511992413314
5511992413319
5511992413320
5511992413327
5511992413349
5511992413352
5511992413365
5511992413378
5511992413393
5511992413406
5511992413407
5511992413422
5511992413491
5511992413492
5511992413495
5511992413525
5511992413527
5511992413534
5511992413537
5511992413547
5511992413575
5511992413578
5511992413592
5511992413615
5511992413628
5511992413629
5511992413659
5511992413666
5511992413729
5511992413750
5511992413754
5511992413760
5511992413773
5511992413783
5511992413784
5511992413806
5511992413816
5511992413846
5511992413861
5511992413888
5511992413904
5511992413907
5511992413916
5511992413946
5511992413948
5511992413989
5511992413991
5511992414017
5511992414026
5511992414050
5511992414082
5511992414084
5511992414097
5511992414116
5511992414126
5511992414139
5511992414174
5511992414196
5511992414212
5511992414238
5511992414253
5511992414264
5511992414331
5511992414335
5511992414337
5511992414350
5511992414360
5511992414371
5511992414375
5511992414389
5511992414395
5511992414407
5511992414416
5511992414432
5511992414437
5511992414465
5511992414466
5511992414473
5511992414478
5511992414502
5511992414541
5511992414568
5511992414586
5511992414602
5511992414604
5511992414612
5511992414636
5511992414656
5511992414698
5511992414700
5511992414710
5511992414713
5511992414718
5511992414746
5511992414760
5511992414764
5511992414766
5511992414768
5511992414802
5511992414807
5511992414814
5511992414817
5511992414818
5511992414869
5511992414941
5511992414944
5511992414952
5511992414998
5511992415000
5511992415007
5511992415017
5511992415033
5511992415073
5511992415074
5511992415078
5511992415081
5511992415088
5511992415089
5511992415101
5511992415102
5511992415107
5511992415117
5511992415122
5511992415138
5511992415139
5511992415151
5511992415152
5511992415159
5511992415162
5511992415167
5511992415196
5511992415211
5511992415215
5511992415228
5511992415242
5511992415244
5511992415252
5511992415262
5511992415268
5511992415269
5511992415271
5511992415273
5511992415275
5511992415288
5511992415314
5511992415323
5511992415329
5511992415337
5511992415353
5511992415365
5511992415367
5511992415393
5511992415399
5511992415418
5511992415433
5511992415449
5511992415454
5511992415470
5511992415481
5511992415482
5511992415483
5511992415506
5511992415518
5511992415519
5511992415524
5511992415526
5511992415528
5511992415552
5511992415561
5511992415562
5511992415564
5511992415565
5511992415575
5511992415593
5511992415605
5511992415614
5511992415617
5511992415633
5511992415636
5511992415680
5511992415681
5511992415691
5511992415721
5511992415735
5511992415752
5511992415753
5511992415759
5511992415769
5511992415785
5511992415790
5511992415795
5511992415812
5511992415816
5511992415826
5511992415833
5511992415838
5511992415855
5511992415878
5511992415881
5511992415884
5511992415886
5511992415894
5511992415900
5511992415913
5511992415928
5511992415949
5511992415967
5511992415977
5511992415981
5511992415984
5511992416005
5511992416031
5511992416037
5511992416052
5511992416053
5511992416061
5511992416064
5511992416065
5511992416077
5511992416085
5511992416093
5511992416117
5511992416135
5511992416140
5511992416158
5511992416167
5511992416174
5511992416178
5511992416191
5511992416199
5511992416215
5511992416258
5511992416268
5511992416269
5511992416311
5511992416318
5511992416343
5511992416354
5511992416356
5511992416360
5511992416382
5511992416383
5511992416403
5511992416410
5511992416432
5511992416459
5511992416491
5511992416494
5511992416502
5511992416503
5511992416504
5511992416521
5511992416550
5511992416617
5511992416618
5511992416632
5511992416657
5511992416658
5511992416663
5511992416685
5511992416691
5511992416704
5511992416714
5511992416731
5511992416754
5511992416762
5511992416763
5511992416768
5511992416813
5511992416816
5511992416826
5511992416835
5511992416848
5511992416851
5511992416855
5511992416859
5511992416866
5511992416871
5511992416875
5511992416879
5511992416896
5511992416939
5511992416956
5511992416965
5511992416988
5511992417004
5511992417018
5511992417019
5511992417023
5511992417026
5511992417029
5511992417067
5511992417080
5511992417083
5511992417092
5511992417113
5511992417137
5511992417148
5511992417153
5511992417157
5511992417164
5511992417179
5511992417227
5511992417231
5511992417232
5511992417235
5511992417247
5511992417253
5511992417256
5511992417259
5511992417282
5511992417298
5511992417307
5511992417308
5511992417309
5511992417324
5511992417328
5511992417334
5511992417345
5511992417353
5511992417368
5511992417370
5511992417372
5511992417373
5511992417380
5511992417383
5511992417388
5511992417404
5511992417406
5511992417412
5511992417416
5511992417419
5511992417436
5511992417461
5511992417462
5511992417473
5511992417489
5511992417493
5511992417496
5511992417500
5511992417502
5511992417507
5511992417508
5511992417523
5511992417528
5511992417544
5511992417553
5511992417580
5511992417586
5511992417593
5511992417603
5511992417605
5511992417613
5511992417624
5511992417630
5511992417646
5511992417666
5511992417668
5511992417669
5511992417675
5511992417677
5511992417678
5511992417681
5511992417682
5511992417686
5511992417692
5511992417693
5511992417702
5511992417703
5511992417745
5511992417753
5511992417757
5511992417769
5511992417770
5511992417771
5511992417776
5511992417803
5511992417807
5511992417818
5511992417831
5511992417835
5511992417839
5511992417844
5511992417855
5511992417858
5511992417861
5511992417868
5511992417883
5511992417888
5511992417892
5511992417907
5511992417909
5511992417917
5511992417920
5511992417922
5511992417943
5511992417961
5511992417965
5511992417977
5511992418004
5511992418055
5511992418080
5511992418083
5511992418091
5511992418100
5511992418104
5511992418116
5511992418125
5511992418138
5511992418151
5511992418152
5511992418154
5511992418163
5511992418181
5511992418196
5511992418200
5511992418202
5511992418206
5511992418228
5511992418242
5511992418273
5511992418278
5511992418294
5511992418297
5511992418304
5511992418313
5511992418320
5511992418368
5511992418417
5511992418418
5511992418421
5511992418424
5511992418433
5511992418438
5511992418442
5511992418447
5511992418454
5511992418456
5511992418461
5511992418464
5511992418469
5511992418473
5511992418475
5511992418482
5511992418483
5511992418486
5511992418508
5511992418518
5511992418523
5511992418536
5511992418546
5511992418571
5511992418583
5511992418587
5511992418592
5511992418610
5511992418623
5511992418635
5511992418638
5511992418646
5511992418650
5511992418657
5511992418659
5511992418667
5511992418672
5511992418678
5511992418703
5511992418711
5511992418737
5511992418754
5511992418764
5511992418765
5511992418766
5511992418773
5511992418789
5511992418791
5511992418855
5511992418869
5511992418871
5511992418878
5511992418885
5511992418895
5511992418898
5511992418904
5511992418932
5511992418954
5511992418956
5511992418958
5511992418971
5511992418995
5511992418997
5511992419012
5511992419024
5511992419029
5511992419037
5511992419053
5511992419068
5511992419080
5511992419085
5511992419091
5511992419101
5511992419119
5511992419136
5511992419151
5511992419152
5511992419173
5511992419174
5511992419191
5511992419199
5511992419201
5511992419214
5511992419215
5511992419222
5511992419232
5511992419235
5511992419246
5511992419253
5511992419275
5511992419286
5511992419306
5511992419309
5511992419330
5511992419331
5511992419339
5511992419342
5511992419344
5511992419348
5511992419372
5511992419384
5511992419385
5511992419397
5511992419415
5511992419433
5511992419475
5511992419499
5511992419528
5511992419544
5511992419547
5511992419551
5511992419560
5511992419580
5511992419603
5511992419606
5511992419627
5511992419630
5511992419642
5511992419672
5511992419675
5511992419678
5511992419679
5511992419682
5511992419687
5511992419706
5511992419720
5511992419749
5511992419757
5511992419774
5511992419792
5511992419820
5511992419822
5511992419849
5511992419864
5511992419875
5511992419879
5511992419892
5511992419893
5511992419894
5511992419913
5511992419932
5511992420004
5511992420018
5511992420038
5511992420059
5511992420063
5511992420069
5511992420080
5511992420081
5511992420090
5511992420093
5511992420116
5511992420122
5511992420129
5511992420143
5511992420146
5511992420151
5511992420160
5511992420163
5511992420181
5511992420182
5511992420185
5511992420187
5511992420191
5511992420200
5511992420205
5511992420237
5511992420239
5511992420249
5511992420257
5511992420278
5511992420280
5511992420282
5511992420287
5511992420295
5511992420300
5511992420310
5511992420321
5511992420324
5511992420325
5511992420327
5511992420347
5511992420350
5511992420372
5511992420375
5511992420384
5511992420387
5511992420397
5511992420398
5511992420410
5511992420412
5511992420418
5511992420422
5511992420434
5511992420435
5511992420441
5511992420444
5511992420450
5511992420481
5511992420483
5511992420497
5511992420500
5511992420501
5511992420517
5511992420522
5511992420539
5511992420544
5511992420552
5511992420558
5511992420575
5511992420577
5511992420591
5511992420623
5511992420635
5511992420648
5511992420652
5511992420653
5511992420660
5511992420666
5511992420676
5511992420678
5511992420693
5511992420695
5511992420702
5511992420713
5511992420714
5511992420732
5511992420734
5511992420749
5511992420752
5511992420760
5511992420768
5511992420790
5511992420824
5511992420836
5511992420850
5511992420851
5511992420880
5511992420882
5511992420896
5511992420904
5511992420905
5511992420918
5511992420926
5511992420944
5511992420973
5511992420980
5511992421000
5511992421005
5511992421009
5511992421010
5511992421021
5511992421033
5511992421041
5511992421051
5511992421057
5511992421071
5511992421084
5511992421093
5511992421094
5511992421096
5511992421098
5511992421101
5511992421112
5511992421119
5511992421149
5511992421153
5511992421161
5511992421187
5511992421192
5511992421211
5511992421222
5511992421224
5511992421225
5511992421250
5511992421251
5511992421260
5511992421267
5511992421273
5511992421275
5511992421279
5511992421284
5511992421289
5511992421302
5511992421310
5511992421315
5511992421336
5511992421341
5511992421345
5511992421350
5511992421355
5511992421360
5511992421391
5511992421393
5511992421409
5511992421416
5511992421422
5511992421424
5511992421446
5511992421468
5511992421505
5511992421506
5511992421538
5511992421579
5511992421594
5511992421630
5511992421656
5511992421658
5511992421674
5511992421677
5511992421684
5511992421721
5511992421732
5511992421758
5511992421765
5511992421788
5511992421811
5511992421814
5511992421845
5511992421871
5511992421874
5511992421888
5511992421890
5511992421893
5511992421906
5511992421915
5511992421920
5511992421922
5511992421946
5511992421952
5511992421963
5511992421981
5511992421984
5511992421990
5511992421999
5511992422002
5511992422013
5511992422015
5511992422021
5511992422028
5511992422029
5511992422046
5511992422047
5511992422084
5511992422091
5511992422094
5511992422119
5511992422126
5511992422128
5511992422134
5511992422142
5511992422143
5511992422153
5511992422164
5511992422207
5511992422218
5511992422259
5511992422261
5511992422286
5511992422303
5511992422315
5511992422329
5511992422336
5511992422375
5511992422389
5511992422405
5511992422425
5511992422438
5511992422449
5511992422456
5511992422462
5511992422483
5511992422502
5511992422534
5511992422536
5511992422546
5511992422575
5511992422578
5511992422579
5511992422588
5511992422600
5511992422602
5511992422625
5511992422637
5511992422641
5511992422646
5511992422669
5511992422686
5511992422709
5511992422720
5511992422751
5511992422793
5511992422804
5511992422821
5511992422828
5511992422832
5511992422842
5511992422865
5511992422881
5511992422908
5511992422930
5511992422937
5511992422959
5511992422984
5511992422996
5511992423008
5511992423016
5511992423031
5511992423032
5511992423042
5511992423097
5511992423108
5511992423123
5511992423152
5511992423181
5511992423193
5511992423195
5511992423217
5511992423227
5511992423252
5511992423262
5511992423266
5511992423316
5511992423326
5511992423335
5511992423350
5511992423358
5511992423369
5511992423384
5511992423391
5511992423401
5511992423402
5511992423409
5511992423421
5511992423442
5511992423444
5511992423459
5511992423462
