5511993972866
5511993972903
5511993972913
5511993972924
5511993972926
5511993972952
5511993972959
5511993973001
5511993973013
5511993973061
5511993973068
5511993973082
5511993973089
5511993973107
5511993973127
5511993973129
5511993973166
5511993973194
5511993973201
5511993973207
5511993973215
5511993973221
5511993973251
5511993973258
5511993973296
5511993973304
5511993973305
5511993973307
5511993973310
5511993973317
5511993973326
5511993973340
5511993973350
5511993973351
5511993973362
5511993973381
5511993973382
5511993973395
5511993973427
5511993973430
5511993973442
5511993973452
5511993973483
5511993973489
5511993973499
5511993973528
5511993973538
5511993973555
5511993973565
5511993973581
5511993973596
5511993973603
5511993973619
5511993973634
5511993973640
5511993973645
5511993973651
5511993973668
5511993973688
5511993973697
5511993973725
5511993973732
5511993973748
5511993973786
5511993973793
5511993973811
5511993973819
5511993973829
5511993973890
5511993973894
5511993973899
5511993973902
5511993973904
5511993973909
5511993973915
5511993973929
5511993973939
5511993973961
5511993973963
5511993973976
5511993973978
5511993974033
5511993974040
5511993974041
5511993974042
5511993974067
5511993974078
5511993974097
5511993974111
5511993974117
5511993974122
5511993974133
5511993974136
5511993974140
5511993974141
5511993974174
5511993974176
5511993974177
5511993974186
5511993974225
5511993974227
5511993974250
5511993974278
5511993974297
5511993974314
5511993974329
5511993974333
5511993974343
5511993974356
5511993974390
5511993974392
5511993974411
5511993974420
5511993974451
5511993974503
5511993974533
5511993974539
5511993974556
5511993974559
5511993974566
5511993974570
5511993974573
5511993974575
5511993974577
5511993974584
5511993974589
5511993974638
5511993974686
5511993974689
5511993974704
5511993974723
5511993974730
5511993974738
5511993974742
5511993974758
5511993974774
5511993974786
5511993974789
5511993974800
5511993974812
5511993974843
5511993974869
5511993974876
5511993974890
5511993974900
5511993974911
5511993974943
5511993974945
5511993974996
5511993975005
5511993975012
5511993975017
5511993975022
5511993975024
5511993975040
5511993975061
5511993975062
5511993975063
5511993975065
5511993975074
5511993975082
5511993975109
5511993975122
5511993975144
5511993975163
5511993975164
5511993975168
5511993975238
5511993975268
5511993975275
5511993975301
5511993975306
5511993975319
5511993975356
5511993975375
5511993975404
5511993975415
5511993975436
5511993975449
5511993975463
5511993975474
5511993975495
5511993975521
5511993975555
5511993975562
5511993975564
5511993975565
5511993975568
5511993975583
5511993975611
5511993975637
5511993975656
5511993975666
5511993975688
5511993975705
5511993975719
5511993975725
5511993975737
5511993975761
5511993975779
5511993975823
5511993975832
5511993975835
5511993975860
5511993975880
5511993975927
5511993975931
5511993975967
5511993975971
5511993975981
5511993975983
5511993975987
5511993975992
5511993976015
5511993976020
5511993976053
5511993976057
5511993976066
5511993976067
5511993976158
5511993976170
5511993976178
5511993976179
5511993976184
5511993976206
5511993976229
5511993976240
5511993976244
5511993976253
5511993976255
5511993976283
5511993976289
5511993976302
5511993976303
5511993976306
5511993976318
5511993976338
5511993976367
5511993976373
5511993976378
5511993976379
5511993976389
5511993976415
5511993976443
5511993976471
5511993976503
5511993976511
5511993976513
5511993976519
5511993976520
5511993976525
5511993976526
5511993976527
5511993976549
5511993976550
5511993976559
5511993976560
5511993976563
5511993976578
5511993976600
5511993976646
5511993976648
5511993976744
5511993976756
5511993976764
5511993976804
5511993976821
5511993976841
5511993976868
5511993976885
5511993976888
5511993976897
5511993976903
5511993976908
5511993976912
5511993976930
5511993976932
5511993976933
5511993976954
5511993977004
5511993977005
5511993977013
5511993977025
5511993977026
5511993977029
5511993977030
5511993977036
5511993977050
5511993977056
5511993977059
5511993977085
5511993977087
5511993977099
5511993977103
5511993977108
5511993977114
5511993977124
5511993977142
5511993977156
5511993977168
5511993977181
5511993977185
5511993977187
5511993977188
5511993977191
5511993977192
5511993977199
5511993977214
5511993977226
5511993977298
5511993977315
5511993977328
5511993977374
5511993977392
5511993977416
5511993977441
5511993977448
5511993977458
5511993977469
5511993977482
5511993977490
5511993977497
5511993977498
5511993977503
5511993977510
5511993977547
5511993977552
5511993977558
5511993977574
5511993977578
5511993977579
5511993977597
5511993977598
5511993977601
5511993977604
5511993977607
5511993977609
5511993977614
5511993977639
5511993977640
5511993977654
5511993977670
5511993977679
5511993977684
5511993977705
5511993977717
5511993977734
5511993977744
5511993977760
5511993977771
5511993977810
5511993977812
5511993977828
5511993977844
5511993977871
5511993977876
5511993977896
5511993977899
5511993977916
5511993977926
5511993977928
5511993977932
5511993977976
5511993977992
5511993977999
5511993978014
5511993978089
5511993978106
5511993978111
5511993978165
5511993978184
5511993978220
5511993978240
5511993978249
5511993978260
5511993978269
5511993978283
5511993978396
5511993978404
5511993978409
5511993978435
5511993978461
5511993978482
5511993978494
5511993978496
5511993978522
5511993978527
5511993978547
5511993978565
5511993978575
5511993978578
5511993978591
5511993978612
5511993978644
5511993978659
5511993978677
5511993978700
5511993978730
5511993978732
5511993978743
5511993978744
5511993978760
5511993978767
5511993978788
5511993978798
5511993978805
5511993978807
5511993978815
5511993978852
5511993978855
5511993978878
5511993978908
5511993978913
5511993978937
5511993978958
5511993978987
5511993978989
5511993978991
5511993979011
5511993979030
5511993979035
5511993979042
5511993979071
5511993979077
5511993979084
5511993979100
5511993979125
5511993979137
5511993979142
5511993979145
5511993979165
5511993979181
5511993979201
5511993979212
5511993979220
5511993979229
5511993979236
5511993979251
5511993979257
5511993979287
5511993979305
5511993979316
5511993979336
5511993979348
5511993979367
5511993979376
5511993979379
5511993979382
5511993979383
5511993979390
5511993979391
5511993979410
5511993979413
5511993979415
5511993979418
5511993979446
5511993979467
5511993979504
5511993979505
5511993979527
5511993979544
5511993979550
5511993979557
5511993979581
5511993979620
5511993979623
5511993979636
5511993979746
5511993979748
5511993979769
5511993979777
5511993979787
5511993979798
5511993979811
5511993979812
5511993979820
5511993979834
5511993979840
5511993979842
5511993979844
5511993979852
5511993979861
5511993979870
5511993979874
5511993979885
5511993979900
5511993979902
5511993979910
5511993979913
5511993979918
5511993979933
5511993979934
5511993979945
5511993979965
5511993979969
5511993979982
5511993979998
5511993980003
5511993980007
5511993980027
5511993980036
5511993980041
5511993980048
5511993980054
5511993980062
5511993980063
5511993980071
5511993980081
5511993980095
5511993980114
5511993980130
5511993980133
5511993980145
5511993980167
5511993980178
5511993980187
5511993980194
5511993980207
5511993980225
5511993980292
5511993980298
5511993980306
5511993980309
5511993980312
5511993980351
5511993980361
5511993980365
5511993980370
5511993980374
5511993980381
5511993980385
5511993980439
5511993980442
5511993980449
5511993980454
5511993980460
5511993980485
5511993980513
5511993980523
5511993980524
5511993980530
5511993980542
5511993980551
5511993980565
5511993980574
5511993980579
5511993980582
5511993980585
5511993980592
5511993980617
5511993980618
5511993980621
5511993980629
5511993980638
5511993980646
5511993980663
5511993980679
5511993980697
5511993980745
5511993980751
5511993980755
5511993980777
5511993980780
5511993980789
5511993980813
5511993980824
5511993980851
5511993980867
5511993980875
5511993980906
5511993980909
5511993980914
5511993980967
5511993980970
5511993980975
5511993981014
5511993981020
5511993981042
5511993981043
5511993981057
5511993981062
5511993981068
5511993981069
5511993981077
5511993981103
5511993981112
5511993981117
5511993981124
5511993981140
5511993981153
5511993981156
5511993981166
5511993981190
5511993981195
5511993981196
5511993981212
5511993981221
5511993981224
5511993981260
5511993981265
5511993981270
5511993981281
5511993981293
5511993981316
5511993981328
5511993981355
5511993981358
5511993981373
5511993981399
5511993981403
5511993981408
5511993981415
5511993981428
5511993981454
5511993981458
5511993981488
5511993981489
5511993981523
5511993981539
5511993981550
5511993981556
5511993981566
5511993981622
5511993981623
5511993981631
5511993981636
5511993981653
5511993981668
5511993981669
5511993981680
5511993981683
5511993981699
5511993981703
5511993981718
5511993981732
5511993981737
5511993981757
5511993981794
5511993981823
5511993981824
5511993981830
5511993981839
5511993981840
5511993981862
5511993981878
5511993981885
5511993981886
5511993981894
5511993981921
5511993981938
5511993981960
5511993981979
5511993981996
5511993982001
5511993982026
5511993982045
5511993982107
5511993982122
5511993982130
5511993982140
5511993982150
5511993982173
5511993982195
5511993982232
5511993982284
5511993982372
5511993982389
5511993982390
5511993982391
5511993982395
5511993982399
5511993982413
5511993982449
5511993982458
5511993982521
5511993982547
5511993982565
5511993982567
5511993982569
5511993982582
5511993982592
5511993982600
5511993982605
5511993982606
5511993982608
5511993982630
5511993982649
5511993982651
5511993982661
5511993982734
5511993982740
5511993982759
5511993982777
5511993982784
5511993982815
5511993982821
5511993982825
5511993982836
5511993982842
5511993982871
5511993982877
5511993982903
5511993982904
5511993982937
5511993982965
5511993982972
5511993983004
5511993983012
5511993983034
5511993983038
5511993983039
5511993983041
5511993983058
5511993983084
5511993983088
5511993983092
5511993983107
5511993983114
5511993983115
5511993983117
5511993983118
5511993983121
5511993983125
5511993983137
5511993983152
5511993983155
5511993983163
5511993983165
5511993983166
5511993983211
5511993983219
5511993983225
5511993983231
5511993983232
5511993983244
5511993983251
5511993983268
5511993983300
5511993983306
5511993983319
5511993983340
5511993983353
5511993983419
5511993983434
5511993983466
5511993983470
5511993983478
5511993983495
5511993983498
5511993983535
5511993983560
5511993983587
5511993983591
5511993983604
5511993983630
5511993983632
5511993983645
5511993983661
5511993983681
5511993983682
5511993983764
5511993983784
5511993983794
5511993983817
5511993983876
5511993983917
5511993983932
5511993983972
5511993983979
5511993983982
5511993983983
5511993983988
5511993983991
5511993983993
5511993984002
5511993984005
5511993984007
5511993984014
5511993984020
5511993984031
5511993984039
5511993984042
5511993984059
5511993984062
5511993984063
5511993984080
5511993984088
5511993984091
5511993984094
5511993984098
5511993984134
5511993984153
5511993984181
5511993984202
5511993984204
5511993984208
5511993984211
5511993984215
5511993984234
5511993984308
5511993984352
5511993984359
5511993984395
5511993984428
5511993984430
5511993984438
5511993984446
5511993984459
5511993984461
5511993984467
5511993984488
5511993984504
5511993984507
5511993984512
5511993984524
5511993984532
5511993984553
5511993984554
5511993984560
5511993984562
5511993984563
5511993984586
5511993984590
5511993984592
5511993984594
5511993984606
5511993984632
5511993984633
5511993984638
5511993984648
5511993984659
5511993984679
5511993984692
5511993984715
5511993984727
5511993984728
5511993984735
5511993984737
5511993984740
5511993984750
5511993984760
5511993984765
5511993984775
5511993984776
5511993984785
5511993984788
5511993984809
5511993984812
5511993984816
5511993984821
5511993984828
5511993984846
5511993984858
5511993984860
5511993984888
5511993984930
5511993984943
5511993984946
5511993984972
5511993984975
5511993984988
5511993984999
5511993985003
5511993985005
5511993985017
5511993985021
5511993985023
5511993985036
5511993985057
5511993985117
5511993985119
5511993985124
5511993985133
5511993985167
5511993985170
5511993985174
5511993985185
5511993985197
5511993985201
5511993985234
5511993985252
5511993985268
5511993985270
5511993985277
5511993985280
5511993985282
5511993985284
5511993985286
5511993985302
5511993985303
5511993985306
5511993985313
5511993985314
5511993985320
5511993985322
5511993985324
5511993985325
5511993985330
5511993985343
5511993985345
5511993985354
5511993985382
5511993985388
5511993985392
5511993985407
5511993985435
5511993985443
5511993985477
5511993985517
5511993985540
5511993985548
5511993985553
5511993985579
5511993985618
5511993985654
5511993985672
5511993985674
5511993985726
5511993985734
5511993985740
5511993985750
5511993985753
5511993985763
5511993985786
5511993985793
5511993985797
5511993985830
5511993985850
5511993985916
5511993985946
5511993985977
5511993985984
5511993985989
5511993985991
5511993985996
5511993985999
5511993986007
5511993986022
5511993986068
5511993986070
5511993986079
5511993986138
5511993986153
5511993986179
5511993986247
5511993986265
5511993986274
5511993986277
5511993986364
5511993986386
5511993986400
5511993986404
5511993986420
5511993986424
5511993986439
5511993986463
5511993986467
5511993986484
5511993986526
5511993986530
5511993986536
5511993986545
5511993986578
5511993986596
5511993986630
5511993986642
5511993986644
5511993986661
5511993986674
5511993986684
5511993986824
5511993986877
5511993986882
5511993986885
5511993986897
5511993986907
5511993986924
5511993986947
5511993986955
5511993986969
5511993986970
5511993986987
5511993986989
5511993986990
5511993986993
5511993986994
5511993987008
5511993987010
5511993987022
5511993987029
5511993987043
5511993987045
5511993987081
5511993987093
5511993987094
5511993987095
5511993987126
5511993987129
5511993987141
5511993987146
5511993987149
5511993987176
5511993987195
5511993987258
5511993987265
5511993987276
5511993987306
5511993987309
5511993987334
5511993987338
5511993987345
5511993987373
5511993987375
5511993987376
5511993987378
5511993987380
5511993987397
5511993987445
5511993987461
5511993987526
5511993987535
5511993987551
5511993987557
5511993987562
5511993987596
5511993987617
5511993987659
5511993987673
5511993987694
5511993987730
5511993987766
5511993987777
5511993987798
5511993987802
5511993987807
5511993987815
5511993987817
5511993987824
5511993987826
5511993987829
5511993987842
5511993987846
5511993987849
5511993987853
5511993987856
5511993987865
5511993987897
5511993987921
5511993987940
5511993987949
5511993987951
5511993987955
5511993987959
5511993987982
5511993988010
5511993988035
5511993988130
5511993988174
5511993988195
5511993988225
5511993988238
5511993988240
5511993988249
5511993988263
5511993988272
5511993988274
5511993988279
5511993988310
5511993988334
5511993988337
5511993988350
5511993988355
5511993988356
5511993988374
5511993988382
5511993988387
5511993988397
5511993988408
5511993988416
5511993988428
5511993988435
5511993988440
5511993988462
5511993988499
5511993988519
5511993988537
5511993988552
5511993988558
5511993988573
5511993988582
5511993988586
5511993988619
5511993988620
5511993988655
5511993988690
5511993988714
5511993988716
5511993988725
5511993988741
5511993988746
5511993988751
5511993988759
5511993988770
5511993988780
5511993988784
5511993988803
5511993988834
5511993988866
5511993988876
5511993988941
5511993988949
5511993988962
5511993988964
5511993988973
5511993988977
5511993988978
5511993988980
5511993988995
5511993989030
5511993989045
5511993989073
5511993989097
5511993989104
5511993989110
5511993989123
5511993989141
5511993989153
5511993989177
5511993989202
5511993989213
5511993989253
5511993989255
5511993989276
5511993989285
5511993989355
5511993989362
5511993989364
5511993989368
5511993989381
5511993989421
5511993989447
5511993989448
5511993989469
5511993989479
5511993989482
5511993989487
5511993989495
5511993989503
5511993989512
5511993989532
5511993989574
5511993989599
5511993989607
5511993989659
5511993989720
5511993989730
5511993989734
5511993989754
5511993989774
5511993989793
5511993989807
5511993989814
5511993989820
5511993989857
5511993989859
5511993989861
5511993989900
5511993989932
5511993989946
5511993989963
5511993989964
5511993989969
5511993989986
5511993989991
5511993990000
5511993990018
5511993990047
5511993990075
5511993990099
5511993990110
5511993990115
5511993990121
5511993990147
5511993990148
5511993990169
5511993990173
5511993990174
5511993990196
5511993990207
5511993990211
5511993990216
5511993990219
5511993990232
5511993990238
5511993990254
5511993990271
5511993990294
5511993990300
5511993990317
5511993990325
5511993990366
5511993990383
5511993990388
5511993990408
5511993990419
5511993990431
5511993990465
5511993990476
5511993990508
5511993990512
5511993990541
5511993990542
5511993990596
5511993990603
5511993990628
5511993990630
5511993990660
5511993990718
5511993990737
5511993990746
5511993990764
5511993990782
5511993990790
5511993990850
5511993990858
5511993990873
5511993990883
5511993990885
5511993990905
5511993990917
5511993990934
5511993990944
5511993990950
5511993990951
5511993990956
5511993990974
5511993991006
5511993991012
5511993991041
5511993991055
5511993991059
5511993991100
5511993991101
5511993991110
5511993991129
5511993991143
5511993991153
5511993991160
5511993991171
5511993991176
5511993991179
5511993991209
5511993991217
5511993991222
5511993991223
5511993991224
5511993991234
5511993991251
5511993991291
5511993991305
5511993991311
5511993991316
5511993991317
5511993991340
5511993991379
5511993991380
5511993991390
5511993991391
5511993991396
5511993991398
5511993991404
5511993991427
5511993991445
5511993991449
5511993991454
5511993991467
5511993991488
5511993991492
5511993991498
5511993991508
5511993991511
5511993991566
5511993991581
5511993991603
5511993991605
5511993991607
5511993991608
5511993991609
5511993991636
5511993991647
5511993991648
5511993991656
5511993991668
5511993991675
5511993991680
5511993991698
5511993991699
5511993991718
5511993991723
5511993991757
5511993991771
5511993991774
5511993991778
5511993991795
5511993991806
5511993991807
5511993991819
5511993991826
5511993991866
5511993991920
5511993991942
5511993991947
5511993991958
5511993991962
5511993991975
5511993991990
5511993991998
5511993992005
5511993992013
5511993992021
5511993992038
5511993992055
5511993992058
5511993992064
5511993992077
5511993992080
5511993992081
5511993992104
5511993992123
5511993992128
5511993992133
5511993992140
5511993992166