5511993041277
5511993041288
5511993041295
5511993041303
5511993041350
5511993041351
5511993041355
5511993041357
5511993041365
5511993041407
5511993041420
5511993041432
5511993041436
5511993041457
5511993041467
5511993041483
5511993041487
5511993041514
5511993041516
5511993041527
5511993041532
5511993041535
5511993041537
5511993041544
5511993041566
5511993041568
5511993041576
5511993041579
5511993041621
5511993041630
5511993041640
5511993041641
5511993041643
5511993041648
5511993041651
5511993041665
5511993041678
5511993041693
5511993041695
5511993041708
5511993041712
5511993041713
5511993041726
5511993041736
5511993041788
5511993041789
5511993041805
5511993041813
5511993041824
5511993041845
5511993041852
5511993041862
5511993041883
5511993041885
5511993041888
5511993041923
5511993041953
5511993041960
5511993041963
5511993041964
5511993041968
5511993041975
5511993041980
5511993041982
5511993041986
5511993041989
5511993041992
5511993041994
5511993042029
5511993042030
5511993042033
5511993042036
5511993042055
5511993042057
5511993042059
5511993042075
5511993042086
5511993042090
5511993042102
5511993042120
5511993042121
5511993042124
5511993042125
5511993042132
5511993042135
5511993042143
5511993042151
5511993042165
5511993042167
5511993042191
5511993042196
5511993042253
5511993042262
5511993042269
5511993042277
5511993042279
5511993042303
5511993042311
5511993042317
5511993042330
5511993042343
5511993042345
5511993042351
5511993042370
5511993042374
5511993042387
5511993042392
5511993042393
5511993042405
5511993042413
5511993042414
5511993042422
5511993042423
5511993042437
5511993042448
5511993042465
5511993042468
5511993042488
5511993042493
5511993042500
5511993042506
5511993042518
5511993042539
5511993042541
5511993042545
5511993042548
5511993042569
5511993042589
5511993042599
5511993042625
5511993042630
5511993042632
5511993042641
5511993042645
5511993042646
5511993042647
5511993042649
5511993042651
5511993042653
5511993042655
5511993042659
5511993042674
5511993042679
5511993042693
5511993042696
5511993042707
5511993042746
5511993042749
5511993042759
5511993042764
5511993042767
5511993042774
5511993042782
5511993042785
5511993042786
5511993042788
5511993042808
5511993042815
5511993042820
5511993042830
5511993042838
5511993042844
5511993042846
5511993042865
5511993042866
5511993042874
5511993042875
5511993042898
5511993042902
5511993042903
5511993042904
5511993042909
5511993042919
5511993042920
5511993042943
5511993042973
5511993042974
5511993042977
5511993042985
5511993042988
5511993042994
5511993042999
5511993043001
5511993043002
5511993043005
5511993043021
5511993043022
5511993043030
5511993043034
5511993043035
5511993043037
5511993043042
5511993043046
5511993043051
5511993043054
5511993043066
5511993043068
5511993043075
5511993043084
5511993043086
5511993043091
5511993043092
5511993043096
5511993043099
5511993043105
5511993043113
5511993043130
5511993043155
5511993043156
5511993043162
5511993043168
5511993043174
5511993043188
5511993043193
5511993043221
5511993043224
5511993043225
5511993043235
5511993043237
5511993043246
5511993043257
5511993043259
5511993043266
5511993043279
5511993043303
5511993043305
5511993043307
5511993043315
5511993043316
5511993043319
5511993043321
5511993043338
5511993043370
5511993043371
5511993043374
5511993043388
5511993043389
5511993043391
5511993043397
5511993043400
5511993043403
5511993043404
5511993043406
5511993043423
5511993043424
5511993043433
5511993043434
5511993043448
5511993043449
5511993043450
5511993043451
5511993043491
5511993043500
5511993043504
5511993043510
5511993043511
5511993043516
5511993043518
5511993043525
5511993043529
5511993043543
5511993043548
5511993043565
5511993043575
5511993043583
5511993043590
5511993043598
5511993043609
5511993043623
5511993043629
5511993043630
5511993043650
5511993043652
5511993043656
5511993043658
5511993043663
5511993043665
5511993043667
5511993043686
5511993043698
5511993043714
5511993043722
5511993043734
5511993043736
5511993043749
5511993043751
5511993043760
5511993043762
5511993043781
5511993043789
5511993043797
5511993043798
5511993043808
5511993043820
5511993043823
5511993043824
5511993043840
5511993043855
5511993043858
5511993043860
5511993043866
5511993043868
5511993043886
5511993043897
5511993043917
5511993043922
5511993043926
5511993043970
5511993043982
5511993043990
5511993043994
5511993044021
5511993044024
5511993044033
5511993044036
5511993044039
5511993044046
5511993044053
5511993044078
5511993044094
5511993044106
5511993044122
5511993044137
5511993044141
5511993044148
5511993044166
5511993044172
5511993044174
5511993044176
5511993044182
5511993044183
5511993044186
5511993044189
5511993044194
5511993044204
5511993044218
5511993044231
5511993044237
5511993044243
5511993044245
5511993044246
5511993044250
5511993044253
5511993044254
5511993044259
5511993044261
5511993044268
5511993044269
5511993044272
5511993044282
5511993044285
5511993044289
5511993044294
5511993044296
5511993044297
5511993044306
5511993044313
5511993044314
5511993044327
5511993044333
5511993044334
5511993044340
5511993044343
5511993044364
5511993044366
5511993044370
5511993044372
5511993044373
5511993044380
5511993044391
5511993044401
5511993044416
5511993044419
5511993044422
5511993044435
5511993044446
5511993044455
5511993044456
5511993044458
5511993044460
5511993044463
5511993044464
5511993044467
5511993044483
5511993044485
5511993044492
5511993044504
5511993044505
5511993044506
5511993044512
5511993044534
5511993044537
5511993044540
5511993044549
5511993044561
5511993044563
5511993044580
5511993044590
5511993044591
5511993044609
5511993044615
5511993044616
5511993044620
5511993044624
5511993044631
5511993044635
5511993044644
5511993044648
5511993044661
5511993044669
5511993044674
5511993044683
5511993044686
5511993044688
5511993044695
5511993044699
5511993044717
5511993044750
5511993044754
5511993044758
5511993044760
5511993044764
5511993044766
5511993044770
5511993044812
5511993044815
5511993044821
5511993044831
5511993044832
5511993044836
5511993044838
5511993044859
5511993044881
5511993044889
5511993044890
5511993044899
5511993044905
5511993044912
5511993044913
5511993044919
5511993044942
5511993044966
5511993044968
5511993044997
5511993045001
5511993045016
5511993045022
5511993045025
5511993045028
5511993045036
5511993045045
5511993045052
5511993045077
5511993045086
5511993045090
5511993045094
5511993045103
5511993045142
5511993045143
5511993045151
5511993045153
5511993045158
5511993045170
5511993045207
5511993045216
5511993045225
5511993045306
5511993045318
5511993045330
5511993045343
5511993045353
5511993045405
5511993045408
5511993045422
5511993045429
5511993045439
5511993045454
5511993045465
5511993045485
5511993045501
5511993045515
5511993045516
5511993045529
5511993045593
5511993045598
5511993045602
5511993045649
5511993045656
5511993045677
5511993045684
5511993045705
5511993045721
5511993045729
5511993045759
5511993045777
5511993045808
5511993045827
5511993045829
5511993045831
5511993045841
5511993045845
5511993045852
5511993045865
5511993045870
5511993045873
5511993045875
5511993045876
5511993045894
5511993045940
5511993045942
5511993045947
5511993045960
5511993045968
5511993045969
5511993045985
5511993046003
5511993046007
5511993046010
5511993046012
5511993046015
5511993046020
5511993046023
5511993046028
5511993046031
5511993046047
5511993046077
5511993046082
5511993046089
5511993046098
5511993046112
5511993046120
5511993046123
5511993046125
5511993046138
5511993046147
5511993046149
5511993046153
5511993046161
5511993046169
5511993046172
5511993046185
5511993046194
5511993046198
5511993046213
5511993046221
5511993046234
5511993046267
5511993046279
5511993046280
5511993046296
5511993046304
5511993046306
5511993046309
5511993046311
5511993046321
5511993046322
5511993046324
5511993046337
5511993046343
5511993046352
5511993046353
5511993046365
5511993046372
5511993046373
5511993046384
5511993046387
5511993046389
5511993046406
5511993046420
5511993046439
5511993046449
5511993046461
5511993046482
5511993046518
5511993046539
5511993046579
5511993046603
5511993046627
5511993046630
5511993046667
5511993046698
5511993046699
5511993046714
5511993046724
5511993046737
5511993046743
5511993046758
5511993046788
5511993046847
5511993046861
5511993046870
5511993046872
5511993046880
5511993046916
5511993046924
5511993046948
5511993046963
5511993047001
5511993047030
5511993047031
5511993047035
5511993047043
5511993047055
5511993047076
5511993047123
5511993047156
5511993047161
5511993047162
5511993047179
5511993047206
5511993047250
5511993047262
5511993047265
5511993047288
5511993047295
5511993047315
5511993047325
5511993047338
5511993047344
5511993047348
5511993047366
5511993047369
5511993047373
5511993047385
5511993047386
5511993047427
5511993047430
5511993047478
5511993047490
5511993047499
5511993047507
5511993047512
5511993047516
5511993047518
5511993047533
5511993047550
5511993047557
5511993047565
5511993047581
5511993047590
5511993047600
5511993047631
5511993047667
5511993047687
5511993047691
5511993047703
5511993047718
5511993047731
5511993047732
5511993047734
5511993047750
5511993047759
5511993047768
5511993047776
5511993047782
5511993047832
5511993047865
5511993047869
5511993047903
5511993047996
5511993048029
5511993048038
5511993048040
5511993048063
5511993048119
5511993048128
5511993048137
5511993048149
5511993048160
5511993048162
5511993048194
5511993048205
5511993048230
5511993048231
5511993048239
5511993048272
5511993048289
5511993048291
5511993048294
5511993048299
5511993048318
5511993048327
5511993048347
5511993048353
5511993048366
5511993048386
5511993048415
5511993048435
5511993048449
5511993048472
5511993048475
5511993048511
5511993048545
5511993048549
5511993048566
5511993048573
5511993048592
5511993048630
5511993048631
5511993048678
5511993048683
5511993048689
5511993048690
5511993048710
5511993048731
5511993048745
5511993048754
5511993048775
5511993048791
5511993048816
5511993048822
5511993048862
5511993048869
5511993048890
5511993048903
5511993048907
5511993048910
5511993048914
5511993048940
5511993048944
5511993048946
5511993048950
5511993048974
5511993048976
5511993048983
5511993048997
5511993049020
5511993049035
5511993049058
5511993049071
5511993049077
5511993049080
5511993049124
5511993049126
5511993049153
5511993049166
5511993049169
5511993049211
5511993049250
5511993049254
5511993049255
5511993049269
5511993049280
5511993049292
5511993049303
5511993049307
5511993049318
5511993049345
5511993049359
5511993049367
5511993049375
5511993049383
5511993049404
5511993049412
5511993049414
5511993049416
5511993049444
5511993049445
5511993049465
5511993049468
5511993049470
5511993049488
5511993049490
5511993049532
5511993049557
5511993049566
5511993049568
5511993049577
5511993049614
5511993049673
5511993049707
5511993049711
5511993049737
5511993049742
5511993049768
5511993049809
5511993049828
5511993049844
5511993049846
5511993049847
5511993049854
5511993049866
5511993049960
5511993050000
5511993050022
5511993050026
5511993050036
5511993050040
5511993050048
5511993050054
5511993050058
5511993050064
5511993050071
5511993050081
5511993050082
5511993050145
5511993050151
5511993050168
5511993050180
5511993050205
5511993050212
5511993050230
5511993050242
5511993050268
5511993050284
5511993050289
5511993050296
5511993050304
5511993050338
5511993050339
5511993050364
5511993050422
5511993050448
5511993050453
5511993050472
5511993050479
5511993050522
5511993050540
5511993050560
5511993050579
5511993050588
5511993050589
5511993050596
5511993050602
5511993050672
5511993050679
5511993050740
5511993050755
5511993050791
5511993050815
5511993050820
5511993050828
5511993050834
5511993050839
5511993050841
5511993050865
5511993050885
5511993050892
5511993050894
5511993050928
5511993050929
5511993050944
5511993050956
5511993050957
5511993050972
5511993050982
5511993050996
5511993051005
5511993051026
5511993051048
5511993051069
5511993051136
5511993051140
5511993051157
5511993051160
5511993051186
5511993051205
5511993051209
5511993051218
5511993051222
5511993051225
5511993051228
5511993051231
5511993051247
5511993051265
5511993051271
5511993051292
5511993051334
5511993051346
5511993051367
5511993051403
5511993051429
5511993051433
5511993051443
5511993051460
5511993051463
5511993051467
5511993051473
5511993051525
5511993051527
5511993051578
5511993051593
5511993051596
5511993051598
5511993051609
5511993051635
5511993051641
5511993051649
5511993051661
5511993051673
5511993051675
5511993051698
5511993051744
5511993051764
5511993051768
5511993051807
5511993051811
5511993051850
5511993051854
5511993051896
5511993051910
5511993051930
5511993051931
5511993051937
5511993051969
5511993051991
5511993051999
5511993052008
5511993052032
5511993052057
5511993052065
5511993052082
5511993052092
5511993052102
5511993052124
5511993052134
5511993052139
5511993052151
5511993052174
5511993052179
5511993052197
5511993052201
5511993052232
5511993052238
5511993052272
5511993052273
5511993052276
5511993052278
5511993052308
5511993052323
5511993052329
5511993052380
5511993052383
5511993052392
5511993052430
5511993052446
5511993052456
5511993052461
5511993052468
5511993052471
5511993052479
5511993052485
5511993052489
5511993052520
5511993052522
5511993052530
5511993052565
5511993052574
5511993052578
5511993052596
5511993052598
5511993052604
5511993052631
5511993052639
5511993052644
5511993052666
5511993052673
5511993052676
5511993052693
5511993052752
5511993052754
5511993052772
5511993052784
5511993052788
5511993052791
5511993052794
5511993052800
5511993052804
5511993052841
5511993052846
5511993052852
5511993052878
5511993052908
5511993052921
5511993052928
5511993052930
5511993052939
5511993052947
5511993052964
5511993052984
5511993053019
5511993053027
5511993053043
5511993053051
5511993053053
5511993053061
5511993053067
5511993053070
5511993053073
5511993053095
5511993053102
5511993053108
5511993053130
5511993053147
5511993053162
5511993053171
5511993053178
5511993053205
5511993053219
5511993053232
5511993053240
5511993053348
5511993053365
5511993053372
5511993053380
5511993053401
5511993053404
5511993053423
5511993053429
5511993053438
5511993053444
5511993053451
5511993053533
5511993053553
5511993053559
5511993053584
5511993053588
5511993053621
5511993053633
5511993053652
5511993053678
5511993053726
5511993053739
5511993053747
5511993053764
5511993053767
5511993053782
5511993053788
5511993053807
5511993053815
5511993053856
5511993053859
5511993053867
5511993053904
5511993053919
5511993053925
5511993053941
5511993053942
5511993053944
5511993054010
5511993054045
5511993054068
5511993054070
5511993054112
5511993054118
5511993054140
5511993054142
5511993054157
5511993054187
5511993054201
5511993054215
5511993054263
5511993054264
5511993054274
5511993054293
5511993054308
5511993054324
5511993054325
5511993054330
5511993054374
5511993054409
5511993054423
5511993054427
5511993054433
5511993054434
5511993054445
5511993054450
5511993054451
5511993054456
5511993054463
5511993054484
5511993054486
5511993054495
5511993054498
5511993054516
5511993054525
5511993054546
5511993054550
5511993054557
5511993054571
5511993054583
5511993054585
5511993054628
5511993054638
5511993054642
5511993054658
5511993054663
5511993054706
5511993054714
5511993054717
5511993054719
5511993054727
5511993054772
5511993054787
5511993054789
5511993054795
5511993054810
5511993054849
5511993054881
5511993054899
5511993054950
5511993054977
5511993054997
5511993055016
5511993055035
5511993055041
5511993055043
5511993055058
5511993055088
5511993055099
5511993055127
5511993055158
5511993055185
5511993055237
5511993055276
5511993055286
5511993055370
5511993055384
5511993055399
5511993055418
5511993055423
5511993055430
5511993055437
5511993055441
5511993055478
5511993055485
5511993055489
5511993055506
5511993055510
5511993055583
5511993055587
5511993055593
5511993055609
5511993055640
5511993055660
5511993055665
5511993055671
5511993055672
5511993055723
5511993055736
5511993055748
5511993055751
5511993055752
5511993055757
5511993055760
5511993055775
5511993055837
5511993055854
5511993055861
5511993055865
5511993055882
5511993055889
5511993055890
5511993055944
5511993055950
5511993055952
5511993055955
5511993055976
5511993055984
5511993055987
5511993055992
5511993055995
5511993056012
5511993056015
5511993056034
5511993056039
5511993056044
5511993056055
5511993056078
5511993056099
5511993056113
5511993056117
5511993056119
5511993056120
5511993056122
5511993056125
5511993056128
5511993056131
5511993056141
5511993056154
5511993056170
5511993056175
5511993056177
5511993056184
5511993056198
5511993056199
5511993056201
5511993056227
5511993056228
5511993056230
5511993056270
5511993056281
5511993056283
5511993056295
5511993056305
5511993056307
5511993056315
5511993056333
5511993056341
5511993056357
5511993056373
5511993056382
5511993056442
5511993056468
5511993056485
5511993056489
5511993056498
5511993056507
5511993056514
5511993056532
5511993056538
5511993056539
5511993056555
5511993056590
5511993056612
5511993056667
5511993056674
5511993056676
5511993056683
5511993056689
5511993056690
5511993056697
5511993056705
5511993056712
5511993056723
5511993056727
5511993056732
5511993056733
5511993056736
5511993056737
5511993056746
5511993056759
5511993056760
5511993056765
5511993056777
5511993056780
5511993056819
5511993056821
5511993056851
5511993056853
5511993056856
5511993056865
5511993056873
5511993056876
5511993056880
5511993056885
5511993056888
5511993056890
5511993056898
5511993056920
5511993056927
5511993056931
5511993056932
5511993056943
5511993056955
5511993056982
5511993057000
5511993057006
5511993057022
5511993057035
5511993057043
5511993057045
5511993057049
5511993057071
5511993057104
5511993057118
5511993057121
5511993057134
5511993057141
5511993057146
5511993057148
5511993057161
5511993057177
5511993057180
5511993057184
5511993057191
5511993057198
5511993057205
5511993057220
5511993057230
5511993057235
5511993057245
5511993057246
5511993057289
5511993057291
5511993057297
5511993057304
5511993057313
5511993057318
5511993057335
5511993057346
5511993057354
5511993057364
5511993057365
5511993057372
5511993057379
5511993057404
5511993057426
5511993057452
5511993057458
5511993057460
5511993057466
5511993057467
5511993057473
5511993057489
5511993057493
5511993057520
5511993057533
5511993057542
5511993057561
5511993057562
5511993057574
5511993057581
5511993057584
5511993057653
5511993057685
5511993057691
5511993057723
5511993057730
5511993057737
5511993057746
5511993057762
5511993057768
5511993057798
5511993057806
5511993057813
5511993057820
5511993057832
5511993057836
5511993057853
5511993057878
5511993057880
5511993057935
5511993057936
5511993057969
5511993057975
5511993057981
5511993057989
5511993058013
5511993058031
5511993058046
5511993058073
5511993058100
5511993058106
5511993058124
5511993058127
5511993058128
5511993058136
5511993058147
5511993058154
5511993058170
5511993058187
5511993058228
5511993058267
5511993058276
5511993058359
5511993058369
5511993058386
5511993058388
5511993058398
5511993058416
5511993058424
5511993058447
5511993058450
5511993058491
5511993058510
5511993058518
5511993058522
5511993058526
5511993058540
5511993058545
5511993058564
5511993058569
5511993058587
5511993058595
5511993058603
5511993058606
5511993058616
5511993058617
5511993058619
5511993058631
5511993058634
5511993058643
5511993058644
5511993058645
5511993058647
5511993058649
5511993058651
5511993058666
5511993058677
5511993058692
5511993058707
5511993058718
5511993058731
5511993058746
5511993058751
5511993058757
5511993058761
5511993058790
5511993058802
5511993058811
5511993058816
5511993058828
5511993058834
5511993058839
5511993058850
5511993058853
5511993058862
5511993058879
5511993058880
5511993058881
5511993058882
5511993058883
5511993058887
5511993058899
5511993058905
5511993058917
5511993058925
5511993058937
5511993058941
5511993058956
5511993058957
5511993058966
5511993058970
5511993058983
5511993058987
5511993058999
5511993059001
5511993059014
5511993059016
5511993059027
5511993059029
5511993059033
5511993059044
5511993059053
5511993059055
5511993059066
5511993059088
5511993059106
5511993059133
5511993059152
5511993059154
5511993059185
5511993059193
5511993059203
5511993059228
5511993059231
5511993059237
5511993059246
5511993059247
5511993059277
5511993059283
5511993059297
5511993059300
5511993059307
5511993059309
5511993059311
5511993059318
5511993059319
5511993059344
5511993059345
5511993059367
5511993059373
5511993059374
5511993059388
5511993059389
5511993059405
5511993059430
5511993059438
5511993059443
5511993059457
5511993059463
5511993059469
5511993059503
5511993059505
5511993059530
5511993059532
5511993059533
5511993059538
5511993059540
5511993059551
5511993059552
5511993059560
5511993059561
5511993059567
5511993059581
5511993059585
5511993059590
5511993059615
5511993059618
5511993059621
5511993059649
5511993059668
5511993059681
5511993059684
5511993059691
5511993059698
5511993059699
5511993059706
5511993059708
5511993059709
5511993059722
5511993059727
5511993059729
5511993059795
5511993059832
5511993059852
5511993059854
5511993059866
5511993059870
5511993059882
5511993059899
5511993059927
5511993059977
5511993059984
5511993059986
5511993060055
5511993060066
5511993060086
5511993060090
5511993060091
5511993060105
5511993060140
5511993060152
5511993060154
5511993060164
5511993060168
5511993060172
5511993060184
5511993060189
5511993060190
5511993060210
5511993060216
5511993060232
5511993060240
5511993060242
5511993060243
5511993060268
5511993060274
5511993060302
5511993060310
5511993060326
5511993060363
5511993060370
5511993060372
5511993060374
5511993060383
5511993060405
5511993060415
5511993060416
5511993060442
5511993060443
5511993060444
5511993060449
5511993060488
5511993060498
5511993060509
5511993060516
5511993060523
5511993060524
5511993060526
5511993060536
5511993060540
5511993060562
5511993060564
5511993060568
5511993060570
5511993060577
5511993060584
5511993060585
5511993060600
5511993060604
5511993060606
5511993060607
5511993060608
5511993060614
5511993060623
5511993060635
5511993060643
5511993060667
5511993060673
5511993060679
5511993060691
5511993060693
5511993060694
5511993060695
5511993060697
5511993060699
5511993060701
5511993060702
5511993060743
5511993060744
5511993060762
5511993060768
5511993060778
5511993060779
5511993060781
5511993060785
5511993060790
5511993060798
5511993060810
5511993060818
5511993060822
5511993060831
5511993060835
5511993060839
5511993060840
5511993060843
5511993060848
5511993060863
5511993060869
5511993060871
5511993060872
5511993060873
5511993060874
5511993060876
5511993060882
5511993060893
5511993060894
5511993060895
5511993060896
5511993060901
5511993060934
5511993060942
5511993060946
5511993060949
5511993060973
5511993060983
5511993061006
5511993061009
5511993061039
5511993061041
5511993061051
5511993061067
5511993061070
5511993061071
5511993061073
5511993061079
5511993061082
5511993061085
5511993061087
5511993061096
5511993061099
5511993061121
5511993061146
5511993061148
5511993061153
5511993061168
5511993061174
5511993061190
5511993061193
5511993061203
5511993061206
5511993061216
5511993061223
5511993061227
5511993061229
5511993061235
5511993061240
5511993061258
5511993061261
5511993061274
5511993061300
5511993061303
5511993061317
5511993061318
5511993061322
5511993061332
5511993061334
5511993061343
5511993061359
5511993061363
5511993061367
5511993061368
5511993061384
5511993061387
5511993061404
5511993061411
5511993061430
5511993061471
5511993061476
5511993061492
5511993061499
5511993061505
5511993061511
5511993061517
5511993061519
5511993061531
5511993061541
5511993061547
5511993061553
5511993061558
5511993061570
5511993061573
5511993061575
5511993061580
5511993061589
5511993061595
5511993061596
5511993061603
5511993061604
5511993061621
5511993061634
5511993061651
5511993061652
5511993061658
5511993061663
5511993061679
5511993061680
5511993061692
5511993061707
5511993061711
5511993061719
5511993061731
5511993061734
5511993061739
5511993061743
5511993061745
5511993061747
5511993061749
5511993061751
5511993061752
5511993061754
5511993061757
5511993061759
5511993061766
5511993061772
5511993061775
5511993061776
5511993061790
5511993061794
5511993061801
5511993061808
5511993061810
5511993061812
5511993061815
5511993061822
5511993061827
5511993061829
5511993061839
5511993061877
5511993061881
5511993061884
5511993061885
5511993061887
5511993061888
5511993061895
5511993061903
5511993061907
5511993061914
5511993061926
5511993061928
5511993061931
5511993061933
5511993061942
5511993061944
5511993061951
5511993061955
5511993061958
5511993062005
5511993062010
5511993062013
5511993062034
5511993062036
5511993062040
5511993062048
5511993062076
5511993062088
5511993062091
5511993062104
5511993062119
5511993062120
5511993062122
5511993062130
5511993062141
5511993062144
5511993062146
5511993062148
5511993062149
5511993062154
5511993062155
5511993062166
5511993062190
5511993062208
5511993062228
5511993062237
5511993062264
5511993062276
5511993062329
5511993062356
5511993062370
5511993062379
5511993062401
5511993062455
5511993062465
5511993062484
5511993062519
5511993062555
5511993062557
5511993062588
5511993062635
5511993062660
5511993062668
5511993062685
5511993062734
5511993062739
5511993062758
5511993062762
5511993062772
5511993062788
5511993062800
5511993062815
5511993062833
5511993062886
5511993062887
5511993062929
5511993062935
5511993062954
5511993062970
5511993062974
5511993062989
5511993062990
5511993063010
5511993063020
5511993063055
5511993063057
5511993063076
5511993063099
5511993063120
5511993063131
5511993063133
5511993063134
5511993063166
5511993063203
5511993063256
5511993063280
5511993063296
5511993063309
5511993063321
5511993063322
5511993063325
5511993063330
5511993063351
5511993063368
5511993063392
5511993063411
5511993063421
5511993063444
5511993063445
5511993063448
5511993063456
5511993063463
5511993063488
5511993063510
5511993063535
5511993063536
5511993063540
5511993063631
5511993063634
5511993063644
5511993063659
5511993063660
5511993063670
5511993063674
5511993063680
5511993063681
5511993063684
5511993063686
5511993063699
5511993063715
5511993063719
5511993063721
5511993063722
5511993063764
5511993063775
5511993063820
5511993063825
5511993063846
5511993063850
5511993063862
5511993063883
5511993063909
5511993064015
5511993064044
5511993064052
5511993064073
5511993064076
5511993064085
5511993064087
5511993064097
5511993064113
5511993064146
5511993064161
5511993064167
5511993064180
5511993064214
5511993064216
5511993064223
5511993064249
5511993064256
5511993064265
5511993064271
5511993064286
5511993064292
5511993064332
5511993064338
5511993064365
5511993064414
5511993064420
5511993064426
5511993064464
5511993064523
5511993064531
5511993064542
5511993064546
5511993064558
5511993064608
5511993064610
5511993064611
5511993064628
5511993064638
5511993064641
5511993064645
5511993064657
5511993064666
5511993064691
5511993064694
5511993064704
5511993064713
5511993064749
5511993064756
5511993064798
5511993064805
5511993064826
5511993064831
5511993064838
5511993064850
5511993064853
5511993064863
5511993064868
5511993064912
5511993064917
5511993064943
5511993064969
5511993064991
5511993064999
5511993065014
5511993065018
5511993065062
5511993065115
5511993065148
5511993065151
5511993065159
5511993065222
5511993065224
5511993065226
5511993065236
5511993065248
5511993065258
5511993065260
5511993065287
5511993065318
5511993065319
5511993065341
5511993065343
5511993065379
5511993065417
5511993065447
5511993065457
5511993065465
5511993065470
5511993065481
5511993065488
5511993065502
5511993065522
5511993065549
5511993065591
5511993065625
5511993065634
5511993065659
5511993065663
5511993065670
5511993065676
5511993065679
5511993065693
5511993065698
5511993065706
5511993065773
5511993065805
5511993065809
5511993065813
5511993065830
5511993065836
5511993065851
5511993065855
5511993065873
5511993065879
5511993065887
5511993065900
5511993065922
