5511974199405
5511974211140
5511974214065
5511974214384
5511974227712
5511974238561
5511974240144
5511974246146
5511974258663
5511974261449
5511974266815
5511974277141
5511974282117
5511974288901
5511974300345
5511974302599
5511974306054
5511974316815
5511974321340
5511974324360
5511974333104
5511974341210
5511974346138
5511974347023
5511974360764
5511974368355
5511974380080
5511974389291
5511974400540
5511974416610
5511974421500
5511974427923
5511974443158
5511974444747
5511974450388
5511974453858
5511974459550
5511974464842
5511974472056
5511974481549
5511974510321
5511974538630
5511974553226
5511974565066
5511974578101
5511974580134
5511974582378
5511974585895
5511974593234
5511974612461
5511974617411
5511974672005
5511974742806
5511974745055
5511974748899
5511974764636
5511974766863
5511974772517
5511974776446
5511974783548
5511974783944
5511974787331
5511974796357
5511974836714
5511974838081
5511974851530
5511974862994
5511974866778
5511974868806
5511974873833
5511974876547
5511974892996
5511974893658
5511974894614
5511974895850
5511974901160
5511974910065
5511974918686
5511974918751
5511974919236
5511974919701
5511974941398
5511974945999
5511974966499
5511974982754
5511974997053
5511974999282
5511975000023
5511975024364
5511975027224
5511975034613
5511975039033
5511975039373
5511975050156
5511975054800
5511975060620
5511975066278
5511975074424
5511975074681
5511975078789
5511975081077
5511975081541
5511975081795
5511975090272
5511975093875
5511975095553
5511975096396
5511975098705
5511975127070
5511975129976
5511975131074
5511975139147
5511975143469
5511975145238
5511975148254
5511975149413
5511975167174
5511975180759
5511975184216
5511975186058
5511975189615
5511975192528
5511975192710
5511975195602
5511975201106
5511975204153
5511975225757
5511975225787
5511975251572
5511975255271
5511975257531
5511975257660
5511975263508
5511975263811
5511975269848
5511975269956
5511975273769
5511975277276
5511975291467
5511975299766
5511975301306
5511975315160
5511975322544
5511975322767
5511975324259
5511975339639
5511975348351
5511975349430
5511975356123
5511975362887
5511975363825
5511975363826
5511975372683
5511975389097
5511975389148
5511975397407
5511975411018
5511975412425
5511975412628
5511975413365
5511975430011
5511975439022
5511975439023
5511975447686
5511975449434
5511975449597
5511975452266
5511975458811
5511975460321
5511975465071
5511975465600
5511975472939
5511975476592
5511975479856
5511975480779
5511975481077
5511975482666
5511975483008
5511975488427
5511975493087
5511975506942
5511975538776
5511975543731
5511975552092
5511975554596
5511975555156
5511975556307
5511975557284
5511975559009
5511975559996
5511975575852
5511975578184
5511975584322
5511975589610
5511975590038
5511975600230
5511975623387
5511975629992
5511975633531
5511975650088
5511975653839
5511975654818
5511975662552
5511975673603
5511975681868
5511975689683
5511975707799
5511975710141
5511975714048
5511975722446
5511975723875
5511975729922
5511975736040
5511975747177
5511975799744
5511975799903
5511975815500
5511975822038
5511975830031
5511975835710
5511975845600
5511975861203
5511975869285
5511975870828
5511975879170
5511975892150
5511975909664
5511975925050
5511975945074
5511975979213
5511975979907
5511975985304
5511975986070
5511976002092
5511976033030
5511976038426
5511976043798
5511976051361
5511976053133
5511976059280
5511976059314
5511976059350
5511976060329
5511976066469
5511976070292
5511976116878
5511976134573
5511976140285
5511976144381
5511976150856
5511976170102
5511976174221
5511976175157
5511976175553
5511976181771
5511976182696
5511976185933
5511976189546
5511976199534
5511976202965
5511976208898
5511976211035
5511976218888
5511976223566
5511976225531
5511976229390
5511976230785
5511976232831
5511976235157
5511976237000
5511976249243
5511976249891
5511976256958
5511976258073
5511976260638
5511976270212
5511976272747
5511976276992
5511976282497
5511976286185
5511976287796
5511976293161
5511976294435
5511976297349
5511976298484
5511976303399
5511976305154
5511976306635
5511976309016
5511976315308
5511976316657
5511976318468
5511976323083
5511976347233
5511976352026
5511976354930
5511976358830
5511976359951
5511976378656
5511976381549
5511976389401
5511976391412
5511976397223
5511976412403
5511976416982
5511976418205
5511976418580
5511976435629
5511976437042
5511976437810
5511976451490
5511976452154
5511976455279
5511976456330
5511976469226
5511976479974
5511976484105
5511976488958
5511976494119
5511976498742
5511976509431
5511976510184
5511976515440
5511976515996
5511976524483
5511976565068
5511976571102
5511976582151
5511976602824
5511976615578
5511976615938
5511976619878
5511976623802
5511976636001
5511976636276
5511976644664
5511976647224
5511976648960
5511976667847
5511976674733
5511976679009
5511976689500
5511976693489
5511976694238
5511976699687
5511976699851
5511976715050
5511976726874
5511976727379
5511976732666
5511976733703
5511976736388
5511976745315
5511976757645
5511976758102
5511976777284
5511976778488
5511976779148
5511976780101
5511976782004
5511976785621
5511976788827
5511976812346
5511976815844
5511976820018
5511976830014
5511976834401
5511976848477
5511976850094
5511976867270
5511976875822
5511976894067
5511976905859
5511976916681
5511976922777
5511976927996
5511976940299
5511976944157
5511976947947
5511976959267
5511976965455
5511976969697
5511976971003
5511976983330
5511976983622
5511976984083
5511976988048
5511976990333
5511977021450
5511977031284
5511977049291
5511977051137
5511977057061
5511977058394
5511977069278
5511977094124
5511977121273
5511977125825
5511977130305
5511977140214
5511977149917
5511977176095
5511977197405
5511977202140
5511977217424
5511977220298
5511977224515
5511977240024
5511977246500
5511977252218
5511977257139
5511977260332
5511977265170
5511977265783
5511977271207
5511977274031
5511977283514
5511977284701
5511977295766
5511977314117
5511977326336
5511977329247
5511977337931
5511977345004
5511977356272
5511977362716
5511977363667
5511977376342
5511977381500
5511977384175
5511977413312
5511977419190
5511977420815
5511977421334
5511977421622
5511977423816
5511977432891
5511977434271
5511977450461
5511977452328
5511977455815
5511977456038
5511977468936
5511977488911
5511977490544
5511977511011
5511977512050
5511977526631
5511977545655
5511977557857
5511977562912
5511977576655
5511977583555
5511977602762
5511977605342
5511977652105
5511977665555
5511977669978
5511977671359
5511977674222
5511977710999
5511977717001
5511977718724
5511977730794
5511977737289
5511977737965
5511977746150
5511977748398
5511977770071
5511977774423
5511977795810
5511977798853
5511977800007
5511977813807
5511977816657
5511977837225
5511977863430
5511977904733
5511977906702
5511977923786
5511977933749
5511977937176
5511977937692
5511977944878
5511977976719
5511977989157
5511977996928
5511978009025
5511978028596
5511978038327
5511978062662
5511978117160
5511978181198
5511978288911
5511978305637
5511978339265
5511978938265
5511979258319
5511979431550
5511979501568
5511979506695
5511979515745
5511979517732
5511979522252
5511979523286
5511979524729
5511979530210
5511979531319
5511979534573
5511979539876
5511979549159
5511979562530
5511979573005
5511979577873
5511979588330
5511979597820
5511979599742
5511979620064
5511979631402
5511979633617
5511979640115
5511979643979
5511979647898
5511979668930
5511979669999
5511979677901
5511979697997
5511979708212
5511979716333
5511979723263
5511979741647
5511979751161
5511979751162
5511979753108
5511979753929
5511979756847
5511979762307
5511979770915
5511979773121
5511979781616
5511979787233
5511979788259
5511979799163
5511979814163
5511979820000
5511979835061
5511979836544
5511979851281
5511979872206
5511979878192
5511979880370
5511979880526
5511979889618
5511979892899
5511979894924
5511979917770
5511979917821
5511979922050
5511979933702
5511979934649
5511979938634
5511979945018
5511979945351
5511979950067
5511979952533
5511979954252
5511979980910
5511979998847
5511980104851
5511980106299
5511980108081
5511980124622
5511980127733
5511980133784
5511980134961
5511980139269
5511980147098
5511980151179
5511980160266
5511980163421
5511980167511
5511980171277
5511980184064
5511980184114
5511980190042
5511980196898
5511980213296
5511980218613
5511980243531
5511980256815
5511980258295
5511980259797
5511980261228
5511980261586
5511980265478
5511980268884
5511980273190
5511980281956
5511980287539
5511980289089
5511980299492
5511980300000
5511980301876
5511980313672
5511980318685
5511980327771
5511980328163
5511980344054
5511980349076
5511980354987
5511980355164
5511980376882
5511980401060
5511980415073
5511980417014
5511980420469
5511980432650
5511980441366
5511980442312
5511980442313
5511980442772
5511980449450
5511980454361
5511980462842
5511980471039
5511980476737
5511980491818
5511980496452
5511980503775
5511980504401
5511980504816
5511980510010
5511980520973
5511980522094
5511980536388
5511980539996
5511980558933
5511980583883
5511980592937
5511980598312
5511980600298
5511980600603
5511980602454
5511980625893
5511980632641
5511980634318
5511980636241
5511980639727
5511980644753
5511980658437
5511980662620
5511980664595
5511980668846
5511980669148
5511980675084
5511980676080
5511980677154
5511980677236
5511980691757
5511980692037
5511980694380
5511980695675
5511980711589
5511980711943
5511980714793
5511980730422
5511980739635
5511980743113
5511980768123
5511980769128
5511980773082
5511980781051
5511980781295
5511980785652
5511980786894
5511980790783
5511980791523
5511980792629
5511980801035
5511980804600
5511980807471
5511980810606
5511980811943
5511980823288
5511980844753
5511980851526
5511980865884
5511980889881
5511980894219
5511980915762
5511980917717
5511980917996
5511980931590
5511980935509
5511980942389
5511980954842
5511980997698
5511980998950
5511981004346
5511981007777
5511981010611
5511981012228
5511981013095
5511981014924
5511981017213
5511981017630
5511981018321
5511981020228
5511981021843
5511981024270
5511981028444
5511981030108
5511981038623
5511981046161
5511981052217
5511981053680
5511981054338
5511981057269
5511981057272
5511981057779
5511981058329
5511981059176
5511981060568
5511981063564
5511981068949
5511981071212
5511981076680
5511981079634
5511981080128
5511981084001
5511981084444
5511981086690
5511981091717
5511981093526
5511981094557
5511981099934
5511981110211
5511981111198
5511981111211
5511981112442
5511981112558
5511981112577
5511981114348
5511981115190
5511981115763
5511981117177
5511981118896
5511981123435
5511981146218
5511981146543
5511981148079
5511981155279
5511981155999
5511981157415
5511981158823
5511981162419
5511981162708
5511981166687
5511981171111
5511981172096
5511981176646
5511981176725
5511981181661
5511981182311
5511981185156
5511981193222
5511981201172
5511981203200
5511981207245
5511981209422
5511981210033
5511981210410
5511981213643
5511981219025
5511981221920
5511981223764
5511981223838
5511981224622
5511981225050
5511981226921
5511981227196
5511981229739
5511981233360
5511981236550
5511981237502
5511981245533
5511981247071
5511981247331
5511981248005
5511981249173
5511981252496
5511981253798
5511981261413
5511981262725
5511981263512
5511981273655
5511981277264
5511981278212
5511981284793
5511981302025
5511981303232
5511981314232
5511981322499
5511981322927
5511981324141
5511981324262
5511981332760
5511981333481
5511981333776
5511981333810
5511981338036
5511981338129
5511981339149
5511981348692
5511981350770
5511981352140
5511981354792
5511981357365
5511981359182
5511981359598
5511981362230
5511981362767
5511981363199
5511981363734
5511981366780
5511981369678
5511981372329
5511981372776
5511981373040
5511981373223
5511981373338
5511981376509
5511981381649
5511981382224
5511981387731
5511981390764
5511981391789
5511981398844
5511981402722
5511981404351
5511981413098
5511981413395
5511981414365
5511981416421
5511981420674
5511981424221
5511981424654
5511981436577
5511981440949
5511981441755
5511981442211
5511981444334
5511981444418
5511981445157
5511981449263
5511981451468
5511981453330
5511981454954
5511981456009
5511981457065
5511981458082
5511981460083
5511981467796
5511981467844
5511981470403
5511981471215
5511981474122
5511981475265
5511981475752
5511981477070
5511981480598
5511981481188
5511981487897
5511981489061
5511981489624
5511981493858
5511981495260
5511981495289
5511981512998
5511981517620
5511981519869
5511981526028
5511981527234
5511981538800
5511981549559
5511981551615
5511981556621
5511981558156
5511981561524
5511981572410
5511981573378
5511981576309
5511981577386
5511981586355
5511981589181
5511981589186
5511981590881
5511981591068
5511981592990
5511981598682
5511981602611
5511981602651
5511981604177
5511981605464
5511981617900
5511981619163
5511981620477
5511981632220
5511981633000
5511981635161
5511981639778
5511981642208
5511981643762
5511981643994
5511981646419
5511981657331
5511981661305
5511981669699
5511981670370
5511981670959
5511981671737
5511981675196
5511981683406
5511981684004
5511981687854
5511981690808
5511981693090
5511981693272
5511981699964
5511981703798
5511981709920
5511981711256
5511981712232
5511981715959
5511981726267
5511981729675
5511981735985
5511981740653
5511981741020
5511981742727
5511981745356
5511981746925
5511981747553
5511981748041
5511981748626
5511981750064
5511981750308
5511981755788
5511981757705
5511981757727
5511981759364
5511981761952
5511981763348
5511981769334
5511981770077
5511981773527
5511981780106
5511981791433
5511981793943
5511981804052
5511981812257
5511981812274
5511981812610
5511981817788
5511981818166
5511981823764
5511981823844
5511981823996
5511981824382
5511981824606
5511981827575
5511981831171
5511981831858
5511981833591
5511981839908
5511981845521
5511981846712
5511981856821
5511981862627
5511981864411
5511981866426
5511981869164
5511981871025
5511981871150
5511981871777
5511981872767
5511981873732
5511981877669
5511981888674
5511981889532
5511981889634
5511981890011
5511981892669
5511981905523
5511981910174
5511981916270
5511981916906
5511981918741
5511981919000
5511981921193
5511981926136
5511981926185
5511981926983
5511981928488
5511981934506
5511981938899
5511981940399
5511981940668
5511981944100
5511981944346
5511981948671
5511981951978
5511981952159
5511981952406
5511981954954
5511981965682
5511981969679
5511981973312
5511981980597
5511981993365
5511981994215
5511981994481
5511981995624
5511981996361
5511981996856
5511981997906
5511981999084
5511982004037
5511982004179
5511982007009
5511982007093
5511982013799
5511982014353
5511982015968
5511982020791
5511982022054
5511982023868
5511982024222
5511982026069
5511982028072
5511982028172
5511982031014
5511982031690
5511982032476
5511982042040
5511982042646
5511982044696
5511982048305
5511982057238
5511982057616
5511982057717
5511982063395
5511982063776
5511982064050
5511982074118
5511982077764
5511982080234
5511982083234
5511982084090
5511982086087
5511982086759
5511982089552
5511982098741
5511982100276
5511982101363
5511982114007
5511982114264
5511982116004
5511982121254
5511982121999
5511982122154
5511982122847
5511982125069
5511982141465
5511982142251
5511982142533
5511982142878
5511982149397
5511982151981
5511982154942
5511982162206
5511982170856
5511982174645
5511982178786
5511982179399
5511982179898
5511982180302
5511982186213
5511982194894
5511982195238
5511982198071
5511982199818
5511982206408
5511982206508
5511982214383
5511982215014
5511982227667
5511982227951
5511982229769
5511982231607
5511982234443
5511982239588
5511982241319
5511982242319
5511982244960
5511982245779
5511982246000
5511982246091
5511982247835
5511982249798
5511982250500
5511982251890
5511982255701
5511982256646
5511982259931
5511982260622
5511982266216
5511982268988
5511982271419
5511982271475
5511982282159
5511982287694
5511982287765
5511982288897
5511982291975
5511982292919
5511982301516
5511982304516
5511982314200
5511982319168
5511982321069
5511982322546
5511982327782
5511982340087
5511982340123
5511982340909
5511982343409
5511982344765
5511982344921
5511982353184
5511982355349
5511982356959
5511982366908
5511982366999
5511982384379
5511982387160
5511982388911
5511982391493
5511982395104
5511982401925
5511982402081
5511982404173
5511982408130
5511982408380
5511982411122
5511982420292
5511982430980
5511982437738
5511982439079
5511982446705
5511982446794
5511982448769
5511982455528
5511982456747
5511982463050
5511982466133
5511982469277
5511982479314
5511982482082
5511982483606
5511982488739
5511982491603
5511982494444
5511982499646
5511982501914
5511982506793
5511982508334
5511982510252
5511982511560
5511982521100
5511982523328
5511982540664
5511982554751
5511982556688
5511982558222
5511982559455
5511982559676
5511982567309
5511982568550
5511982571534
5511982571708
5511982576712
5511982577838
5511982587238
5511982589114
5511982594516
5511982594864
5511982595098
5511982595570
5511982598390
5511982598611
5511982599924
5511982603970
5511982608260
5511982615858
5511982621580
5511982621604
5511982625594
5511982628786
5511982628886
5511982630362
5511982634204
5511982638272
5511982641371
5511982646867
5511982650005
5511982650468
5511982650898
5511982661301
5511982675656
5511982679533
5511982690030
5511982692888
5511982696364
5511982697353
5511982697474
5511982702468
5511982708547
5511982718010
5511982728295
5511982739123
5511982739364
5511982741453
5511982742920
5511982749994
5511982750800
5511982760711
5511982764748
5511982766587
5511982768808
5511982774444
5511982776192
5511982778990
5511982785843
5511982787238
5511982788083
5511982789614
5511982789941
5511982791237
5511982792224
5511982795195
5511982796946
5511982796961
5511982797238
5511982797516
5511982798387
5511982799976
5511982809127
5511982816927
5511982819873
5511982824254
5511982825487
5511982825749
5511982825868
5511982827017
5511982831800
5511982834383
5511982835544
5511982838806
5511982841241
5511982842222
5511982846529
5511982846789
5511982847038
5511982847835
5511982854655
5511982862667
5511982864006
5511982866597
5511982867461
5511982873006
5511982875588
5511982875771
5511982884382
5511982885834
5511982894543
5511982896366
5511982898155
5511982898765
5511982899855
5511982901260
5511982903858
5511982905074
5511982905099
5511982905814
5511982911102
5511982920050
5511982921793
5511982921970
5511982922192
5511982922226
5511982923400
5511982923888
5511982924382
5511982924730
5511982925242
5511982925280
5511982928411
5511982928589
5511982931003
5511982931103
5511982932049
5511982935129
5511982940597
5511982942751
5511982944449
5511982952485
5511982953558
5511982957408
5511982963128
5511982964567
5511982975092
5511982977088
5511982979993
5511982982333
5511982990198
5511982991463
5511982994385
5511983003813
5511983006661
5511983019979
5511983029208
5511983029988
5511983030433
5511983034843
5511983051393
5511983052552
5511983053748
5511983060121
5511983062219
5511983079696
5511983083584
5511983093488
5511983099657
5511983100679
5511983110427
5511983111333
5511983112232
5511983113815
5511983119180
5511983127157
5511983129649
5511983131916
5511983140083
5511983147198
5511983154922
5511983158655
5511983159673
5511983170927
5511983182121
5511983182808
5511983188605
5511983193220
5511983194862
5511983196992
5511983197878
5511983201519
5511983208474
5511983211047
5511983211373
5511983213441
5511983222222
5511983227498
5511983233181
5511983233318
5511983241448
5511983248311
5511983253974
5511983262826
5511983263494
5511983267869
5511983268090
5511983271925
5511983273979
5511983274528
5511983276106
5511983278854
5511983280414
5511983285859
5511983287379
5511983293806
5511983293866
5511983295820
5511983297938
5511983306355
5511983307414
5511983308000
5511983309476
5511983318341
5511983319097
5511983329000
5511983330503
5511983332662
5511983335444
5511983336653
5511983336979
5511983339723
5511983343460
5511983344570
5511983350008
5511983353171
5511983354071
5511983354434
5511983354743
5511983356257
5511983364013
5511983364444
5511983367288
5511983380403
5511983381520
5511983382124
5511983382325
5511983384485
5511983392149
5511983395935
5511983399606
5511983400020
5511983402288
5511983410028
5511983422334
5511983423004
5511983425838
5511983434682
5511983439989
5511983442168
5511983446354
5511983447440
5511983454715
5511983459717
5511983460008
5511983460251
5511983461237
5511983462908
5511983468576
5511983477711
5511983484272
5511983484654
5511983484823
5511983485134
5511983494788
5511983494948
5511983504088
5511983506846
5511983510012
5511983518387
5511983520880
5511983525215
5511983536152
5511983539591
5511983544420
5511983544806
5511983545070
5511983545806
5511983545883
5511983546002
5511983546729
5511983548197
5511983550112
5511983551805
5511983552305
5511983552310
5511983553486
5511983555525
5511983564883
5511983568845
5511983573005
5511983573944
5511983573972
5511983576022
5511983577263
5511983581819
5511983586906
5511983589950
5511983594314
5511983598157
5511983610024
5511983610538
5511983610737
5511983614136
5511983621567
5511983629842
5511983630107
5511983631111
5511983635501
5511983636394
5511983637889
5511983639793
5511983643333
5511983646541
5511983652088
5511983664343
5511983678155
5511983679366
5511983683322
5511983694400
5511983695272
5511983695725
5511983697165
5511983699657
5511983703621
5511983704559
5511983705698
5511983713127
5511983715218
5511983715321
5511983716131
5511983721257
5511983730263
5511983746004
5511983748444
5511983754691
5511983757545
5511983765377
5511983780234
5511983785950
5511983786376
5511983790251
5511983800983
5511983807673
5511983814687
5511983819521
5511983820106
5511983821545
5511983822173
5511983826616
5511983827346
5511983828428
5511983828890
5511983828989
5511983830023
5511983834206
5511983834276
5511983837079
5511983837300
5511983837865
5511983838575
5511983839918
5511983859116
5511983862785
5511983864754
5511983875742
5511983882345
5511983887105
5511983890455
5511983891791
5511983892622
5511983892784
5511983895967
5511983896461
5511983918934
5511983922771
5511983925278
5511983938481
5511983939493
5511983944233
5511983950869
5511983962084
5511983968515
5511983977490
5511983984575
5511983989765
5511983992030
5511984004894
5511984007612
5511984020940
5511984024585
5511984025040
5511984041404
5511984042158
5511984042877
5511984046939
5511984049494
5511984059058
5511984069800
5511984074920
5511984077007
5511984081013
5511984089527
5511984093641
5511984093911
5511984094911
5511984095655
5511984096059
5511984099829
5511984101711
5511984101863
5511984110256
5511984113009
5511984113813
5511984114981
5511984117700
5511984118632
5511984118881
5511984145455
5511984145792
5511984146735
5511984153652
5511984154003
5511984159557
5511984165283
5511984170194
5511984185108
5511984190806
5511984192033
5511984193563
5511984194117
5511984199323
5511984202072
5511984203266
5511984205130
5511984212129
5511984214000
5511984215305
5511984220103
5511984221156
5511984224961
5511984230734
5511984230740
5511984234527
5511984238743
5511984246281
5511984252073
5511984261150
5511984264249
5511984265852
5511984272366
5511984276934
5511984290287
5511984290433
5511984295988
5511984298915
5511984307703
5511984311556
5511984311919
5511984313792
5511984316693
5511984328448
5511984329675
5511984330082
5511984331055
5511984332150
5511984333856
5511984333957
5511984339525
5511984355427
5511984365049
5511984365240
5511984366028
5511984366590
5511984383239
5511984384850
5511984386999
5511984387628
5511984389357
5511984398804
5511984399209
5511984410008
5511984416475
5511984432958
5511984438800
5511984440806
5511984440825
5511984440911
5511984441210
5511984442476
5511984450906
5511984452741
5511984462964
5511984466726
5511984471818
5511984475795
5511984479251
5511984479632
5511984480755
5511984481177
5511984484894
5511984486834
5511984494637
5511984498091
5511984500740
5511984527318
5511984528685
5511984531186
5511984546086
5511984549707
5511984561387
5511984561437
5511984561953
5511984564777
5511984569809
5511984571346
5511984576020
5511984578378
5511984591942
5511984596097
5511984597111
5511984609701
5511984610514
5511984615386
5511984619898
5511984635961
5511984645658
5511984651635
5511984668728
5511984673869
5511984674649
5511984675908
5511984684478
5511984686427
5511984687403
5511984691131
5511984691147
5511984691256
5511984693480
5511984694218
5511984709036
5511984710485
5511984713777
5511984715577
5511984720284
5511984731328
5511984733484
5511984748442
5511984758624
5511984774757
5511984780814
5511984783299
5511984786699
5511984787090
5511984793875
5511984799134
5511984801915
5511984804572
5511984806842
5511984814153
5511984820083
5511984826748
5511984833986
5511984845888
5511984847764
5511984849851
5511984854274
5511984858806
5511984867475
5511984868129
5511984871333
5511984873059
5511984886910
5511984894714
5511984898933
5511984910030
5511984912268
5511984913002
5511984915113
5511984918608
5511984918997
5511984927542
5511984935949
5511984944997
5511984946551
5511984949307
5511984951776
5511984952993
5511984953100
5511984953265
5511984955151
5511984958617
5511984973133
5511984976740
5511984979569
5511984997308
5511985001834
5511985002004
5511985005700
5511985009190
5511985010271
5511985011612
5511985021668
5511985025885
5511985029239
5511985037932
5511985042235
5511985062295
5511985069537
5511985071879
5511985075852
5511985078171
5511985078467
5511985085170
5511985089070
5511985089626
5511985090489
5511985091039
5511985097054
5511985102823
5511985109481
5511985109884
5511985118118
5511985120399
5511985122497
5511985137484
5511985150422
5511985155659
5511985161523
5511985162587
5511985174747
5511985175801
5511985176194
5511985177810
5511985190201
5511985192222
5511985202542
5511985202931
5511985216478
5511985254545
5511985259156
5511985264581
5511985265229
5511985272366
5511985272780
5511985274196
5511985280212
5511985280267
5511985289000
5511985300077
5511985301034
5511985303662
5511985304004
5511985320001
5511985321591
5511985322219
5511985326575
5511985332255
5511985341533
5511985345526
5511985356036
5511985360700
5511985362086
5511985367424
5511985376143
5511985387000
5511985391280
5511985393537
5511985400233
5511985413558
5511985417174
5511985421602
5511985428802
5511985433089
5511985438028
5511985444109
5511985444573
5511985451546
5511985455935
5511985461250
5511985463177
5511985475913
5511985477171
5511985480305
5511985504890
5511985506545
5511985523658
5511985527164
5511985528056
5511985530068
5511985530156
5511985530707
5511985531947
5511985536180
5511985541708
5511985542880
5511985546557
5511985551369
5511985553178
5511985555254
5511985555410
5511985555481
5511985556666
5511985565866
5511985567003
5511985568258
5511985576239
5511985580410
5511985580518
5511985586117
5511985589954
5511985596499
5511985598765
5511985610237
5511985615715
5511985617100
5511985622384
5511985626435
5511985627975
5511985636360
5511985638461
5511985643161
5511985644749
5511985645444
5511985649434
5511985650077
5511985652531
5511985655071
5511985661525
5511985661922
5511985666528
5511985667171
5511985678511
5511985690048
5511985692211
5511985693101
5511985694926
5511985699972
5511985707113
5511985718075
5511985721224
5511985727920
5511985730262
5511985732539
5511985744448
5511985759123
5511985762644
5511985767532
5511985774927
5511985777891
5511985781304
5511985785810
5511985788759
5511985790879
5511985813441
5511985814433
5511985814780
5511985817777
5511985830801
5511985838338
5511985839075
5511985840006
5511985841429
5511985847261
5511985849044
5511985854384
5511985855531
5511985857661
5511985857772
5511985860591
5511985862125
5511985865238
5511985866217
5511985866375
5511985872955
5511985881105
5511985882328
5511985883168
5511985888887
5511985891239
5511985893747
5511985910990
5511985911905
5511985917486
5511985942240
5511985942749
5511985947467
5511985949320
5511985957727
5511985960744
5511985963357
5511985980189
5511985986936
5511985988275
5511986003250
5511986004902
5511986007338
5511986009313
5511986014000
5511986016065
5511986024233
5511986026590
5511986028007
5511986029683
5511986043251
5511986044704
5511986047943
5511986053091
5511986054421
5511986057099
5511986064833
5511986072658
5511986075139
5511986083722
5511986088726
