5513996059137
5513996065220
5513996081412
5513996103470
5513996105360
5513996105588
5513996105744
5513996106216
5513996107196
5513996107375
5513996107858
5513996108116
5513996108163
5513996108314
5513996109403
5513996109548
5513996109999
5513996118010
5513996121539
5513996122362
5513996131096
5513996131154
5513996136633
5513996144634
5513996148532
5513996166316
5513996179561
5513996184623
5513996184872
5513996188260
5513996190445
5513996191555
5513996192604
5513996193435
5513996202930
5513996206132
5513996206830
5513996209008
5513996213777
5513996214680
5513996217751
5513996217778
5513996217951
5513996218711
5513996218774
5513996219177
5513996220009
5513996220306
5513996222832
5513996224391
5513996225307
5513996225393
5513996226800
5513996226927
5513996229787
5513996231608
5513996234050
5513996239952
5513996240618
5513996240895
5513996242100
5513996242932
5513996266799
5513996267213
5513996270422
5513996271548
5513996273382
5513996273942
5513996274075
5513996274998
5513996276514
5513996277989
5513996278072
5513996282774
5513996283789
5513996284830
5513996288576
5513996289813
5513996290283
5513996290612
5513996291493
5513996292170
5513996293136
5513996299043
5513996300167
5513996304033
5513996304111
5513996304415
5513996308295
5513996309878
5513996310600
5513996310925
5513996311341
5513996312430
5513996313038
5513996313217
5513996314328
5513996318411
5513996320760
5513996326069
5513996327654
5513996349295
5513996349524
5513996349732
5513996362554
5513996366139
5513996366473
5513996368543
5513996370062
5513996371436
5513996372988
5513996373536
5513996375053
5513996375168
5513996376660
5513996382040
5513996395584
5513996398442
5513996400147
5513996409223
5513996409441
5513996410844
5513996413817
5513996415847
5513996423480
5513996429035
5513996432409
5513996438214
5513996439739
5513996440255
5513996440781
5513996441025
5513996441920
5513996441934
5513996449566
5513996449725
5513996451001
5513996452113
5513996453294
5513996454352
5513996455790
5513996455804
5513996457008
5513996457521
5513996457836
5513996459136
5513996461948
5513996463319
5513996463647
5513996464041
5513996464267
5513996468891
5513996469064
5513996469286
5513996469580
5513996470572
5513996474236
5513996479196
5513996483519
5513996484010
5513996487219
5513996488714
5513996489189
5513996492666
5513996493009
5513996497799
5513996498831
5513996499856
5513996500120
5513996505452
5513996508382
5513996512752
5513996516206
5513996534439
5513996534667
5513996536473
5513996537955
5513996539565
5513996539568
5513996542609
5513996543624
5513996544646
5513996545751
5513996547416
5513996551696
5513996552982
5513996553065
5513996555825
5513996556630
5513996563949
5513996569775
5513996572520
5513996573363
5513996573864
5513996574860
5513996575166
5513996575866
5513996576476
5513996576902
5513996577184
5513996579087
5513996583919
5513996585005
5513996590368
5513996591643
5513996604102
5513996610636
5513996615987
5513996617540
5513996617964
5513996618205
5513996618444
5513996618670
5513996618825
5513996619436
5513996619474
5513996619865
5513996620162
5513996620537
5513996620832
5513996621828
5513996623325
5513996623788
5513996625088
5513996625879
5513996626236
5513996628577
5513996629081
5513996629102
5513996630155
5513996631056
5513996632003
5513996633121
5513996633291
5513996634006
5513996634763
5513996638397
5513996638508
5513996639376
5513996640367
5513996641269
5513996642083
5513996653075
5513996654317
5513996654679
5513996659156
5513996660186
5513996661509
5513996664808
5513996665639
5513996666126
5513996666516
5513996666523
5513996667162
5513996668861
5513996695577
5513996704924
5513996705792
5513996706088
5513996707087
5513996707517
5513996708633
5513996717818
5513996726670
5513996727742
5513996727845
5513996728706
5513996729535
5513996731898
5513996732342
5513996732368
5513996733169
5513996734760
5513996735112
5513996737094
5513996739597
5513996741934
5513996742839
5513996748605
5513996750894
5513996751043
5513996751330
5513996751806
5513996753260
5513996755127
5513996771479
5513996772277
5513996788658
5513996790955
5513996791576
5513996792930
5513996798248
5513996801862
5513996804938
5513996807007
5513996809146
5513996809238
5513996810209
5513996814203
5513996816546
5513996819791
5513996820569
5513996821164
5513996824857
5513996827748
5513996829593
5513996832122
5513996834239
5513996837701
5513996842302
5513996851142
5513996867794
5513996871066
5513996871657
5513996873510
5513996877348
5513996877365
5513996878134
5513996878165
5513996878837
5513996881022
5513996881775
5513996883408
5513996884402
5513996885808
5513996886608
5513996888789
5513996894586
5513996895452
5513996901228
5513996901614
5513996902236
5513996903959
5513996904097
5513996905964
5513996906074
5513996906095
5513996907068
5513996913835
5513996915292
5513996915629
5513996918984
5513996919067
5513996921715
5513996922176
5513996927527
5513996931535
5513996932377
5513996956786
5513996962130
5513996963153
5513996963176
5513996963900
5513996965555
5513996967038
5513996968544
5513996968897
5513996969178
5513996971035
5513996971077
5513996972691
5513996976714
5513996977496
5513996980199
5513996982055
5513996982157
5513996984193
5513996984811
5513996985541
5513996985798
5513996985844
5513996985904
5513996986139
5513996986168
5513996986510
5513996986689
5513996987156
5513996987413
5513996988524
5513996988704
5513996989109
5513996989977
5513996991602
5513996991659
5513996992114
5513996993543
5513996997087
5513996998465
5513996999279
5513996999924
5513997000300
5513997000802
5513997001631
5513997002060
5513997002144
5513997002208
5513997002273
5513997003069
5513997003235
5513997005160
5513997006086
5513997006975
5513997007490
5513997008807
5513997009892
5513997010067
5513997010233
5513997010492
5513997010583
5513997010672
5513997011299
5513997013020
5513997014204
5513997020654
5513997035994
5513997036655
5513997039905
5513997042003
5513997047155
5513997049516
5513997050550
5513997050731
5513997051838
5513997052130
5513997053374
5513997054296
5513997054686
5513997057456
5513997058939
5513997059158
5513997060275
5513997063054
5513997064444
5513997065080
5513997065327
5513997065826
5513997065937
5513997066184
5513997066409
5513997066537
5513997066661
5513997066763
5513997066890
5513997067018
5513997067289
5513997067707
5513997067949
5513997069188
5513997069555
5513997069887
5513997069901
5513997069941
5513997070326
5513997070500
5513997070701
5513997073315
5513997080815
5513997081414
5513997081936
5513997086661
5513997087694
5513997088341
5513997092054
5513997092346
5513997092615
5513997093014
5513997093802
5513997093913
5513997094909
5513997095195
5513997099819
5513997101349
5513997124686
5513997126756
5513997128451
5513997130898
5513997131150
5513997133277
5513997136920
5513997139649
5513997140819
5513997141399
5513997142010
5513997143552
5513997145056
5513997146652
5513997147622
5513997151229
5513997152454
5513997155432
5513997157125
5513997160910
5513997162314
5513997163636
5513997163718
5513997167856
5513997169998
5513997170231
5513997172909
5513997173730
5513997176192
5513997177296
5513997177920
5513997179061
5513997179554
5513997182315
5513997184230
5513997190934
5513997191171
5513997213896
5513997215724
5513997217088
5513997217823
5513997220127
5513997220585
5513997224444
5513997230967
5513997232217
5513997237966
5513997244235
5513997244893
5513997250037
5513997257570
5513997259825
5513997263255
5513997263851
5513997266042
5513997267802
5513997272101
5513997272471
5513997273517
5513997273611
5513997273925
5513997274173
5513997275427
5513997275938
5513997282932
5513997284745
5513997293639
5513997302402
5513997303342
5513997305024
5513997316033
5513997316778
5513997317429
5513997319463
5513997324070
5513997326007
5513997327644
5513997342795
5513997344785
5513997344793
5513997345563
5513997346323
5513997351365
5513997352798
5513997353893
5513997356384
5513997357901
5513997358706
5513997359757
5513997368271
5513997390607
5513997390760
5513997391395
5513997392602
5513997393779
5513997395470
5513997395474
5513997395826
5513997397401
5513997399039
5513997400133
5513997400737
5513997404345
5513997405463
5513997406073
5513997406382
5513997407620
5513997407997
5513997408270
5513997412524
5513997412905
5513997413369
5513997416242
5513997418923
5513997419307
5513997420229
5513997422140
5513997425740
5513997425905
5513997426820
5513997429354
5513997430589
5513997431923
5513997432128
5513997433287
5513997433647
5513997434565
5513997434613
5513997435542
5513997435562
5513997435858
5513997437860
5513997439567
5513997439659
5513997440849
5513997440952
5513997441658
5513997443461
5513997444487
5513997444522
5513997445716
5513997446755
5513997447779
5513997450414
5513997451386
5513997474243
5513997474573
5513997474670
5513997475098
5513997476611
5513997477029
5513997477773
5513997477883
5513997479068
5513997479496
5513997481047
5513997481070
5513997481986
5513997482414
5513997483219
5513997483351
5513997483542
5513997483936
5513997487180
5513997491527
5513997491608
5513997492871
5513997493099
5513997495101
5513997495164
5513997495691
5513997496569
5513997496712
5513997497510
5513997498715
5513997498963
5513997499221
5513997499900
5513997500439
5513997500619
5513997501352
5513997501730
5513997503712
5513997508208
5513997511079
5513997511580
5513997515012
5513997515848
5513997515975
5513997517032
5513997518396
5513997519560
5513997520551
5513997521094
5513997522610
5513997522959
5513997523178
5513997523243
5513997523562
5513997526588
5513997527582
5513997531322
5513997533645
5513997534582
5513997535224
5513997552823
5513997566884
5513997567368
5513997567912
5513997570243
5513997570963
5513997573360
5513997573674
5513997574188
5513997574740
5513997574788
5513997576217
5513997576912
5513997577748
5513997578216
5513997579933
5513997580288
5513997580863
5513997581870
5513997581991
5513997582039
5513997583231
5513997585010
5513997586780
5513997587784
5513997589033
5513997589456
5513997590091
5513997590486
5513997590756
5513997590805
5513997591079
5513997591418
5513997592408
5513997594961
5513997599194
5513997602183
5513997603590
5513997603818
5513997604451
5513997609360
5513997609555
5513997612120
5513997614674
5513997614679
5513997639771
5513997647655
5513997654441
5513997655899
5513997657445
5513997657930
5513997661882
5513997664155
5513997664516
5513997664589
5513997664999
5513997665790
5513997666165
5513997666336
5513997667710
5513997668290
5513997668349
5513997669699
5513997669932
5513997670956
5513997672915
5513997674041
5513997674838
5513997675714
5513997677103
5513997677515
5513997677797
5513997677869
5513997679410
5513997679701
5513997679843
5513997681143
5513997685432
5513997687049
5513997687929
5513997692959
5513997705590
5513997706063
5513997712484
5513997720417
5513997734285
5513997735508
5513997741432
5513997741453
5513997743578
5513997751605
5513997752192
5513997753022
5513997754365
5513997754502
5513997759488
5513997760537
5513997761746
5513997763274
5513997769848
5513997771109
5513997771742
5513997779101
5513997779426
5513997781543
5513997781580
5513997784761
5513997789223
5513997789918
5513997792603
5513997795862
5513997811461
5513997821313
5513997823396
5513997825295
5513997833017
5513997835321
5513997838399
5513997839223
5513997841867
5513997847266
5513997849072
5513997853451
5513997856696
5513997857323
5513997859457
5513997865509
5513997865987
5513997866052
5513997871451
5513997871904
5513997875345
5513997885586
5513997887086
5513997891750
5513997906781
5513997909219
5513997913424
5513997913884
5513997915969
5513997917980
5513997925214
5513997933681
5513997934116
5513997941501
5513997945409
5513997951432
5513997954536
5513997956098
5513997965295
5513997992911
5513998013675
5513998025623
5513998031978
5513998037863
5513998039231
5513998040203
5513998044320
5513998046395
5513998048070
5513998048138
5513998048498
5513998065079
5513998068788
5513998084386
5513998086020
5513998089683
5513998092800
5513998093556
5513998096879
5513998098695
5513998100828
5513998106413
5513998108952
5513998110986
5513998112405
5513998122607
5513998127359
5513998127991
5513998129554
5513998129859
5513998130599
5513998133668
5513998140997
5513998142749
5513998152860
5513998170506
5513998170878
5513998175333
5513998176803
5513998176859
5513998176924
5513998178652
5513998178965
5513998179057
5513998179593
5513998182825
5513998183939
5513998185844
5513998187473
5513998187614
5513998188570
5513998189747
5513998190872
5513998191406
5513998191743
5513998193170
5513998194361
5513998194930
5513998195451
5513998196732
5513998198676
5513998199796
5513998202184
5513998207406
5513998207828
5513998208175
5513998209464
5513998210275
5513998213123
5513998214576
5513998216636
5513998216995
5513998220887
5513998223739
5513998227190
5513998252503
5513998252839
5513998258235
5513998259995
5513998260729
5513998261095
5513998264881
5513998265107
5513998265883
5513998267074
5513998267382
5513998267605
5513998274090
5513998277427
5513998278046
5513998281939
5513998285006
5513998287486
5513998288057
5513998288496
5513998294535
5513998301763
5513998304016
5513998305394
5513998309392
5513998309470
5513998315517
5513998337165
5513998344897
5513998347668
5513998347875
5513998351505
5513998355302
5513998355982
5513998356378
5513998356610
5513998356993
5513998357297
5513998357598
5513998359428
5513998359470
5513998361969
5513998362062
5513998362506
5513998362528
5513998363911
5513998364897
5513998365285
5513998365343
5513998365403
5513998365625
5513998366445
5513998366955
5513998369437
5513998369986
5513998371513
5513998371549
5513998374880
5513998374998
5513998375384
5513998376477
5513998376948
5513998377096
5513998377378
5513998377665
5513998378168
5513998378453
5513998380395
5513998382193
5513998383176
5513998386163
5513998386494
5513998387092
5513998391546
5513998392363
5513998392891
5513998393457
5513998395447
5513998395763
5513998397843
5513998425154
5513998426357
5513998426623
5513998428371
5513998428578
5513998428584
5513998428643
5513998429375
5513998430866
5513998432251
5513998432458
5513998433037
5513998433302
5513998433470
5513998434588
5513998434748
5513998434920
5513998435432
5513998436720
5513998437160
5513998437373
5513998437883
5513998437904
5513998438925
5513998439005
5513998440813
5513998442323
5513998442608
5513998443169
5513998443834
5513998451263
5513998451946
5513998464256
5513998466881
5513998468830
5513998469318
5513998470293
5513998471655
5513998474994
5513998477364
5513998481725
5513998483914
5513998519679
5513998521366
5513998529816
5513998531970
5513998538324
5513998539294
5513998542090
5513998561105
5513998561254
5513998562214
5513998562790
5513998563722
5513998570434
5513998602387
5513998607195
5513998610616
5513998625984
5513998631235
5513998632819
5513998637186
5513998637757
5513998638390
5513998641030
5513998645235
5513998645886
5513998646584
5513998648211
5513998650344
5513998652614
5513998655577
5513998657321
5513998685231
5513998689269
5513998689791
5513998689812
5513998690893
5513998691229
5513998691623
5513998694023
5513998694246
5513998694429
5513998695063
5513998695503
5513998699370
5513998699695
5513998700429
5513998701779
5513998704202
5513998705057
5513998706145
5513998707504
5513998708476
5513998709294
5513998713310
5513998718797
5513998725364
5513998730746
5513998732239
5513998732597
5513998732673
5513998732784
5513998734164
5513998737289
5513998739737
5513998763597
5513998769314
5513998771999
5513998772892
5513998773467
5513998779382
5513998786544
5513998787043
5513998788322
5513998791713
5513998793816
5513998795515
5513998801047
5513998801590
5513998804953
5513998806400
5513998808906
5513998813590
5513998814810
5513998817383
5513998817654
5513998817863
5513998822864
5513998832351
5513998843827
5513998861936
5513998862694
5513998863464
5513998865283
5513998865714
5513998866198
5513998866317
5513998867906
5513998867954
5513998868301
5513998869820
5513998873075
5513998874372
5513998875026
5513998875668
5513998881120
5513998881344
5513998883537
5513998883568
5513998887765
5513998892176
5513998900585
5513998901469
5513998902284
5513998913088
5513998948034
5513998955869
5513998956778
5513998959790
5513998966570
5513998968732
5513998975253
5513998983506
5513998987334
5513998991312
5513998997958
5513998999425
5513999000388
5513999004174
5513999005160
5513999007815
5513999034612
5513999040973
5513999041794
5513999043727
5513999044049
5513999044746
5513999048177
5513999050383
5513999051315
5513999051514
5513999052486
5513999052998
5513999053264
5513999055514
5513999058267
5513999058499
5513999058762
5513999069267
5513999069881
5513999071184
5513999073893
5513999074396
5513999076606
5513999076933
5513999077778
5513999081310
5513999081712
5513999083737
5513999085129
5513999089572
5513999120269
5513999121663
5513999121715
5513999122092
5513999122568
5513999128084
5513999138407
5513999142406
5513999152636
5513999153047
5513999154273
5513999161582
5513999169316
5513999170928
5513999179525
5513999216490
5513999219645
5513999229738
5513999233472
5513999234807
5513999235164
5513999236868
5513999238075
5513999239521
5513999241249
5513999242653
5513999244181
5513999247302
5513999252575
5513999252703
5513999253726
5513999253903
5513999263900
5513999294105
5513999295639
5513999299194
5513999300303
5513999301680
5513999307698
5513999310201
5513999314485
5513999314852
5513999316317
5513999317243
5513999317565
5513999321249
5513999323631
5513999323788
5513999324982
5513999326779
5513999327886
5513999328439
5513999329495
5513999330711
5513999331405
5513999343859
5513999352768
5513999372132
5513999373727
5513999379122
5513999382255
5513999388290
5513999388673
5513999389790
5513999394279
5513999395839
5513999398014
5513999401942
5513999402986
5513999403235
5513999406610
5513999407521
5513999413861
5513999414429
5513999417221
5513999417331
5513999419574
5513999424852
5513999427292
5513999431039
5513999434422
5513999437266
5513999460842
5513999464300
5513999468394
5513999468526
5513999469618
5513999469705
5513999470966
5513999472679
5513999474338
5513999476715
5513999478106
5513999480435
5513999483106
5513999483248
5513999490430
5513999494424
5513999494695
5513999495011
5513999495034
5513999496923
5513999498104
5513999498166
5513999498182
5513999499269
5513999499531
5513999499567
5513999499837
5513999501586
5513999503184
5513999508912
5513999510194
5513999513194
5513999513544
5513999515180
5513999533069
5513999548275
5513999548366
5513999550777
5513999553345
5513999556728
5513999558340
5513999561751
5513999562755
5513999562791
5513999563742
5513999563808
5513999564265
5513999564377
5513999564439
5513999564594
5513999564837
5513999565273
5513999565336
5513999566891
5513999567037
5513999567257
5513999567510
5513999568036
5513999568154
5513999569109
5513999569606
5513999569957
5513999570418
5513999571309
5513999573107
5513999575935
5513999577864
5513999578888
5513999579956
5513999581653
5513999584008
5513999585613
5513999586122
5513999591948
5513999594732
5513999595770
5513999597579
5513999599637
5513999599966
5513999600402
5513999602895
5513999606485
5513999611974
5513999612613
5513999615527
5513999632405
5513999633056
5513999635644
5513999635669
5513999635907
5513999639007
5513999639908
5513999641959
5513999643251
5513999645614
5513999646168
5513999649055
5513999650090
5513999653244
5513999654797
5513999655903
5513999656186
5513999656450
5513999657820
5513999658194
5513999658993
5513999664504
5513999665668
5513999666145
5513999672341
5513999675482
5513999678125
5513999678821
5513999689245
5513999707012
5513999723336
5513999726584
5513999730191
5513999735190
5513999745624
5513999748877
5513999748916
5513999749878
5513999753948
5513999758782
5513999766615
5513999789966
5513999813069
5513999819819
5513999832414
5513999834055
5513999847903
5513999850065
5513999851030
5513999854472
5513999866461
5513999867389
5513999889128
5513999893562
5513999898064
5513999898233
5513999901406
5513999901889
5513999902491
5513999904217
5513999906145
5513999906362
5513999906425
5513999908529
5513999908870
5513999909936
5513999915417
5513999916236
5513999917921
5513999919112
5513999929511
5513999931777
5513999933176
5513999934406
5513999943271
5513999945095
5513999945164
5513999946799
5513999949140
5513999986782
5513999987692
5513999988302
5513999989004
5513999989322
5513999989686
5513999990151
5513999990265
5513999991386
5513999992378
5513999992422
5513999992480
5513999993402
5514902058335
5514902949110
5514903410117
5514904433736
5514906823742
5514908135449
5514909678047
5514910653647
5514952937000
5514981003282
5514981093650
5514981140275
5514981142332
5514981189855
5514981239893
5514981278409
5514981278411
5514981401577
5514981561900
5514981566231
5514981598226
5514981644472
5514981679989
5514981685940
5514981742940
5514981840239
5514981982736
5514988109356
5514988120660
5514988288156
5514988602559
5514991042882
5514991052389
5514991065317
5514991347672
5514991617543
5514991757504
5514991858672
5514995737416
5514996015513
5514996044889
5514996064347
5514996089760
5514996110925
5514996143939
5514996185498
5514996246851
5514996252713
5514996301352
5514996342480
5514996365237
5514996449802
5514996521851
5514996610156
5514996722454
5514996723417
5514996728723
5514996802888
5514996806940
5514996819286
5514996875110
5514996908006
5514996941157
5514996947775
5514997010797
5514997015745
5514997021439
5514997040150
5514997081918
5514997150951
5514997198191
5514997207466
5514997314585
5514997316178
5514997320302
5514997347500
5514997347952
5514997357468
5514997372326
5514997399779
5514997426253
5514997479791
5514997480636
5514997503543
5514997526530
5514997541154
5514997542749
5514997610787
5514997638522
5514997686300
5514997687784
5514997721099
5514997725434
5514997775932
5514997794590
5514997821723
5514997821996
5514997822109
5514997873766
5514997912243
5514998015107
5514998058575
5514998115424
5514998143419
5514998144161
5514998188366
5514998308927
5514998332919
5514998358410
5514998373619
5514998460192
5514998490748
5514998609444
5514998683828
5514998833738
5514998888183
5514999060088
5514999529969
5514999773544
5514999873138
5515929384968
5515941755544
5515974017799
5515974018928
5515974019188
5515974038076
5515974050550
5515981013424
5515981015764
5515981022454
5515981122167
5515981123484
5515981158995
5515981192363
5515981261700
5515981322850
5515981400163
5515981583900
5515981709995
5515981900505
5515988029048
5515988036755
5515988037620
5515988101295
5515988104158
5515988140978
5515988176082
5515988197538
5515988236406
5515988255049
5515991039380
5515991195059
5515991272779
5515991275933
5515991284078
5515991316461
5515991327407
5515991374948
5515991411092
5515991419224
5515991458855
5515991460666
5515991548974
5515991561508
5515991577554
5515991616448
5515996099037
5515996108172
5515996149669
5515996160434
5515996182456
5515996275925
5515996292767
5515996370171
5515996400595
5515996403968
5515996430685
5515996461763
5515996462779
5515996542743
5515996563923
5515996589880
5515996592974
5515996653717
5515996673298
5515996678286
5515996691618
5515996698093
5515996706700
5515996713022
5515996732528
5515996917775
5515996937440
5515996939196
5515996942754
5515996949443
5515996969077
5515996973882
5515996983382
5515997009655
5515997027777
5515997051550
5515997054590
5515997064071
5515997085522
5515997140814
5515997145040
5515997152430
5515997168539
5515997170457
5515997192177
5515997216160
5515997217512
5515997233645
5515997255148
5515997279624
5515997331503
5515997418671
5515997442164
5515997463500
5515997556667
5515997583455
5515997596599
5515997645015
5515997704942
5515997709017
5515997712458
5515997715624
5515997772286
5515997792803
5515997797001
5515997851137
5515997852013
5515997896640
5515997898926
5515997900374
5515997909861
5515997951371
5515997969040
5515997973791
5515997979768
5515997982301
5515997992324
5515998000309
5515998027602
5515998081131
5515998115807
5515998361105
5515998430143
5515998460689
5515998462248
5515998498575
5515998498899
5515998615959
5515998809919
5515999628438
5515999640059
5515999759659
5515999766268
5516954237213
5516969966062
5516974059408
5516981038012
5516981047404
5516981164980
5516981178447
5516981182215
5516981203838
5516981346678
5516981346679
5516981366369
5516981381510
5516981391800
5516981497735
5516981520099
5516981529335
5516981584713
5516981643424
5516981657481
5516981657490
5516981770162
5516981783344
5516981943430
5516982180002
5516982223388
5516982251800
5516982300187
5516982335510
5516982578660
5516982621221
5516987855268
5516988023729
5516988046935
5516988070081
5516988085206
5516988088440
5516988096934
5516988244829
5516988266102
5516988287600
5516988305410
5516988541035
5516988711707
5516991061022
5516991067016
5516991184848
5516991219718
5516991242125
5516991269807
5516991275618
5516991286740
5516991291034
5516991319802
5516991353223
5516991354663
5516991418003
5516991422034
5516991481090
5516991491520
5516991531615
5516991579565
5516991626718
5516991639667
5516991640150
5516991679604
5516991792130
5516991832039
5516991857539
5516991860914
5516991871723
5516991931412
5516991985754
5516992032722
5516992033676
5516992081932
5516992129786
5516992136428
5516992200965
5516992314822
5516992330893
5516992440542
5516992444904
5516992478106
5516992508889
5516992517449
5516992547979
5516992599436
5516992653679
5516992679475
5516992712401
5516992747575
5516992870715
5516992991870
5516993024256
5516993025952
5516993211048
5516993247440
5516993258952
5516993313350
5516993475131
5516993614783
5516993740000
5516993964524
5516994154025
5516994224804
5516996001084
5516996006464
5516996021006
5516996080022
5516996120020
5516996381108
5516997022777
5516997022778
5516997142201
5516997191006
5516997201577
5516997261785
5516997279552
5516997331202
5516997397777
5516997454456
5516997483422
5516997539542
5516997544457
5516997611194
5516997627738
5516997755099
5516997770697
5516997771949
5516997786094
5516997840967
5516997853203
5516997872431
5516997920818
5516997925499
5516997925775
5516997969010
5516998164980
5516998542572
5516999200272
5516999222021
5516999231231
5516999647863
5516999660625
5516999784209
5516999788803
5516999910148
5516999925251
5516999937117
5516999947627
5517966363652
5517981001002
5517981007647
5517981026315
5517981123437
5517981140311
5517981188480
5517981335171
5517981338820
5517981369598
5517981452700
5517981499757
5517981499762
5517981724724
5517981852838
5517981877317
5517982247059
5517988027527
5517988030062
5517988058138
5517988223500
5517991019591
5517991099592
5517991187689
5517991216881
5517991263470
5517991281471
5517991288697
5517991319796
5517991339455
5517991389491
5517991415669
5517991432266
5517991513038
5517991651599
5517991688816
5517991806583
5517991810545
5517991966361
5517991966866
5517992040973
5517992043918
5517992157611
5517992161046
5517992222442
5517992490200
5517992498957
5517992499441
5517992664604
5517996135555
5517996148988
5517996178622
5517996224415
5517996267815
5517996378393
5517996418418
5517996531843
5517996552445
5517996552553
5517996634621
5517996652444
5517996692356
5517996793522
5517997037274
5517997064890
5517997079797
5517997085810
5517997086118
5517997397649
5517997459570
5517997597985
5517997669262
5517997721453
5517997722356
5517997880373
5517999159961
5517999632589
5518981005825
5518981009496
5518981040372
5518981083712
5518981118642
5518981169329
5518981225529
5518981264116
5518981296420
5518981312428
5518981338557
5518981416914
5518981417377
5518981431270
5518981670414
5518984483411
5518986202229
5518988043500
5518991059652
5518991091903
5518991314136
5518991335423
5518991433994
5518991434904
5518991514537
5518991694882
5518991702541
5518996092510
5518996093834
5518996165847
5518996184549
5518996253895
5518996274136
5518996282194
5518996322686
5518996332629
5518996375028
5518996498495
5518996594194
5518996671452
5518996740252
5518996792160
5518996899358
5518997065581
5518997119696
5518997122618
5518997179033
5518997186180
5518997186596
5518997215867
5518997222372
5518997223911
5518997230292
5518997347744
5518997355252
5518997386604
5518997415172
5518997435468
5518997474717
5518997530910
5518997548510
5518997553223
5518997771980
5518997815503
5518997821262
5518997828521
5518997832794
5518997844628
5518997949439
