5542999215219
5542999256898
5542999287406
5542999303536
5542999322393
5542999328069
5542999528689
5542999543210
5542999770501
5542999903527
5542999940399
5543984023914
5543984125158
5543984747899
5543984991449
5543988088958
5543988125144
5543988224695
5543988224996
5543988225144
5543988439898
5543991013669
5543991211097
5543991287070
5543991439179
5543991545354
5543991703961
5543991785953
5543991874665
5543991903633
5543991929091
5543996115119
5543996170251
5543996181155
5543996281587
5543996320152
5543996328630
5543996505500
5543996507533
5543996566343
5543996639920
5543996723737
5543999119075
5543999226757
5543999311313
5543999933780
5543999941987
5543999955558
5544983730263
5544984212379
5544984247483
5544988222744
5544988226269
5544991042416
5544991685482
5544998044089
5544998564490
5544998608468
5544999014537
5544999172345
5544999339191
5544999404939
5544999512581
5544999751494
5544999765352
5544999774879
5544999824524
5544999883917
5544999905555
5544999935598
5544999947061
5545984062441
5545984063017
5545984063021
5545984317205
5545988221860
5545991113333
5545998016633
5545998161990
5545998264002
5545998485605
5545999142792
5545999162207
5545999184727
5545999194468
5545999238298
5545999549060
5545999718188
5545999734989
5545999814471
5545999829568
5545999941252
5545999995665
5546984057991
5546988006565
5546991109050
5546991202118
5546999185374
5546999202539
5546999225832
5546999353266
5546999358956
5547984069159
5547984250104
5547984560750
5547984563399
5547984638082
5547984778377
5547985241256
5547988367042
5547988826269
5547991024661
5547991035272
5547991082137
5547991119412
5547991124644
5547991151256
5547991282924
5547991493839
5547991599791
5547991603366
5547991746161
5547991901108
5547991915070
5547991945804
5547991977675
5547992045475
5547992073519
5547992129141
5547992234523
5547992379274
5547992379276
5547992505053
5547992564782
5547992637372
5547992789861
5547996013563
5547996076960
5547996151445
5547996173025
5547996188820
5547996328287
5547996412811
5547996462030
5547996522080
5547996614963
5547996631793
5547996656779
5547996759090
5547996796822
5547996879088
5547997182737
5547997189100
5547997298329
5547997307393
5547997381617
5547997401884
5547997536882
5547997546200
5547997641123
5547997940810
5547998882626
5547999016461
5547999031228
5547999076432
5547999141568
5547999155380
5547999164207
5547999171836
5547999193481
5547999256241
5547999321744
5547999369914
5547999371007
5547999374334
5547999432841
5547999468977
5547999527102
5547999675589
5547999815726
5547999866640
5547999878994
5547999892134
5547999909178
5547999917005
5547999936914
5547999967558
5547999993363
5548984079438
5548984117170
5548984306724
5548984443173
5548984494433
5548984521703
5548984522811
5548985009022
5548988169295
5548988262988
5548988346111
5548988449443
5548988701726
5548991067942
5548991083304
5548991114697
5548991151000
5548991377032
5548991396606
5548991669318
5548991818945
5548991854867
5548991881004
5548991929586
5548996089333
5548996200313
5548996212440
5548996245509
5548996289460
5548996299428
5548996313604
5548996348177
5548996386623
5548996448732
5548996455861
5548996486736
5548996551562
5548996649739
5548996700056
5548996773523
5548996852141
5548996864071
5548996960202
5548998229806
5548998334111
5548998473903
5548998528313
5548998546243
5548998670013
5548999029608
5548999030003
5548999046234
5548999128282
5548999136339
5548999158383
5548999195514
5548999238397
5548999500962
5548999566329
5548999568433
5548999586325
5548999658833
5548999689759
5548999724649
5548999779829
5548999798166
5548999887203
5548999906353
5549900850269
5549984070985
5549984385925
5549988151217
5549988293264
5549988293666
5549988295805
5549988324075
5549988550050
5549988951185
5549991114071
5549991195102
5549991326627
5549991398752
5549991752740
5549991820882
5549991999366
5549998305782
5549998410216
5549999009111
5549999012003
5549999148016
5549999220487
5549999225438
5549999254778
5549999307080
5549999599113
5549999672824
5549999681484
5549999731054
5549999731069
5549999731093
5549999812622
5549999832394
5551980104480
5551980186908
5551980248673
5551980298632
5551980389219
5551980513238
5551980521802
5551981124899
5551981125996
5551981184466
5551981220000
5551981258081
5551981272222
5551981327669
5551981335999
5551981450198
5551981516441
5551981583462
5551981713006
5551981736464
5551981958819
5551982189261
5551982456955
5551982611204
5551982660242
5551982914393
5551984190089
5551984230144
5551984250106
5551984294048
5551984310685
5551984518759
5551984660242
5551984705070
5551984797951
5551984813534
5551984950450
5551984984462
5551985050889
5551985281580
5551985425747
5551985454272
5551985787384
5551986188231
5551986732957
5551989451388
5551989967994
5551991150079
5551991177463
5551991295555
5551991638644
5551991648881
5551991680328
5551991686738
5551991880169
5551991888042
5551991888383
5551991899943
5551992092628
5551992390808
5551992545241
5551992624004
5551992796837
5551992852776
5551992929953
5551992936666
5551992957809
5551992962514
5551992968328
5551993118171
5551993137033
5551993182013
5551993232980
5551993322061
5551993404155
5551993419063
5551993491604
5551993518551
5551993550520
5551993599414
5551993633075
5551993648526
5551993651764
5551993714865
5551993728471
5551993780888
5551993780929
5551993797579
5551993911010
5551994182412
5551994233405
5551994446462
5551995011206
5551995063835
5551995116299
5551995303010
5551995541964
5551995752715
5551995816061
5551995959860
5551996020890
5551996044774
5551996116764
5551996317949
5551996464864
5551996584938
5551996736395
5551996803504
5551996874591
5551996955322
5551996955323
5551996980773
5551996996262
5551996998614
5551997057685
5551997376270
5551997392810
5551997509163
5551998000755
5551998000818
5551998046209
5551998156239
5551998212623
5551998343625
5551998454477
5551998464747
5551998516525
5551998588454
5551998624353
5551998650755
5551998671382
5551998712007
5551998715010
5551998777213
5551998992573
5551999062787
5551999082296
5551999217871
5551999263858
5551999279128
5551999530836
5551999620352
5551999627329
5551999636808
5551999675055
5551999720976
5551999734249
5551999855631
5551999876564
5551999927376
5551999949139
5551999979956
5551999986533
5551999995666
5553925684256
5553981102025
5553981187942
5553981239391
5553981393650
5553981448526
5553984560409
5553984595635
5553991417077
5553991654982
5553997110870
5553999080820
5553999759947
5553999788652
5553999878900
5554965454655
5554981035653
5554981120381
5554981126504
5554981298866
5554981356998
5554981385175
5554981413617
5554981517218
5554981520900
5554981594578
5554984340925
5554984363797
5554991062573
5554991063288
5554991070088
5554991134486
5554991137691
5554991149904
5554991221130
5554991226378
5554991253313
5554991283049
5554991323050
5554991360413
5554991392552
5554991440698
5554991493266
5554991496230
5554991540505
5554991684917
5554991730425
5554991736591
5554991766341
5554991793870
5554991877082
5554991922492
5554992458007
5554996081509
5554996169006
5554996376998
5554996423031
5554996510656
5554996562552
5554996565730
5554996827603
5554996897740
5554996928039
5554997107018
5554999002217
5554999113339
5554999129387
5554999137878
5554999148817
5554999191915
5554999346944
5554999391261
5554999605985
5554999625654
5554999694772
5554999700531
5554999717229
5554999720971
5554999761826
5554999764388
5554999864013
5554999881989
5554999886049
5554999906067
5554999959449
5555949388910
5555963299690
5555981099891
5555981127311
5555981162423
5555981222096
5555981296021
5555981900453
5555984289345
5555984439167
5555984528323
5555988439746
5555989052903
5555989273862
5555991171672
5555991290774
5555991335123
5555991641323
5555991981894
5555992246856
5555996132325
5555996142349
5555996167865
5555996223065
5555996237180
5555996308183
5555996324046
5555996499435
5555996867631
5555997005280
5555999109656
5555999117326
5555999417374
5555999483242
5555999665159
5555999687321
5555999705676
5555999726015
5555999761610
5555999761890
5555999887530
5556998742128
5557900432330
5559972166585
5561981020013
5561981070654
5561981178053
5561981191508
5561981266825
5561981467186
5561981651157
5561981744931
5561981758454
5561981785674
5561981892978
5561981893614
5561981897562
5561982045388
5561982081825
5561982297788
5561982603439
5561982826941
5561982842633
5561982879723
5561983103847
5561983115251
5561983472345
5561983544802
5561983831055
5561984029697
5561984106587
5561984212628
5561984303972
5561984307104
5561984438094
5561984548352
5561984551804
5561984682528
5561984702698
5561984834337
5561985023644
5561985397155
5561985820048
5561985955667
5561985988931
5561986360156
5561986536315
5561991159740
5561991282676
5561991330474
5561991452279
5561991576226
5561991730444
5561991812514
5561991967469
5561992010170
5561992181897
5561992276975
5561992376183
5561992429878
5561992761867
5561992811917
5561992816504
5561992824564
5561992893637
5561992899216
5561992951437
5561993165986
5561993295198
5561993320904
5561993337441
5561993350042
5561993681291
5561993933478
5561994038836
5561994100330
5561994421464
5561995126399
5561995648683
5561995690743
5561995886114
5561996080707
5561996391292
5561996458228
5561996488430
5561996499840
5561996617812
5561996857152
5561996961837
5561998401266
5561998445270
5561998483852
5561998496492
5561998539829
5561998551990
5561998812900
5561999019676
5561999049774
5561999264012
5561999351333
5561999361311
5561999451906
5561999489498
5561999493296
5561999650107
5561999713988
5561999727103
5561999760208
5561999816021
5561999830040
5561999943512
5562981079730
5562981080120
5562981084444
5562981117441
5562981132670
5562981132775
5562981155525
5562981158261
5562981182777
5562981187710
5562981191287
5562981213504
5562981224047
5562981304491
5562981366903
5562981392919
5562981439029
5562981448281
5562981518214
5562981581406
5562981596803
5562981730881
5562981887088
5562981890558
5562981984320
5562982092586
5562982130900
5562982246675
5562982268224
5562982280404
5562982426379
5562982472598
5562982482429
5562982932013
5562983078097
5562983202968
5562983224229
5562983307087
5562984122494
5562984218917
5562984482909
5562984522243
5562984650980
5562984861491
5562984929538
5562984999903
5562985057083
5562985268526
5562985268552
5562985388700
5562985438107
5562985608993
5562985642501
5562985648663
5562985678447
5562985852855
5562985955039
5562985975505
5562986413751
5562991015409
5562991027452
5562991074811
5562991136824
5562991213120
5562991340187
5562991398019
5562991425851
5562991439712
5562991483636
5562991485011
5562991521532
5562991535671
5562991596560
5562991631148
5562991798636
5562991802865
5562991825492
5562991974300
5562992004852
5562992012007
5562992022634
5562992023688
5562992035574
5562992284444
5562992432727
5562992511051
5562992544872
5562992583277
5562992677476
5562992681437
5562992724618
5562992927213
5562992957327
5562993111662
5562993125513
5562993198955
5562993236885
5562993243883
5562993247196
5562993301114
5562993356179
5562993365348
5562993442424
5562993703043
5562993860930
5562993870675
5562994073039
5562994111399
5562994219661
5562995656838
5562995690028
5562996278603
5562996306554
5562996741316
5562996865225
5562996866253
5562998065776
5562998263112
5562998321868
5562998444704
5562998515404
5562998556146
5562998591752
5562999006860
5562999043477
5562999166144
5562999227153
5562999274309
5562999313845
5562999355990
5562999440806
5562999535883
5562999665038
5562999730803
5562999731127
5562999761035
5562999763235
5562999953413
5563981258816
5563981259555
5563981449824
5563981505984
5563984061254
5563984231112
5563984488378
5563985174168
5563991091443
5563992059444
5563992095849
5563992126299
5563992163533
5563992169601
5563992214091
5563992384372
5563992386425
5563992401095
5563992421358
5563992472159
5563992585743
5563992586057
5563992780226
5563997411402
5563998428045
5563999216922
5563999304242
5563999319268
5563999450567
5563999629722
5563999664468
5563999725758
5563999730030
5563999874006
5563999966813
5564981003990
5564981004209
5564981110906
5564981123368
5564981151616
5564981212787
5564981338622
5564981457541
5564981517604
5564984146105
5564984283204
5564984493575
5564984528665
5564992012866
5564992446400
5564992500207
5564992750496
5564996070486
5564996755476
5564999078796
5564999162387
5564999228217
5564999640325
5564999647787
5565981249441
5565981318071
5565981396289
5565981432529
5565981603435
5565981607338
5565984032371
5565984525513
5565987658978
5565992099198
5565992256240
5565992303464
5565992310060
5565992312068
5565992429377
5565992486187
5565992511177
5565992661000
5565992766290
5565992850981
5565992874660
5565992894098
5565993144499
5565993192714
5565996072500
5565996184172
5565996301945
5565996387802
5565996625539
5565996916161
5565996945448
5565998030800
5565998079958
5565998114644
5565999228092
5565999348059
5565999356137
5565999406720
5565999561312
5565999635258
5565999683981
5565999687662
5565999718300
5565999771790
5565999816149
5565999817498
5565999854758
5565999857426
5565999880187
5565999885925
5565999946331
5565999958794
5566968823514
5566984452614
5566984594213
5566993942567
5566996106611
5566996285545
5566996454962
5566996477747
5566996720102
5566996744994
5566996767878
5566996925832
5566999002583
5566999070505
5566999238462
5566999283084
5566999556634
5566999619055
5566999656236
5566999676714
5566999763040
5566999845521
5566999882455
5566999899646
5566999925142
5567981112810
5567981172000
5567981252258
5567981357237
5567981407499
5567981709507
5567981882700
5567981895342
5567982081430
5567984172020
5567984345852
5567984542647
5567984617575
5567991059840
5567991227706
5567991345674
5567991413508
5567991427377
5567991584825
5567991632454
5567992049299
5567992174335
5567992211493
5567992270512
5567992303144
5567992621721
5567992758024
5567992786459
5567992804505
5567992924801
5567992929110
5567993214678
5567995512297
5567996050715
5567996118783
5567996253767
5567996288999
5567996325587
5567996394094
5567996663525
5567996679519
5567996833935
5567996876689
5567998100457
5567998143853
5567998212882
5567998275777
5567998404343
5567998457332
5567998505503
5567998619954
5567998904984
5567999030035
5567999073727
5567999109688
5567999176637
5567999309420
5567999497082
5567999510469
5567999621811
5567999622826
5567999682486
5567999781048
5567999810257
5567999810692
5567999841785
5567999994776
5568981188853
5568992073279
5568992073626
5568992128413
5568992334746
5568999016034
5568999031316
5568999059567
5568999122808
5568999129901
5568999234596
5568999237150
5568999410409
5568999433229
5568999577436
5568999726969
5568999737033
5568999783139
5568999794838
5568999841163
5568999874649
5568999990011
5569978965412
5569981105694
5569981159201
5569981220510
5569981234509
5569981333422
5569984027414
5569984062457
5569984074143
5569984076065
5569984095656
5569984127232
5569984136458
5569984188289
5569984314266
5569984344730
5569984487029
5569984627835
5569984666246
5569984737695
5569985856955
5569992029386
5569992119996
5569992160635
5569992181051
5569992198581
5569992220462
5569992255645
5569992492560
5569992579982
5569992884611
5569992933113
5569992946160
5569993051564
5569993149703
5569993233450
5569993342991
5569993455049
5569993471173
5569993552822
5569993565311
5569993723540
5569996039957
5569999015640
5569999087985
5569999160686
5569999443575
5569999525823
5569999526589
5569999527328
5569999594265
5569999613584
5569999633376
5569999639420
5569999675766
5569999698337
5569999721329
5569999829018
5569999886416
5569999901619
5569999949619
5571971782823
5571981019384
5571981029030
5571981047261
5571981586680
5571982024902
5571982025859
5571982028935
5571982167179
5571982518115
5571982596825
5571982846278
5571982863132
5571983629340
5571986185346
5571986685613
5571986939254
5571987176732
5571987385251
5571987544228
5571987547508
5571987606889
5571987692701
5571987736138
5571988056927
5571988318451
5571988364920
5571988383883
5571988490160
5571988515159
5571988542808
5571988687119
5571988862610
5571988883069
5571988888672
5571988896715
5571988940608
5571988962115
5571988986905
5571991064460
5571991136719
5571991157823
5571991355148
5571991401680
5571991455538
5571991534205
5571991577856
5571991588098
5571991611462
5571991704317
5571991729296
5571991842433
5571991850030
5571991949441
5571991979196
5571991980980
5571992007404
5571992106080
5571992117324
5571992151124
5571992205681
5571992230950
5571992476421
5571992674006
5571992723378
5571992831710
5571992907784
5571992967176
5571993171435
5571993529392
5571993564377
5571993751396
5571993811511
5571993834242
5571994043347
5571996118324
5571996172704
5571996605550
5571996641111
5571996775018
5571996993923
5571997338312
5571997419006
5571998547145
5571998828282
5571999000756
5571999145885
5571999151743
5571999164897
5571999339127
5571999414461
5571999481161
5571999545012
5571999666705
5571999718880
5571999731952
5571999906431
5573901810444
5573973008969
5573981018454
5573981094784
5573981150096
5573981362409
5573981416270
5573981526047
5573981559366
5573981597035
5573981970771
5573987706789
5573988116205
5573988229384
5573988295090
5573988338668
5573988354149
5573988527209
5573988546924
5573988636705
5573988821293
5573991038939
5573991068360
5573991225663
5573991232373
5573991240108
5573991253598
5573991323288
5573991618849
5573991697971
5573991700096
5573991704431
5573991915818
5573991918679
5573991950894
5573998018445
5573998277602
5573998393551
5573998863705
5573999011016
5573999019392
5573999146326
5573999616569
5573999629771
5573999635439
5573999736677
5573999794678
5573999811688
5573999892097
5574991033000
5574991080516
5574991287332
5574991332236
5574991980244
5574998844943
5574999028047
5574999220337
5574999486457
5574999610197
5574999808191
5575919974420
5575923128603
5575981367112
5575981420326
5575981445363
5575981533336
5575981603753
5575981952600
5575982862489
5575983186450
5575983226589
5575983269909
5575983294459
5575983619107
5575985255989
5575988023490
5575988393739
5575988852653
5575988903164
5575991042587
5575991104178
5575991326357
5575991432208
5575991585688
5575991731476
5575991797579
5575992034817
5575992235458
5575992385160
5575992644232
5575997100804
5575998547552
5575998881171
5575999007147
5575999119510
5575999258330
5575999609076
5575999621878
5575999633439
5575999858958
5575999952568
5577981108311
5577981111855
5577981176348
5577981186562
5577981397706
5577988025882
5577988583892
5577991084931
5577991234997
5577991238200
5577991356552
5577991388006
5577991412617
5577991515630
5577991653857
5577991694430
5577991888457
5577991980460
5577991980535
5577998049925
5577998070736
5577998147403
5577998524170
5577998694665
5577999256363
5577999260615
5577999262226
5577999427939
5577999515236
5577999650007
5577999652589
5577999711284
5577999873545
5577999944172
5577999985242
5578978130026
5578978130862
5578978133186
5578978145277
5578978145540
5578978501483
5578978506230
5579981280920
5579981797779
5579988088640
5579988465209
5579991071818
5579991249252
5579991329292
5579991606182
5579996473046
5579996838762
5579998058411
5579998121304
5579998568718
5579998977446
5579999040683
5579999075344
5579999264313
5579999328010
5579999391307
5579999598182
5579999621279
5579999671342
5579999811090
5580980491225
5581941461405
5581973222032
5581976761030
5581979066622
5581979159350
5581981018828
5581981106620
5581981122594
5581981155617
5581981167528
5581981207211
5581981222102
5581981224224
5581981231914
5581981233830
5581981241288
5581981251910
5581981266920
5581981267050
5581981276411
5581981280231
5581981291049
5581981310163
5581981318175
5581981319510
5581981322534
5581981327832
5581981342947
5581981361022
5581981375006
5581981380440
5581981411867
5581981438336
5581981458390
5581981473171
5581981483393
5581981488000
5581981514595
5581981519981
5581981522870
5581981547313
5581981556566
5581981565598
5581981565738
5581981585433
5581981597751
5581981629731
5581981662462
5581981670400
5581981689383
5581981711725
5581981711736
5581981725164
5581981732322
5581981754198
5581981761190
5581981764244
5581981764728
5581981766416
5581981776078
5581981789870
5581981844274
5581981852722
5581981942355
5581982812020
5581983090574
5581983376657
5581983443893
5581984628679
5581985084343
5581985148237
5581985350030
5581985446760
5581985475855
5581985594128
5581985706560
5581985837353
5581985864293
5581986078972
5581986148949
5581986184669
5581986268048
5581986313842
5581986875356
5581987110038
5581987128965
5581987142535
5581987173640
5581987360065
5581987658576
5581987740145
5581987979415
5581988113013
5581988386851
5581988442234
5581988540058
5581988571977
5581988614277
5581988761583
5581988833078
5581988924432
5581991040805
5581991094891
5581991114858
5581991155359
5581991398115
5581991933460
5581991948040
5581991975946
5581992020062
5581992185968
5581992454035
5581992722692
5581992841143
5581993271879
5581995290889
5581995497400
5581995589049
5581995655391
5581995976067
5581996073969
5581996104647
5581996108845
5581996142724
5581996209370
5581996334565
5581996414266
5581996467738
5581996507042
5581996666906
5581996756608
5581996981870
5581997115783
5581997127309
5581997152084
5581997157910
5581997250200
5581997486483
5581997603777
5581997680071
5581997682572
5581997775006
5581997783414
5581997880115
5581997927471
5581998286781
5581998710809
5581998730151
5581998838595
5581998927290
5581998968198
5581999157833
5581999193003
5581999365026
5581999429342
5581999466389
5581999587073
5581999589669
5581999712665
5581999722500
5581999768527
5581999786841
5581999797757
5581999972250
5582981010140
5582981174525
5582981520308
5582981846515
5582987017889
5582988061930
5582988328234
5582988399161
5582988457127
5582988493358
5582988538369
5582988654752
5582993048438
5582993114419
5582993247799
5582993508389
5582993723237
5582994180498
5582996078822
5582996122139
5582996184227
5582996342222
5582996413004
5582996494088
5582996622441
5582998036172
5582998059595
5582999096610
5582999124466
5582999219355
5582999222990
5582999515420
5582999833628
5582999837003
5582999899798
5582999909911
5582999910856
5582999951470
5583981281676
5583981351011
5583981370787
5583983030604
5583986162771
5583986164282
5583986249511
5583986390804
5583987068545
5583987083834
5583987607864
5583987684716
5583988058665
5583988449598
5583991183869
5583991326266
5583991397820
5583991621662
5583991627839
5583993020028
5583993430123
5583996268107
5583996583555
5583996756299
5583996810081
5583998082627
5583998225299
5583999183519
5583999521514
5583999656363
5583999734817
5583999811267
5583999981202
5584981115773
5584981359465
5584981512149
5584981600014
5584984091352
5584986361391
5584987139777
5584987201230
5584987375782
5584987575300
5584987633663
5584987659566
5584987670662
5584987865503
5584987981954
5584988063939
5584988067420
5584988189162
5584988323495
5584988534195
5584988552859
5584988957570
5584991270318
5584991272712
5584991332312
5584991574102
5584991887756
5584992328278
5584994023743
5584994193494
5584994315052
5584994451800
5584994487760
5584994754033
5584996106252
5584996278181
5584996280413
5584996331898
5584996457280
5584996665548
5584996699129
5584996918090
5584996962142
5584998086430
5584998270713
5584999021093
5584999032613
5584999041343
5584999077280
5584999110105
5584999111955
5584999170103
5584999211656
5584999224991
5584999262794
5584999335995
5584999340217
5584999346486
5584999434063
5584999444600
5584999493931
5584999538088
5584999619775
5584999620005
5584999669595
5584999746008
5584999760436
5584999871966
5584999907392
5584999936687
5584999971427
5585968644329
5585981061294
5585981612010
5585981690990
5585981879494
5585982106392
5585982131713
5585984856868
5585985238308
5585985387862
5585985684342
5585985777514
5585986040604
5585986210609
5585986461524
5585986478134
5585986614415
5585986658177
5585986797184
5585986823850
5585986975243
5585986986305
5585986994216
5585987032626
5585987108023
5585987297768
5585987613001
5585987623422
5585987734315
5585987791507
5585987977399
5585988064432
5585988101295
5585988169771
5585988192364
5585988202323
5585988258393
5585988417223
5585988460949
5585988606962
5585988945335
5585988999183
5585989017534
5585989028006
5585989299913
5585989380219
5585989439765
5585989603586
5585991175254
5585991462552
5585991536772
5585991700125
5585991806222
5585992794284
5585992978888
5585996135572
5585996400063
5585996540126
5585996549896
5585996732880
5585996854858
5585997754678
5585997798196
5585997885542
5585997982789
5585998154027
5585998586958
5585998645103
5585998664886
5585998887351
5585999112756
5585999212876
5585999323045
5585999325854
5585999382778
5585999383021
5585999444811
5585999555962
5585999653111
5585999813992
5585999815550
5585999846065
5585999848290
5585999850137
5585999855525
5585999981523
5586981798045
5586988006924
5586988086609
5586988168220
5586988253129
5586988417286
5586994096406
5586994437176
5586994448831
5586994755483
5586994820962
5586995196143
5586995928787
5586998180140
5586998226750
5586998518484
5586999060077
5586999096902
5586999138194
5586999160886
5586999291996
5586999340891
5586999430081
5586999440654
5586999454171
5586999495601
5586999500814
5586999740279
5586999779399
5586999789782
5586999790987
5586999818036
5586999855999
5586999866360
5586999882484
5586999884022
5586999901182
5587981095653
5587981495363
5587988069457
5587988270161
5587988494962
5587996022987
5587996212953
5587996460220
5587999192970
5587999704120
5587999912099
5587999934280
5588988001781
5588988003868
5588988013852
5588988016451
5588988017656
5588988018235
5588988018691
5588988029851
5588988034065
5588988035562
5588988035821
5588988036984
5588988041349
5588988042029
5588988043530
5588988044434
5588988052074
5588988053758
5588988058638
5588988058945
5588988059822
5588988067242
5588988068818
5588988079189
5588988081962
5588988085084
5588988096617
5588988096619
5588988098344
5588988099597
5588988114381
5588988114856
5588988115200
5588988118411
5588988125481
5588988126813
5588988126923
5588988127723
5588988127724
5588988127937
5588988129698
5588988141089
5588988144334
5588988147772
5588988150931
5588988153105
5588988155400
5588988156955
5588988159820
5588988163014
5588988167294
5588988167528
5588988170637
5588988171740
5588988176630
5588988184666
5588988186378
5588988188269
5588988193437
5588988200938
5588988203022
5588988203922
5588988207501
5588988207656
5588988210855
5588988211556
5588988221011
5588988222037
5588988222232
5588988222805
5588988230013
5588988240136
5588988242040
5588988243305
5588988243608
5588988246032
5588988247175
5588988247903
5588988252682
5588988258087
5588988263049
5588988267519
5588988275307
5588988283761
5588988285827
5588988286986
5588988288842
5588988293270
5588988293468
5588988296414
5588988298261
5588988303543
5588988304093
5588988304150
5588988308016
5588988313107
5588988313454
5588988314325
5588988316107
5588988320616
5588988321868
5588988329254
5588988335068
5588988339511
5588988349022
5588988357343
5588988394890
5588988395532
5588988395878
5588988399881
5588988402166
5588988404199
5588988419835
5588988427909
5588988428233
5588988428542
5588988435119
5588988436788
5588988446984
5588988447410
5588988454010
5588988459399
5588988464093
5588988464997
5588988474103
5588988475567
5588988476680
5588988484860
5588988485441
5588988489888
5588988493369
5588988502261
5588988502637
5588988508792
5588988508920
5588988516070
5588988523548
5588988556792
5588988578977
5588988591315
5588988594372
5588988594788
5588988602974
5588992055698
5588992166899
5588992186899
5588992261204
5588993092603
5588993362006
5588994730251
5588994889815
5588996362010
5588996365372
5588996550907
5588997096909
5588997251542
5588997514909
5588998451943
5588998743231
5588999034032
5588999180311
5588999222765
5588999438328
5588999507417
5588999518041
5588999632870
5588999653831
5588999655090
5588999723411
5588999772292
5588999813419
5589989028140
5589989922334
5591944657890
5591958041719
5591966000772
5591974532028
5591974807471
5591979130747
5591980146416
5591980181112
5591980333114
5591980788323
5591980881105
5591980942045
5591981074589
5591981089799
5591981106777
5591981150803
5591981156603
5591981177623
