5519996466863
5519996459959
5519996451652
5519996382940
5519996358008
5519996338093
5519996331891
5519996320669
5519996288187
5519996267759
5519996254098
5519996232977
5519996183202
5519996154519
5519996138969
5519996123926
5519996119231
5519996088871
5519995975121
5519995885690
5519995578075
5519995542205
5519995523949
5519995509816
5519995464051
5519995395238
5519995368514
5519995353256
5519995333382
5519995246402
5519995209115
5519995165430
5519995120658
5519995113341
5519995099527
5519995075265
5519995074259
5519995004215
5519994977570
5519994975051
5519994921988
5519994915316
5519994898118
5519994891273
5519994855267
5519994848058
5519994843919
5519994810474
5519994789954
5519994770829
5519994746203
5519994701940
5519994691243
5519994677387
5519994592361
5519994544062
5519994513131
5519994499563
5519994494114
5519994486750
5519994417171
5519994413758
5519994407223
5519994350742
5519994346927
5519994328435
5519994315359
5519994227457
5519994217077
5519994185608
5519994177381
5519994146139
5519994083919
5519994066566
5519994066023
5519994056286
5519993941627
5519993934519
5519993860667
5519993859547
5519993858390
5519993700337
5519993690289
5519993686669
5519993668407
5519993649354
5519993619947
5519993567275
5519993563047
5519993528464
5519993489775
5519993421886
5519993374391
5519993368178
5519993358404
5519993311037
5519993168614
5519993102892
5519993038122
5519993007206
5519992867643
5519992859821
5519992820198
5519992814470
5519992757599
5519992748095
5519992725036
5519992716912
5519992655117
5519992598944
5519992519718
5519992506118
5519992503254
5519992477722
5519992352159
5519992337296
5519992332841
5519992244521
5519992237505
5519992202503
5519992196717
5519992189641
5519992140787
5519992129657
5519992068587
5519992008936
5519992008859
5519991987064
5519991945967
5519991918985
5519991914522
5519991890737
5519991849833
5519991838316
5519991733885
5519991685623
5519991682148
5519991667140
5519991655617
5519991635284
5519991622804
5519991559435
5519991521911
5519991519340
5519991516983
5519991477231
5519991427125
5519991420585
5519991386172
5519991362222
5519991313985
5519991281401
5519991248880
5519991119682
5519991108330
5519991082391
5519991055480
5519991029519
5519991026080
5519989969400
5519989909808
5519989890377
5519989881091
5519989793737
5519989777317
5519989762134
5519989713000
5519989532442
5519989495928
5519989451111
5519989381925
5519989372906
5519989364120
5519989360450
5519989187212
5519989114175
5519989083955
5519989082236
5519989066010
5519988815724
5519988748386
5519988728293
5519988586963
5519988539721
5519988524970
5519988505945
5519988499357
5519988418635
5519988394353
5519988390116
5519988302417
5519988298403
5519988286225
5519988214306
5519988206753
5519988191224
5519988179728
5519988096590
5519988077279
5519987817450
5519987804342
5519987705299
5519987685578
5519987673540
5519987639900
5519987630098
5519987559386
5519987482405
5519987432748
5519987376353
5519987375530
5519987253379
5519987206738
5519987151421
5519987147782
5519987107365
5519987085007
5519987083685
5519987014092
5519987012408
5519987006689
5519984209077
5519984095030
5519983920944
5519983826269
5519983516926
5519983472840
5519983468323
5519983458461
5519983443235
5519983355560
5519983303650
5519983280716
5519983259062
5519983228290
5519983023090
5519983002424
5519982998820
5519982978289
5519982887043
5519982856243
5519982843989
5519982834812
5519982828719
5519982769080
5519982736605
5519982721238
5519982703004
5519982694251
5519982639377
5519982519234
5519982507153
5519982504068
5519982426897
5519982418600
5519982412004
5519982384279
5519982368508
5519982302857
5519982262476
5519982219205
5519982214860
5519982128915
5519982127791
5519982104295
5519982090700
5519982072840
5519982069620
5519982061592
5519982032274
5519981997433
5519981977479
5519981944710
5519981904211
5519981839644
5519981811968
5519981789867
5519981719243
5519981707632
5519981639915
5519981628660
5519981522981
5519981500664
5519981494542
5519981485170
5519981319585
5519981315375
5519981307170
5519981295217
5519981229513
5519981228436
5519981227914
5519981219356
5519981183912
5519981183750
5519981150983
5519981105340
5519981099676
5519981067172
5519981028810
5519981028151
5519974198550
5519974187411
5519974183762
5519974081073
5519974054193
5519974043486
5519974018581
5519974010583
5519971697726
5519971689256
5519971672130
5519971624353
5519971571032
5519971546394
5519971459051
5519971349635
5519971180244
5519971160975
5519971150496
5519971129092
5519971098585
5519971054314
5519971037741
5519971016902
5518999961600
5518999813221
5518999758838
5518999748750
5518999744356
5518999733559
5518999713593
5518999712689
5518999691564
5518999691546
5518999687178
5518999679208
5518999630648
5518999629399
5518999345049
5518999127779
5518999110661
5518998826884
5518998822323
5518998240958
5518998229203
5518998202214
5518998199957
5518998192349
5518998188682
5518998151229
5518998134010
5518998096572
5518998085364
5518998005777
5518997996020
5518997986714
5518997975447
5518997973131
5518997972909
5518997965870
5518997925243
5518997900591
5518997891410
5518997871797
5518997812820
5518997794201
5518997792082
5518997791786
5518997775433
5518997774859
5518997771980
5518997739093
5518997734016
5518997731631
5518997688688
5518997683610
5518997682592
5518997659807
5518997629882
5518997619215
5518997616497
5518997530175
5518997522479
5518997521966
5518997514984
5518997506566
5518997483487
5518997476241
5518997475338
5518997472397
5518997464472
5518997449045
5518997446307
5518997434381
5518997419158
5518997370861
5518997364336
5518997359707
5518997356976
5518997349918
5518997348320
5518997347986
5518997342111
5518997312281
5518997308669
5518997303865
5518997287520
5518997259316
5518997253503
5518997248682
5518997236924
5518997226944
5518997214746
5518997184745
5518997170829
5518997153184
5518997149941
5518997142223
5518997122297
5518997104682
5518997096019
5518997061829
5518997056494
5518997047304
5518997042911
5518997041026
5518997020402
5518997011112
5518997001381
5518996997635
5518996965948
5518996964514
5518996947283
5518996928085
5518996888839
5518996886265
5518996864231
5518996863481
5518996859265
5518996835621
5518996807588
5518996803441
5518996776143
5518996772598
5518996771299
5518996760882
5518996759457
5518996754931
5518996744361
5518996734468
5518996724008
5518996717739
5518996711607
5518996697264
5518996693696
5518996666152
5518996658303
5518996644524
5518996642769
5518996617222
5518996584920
5518996527707
5518996500193
5518996480821
5518996459445
5518996441899
5518996423268
5518996414355
5518996389992
5518996389953
5518996380896
5518996347428
5518996343366
5518996337302
5518996320005
5518996289651
5518996285728
5518996276259
5518996271985
5518996256763
5518996256027
5518996169791
5518996146578
5518996134834
5518996120542
5518996106197
5518996082950
5518996063388
5518996032872
5518996007564
5518991874899
5518991796040
5518991782563
5518991746340
5518991671890
5518991666743
5518991657375
5518991643505
5518991643242
5518991532693
5518991430467
5518991421741
5518991390931
5518991326587
5518991312151
5518991293249
5518991289652
5518991284275
5518991270959
5518991244483
5518991235065
5518991218326
5518991209275
5518991189336
5518991180898
5518991156085
5518991128860
5518991084477
5518991075684
5518991069546
5518991067176
5518991032157
5518988223018
5518988203122
5518988123718
5518988106591
5518988017234
5518983221564
5518981991122
5518981958259
5518981939029
5518981861001
5518981797099
5518981734026
5518981726921
5518981711202
5518981579080
5518981516048
5518981452376
5518981403342
5518981249286
5518981211151
5518981143299
5518981057383
5518981043453
5518981015775
5518981014873
5517999777393
5517999732091
5517999718944
5517999703920
5517999607450
5517999602501
5517999260612
5517999256182
5517999216756
5517999211985
5517999173248
5517999161460
5517999146579
5517999106240
5517998198532
5517997787236
5517997761321
5517997673014
5517997659859
5517997650142
5517997619623
5517997548396
5517997533528
5517997501357
5517997461530
5517997460470
5517997447694
5517997439872
5517997376512
5517997313334
5517997243315
5517997184880
5517997152813
5517997133764
5517997098749
5517997058995
5517997040444
5517997032964
5517997021794
5517996827779
5517996785460
5517996761535
5517996755571
5517996733208
5517996712424
5517996643099
5517996624272
5517996611205
5517996590214
5517996560608
5517996557455
5517996524740
5517996490321
5517996488331
5517996477103
5517996476967
5517996391079
5517996374319
5517996346841
5517996311573
5517996270405
5517996257705
5517996229608
5517996218332
5517996215351
5517996194403
5517996182130
5517996181696
5517996181111
5517996163132
5517996157906
5517996146081
5517996117564
5517996084449
5517996080925
5517996076147
5517996056009
5517996052764
5517996052653
5517996022564
5517996019809
5517992857575
5517992841008
5517992827103
5517992766623
5517992756202
5517992748254
5517992726170
5517992674901
5517992660861
5517992638013
5517992620659
5517992570100
5517992568225
5517992450821
5517992392790
5517992369772
5517992348000
5517992220978
5517992207342
5517992193687
5517992181818
5517992180750
5517992126342
5517992114019
5517992113601
5517992079481
5517992071167
5517992049435
5517992003371
5517991968660
5517991964925
5517991961102
5517991916927
5517991903922
5517991902826
5517991878470
5517991867359
5517991838977
5517991804040
5517991757685
5517991736920
5517991721354
5517991699242
5517991692512
5517991684419
5517991667247
5517991659172
5517991654133
5517991653588
5517991629247
5517991628306
5517991616703
5517991613388
5517991605387
5517991582714
5517991580147
5517991565571
5517991531056
5517991516621
5517991436529
5517991355371
5517991351098
5517991344474
5517991330957
5517991330535
5517991319292
5517991314570
5517991299912
5517991286324
5517991275647
5517991248426
5517991243661
5517991240731
5517991217828
5517991212262
5517991164060
5517991163194
5517991147215
5517991129247
5517991050166
5517991034032
5517988318009
5517988138038
5517988109917
5517988108088
5517988089359
5517988056048
5517988055701
5517988029266
5517988013074
5517982280736
5517982047898
5517982038396
5517982031990
5517982018521
5517981944428
5517981865808
5517981852950
5517981797870
5517981793753
5517981729774
5517981686150
5517981651395
5517981610752
5517981595877
5517981548249
5517981523802
5517981490004
5517981403631
5517981388340
5517981386829
5517981373812
5517981339339
5517981283707
5517981262596
5517981256193
5517981246200
5517981237964
5517981235297
5517981204131
5517981201735
5517981196236
5517981181239
5517981140404
5517981136840
5517981128297
5517981084521
5517981061303
5517981058922
5517981006089
5516999996349
5516999989396
5516999982773
5516999980008
5516999975455
5516999892975
5516999862552
5516999794112
5516999790088
5516999787275
5516999693513
5516999688069
5516999687132
5516999684753
5516999624657
5516999611809
5516999406763
5516999380309
5516999334453
5516999284747
5516999249889
5516999244710
5516999213973
5516999211234
5516999178529
5516999135507
5516998849917
5516998250928
5516998208018
5516998201072
5516998134969
5516998106783
5516998103446
5516997967283
5516997948748
5516997877005
5516997874420
5516997849760
5516997775371
5516997683883
5516997602915
5516997494765
5516997473278
5516997450868
5516997447635
5516997420851
5516997413686
5516997373603
5516997371488
5516997295694
5516997254634
5516997235285
5516997231356
5516997214325
5516997213269
5516997174374
5516997170045
5516997143593
5516997081413
5516997050493
5516997041806
5516996395372
5516996382904
5516996367257
5516996357751
5516996324066
5516996257653
5516996221260
5516996207638
5516996182524
5516996160574
5516996119212
5516996108324
5516996097853
5516996053942
5516996015569
5516994598356
5516994581801
5516994574882
5516994571951
5516994559438
5516994553377
5516994543044
5516994518279
5516994513782
5516994508610
5516994499730
5516994497743
5516994247791
5516994233948
5516994201796
5516994183660
5516994169998
5516994166262
5516994116093
5516994048008
5516994040076
5516994019329
5516994000197
5516993977206
5516993971749
5516993943058
5516993850765
5516993844963
5516993822810
5516993797610
5516993794431
5516993774384
5516993756857
5516993732965
5516993703020
5516993697640
5516993687285
5516993645134
5516993640656
5516993606614
5516993559887
5516993543894
5516993498585
5516993484233
5516993447269
5516993404179
5516993402975
5516993397287
5516993386566
5516993344817
5516993290141
5516993266533
5516993241023
5516993236002
5516993231544
5516993203733
5516993198107
5516993186145
5516993122140
5516993105015
5516993083344
5516993082399
5516993050075
5516993029231
5516993021989
5516993004508
5516993000151
5516992991878
5516992926189
5516992913986
5516992814692
5516992806825
5516992794420
5516992786586
5516992775667
5516992739539
5516992731054
5516992711043
5516992709562
5516992708893
5516992636306
5516992627516
5516992575254
5516992562103
5516992551874
5516992531709
5516992529123
5516992484088
5516992467821
5516992424304
5516992388064
5516992382919
5516992377375
5516992372609
5516992362508
5516992341226
5516992341186
5516992337379
5516992309946
5516992299152
5516992284607
5516992259388
5516992258256
5516992219524
5516992192302
5516992190607
5516992173870
5516992154275
5516992146660
5516992135181
5516992102277
5516992086501
5516992075230
5516992055388
5516992047776
5516992041390
5516992019353
5516991995119
5516991991863
5516991979990
5516991975385
5516991907528
5516991902785
5516991901956
5516991875187
5516991854017
5516991850468
5516991849365
5516991834706
5516991808450
5516991802286
5516991786605
5516991780161
5516991754249
5516991746775
5516991671383
5516991635686
5516991631410
5516991583105
5516991569045
5516991560935
5516991551966
5516991543190
5516991529982
5516991527049
5516991477080
5516991445616
5516991409317
5516991382880
5516991357074
5516991345997
5516991255272
5516991253632
5516991252553
5516991238005
5516991235373
5516991200357
5516991113887
5516991096664
5516991079234
5516991067044
5516991060522
5516991049326
5516991042587
5516991038776
5516991037394
5516991034549
5516991022274
5516991018623
5516991005820
5516991002061
5516988776745
5516988756453
5516988715683
5516988625803
5516988569537
5516988440008
5516988392053
5516988342170
5516988329257
5516988308440
5516988287044
5516988278779
5516988261230
5516988248955
5516988173597
5516988160563
5516988157442
5516988097431
5516988084961
5516988068162
5516988056583
5516988042048
5516988005417
5516982615096
5516982577077
5516982570681
5516982523337
5516982503474
5516982502016
5516982441739
5516982440021
5516982254349
5516982214844
5516982209659
5516982195766
5516982110127
5516982106687
5516981950561
5516981939116
5516981864674
5516981781092
5516981748571
5516981729505
5516981726994
5516981689136
5516981680743
5516981589952
5516981483481
5516981463595
5516981457030
5516981439562
5516981403731
5516981395483
5516981377961
5516981342355
5516981314426
5516981311820
5516981272550
5516981215635
5516981169229
5516981148851
5516981077681
5516981029225
5516981019607
5516981008864
5515999843913
5515999801268
5515999781517
5515999762839
5515999746823
5515999696565
5515999669809
5515999624496
5515999605647
5515998600322
5515998557810
5515998548044
5515998533530
5515998517049
5515998505577
5515998461416
5515998431144
5515998418283
5515998361105
5515998313620
5515998308909
5515998262192
5515998211799
5515998199499
5515998181743
5515998180406
5515998165881
5515998155338
5515998146189
5515998128768
5515998105762
5515998104523
5515998083307
5515998063494
5515998052931
5515998035269
5515998025009
5515998002178
5515997995629
5515997983618
5515997982268
5515997982171
5515997980219
5515997941533
5515997904490
5515997868196
5515997846997
5515997774875
5515997765102
5515997728772
5515997723985
5515997701900
5515997699766
5515997689587
5515997674082
5515997659862
5515997652096
5515997641709
5515997631012
5515997623179
5515997555121
5515997521861
5515997514503
5515997490467
5515997490225
5515997464886
5515997413715
5515997410055
5515997391386
5515997333139
5515997296070
5515997267847
5515997220295
5515997195686
5515997180996
5515997139242
5515997121372
5515997112233
5515997062567
5515997001042
5515996996951
5515996994223
5515996989254
5515996928316
5515996903954
5515996896769
5515996884270
5515996873826
5515996860513
5515996856049
5515996816410
5515996770636
5515996738055
5515996706533
5515996650081
5515996641674
5515996572161
5515996557629
5515996488192
5515996461471
5515996455388
5515996425855
5515996408959
5515996392912
5515996387940
5515996306416
5515996300406
5515996256468
5515996225610
5515996199011
5515996178294
5515996122010
5515996085715
5515996045262
5515996041398
5515996038800
5515996032639
5515996028293
5515996017719
5515996007814
5515991895553
5515991819581
5515991810149
5515991747045
5515991719733
5515991581427
5515991523241
5515991490748
5515991375685
5515991253108
5515991228633
5515991176907
5515991175913
5515991130620
5515991118296
5515991111277
5515988354991
5515988334814
5515988306420
5515988159386
5515988133957
5515988120660
5515988104754
5515982443922
5515981798810
5515981763099
5515981749661
5515981728073
5515981703235
5515981656869
5515981439002
5515981389553
5515981386343
5515981370841
5515981340771
5515981311150
5515981293596
5515981214211
5515981187613
5515981131462
5515981131015
5515981125975
5515981084173
5515974048969
5515959804435
5514999900176
5514999881490
5514999874878
5514999869140
5514999845651
5514999842875
5514999808987
5514999793653
5514999788433
5514999753202
5514999732758
5514999715144
5514999699474
5514999654429
5514999634248
5514999606126
5514999197148
5514999154806
5514999134386
5514999019077
5514998999859
5514998973636
5514998936534
5514998915579
5514998914874
5514998892626
5514998878907
5514998842929
5514998824477
5514998818923
5514998810071
5514998807000
5514998785514
5514998781749
5514998775175
5514998766222
5514998757049
5514998730256
5514998721602
5514998720158
5514998692722
5514998683156
5514998675596
5514998636026
5514998599388
5514998595762
5514998589685
5514998577839
5514998558386
5514998538055
5514998529085
5514998522165
5514998517859
5514998514555
5514998476365
5514998474718
5514998445028
5514998442456
5514998416756
5514998409214
5514998394925
5514998385650
5514998360662
5514998355715
5514998354374
5514998328633
5514998318322
5514998318031
5514998308258
5514998301157
5514998293065
5514998292573
5514998281578
5514998271313
5514998270386
5514998267946
5514998213789
5514998189891
5514998185750
5514998176815
5514998167744
5514998159220
5514998159001
5514998143176
5514998127092
5514998126118
5514998107987
5514998105535
5514998090977
5514998074418
5514998019031
5514998006622
5514997996408
5514997984538
5514997969404
5514997946326
5514997924738
5514997911244
5514997881717
5514997867076
5514997865721
5514997851698
5514997841400
5514997826283
5514997813777
5514997774923
5514997752918
5514997734855
5514997722340
5514997718547
5514997713133
5514997710441
5514997710223
5514997709896
5514997682219
5514997675657
5514997663377
5514997663121
5514997653038
5514997650952
5514997639376
5514997638590
5514997631009
5514997623851
5514997618182
5514997607204
5514997595020
5514997582759
5514997564762
5514997546968
5514997528670
5514997524261
5514997514468
5514997510077
5514997509732
5514997488825
5514997476690
5514997467949
5514997464042
5514997444970
5514997407626
5514997398595
5514997395407
5514997393325
5514997391963
5514997368917
5514997367084
5514997344639
5514997339492
5514997320889
5514997320731
5514997315690
5514997314784
5514997308016
5514997303623
5514997289422
5514997284891
5514997261369
5514997245687
5514997236814
5514997192890
5514997183616
5514997182653
5514997167950
5514997165440
5514997159025
5514997139783
5514997135841
5514997123236
5514997107797
5514997098391
5514997086743
5514997077997
5514997073777
5514997065264
5514997057327
5514997056521
5514997056025
5514997010468
5514997004654
5514997004567
5514996989728
5514996973795
5514996968589
5514996962731
5514996960647
5514996960639
5514996959478
5514996952123
5514996932701
5514996932554
5514996903992
5514996895397
5514996892524
5514996865066
5514996863209
5514996861296
5514996851580
5514996837433
5514996818871
5514996811029
5514996808938
5514996762765
5514996759428
5514996752548
5514996733714
5514996723224
5514996720141
5514996704175
5514996704063
5514996694253
5514996652119
5514996641020
5514996601657
5514996536250
5514996497979
5514996486082
5514996437769
5514996382239
5514996380768
5514996378775
5514996370188
5514996352172
5514996344640
5514996328858
5514996327723
5514996306131
5514996304504
5514996292322
5514996286726
5514996280633
5514996272769
5514996266088
5514996259838
5514996256054
5514996255765
5514996253637
5514996230050
5514996220633
5514996220257
5514996217900
5514996217269
5514996208506
5514996207016
5514996195997
5514996195950
5514996192130
5514996180125
5514996161410
5514996151797
5514996151743
5514996134286
5514996132113
5514996120104
5514996071995
5514996040158
5514996032368
5514996029098
5514996024084
5514996022577
5514996013794
5514996001687
5514993882146
5514991812445
5514991774880
5514991773730
5514991753103
5514991729041
5514991679162
5514991666785
5514991660538
5514991629036
5514991491958
5514991484494
5514991451989
5514991437080
5514991432397
5514991337827
5514991281443
5514991249588
5514991230175
5514991213637
5514991213131
5514991157962
5514991146211
5514991138559
5514991137651
5514991090461
5514991072170
5514991071505
5514991068375
5514988416161
5514988358350
5514988195529
5514988187728
5514988187044
5514988173056
5514988155711
5514988066674
5514988033206
5514988032734
5514988017795
5514982022510
5514981851061
5514981777695
5514981769238
5514981568585
5514981520013
5514981501493
5514981497499
5514981486968
5514981435004
5514981402651
5514981373579
5514981356532
5514981342159
5514981293204
5514981269192
5514981207088
5514981201005
5514981158455
5514981123636
5514981116329
5514981089580
5514981074003
5514981056385
5514981023507
5513999767867
5513999747402
5513999727586
5513999722414
5513999722319
5513999720658
5513999700912
5513999686433
5513999665868
5513999632277
5513999189135
5513999105437
5513998871410
5513998835713
5513998207380
5513998143097
5513998121246
5513997993730
5513997969270
5513997962146
5513997955528
5513997933109
5513997871202
5513997836813
5513997637442
5513997636023
5513997614494
5513997586861
5513997564583
5513997535332
5513997528368
5513997483145
5513997441152
5513997406830
5513997378414
5513997369056
5513997367679
5513997227375
5513997175548
5513997170707
5513997169619
5513997127529
5513997105824
5513997039060
5513996884282
5513996880220
5513996789036
5513996720126
5513996709777
5513996645921
5513996606221
5513996600446
5513996578371
5513996567387
5513996552640
5513996496236
5513996439993
5513996418670
5513996364508
5513996331454
5513996272770
5513996252577
5513996235827
5513996174702
5513996124324
5513996119711
5513996104456
5513996045309
5513996015266
5513992102886
5513992033054
5513992001048
5513991855276
5513991752631
5513991744474
5513991724112
5513991681190
5513991574030
5513991544354
5513991495226
5513991491569
5513991434996
5513991414975
5513991340368
5513991251844
5513991205534
5513991146069
5513991131670
5513991059546
5513991041975
5513991007338
5513988801889
5513988797694
5513988778962
5513988712090
5513988612927
5513988558620
5513988393240
5513988321748
5513988310575
5513988214461
5513988121335
5513988026812
5513988015998
5513982280707
5513982142262
5513982111039
5513982063544
5513982061555
5513981949861
5513981806050
5513981774349
5513981757767
5513981753836
5513981678339
5513981635974
5513981516251
5513981512400
5513981503658
5513981468273
5513981367136
5513981134726
5513981029371
5513974219953
5513974208172
5513974132757
5513974076600
5513974064964
5513974035235
5513933451783
5513932344434
5513932192082
5512999711617
5512999617004
5512999315640
5512999233156
5512999169539
5512999168967
5512998264856
5512998236712
5512998182751
5512997911139
5512997823600
5512997779848
5512997743947
5512997594459
5512997570661
5512997561666
5512997558051
5512997518440
5512997507475
5512997425359
5512997412666
5512997408095
5512997399415
5512997383265
5512997361887
5512997339673
5512997220217
5512997187080
5512997119704
5512997081782
5512997031501
5512996851812
5512996819232
5512996699550
5512996668256
5512996641933
5512996638724
5512996609966
5512996592256
5512996560667
5512996546843
5512996541951
5512996473556
5512996451695
5512996396881
5512996228313
5512996218118
5512996176195
5512992517040
5512992490413
5512992435928
5512992324925
5512992216044
5512992125876
5512992122304
5512992052949
5512991949020
5512991887869
5512991867165
5512991858363
5512991799525
5512991752198
5512991672966
5512991623996
5512991525011
5512991500278
5512991495558
5512991403349
5512991402696
5512991361469
5512991312699
5512991297619
5512991266539
5512991174783
5512991152560
5512991129284
5512991116363
5512991113143
5512991086789
5512991083711
5512989095440
5512988931065
5512988838932
5512988803135
5512988654803
5512988523794
5512988458029
5512988452780
5512988438176
5512988373660
5512988340123
5512988202254
5512988157567
5512988153964
5512988095250
5512988083030
5512988057953
5512987064723
5512987058145
5512987017805
5512982979995
5512982935155
5512982841098
5512982582613
5512982418658
5512982401614
5512982399755
5512982326684
5512982324870
5512982309878
5512982303053
5512982270001
5512982226623
5512982091129
5512982036067
5512981954593
5512981911744
5512981852835
5512981837179
5512981832307
5512981726105
5512981700509
5512981599613
5512981499838
5512981476680
5512981443096
5512981419850
5512981396994
5512981364633
5512981360031
5512981313617
5512981310526
5512981232578
5512981195618
5512981193015
5512981136292
5512981113900
5512981061886
5512981054398
5512981040066
5512974121376
5512974116766
5512974104219
5512974056020
5512974028474
5512974023485
5511999992754
5511999992221
5511999990625
5511999983979
5511999963765
5511999955522
5511999939829
5511999939565
5511999935352
5511999910271
5511999900944
5511999881523
5511999861706
5511999855345
5511999849345
5511999818501
5511999811250
5511999795926
5511999772875
5511999763073
5511999691932
5511999674779
5511999660521
5511999616046
5511999610843
5511999582122
5511999569490
5511999559899
5511999541515
5511999528798
5511999509869
5511999493912
5511999481944
5511999445110
5511999429732
5511999428366
5511999427863
5511999415598
5511999356584
5511999315088
5511999303942
5511999296969
5511999246201
5511999243990
5511999227905
5511999219163
5511999218553
5511999217317
5511999216075
5511999191823
5511999187162
5511999151192
5511999100910
5511999100909
5511999080034
5511999073111
5511999069943
5511999025696
5511999018506
5511999002301
5511998982259
5511998981042
5511998924325
5511998908241
5511998896724
5511998878171
5511998877439
5511998872602
5511998847455
5511998831161
5511998822034
5511998811943
5511998806411
5511998784490
5511998778701
5511998777247
5511998774502
5511998769884
5511998760951
5511998745657
5511998699675
5511998686842
5511998676499
5511998667539
5511998658403
5511998655952
5511998655924
5511998637891
5511998636034
5511998635378
5511998614118
5511998606099
5511998595620
5511998586158
5511998560219
5511998549801
5511998549492
5511998542926
5511998534737
5511998509297
5511998505178
5511998502308
5511998476548
5511998475284
5511998447165
5511998426230
5511998409727
5511998397081
5511998396093
5511998366795
5511998355837
5511998341707
5511998337489
5511998334374
5511998312171
5511998290876
5511998285301
5511998282555
5511998255017
5511998247929
5511998240620
5511998240258
5511998238883
5511998229228
5511998224222
5511998220731
5511998208590
5511998201687
5511998196794
5511998187663
5511998162380
5511998147393
5511998143108
5511998140240
5511998131789
5511998118103
5511998102776
5511998053346
5511998046666
5511998031086
5511997994987
5511997993960
5511997992688
5511997992284
5511997985170
5511997977751
5511997957419
5511997894121
5511997799335
5511997784846
5511997769749
5511997761826
5511997761059
5511997723205
5511997711719
5511997707297
5511997677356
5511997637195
5511997633747
