5531992498661
5531996558749
5531984371863
5531989815067
5531991657676
5531996133196
5531987517792
5531988485807
5531999940015
5531997935255
5531983154929
5531987276551
5531997723425
5531997514809
5531999221504
5531998025398
5531997193049
5531994743445
5531974015511
5531999323896
5531999187680
5531992873216
5531988100286
5531992688630
5531992318185
5531985548971
5531997816136
5531987093781
5531989725224
5531995007958
5531998890914
5531996440689
5531986817038
5531997042364
5531992969064
5531971263937
5531998813246
5531985731872
5531998686671
5531994037059
5531997965878
5531991850821
5531988137753
5531988646586
5531997212199
5531994768328
5531987152166
5531992545016
5531995001072
5531997871433
5531975449999
5531987683916
5531989273880
5531982590971
5531989061324
5531988531655
5531988885835
5531988025696
5531987209938
5531997525834
5531996960291
5531985374360
5531997156934
5531986253093
5531992459662
5531996538973
5531986171469
5531992249771
5531997842285
5531999681022
5531986292377
5531991346347
5531996969209
5531989607489
5531996260185
5531996839990
5531975466706
5531999814144
5531988798612
5531971703195
5531980274091
5531995266801
5531991963998
5531998504121
5531987131056
5531998624948
5531995230069
5531996664967
5531998802525
5531996376010
5531985532776
5531984305625
5531973288111
5531983364479
5531999561327
5531998060454
5531971153808
5531986664780
5531992546034
5531997780193
5531998391793
5531986644392
5531971192702
5531998127300
5531982456800
5531997028113
5531989527417
5531983462150
5531997770827
5531988666315
5531987746264
5531988328467
5531985396021
5531986402048
5531988015521
5531971334633
5531971142857
5531985188741
5531983208310
5531998668993
5531993036110
5531988481403
5531987624633
5531986748082
5531988338971
5531996180247
5531995507900
5531988970384
5531988042517
5531995160729
5531989340232
5531987833067
5531987870210
5531998856109
5531982766482
5531981541276
5531994547216
5531999842513
5531985826735
5531997184210
5531984614091
5531996504489
5531993013180
5531986377825
5531986891226
5531986065109
5531996780312
5531985438189
5531997310393
5531986948410
5531995697081
5531997951909
5531988317227
5531984153981
5531996058297
5531994323436
5531991388097
5531983088158
5531987065257
5531999180525
5531984452974
5531991879582
5531988976975
5531986959921
5531988658874
5531993636727
5531989717688
5531971123615
5531988956762
5531996632124
5531983950138
5531985865110
5531971739579
5531994231567
5531987180351
5531987845134
5531999773997
5531989555594
5531988527406
5531992279329
5531995041605
5531995090283
5531984584488
5531971126304
5531995794230
5531988372889
5531998506031
5531988477667
5531988407387
5531999534507
5531988176312
5531988526428
5531985532119
5531985159255
5531989709193
5531986426665
5531998824270
5531994560287
5531989238876
5531995070711
5531986499279
5531999448100
5531992341109
5531991011340
5531971233303
5531983955627
5531994084375
5531985516709
5531983936302
5531986048715
5531992361436
5531995080544
5531988496398
5531985181096
5531987778480
5531998088360
5531994469773
5531991395243
5531996094593
5531988614491
5531995489116
5531998450779
5531999556612
5531996765873
5531998078612
5531985009118
5531988893518
5531994904236
5531988417954
5531996682148
5531992826783
5531973016170
5531993743384
5531988374082
5531989299793
5531991776508
5531999901880
5531999580942
5531996405130
5531996347157
5531984182294
5531983695581
5531986926264
5531996721750
5531988151682
5531998372968
5531991866719
5531995782794
5531999831916
5531983466823
5531984465596
5531985201486
5531998589208
5531971676607
5531988888330
5531987543800
5531986000118
5531961851000
5531996645780
5531988457405
5531989890825
5531989069485
5531992403481
5531985754701
5531999112468
5531985001554
5531984885555
5531983288369
5531988136996
5531984530523
5531986987242
5531989071251
5531971321983
5531999499652
5531995567706
5531999834341
5531988468183
5531997523490
5531987465046
5531987607737
5531996139302
5531985204384
5531983561293
5531995503393
5531996082548
5531984191092
5531987807294
5531983834234
5531999243006
5531998925362
5531992096117
5531999956500
5531999814945
5531996202230
5531987350054
5531996427152
5531985030349
5531989078850
5531985560718
5531993555415
5531988804879
5531993781546
5531986559132
5531988151163
5531971723133
5531995038097
5531971258339
5531989095755
5531999971788
5531999753276
5531992780179
5531985072066
5531996510110
5531993184234
5531998788613
5531998975429
5531984660125
5531986394062
5531999360478
5531996970830
5531984371419
5531995063458
5531985268032
5531997771146
5531991590549
5531988720859
5531998727118
5531986865404
5531998023071
5531986639800
5531991924393
5531999505365
5531971230405
5531985665804
5531989540807
5531998140193
5531998336091
5531984520488
5531991360457
5531989084543
5531991756590
5531995207067
5531991590975
5531986971285
5531997556452
5531986669858
5531971298127
5531996038523
5531997348415
5531988281848
5531996920623
5531992360728
5531992360732
5531988929977
5531999355261
5531999786181
5531991277852
5531988500625
5531996881010
5531986063412
5531993635716
5531991974510
5531993527450
5531985007291
5531992410504
5531999139180
5531984633768
5531987765561
5531980143882
5531999280092
5531983222839
5531983976300
5531989218303
5531996761748
5531986162258
5531999684611
5531985165902
5531985228347
5531986794991
5531987092969
5531995596975
5531996640305
5531992575123
5531996817045
5531993378095
5531975119302
5531971224209
5531987614827
5531998682228
5531985882913
5531983658193
5531993933493
5531997507231
5531983294501
5531985963855
5531988667612
5531998843998
5531998578314
5531989089749
5531993287620
5531997498574
5531993219030
5531986105856
5531992069792
5531994989257
5531987465784
5531991164886
5531993274189
5531986721800
5531999488241
5531986888161
5531992131993
5531988928560
5531999937075
5531988448780
5531992380088
5531999569718
5531998328524
5531996868639
5531975182191
5531991964813
5531998564746
5531993482395
5531989367420
5531982094746
5531996971743
5531995082259
5531997417300
5531971216203
5531982388310
5531997960506
5531999140001
5531996001880
5531995887533
5531999735776
5531998894211
5531984950564
5531988670677
5531989918722
5531986509326
5531997771784
5531991625692
5531988596107
5531997819487
5531984630914
5531989774980
5531998771117
5531997063110
5531985575331
5531999846126
5531988231619
5531996885323
5531993610945
5531997347629
5531999056330
5531999949558
5531992027828
5531985428791
5531995393563
5531991931450
5531991870399
5531987077065
5531983402117
5531985944146
5531999974531
5531999574810
5531987818358
5531996374591
5531984249475
5531985221282
5531999125484
5531968944170
5531998514242
5531988667085
5531999467583
5531988390895
5531997932089
5531986827159
5531971138574
5531999744577
5531982730231
5531991941742
5531986295425
5531984545642
5531996197469
5531986280068
5531971836480
5531971116136
5531975139976
5531991141658
5531989147807
5531984657184
5531968107480
5531988636079
5531986083270
5531985083148
5531998741807
5531993091675
5531997043852
5531998597978
5531992003890
5531991430368
5531986885119
5531991991152
5531983595774
5531988182363
5531997414197
5531998170889
5531999999001
5531986100388
5531988423811
5531997808522
5531988398359
5531987527076
5531988279542
5531988072498
5531997175328
5531992018175
5531982085061
5531999072915
5531995795457
5531983652517
5531985729018
5531991118099
5531975693524
5531971303054
5531999447288
5531980300206
5531986361625
5531996966758
5531996718290
5531988941969
5531996496628
5531985494088
5531996508283
5531999234656
5531998275379
5531987507294
5531991985096
5531988880131
5531984189781
5531987734538
5531999089018
5531998361968
5531987781952
5531988996149
5531991759856
5531986978453
5531988862254
5531999484875
5531995387773
5531992877473
5531992399453
5531998672714
5531971301925
5531995031904
5531998037572
5531984148296
5531985499107
5531985515483
5531988067617
5531987875025
5531993040016
5531997197406
5531988170231
5531984773399
5531988428207
5531992879870
5531982205006
5531985835851
5531987077832
5531988321972
5531991343842
5531997131530
5531995509874
5531987217065
5531993432110
5531995193720
5531971265932
5531988596538
5531994049799
5531987773865
5531985525426
5531988315157
5531996721836
5531997250943
5531988255174
5531992069772
5531987684583
5531984269516
5531998794526
5531996184181
5531984650396
5531982047998
5531995936142
5531997859203
5531995827821
5531989323140
5531988516048
5531991586333
5531991447597
5531988788498
5531985190584
5531975063597
5531991028822
5531983116279
5531989556537
5531988411910
5531999160192
5531982093164
5531971121347
5531971652723
5531989095922
5531997503926
5531988964969
5531991498492
5531997844482
5531996782211
5531988941768
5531998906602
5531980135234
5531987279311
5531996456563
5531996172540
5531991158191
5531987777277
5531996113672
5531987647532
5531997976077
5531968725180
5531991926131
5531995874541
5531989069259
5531992277826
5531986731993
5531993982585
5531971816064
5531997403502
5531993194471
5531986663602
5531992995541
5531988992878
5531989176635
5531991328470
5531986768045
5531982048935
5531984404236
5531984702839
5531991825816
5531988603436
5531988916218
5531984816841
5531996178803
5531988985692
5531986004536
5531998307739
5531971438397
5531998917749
5531997503408
5531993244189
5531983705698
5531984734884
5531994369449
5531985063873
5531987193111
5531999499441
5531985034930
5531988503493
5531994233230
5531989835476
5531992828976
5531987989973
5531988402437
5531985581269
5531987456395
5531992825093
5531991356293
5531971325325
5531985297573
5531992967210
5531987641518
5531999017045
5531988635794
5531988976393
5531999021428
5531987463735
5531999070788
5531983239944
5531985844007
5531995203402
5531986244076
5531996045672
5531986903133
5531986614625
5531998494785
5531975125750
5531992430011
5531985074106
5531996219078
5531987230102
5531986883063
5531989123288
5531985797585
5531987483245
5531986997338
5531991547245
5531998976990
5531986534739
5531988607247
5531989431746
5531993474389
5531991836843
5531988928099
5531999451751
5531996998010
5531986626929
5531992490451
5531991184918
5531982807532
5531999711351
5531992767612
5531986334014
5531989909845
5531999640102
5531985034657
5531998406534
5531991426022
5531999213631
5531988476002
5531988028155
5531991787676
5531997608800
5531998661098
5531991035973
5531996960036
5531998672521
5531991052129
5531988238246
5531993631511
5531985548280
5531995302439
5531997535399
5531988688083
5531986397612
5531988966183
5531980152592
5531998719661
5531986191365
5531975315605
5531993192555
5531996460131
5531996953569
5531996765344
5531999833675
5531999107112
5531985863540
5531987077098
5531988913539
5531992822195
5531988020449
5531992692948
5531994118429
5531993048066
5531987789163
5531999846557
5531988600824
5531986068895
5531987829803
5531997591685
5531986646477
5531997534446
5531998868700
5531986908993
5531988636952
5531984780127
5531991368162
5531988521219
5531995946104
5531999579582
5531997696957
5531999025563
5531987941739
5531971195733
5531971369874
5531980132684
5531984288385
5531999564478
5531983475506
5531982280159
5531997392655
5531988719565
5531989558662
5531986833951
5531997601363
5531997223947
5531996283632
5531985246360
5531997455285
5531984268113
5531984733727
5531995032030
5531971129256
5531995002899
5531987858575
5531984824237
5531987768922
5531985104593
5531997772465
5531986699908
5531987980475
5531988301345
5531991513085
5531999417349
5531998863300
5531987576668
5531980218506
5531987729183
5531999772454
5531986854615
5531998614950
5531986283415
5531971037934
5531998024668
5531988985962
5531987676406
5531998561760
5531988010430
5531998014162
5531995330276
5531997470405
5531999961744
5531998531810
5531988116989
5531988520744
5531998635818
5531971812428
5531988549126
5531997313090
5531992669379
5531989341502
5531995290160
5531987571114
5531998745942
5531991787377
5531997768713
5531987922582
5531993529460
5531999433849
5531971701297
5531992594066
5531985720479
5531988087925
5531999676166
5531987627574
5531989422535
5531989441995
5531971723342
5531996078359
5531996490553
5531992664984
5531993772021
5531985901293
5531995439421
5531995458799
5531996859858
5531971422601
5531986905058
5531971636595
5531989832150
5531993367742
5531982018269
5531999993738
5531985539972
5531997079553
5531996081422
5531988247017
5531989331565
5531996490141
5531995856643
5531985131911
5531982232445
5531987626660
5531999998591
5531999977209
5531984223050
5531995951196
5531986643862
5531998949953
5531984758042
5531999220568
5531985640147
5531987222340
5531996947743
5531995431011
5531993030787
5531982514635
5531989354770
5531983013534
5531996382815
5531983412744
5531988032904
5531998319638
5531982383730
5531995796330
5531997130894
5531971653993
5531994450317
5531991367634
5531988341302
5531987687738
5531988337713
5531992033956
5531995182870
5531997012182
5531997051956
5531988472226
5531996370039
5531998740019
5531999477589
5531995806674
5531994791787
5531991953118
5531984150661
5531991957176
5531995046250
5531999089690
5531985163578
5531999712597
5531988192678
5531995048869
5531996977013
5531988240017
5531985016959
5531982707554
5531989646344
5531998666197
5531987588942
5531998973395
5531970943570
5531985611347
5531996661823
5531994936458
5531989208711
5531997327000
5531985443145
5531971314189
5531971638226
5531996858588
5531992067362
5531999257620
5531985208983
5531995510576
5531999929951
5531998081074
5531986261846
5531995185346
5531971816301
5531999690235
5531992965847
5531989291162
5531980134020
5531988742175
5531997845072
5531992384748
5531999191090
5531988475962
5531983990264
5531989049313
5531988544446
5531999991764
5531996651953
5531988608575
5531996874357
5531986398575
5531991316737
5531992216708
5531997043956
5531989564596
5531987322487
5531984085755
5531984589091
5531983104175
5531998225531
5531988636752
5531987486512
5531988546323
5531996596270
5531988942409
5531988309179
5531986018834
5531989891267
5531971038480
5531971806061
5531985082372
5531998122000
5531971330673
5531988175625
5531983560416
5531999551331
5531989278990
5531991964004
5531983351231
5531971831450
5531989650620
5531987961328
5531982491040
5531988796488
5531988194552
5531986462196
5531999864874
5531987285498
5531999940064
5531986450859
5531971510622
5531996245478
5531996045118
5531988190002
5531985494544
5531985906990
5531987847823
5531996746801
5531999250319
5531994150336
5531984564562
5531993794224
5531989598286
5531984034162
5531986986789
5531984639829
5531999355668
5531988791866
5531983356113
5531996370798
5531998901229
5531987425924
5531996484796
5531999017592
5531989091020
5531994503805
5531991673766
5531999523683
5531989408882
5531988918257
5531987295606
5531984545947
5531994121478
5531992673138
5531987457760
5531991229277
5531986634047
5531983499936
5531971773408
5531980144235
5531985221949
5531990754720
5531983573973
5531973420605
5531996378021
5531984257977
5531986075616
5531998267309
5531988767869
5531987794712
5531982153017
5531991515053
5531986247813
5531987551420
5531986100322
5531988903627
5531997060808
5531991592214
5531988439533
5531997128754
5531991384930
5531971284636
5531971131685
5531992314270
5531986827897
5531985893705
5531992489723
5531987942961
5531984661091
5531985610201
5531987101505
5531971239383
5531971223948
5531999818963
5531999357173
5531997215113
5531996375422
5531996991703
5531996832954
5531989473951
5531998813036
5531995917890
5531991596803
5531999586950
5531989326809
5531988036880
5531992134503
5531985007116
5531998588743
5531989376896
5531985328976
5531989338629
5531986007994
5531996222903
5531998401556
5531988638275
5531986074055
5531982162252
5531987652523
5531988612463
5531981750250
5531973050463
5531996366168
5531991162488
5531989125890
5531991074401
5531984548837
5531995561328
5531999531036
5531986649902
5531983933699
5531980222775
5531991852671
5531987881967
5531984390808
5531996897066
5531997242311
5531998655230
5531999582193
5531971201285
5531987455589
5531986059806
5531997972042
5531986599418
5531989220972
5531995180360
5531991319991
5531985869659
5531992810685
5531998410174
5531971460966
5531995873570
5531987181203
5531999097715
5531996397755
5531999577664
5531988199783
5531987472992
5531985526530
5531986702127
5531987065537
5531984090613
5531997423202
5531989574146
5531988127743
5531992674554
5531988495730
5531989341306
5531997936148
5531996723095
5531984042574
5531991117708
5531997939690
5531997570020
5531988723448
5531997479492
5531997586669
5531999831571
5531988525569
5531996428923
5531991995567
5531996504398
5531986887422
5531985893124
5531995446674
5531997009196
5531999503813
5531971870710
5531996453783
5531987354615
5531987262741
5531996679312
5531985884552
5531998318943
5531985187085
5531999162452
5531991427097
5531994025538
5531992784606
5531986370318
5531998233636
5531989301284
5531996695688
5531995853349
5531993132831
5531994447208
5531987030689
5531985875324
5531992227928
5531991346150
5531994191214
5531987721449
5531989553751
5531999497147
5531996355388
5531991388145
5531991965308
5531996473569
5531998030551
5531997618827
5531998264440
5531995914506
5531987815685
5531999678199
5531989172029
5531987397753
5531989441125
5531992615811
5531988589960
5531983756522
5531991636358
5531999212545
5531984910865
5531992771644
5531989718409
5531997750973
5531987636998
5531991126828
5531993286653
5531995868456
5531999576491
5531992814043
5531997772995
5531992439966
5531988334895
5531985696336
5531982004646
5531996962778
5531992163812
5531984884834
5531987316524
5531998768609
5531988123886
5531998142571
5531971397362
5531996419984
5531984690610
5531989277961
5531999997362
5531993540043
5531988429203
5531997955476
5531995287002
5531992826421
5531982096842
5531992242000
5531992772260
5531983462900
5531988454572
5531996584967
5531997346541
5531996445661
5531988851285
5531989048910
5531986584418
5531996541900
5531984535795
5531995909052
5531991367956
5531999196094
5531999812507
5531968957090
5531986532824
5531987565515
5531987800966
5531992576260
5531989263319
5531997899355
5531996899141
5531997735735
5531985439503
5531971629223
5531984707451
5531999036318
5531998405499
5531983171699
5531992962449
5531988333460
5531987166055
5531986927595
5531986800058
5531971016953
5531985464712
5531989741854
5531986495021
5531997158709
5531986784784
5531985921267
5531994779677
5531998511727
5531995931568
5531999582018
5531991845826
5531989490398
5531993465779
5531993136518
5531992856601
5531983193837
5531996713571
5531975422600
5531989422595
5531996264787
5531998535797
5531999090900
5531987048519
5531991487698
5531984383147
5531988311863
5531999695015
5531982642285
5531988781187
5531994537237
5531985962872
5531987013206
5531993030132
5531987240433
5531991873182
5531988926111
5531986664266
5531991682482
5531983034218
5531988416139
5531986815390
5531989610798
5531971485166
5531995251499
5531996297802
5531997337848
5531980178195
5531991441571
5531998902654
5531999061325
5531991058718
5531999881035
5531985695023
5531988096981
5531997952072
5531988340436
5531987955551
5531998115957
5531985282997
5531992226291
5531984781097
5531998056071
5531993123765
5531984746925
5531996980172
5531999455995
5531986063934
5531996450355
5531985251900
5531985107286
5531998382313
5531993677992
5531988393493
5531983995598
5531987797408
5531999203591
5531996288403
5531986664956
5531984369170
5531996466060
5531997646757
5531995297540
5531998985149
5531983495348
5531987487962
5531988324642
5531986184771
5531984951195
5531996998599
5531975672585
5531998267301
5531996947464
5531997032285
5531996877974
5531991793983
5531987692203
5531997840767
5531999991390
5531996449574
5531997781003
5531968108080
5531987562269
5531984474584
5531998432154
5531987650304
5531988519425
5531991616408
5531985344721
5531983114621
5531996973929
5531993133112
5531988393782
5531996434904
5531988880370
5531987848316
5531983107356
5531984678144
5531996740393
5531986128189
5531987309256
5531998683216
5531999303860
5531984748581
5531997792728
5531987314691
5531996610844
5531989586073
5531999115743
5531983314885
5531996808822
5531996967965
5531988934151
5531996587044
5531992171979
5531991194821
5531996203909
5531983336928
5531988322208
5531997017622
5531998170632
5531986640411
5531985107294
5531985353602
5531995515393
5531998693871
5531983965800
5531994630258
5531989878606
5531983677013
5531996219792
5531997344640
5531991388894
5531982447979
5531987786821
5531988885884
5531984649293
5531997541497
5531988582353
5531988030566
5531998563581
5531995934238
5531997875035
5531996329552
5531997428011
5531998141249
5531998064223
5531975662959
5531995808818
5531992340516
5531996186739
5531999438031
5531999885110
5531971864422
5531997864534
5531998599123
5531988351273
5531987726402
5531995290927
5531991601552
5531998828159
5531986290159
5531992087528
5531991251445
5531996040008
5531985224290
5531971686180
5531988113384
5531988331665
5531971011581
5531985756199
5531996801128
5531994484564
5531991050050
5531986080254
5531987040788
5531987723369
5531991571455
5531996908877
5531998103640
5531987529908
5531998741210
5531985889480
5531983944065
5531971218425
5531980518010
5531993611778
5531983249513
5531984478581
5531997751285
5531999812021
5531989420766
5531986661268
5531985188237
5531984253773
5531996403371
5531987701757
5531993519799
5531988310189
5531984085021
5531991046049
5531985889051
5531971712678
5531997055206
5531988801735
5531999489307
5531998587439
5531971352740
5531993074288
5531991661280
5531971704294
5531996006628
5531998523885
5531988800076
5531989873032
5531985185159
5531988539586
5531988124250
5531996669655
5531991385740
5531988381123
5531987358121
5531995432044
5531999120594
5531997675965
5531987413006
5531987294710
5531980215351
5531991148682
5531984725255
5531986901757
5531986981994
5531992975519
5531998243468
5531991861038
5531985182988
5531986684938
5531986144128
5531989763282
5531985295916
5531999374083
5531971700577
5531986724378
5531993020492
5531986307835
5531986813639
5531989605128
5531991148185
5531999151999
5531984334700
5531993469840
5531971277217
5531987795615
5531999556862
5531989832573
5531989421448
5531998481080
5531989899305
5531987272158
5531975876141
5531999380973
5531995460736
5531987670042
5531984946442
5531987107071
5531997530562
5531988272503
5531987084755
5531991481927
5531987827039
5531984690982
5531991652519
5531999508641
5531986188697
5531989760028
5531987004291
5531995024978
5531993139504
5531991206133
5531997144559
5531993354159
5531997266548
5531971828362
5531999548080
5531999671196
5531988875950
5531988347591
5531988892151
5531996649713
5531983739494
5531991207101
5531987365637
5531992763326
5531988671581
5531995384169
5531993701332
5531998481062
5531988618001
5531997025162
5531991290369
5531992281832
5531996986934
5531997843958
5531992074003
5531987022702
5531992157879
5531995837143
5531971587815
5531996576593
5531980129643
5531999672919
5531989091273
5531989727449
5531997108184
5531988813861
5531997350862
5531985132680
5531996478383
5531995704072
5531991119399
5531987728237
5531997188432
5531991568421
5531999133791
5531988914692
5531992582559
5531984939079
5531983037358
5531988961886
5531992335432
5531983879105
5531995043460
5531984407476
5531992781557
5531997072283
5531989807659
5531993078120
5531991555894
5531995042762
5531999034837
5531988622780
5531984353303
5531989259680
5531996378750
5531988270420
5531989254939
5531992487671
5531988976309
5531988690437
5531985032732
5531985808944
5531992688625
5531997872251
5531996051317
5531991278663
5531984119456
5531989500495
5531998414535
5531996620649
5531997886188
5531992122610
5531985841221
5531996231442
5531987161051
5531998111550
5531986288376
5531996502416
5531987134965
5531996051369
5531985691705
5531987375052
5531991256027
5531988767411
5531992184961
5531991889686
5531991718414
5531987316200
5531985625382
5531996405692
5531995073172
5531987277108
5531999289093
5531986166442
5531987494641
5531986699750
5531987122523
5531992811164
5531988920666
5531995039222
5531995743121
5531986295699
5531987631376
5531996271700
5531988011120
5531988610015
5531984524983
5531988049493
5531988144570
5531996529264
5531988124660
5531984008957
5531989689283
5531999485214
5531998124046
5531988248379
5531971142001
5531992020264
5531995027107
5531988021228
5531992446673
5531997862958
5531992051613
5531997326251
5531985540312
5531997646956
5531995815683
5531993983148
5531988731980
5531991977116
5531999955161
5531985428240
5531999777640
5531997371203
5531983321762
5531996572577
5531989358175
5531996001025
5531999905166
5531991088258
5531984372220
5531983767086
5531984820524
5531984934909
5531985945154
5531998262805
5531988928273
5531999525769
5531988210542
5531997488021
5531971856904
5531998052049
5531991819042
5531988480244
5531999779476
5531991237653
5531996172631
5531998765432
5531997590245
5531989290307
5531997410742
5531988211793
5531992017821
5531987112021
5531985767304
5531991113657
5531999300074
5531982112670
5531998743207
5531998764552
5531996137070
5531984663295
5531985231245
5531982041132
5531989632412
5531998421287
5531991873097
5531999285153
5531991076328
5531973449380
5531991956856
5531986291511
5531991217650
5531982496569
5531988887574
5531991638416
5531986609148
5531989425107
5531998944582
5531988972591
5531987758424
5531999010744
5531983690694
5531995607849
5531997031654
5531997895947
5531999692007
5531996420141
5531991967105
5531992141596
5531995569716
5531986320551
5531995038353
5531988501513
5531988994473
5531991152162
5531999407403
5531998919616
5531971255989
5531989080680
5531991822311
5531985280236
5531988760578
5531986965519
5531992693131
5531984532561
5531984380246
5531991174699
5531999044658
5531998232868
5531986071393
5531992541422
5531992798653
5531991280172
5531998296926
5531998371989
5531987725809
5531987347075
5531975646739
5531997057490
5531983919654
5531999922173
5531999634750
5531984275888
5531987455038
5531991858632
5531998433156
5531988496128
5531988497630
5531996289633
5531998144020
5531997687201
5531995047598
5531991827575
5531997229037
5531986215905
5531992542477
5531998619916
5531985600794
5531989134829
5531968951510
5531988846965
5531996654536
5531995828769
5531998399732
5531986087745
5531971530331
5531996106476
5531992834968
5531996670463
5531995882385
5531989314866
5531982636383
5531997459006
5531985246162
5531984204764
5531999483156
5531997606298
5531991321669
5531999893502
5531987343417
5531986334152
5531989105464
5531997878804
5531984306536
5531971690737
5531999622823
5531986226695
5531987012590
5531995737020
5531986369560
5531991823700
5531986002933
5531986578621
5531996106914
5531998939726
5531994361279
5531982199016
5531996880480
5531988445379
5531999521420
5531986780619
5531971581240
5531986279257
5531988096629
5531992459025
5531991239141
5531971660366
5531985741631
5531988899572
5531987709849
5531985384154
5531998639698
5531987873306
5531999300406
5531996158568
5531998681781
5531997457665
5531992190383
5531988551886
5531989294259
5531989071492
5531999708501
5531999527927
5531997110105
5531997668016
5531989501601
5531987814399
5531992329627
5531987738183
5531985351948
5531992200086
5531987833862
5531971292219
5531996350026
5531986463916
5531988311463
5531994963749
5531987729676
5531971292302
5531983169086
5531993578453
5531997746386
5531998696523
5531971389125
5531987875415
5531985672932
5531987682754
5531998642176
5531986649592
5531986648239
5531991032374
5531971664536
5531999850880
5531986337369
5531991904387
5531987548934
5531991786439
5531987483138
5531991084657
5531984577884
5531987285929
5531986098544
5531991544899
5531992789278
5531986589402
5531985361458
5531997137138
5531996415963
5531996134874
5531997490870
5531985159086
5531988815673
5531995458778
5531999414501
5531993987950
5531992870513
5531988399056
5531980280001
5531985525202
5531999842631
5531998570869
5531988781205
5531989241840
5531989389728
5531987435058
5531983291945
5531997435865
5531993073569
5531991027044
5531983596357
5531971149868
5531987864237
5531998253860
5531996294417
5531984847201
5531986267876
5531998145126
5531986336361
5531987550222
5531988325715
5531988519851
5531987889464
5531992863975
5531986061146
5531985968939
5531987431193
