2168825354;4001
6596434491;4002
4196911056;4003
8499733896;4004
11989675363;4005
19981211007;4006
11973895673;4007
3299315242;4008
9491169035;4009
5584451249;4010
11975580961;4011
13996311919;4012
1996984031;4013
2788160928;4014
1693800120;4015
2176936993;4016
3399034175;4017
11971741898;4018
4991372688;4019
3191535923;4020
6185423232;4021
3284366129;4022
11986096131;4023
1797384810;4024
4499788837;4025
9182861988;4026
3891437165;4027
3187758139;4028
6696192025;4029
1835281439;4030
11942244138;4031
9591286716;4032
1152016620;4033
3188186427;4034
9284047161;4035
7988024310;4036
8291407339;4037
9888416877;4038
3288717198;4039
6199231342;4040
6999895111;4041
9188341180;4042
8393740357;4043
11974114198;4044
4399368219;4045
2184651846;4046
6599008100;4047
6581240205;4048
9981214154;4049
2788870051;4050
11952181310;4051
9281094881;4052
3185572557;4053
1291890049;4054
9293024625;4055
3799676505;4056
6293895879;4057
3185430660;4058
3198962554;4059
6796318868;4060
1391886083;4061
4498816309;4062
5191776411;4063
8299476201;4064
11983036065;4065
5198090090;4066
1491946595;4067
2193321539;4068
5133340557;4069
2199650616;4070
3188314224;4071
6199538446;4072
8183113130;4073
11973526444;4074
4499647474;4075
9492188072;4076
8796560924;4077
19993029579;4078
2199996057;4079
2176470724;4080
4299993531;4081
7499625292;4082
11953666349;4083
3299185723;4084
11955599893;4085
1291267907;4086
7999751452;4087
11976592295;4088
11996058089;4089
8194879046;4090
3192659600;4091
11970401418;4092
2141281528;4093
3588477256;4094
8197584578;4095
7799308175;4096
2194286551;4097
1164447889;4098
11961130962;4099
11962224342;4100
6696519879;4101
7481166976;4102
11973686150;4103
3199098761;4104
4796478851;4105
1192483221;4106
11988515837;4107
21994047273;4108
11982153193;4109
5197378083;4110
4799622903;4111
5186867575;4112
4288293556;4113
1288356664;4114
2192136181;4115
3299200335;4116
2167446612;4117
4399338887;4118
21992815167;4119
1191262583;4120
1496469989;4121
2187663107;4122
2171376265;4123
2174557569;4124
3186464253;4125
3299967997;4126
3288341781;4127
8699161011;4128
3288963849;4129
11970218853;4130
8487189171;4131
6484137665;4132
11968184910;4133
11974197974;4134
2288384073;4135
1388456801;4136
11942340584;4137
2488546360;4138
3188875760;4139
1296218373;4140
9292235808;4141
1897571807;4142
8488944896;4143
1693337374;4144
7499402924;4145
1396142292;4146
1991123174;4147
1391829669;4148
11989866128;4149
11987054141;4150
1697146244;4151
11983567266;4152
11965328073;4153
11960990084;4154
6791542722;4155
1692062711;4156
14991170163;4157
3488523757;4158
11979728194;4159
2175888518;4160
11975138168;4161
1199394063;4162
11976319290;4163
4791853899;4164
82987053114;4165
2171248336;4166
1692090751;4167
11995515030;4168
6285326861;4169
5599544555;4170
3791244039;4171
1498001759;4172
2183561954;4173
6496264767;4174
3187228312;4175
2191794170;4176
4591066181;4177
11972308636;4178
6192159106;4179
1193543975;4180
2185404094;4181
3195715689;4182
2134025876;4183
4988102981;4184
6392811885;4185
9684047528;4186
11962829865;4187
11968208817;4188
3188014687;4189
7199545590;4190
2171379117;4191
7191371771;4192
21992342240;4193
91981404772;4194
7582262930;4195
6791652642;4196
3284895417;4197
9888322210;4198
8487858064;4199
8498289950;4200
7187786813;4201
47843129121;4202
8699288100;4203
1496134627;4204
8488113441;4205
8388189098;4206
3892202478;4207
1496165977;4208
4488526735;4209
2185801276;4210
11974639093;4211
11969884821;4212
2492133856;4213
6185202981;4214
11963857211;4215
11954827165;4216
11992708933;4217
4396398346;4218
2298012755;4219
3192635622;4220
2173609957;4221
11991275597;4222
9291754362;4223
8688338921;4224
8688748949;4225
6696258098;4226
11973220333;4227
3186314847;4228
1175617622;4229
11993483308;4230
9491515440;4231
11951167684;4232
1195249804;4233
3387156148;4234
21986659734;4235
3898018652;4236
3798312981;4237
1998088910;4238
11960775674;4239
8291979744;4240
11987062036;4241
4789071052;4242
2499739824;4243
1381605906;4244
11999690405;4245
11968748639;4246
1388271466;4247
11971436518;4248
13988691591;4249
11971272304;4250
1184705516;4251
4796791241;4252
1994054442;4253
1196438062;4254
11953929436;4255
7798483713;4256
2179403703;4257
11979098129;4258
2186294080;4259
11985786607;4260
2188330194;4261
5185212144;4262
6196265242;4263
6292331121;4264
11971481559;4265
3185567457;4266
1991169707;4267
4599162895;4268
1982578820;4269
3588216053;4270
1288429135;4271
8185401358;4272
4192683050;4273
6291530253;4274
3187695844;4275
4388212222;4276
21979579877;4277
6196775547;4278
4188729303;4279
8695604088;4280
3195191259;4281
11973493713;4282
11982358375;4283
1797053006;4284
3182065755;4285
11991781342;4286
8488855429;4287
4488077268;4288
2195931447;4289
4396132721;4290
4488135462;4291
7588622207;4292
5384094299;4293
2187726514;4294
3185082652;4295
4788484232;4296
6193287746;4297
11982884533;4298
11992873548;4299
91982915009;4300
4799748598;4301
6281189110;4302
2187598217;4303
4788132106;4304
1688326467;4305
2498196180;4306
11997408737;4307
11970486859;4308
1896113972;4309
3185342821;4310
1153647445;4311
11994262559;4312
6484542883;4313
2171437545;4314
11980965316;4315
6282172938;4316
3193546627;4317
1171254106;4318
7186062909;4319
8898108922;4320
19983001898;4321
2498596248;4322
6291376819;4323
9791533691;4324
6182198705;4325
8699489593;4326
11972599610;4327
2298055823;4328
1983147067;4329
1691803690;4330
3187066442;4331
11960991415;4332
4192287596;4333
11959542758;4334
1292081905;4335
1388510311;4336
11971687868;4337
5198450529;4338
11983225565;4339
1897551513;4340
6282265250;4341
7399891898;4342
1897478470;4343
3197349799;4344
7188461361;4345
3175294824;4346
2194160580;4347
6299872511;4348
3591313248;4349
7182570064;4350
3182166980;4351
11985706145;4352
2197884043;4353
6992201289;4354
11985285141;4355
11994048874;4356
8182275809;4357
11968656446;4358
2781168760;4359
11992452214;4360
11999074589;4361
3184998909;4362
4191117276;4363
2299724585;4364
6292178040;4365
1397532241;4366
11970883064;4367
1897229671;4368
11992424825;4369
3198601927;4370
7388799342;4371
3184138581;4372
6696173923;4373
3186546093;4374
8381142721;4375
3193193818;4376
11954432913;4377
6699676130;4378
18998029479;4379
6285309535;4380
5,51E+11;4381
3193050168;4382
11964652717;4383
6299443448;4384
3898921281;4385
1396004373;4386
3192603015;4387
6499593507;4388
2171891915;4389
6193143926;4390
27981218633;4391
6133758892;4392
11973934658;4393
3199792340;4394
68 99066975;4395
6135853155;4396
6293770114;4397
8888355466;4398
3891946186;4399
4999960854;4400
6984291705;4401
11996557920;4402
6596325179;4403
1792116874;4404
11999774730;4405
1281103604;4406
7192790169;4407
2192317313;4408
4384110646;4409
3191996964;4410
3194382124;4411
4199223197;4412
9591118112;4413
3191301801;4414
12916382665;4415
2492036640;4416
18997273831;4417
6899154236;4418
8296327697;4419
1692297559;4420
3186526141;4421
4799952416;4422
7791239565;4423
6185246833;4424
11964187818;4425
11998756210;4426
4191990077;4427
1496171200;4428
6992206392;4429
8587327695;4430
3194994811;4431
7188027894;4432
4791182785;4433
6696477464;4434
11946440361;4435
1596635305;4436
3197619093;4437
11981151902;4438
2199094056;4439
2299680417;4440
6291957671;4441
2781483763;4442
6781126878;4443
1597902985;4444
8894923009;4445
17991757476;4446
2194976176;4447
6799577535;4448
2198518240;4449
6191041431;4450
2298998142;4451
19997993548;4452
1797190325;4453
7199181036;4454
6791234996;4455
11948995888;4456
7191678432;4457
7399532584;4458
6981087271;4459
3182674302;4460
6199590580;4461
3388140015;4462
4896679202;4463
1296179756;4464
1381959458;4465
4791428815;4466
4199967020;4467
1496805522;4468
27997948460;4469
2195835175;4470
4484264694;4471
1288589238;4472
6984439874;4473
15998351055;4474
9392139519;4475
1397931717;4476
3492480303;4477
11976111478;4478
5185393025;4479
1993279723;4480
13981854630;4481
11959017012;4482
11962080691;4483
21984807242;4484
1597163877;4485
1153891664;4486
9292792288;4487
2498138142;4488
11982421484;4489
13996495377;4490
5197806132;4491
21969847054;4492
11997281960;4493
3488810026;4494
12988149097;4495
11983352201;4496
6292028858;4497
11960451963;4498
1167566107;4499
11983331487;4500
21999720454;4501
1381546699;4502
6283022661;4503
6192773187;4504
6799122179;4505
11976976653;4506
4598208292;4507
4199339992;4508
1797686505;4509
11994901489;4510
1788264527;4511
13997263921;4512
11961548056;4513
4498337016;4514
2182531141;4515
6284905080;4516
6799445739;4517
6184611010;4518
11969337168;4519
3284475429;4520
3899229102;4521
11994700570;4522
2185684325;4523
3492572449;4524
11986326262;4525
5499430957;4526
11980892164;4527
5391297844;4528
11998863474;4529
1532114312;4530
3591366157;4531
6799049202;4532
11971208575;4533
6285190090;4534
27997625571;4535
11981374091;4536
11962412620;4537
1888080207;4538
6484168925;4539
11988351740;4540
98984932620;4541
8781133832;4542
11964880608;4543
1388181236;4544
6186352085;4545
11968867242;4546
1188057587;4547
2797793125;4548
11987306640;4549
11962610677;4550
5591595682;4551
1983035969;4552
6185749254;4553
21965573855;4554
11999784076;4555
4984018735;4556
3197915576;4557
27988294849;4558
19998855762;4559
4991310520;4560
1397919610;4561
1691872373;4562
6181658040;4563
2172035230;4564
2173052605;4565
4197567390;4566
6799975465;4567
3192205295;4568
9888205888;4569
3189567958;4570
11942334249;4571
2184343865;4572
8291747743;4573
8296835063;4574
9188497622;4575
9291662061;4576
5198723703;4577
8399254991;4578
4188209604;4579
5196028450;4580
8896424807;4581
6899336304;4582
7391393533;4583
9291427568;4584
3284560652;4585
19992655212;4586
9481909616;4587
9188550678;4588
6796558355;4589
6281040641;4590
9691210070;4591
4185308328;4592
11968924336;4593
1187217782;4594
2199688783;4595
11968632881;4596
4384143260;4597
5597147705;4598
4197423831;4599
9294484625;4600
4188505350;4601
8781027559;4602
11986222619;4603
16988563437;4604
5192784409;4605
9292723580;4606
11982849098;4607
9888565250;4608
8192160007;4609
2173410640;4610
21983571442;4611
5584063910;4612
8894385109;4613
2175031515;4614
6192067079;4615
1197794755;4616
4199464966;4617
3291591432;4618
4699235340;4619
6291217243;4620
8597851585;4621
6599831555;4622
1598215839;4623
11984800760;4624
9188514738;4625
11952818084;4626
1881148200;4627
3299986942;4628
6792702156;4629
7581428374;4630
9899844984;4631
11943257987;4632
3196653287;4633
6196172622;4634
4299948771;4635
2182555385;4636
9293077607;4637
2281505205;4638
11972993952;4639
11975312024;4640
2499525589;4641
6481562525;4642
4792587635;4643
11989139498;4644
6384044700;4645
8791735600;4646
2798357226;4647
11980582269;4648
6492748918;4649
11997920817;4650
1891492377;4651
11941106494;4652
4488649368;4653
3192703682;4654
8999760392;4655
6796168245;4656
1291143374;4657
3191509140;4658
16981388548;4659
3184842319;4660
8999051717;4661
11988233894;4662
8488150987;4663
4184133881;4664
1982624995;4665
8896314438;4666
5599921402;4667
3185930409;4668
1693156408;4669
1995856262;4670
96981402575;4671
1596598830;4672
14982123577;4673
6584033857;4674
2797733789;4675
1388049215;4676
3187489211;4677
8287176515;4678
11971975962;4679
6499421959;4680
7981426445;4681
11981746665;4682
3191407064;4683
4484250094;4684
3798307080;4685
11967535585;4686
5,52E+12;4687
5195260762;4688
7191570133;4689
9181622181;4690
2187576710;4691
6792239195;4692
8791395895;4693
7788659481;4694
1188530340;4695
11967031325;4696
5484266762;4697
21964028912;4698
6899636151;4699
3197469610;4700
3496996929;4701
11970311510;4702
6881196981;4703
2297610706;4704
1175396605;4705
9984350478;4706
1396405949;4707
7599125500;4708
2798872914;4709
11967468426;4710
1157202259;4711
9281581904;4712
5185299795;4713
11983437406;4714
2499840564;4715
1181946200;4716
1297327794;4717
3186262648;4718
2196600052;4719
6599373600;4720
3484085637;4721
11965783302;4722
11965281493;4723
8183025624;4724
6291088764;4725
3175438264;4726
1996655385;4727
19994551655;4728
6899551263;4729
4792686798;4730
11980604680;4731
7191602147;4732
1198985384;4733
7499291800;4734
4497033579;4735
9881413920;4736
1297581049;4737
1992635199;4738
6193288624;4739
6293991367;4740
11953835747;4741
8888565333;4742
3186949660;4743
11984867036;4744
24992378307;4745
3173139813;4746
8491780322;4747
11965219877;4748
1381725795;4749
11942185585;4750
8396803682;4751
3187352421;4752
7181012838;4753
9181447816;4754
11965793684;4755
1197145071;4756
11992143616;4757
6696053119;4758
7388273703;4759
3188162787;4760
11974999582;4761
11982255993;4762
3499272725;4763
3192988152;4764
8287168515;4765
3288230623;4766
1169007344;4767
1167869245;4768
6592505515;4769
6184164195;4770
1881249327;4771
1692218164;4772
6192105792;4773
11953223353;4774
6298344255;4775
8196953086;4776
4196071179;4777
5496473848;4778
8695418431;4779
8487816343;4780
2488219272;4781
2180989957;4782
4396003192;4783
6298152028;4784
11961006586;4785
1160927321;4786
2798165802;4787
2297077854;4788
6184341754;4789
19982802963;4790
11965512391;4791
3384478189;4792
3199060525;4793
8481877492;4794
9888145007;4795
2186543314;4796
1297528629;4797
1692409917;4798
2478112754;4799
4188167279;4800
11975998653;4801
3187566111;4802
4584175078;4803
9391515841;4804
3192586794;4805
3198113686;4806
11992458477;4807
11953669679;4808
2175750615;4809
11951369353;4810
3191405790;4811
8184895278;4812
11962989891;4813
11995223421;4814
2174862584;4815
3186242630;4816
2167459704;4817
3197537589;4818
3196682794;4819
2198525769;4820
11991825112;4821
7799749550;4822
6198283547;4823
1198356859;4824
11997895775;4825
1497642019;4826
1391345304;4827
6291770961;4828
6292690536;4829
11966518616;4830
6293036582;4831
6384458220;4832
2193838541;4833
9888289777;4834
2798819350;4835
27995776797;4836
8896318592;4837
11997144277;4838
2185703118;4839
7988013557;4840
2499056565;4841
3188372599;4842
3184488224;4843
6293973077;4844
11979841865;4845
2177741899;4846
1397209715;4847
1178141474;4848
1178140509;4849
11969723104;4850
2180989959;4851
7182670746;4852
1984094517;4853
11959414626;4854
3199325208;4855
3188074290;4856
6181100806;4857
1682322730;4858
11996672137;4859
2730901067;4860
6192314763;4861
3488797702;4862
8195936922;4863
2792636373;4864
4796393571;4865
9491257596;4866
2795084178;4867
4991351434;4868
2498329802;4869
2796426786;4870
3186852240;4871
3183321835;4872
2799105062;4873
6992269018;4874
2194836030;4875
3291995309;4876
3197964261;4877
1791941317;4878
11961897754;4879
1184504347;4880
3192016469;4881
1191031491;4882
8388204324;4883
11975347688;4884
11962700039;4885
3284681334;4886
11964906240;4887
12981316499;4888
21979116951;4889
8194018349;4890
9991662411;4891
8589091366;4892
6599991207;4893
9284513600;4894
27988055373;4895
3791128112;4896
4784877133;4897
7592312974;4898
11995127444;4899
8187975625;4900
7399539106;4901
4299200018;4902
11977397278;4903
11985364132;4904
6199690001;4905
7193142389;4906
11972743321;4907
11983353085;4908
2187718456;4909
11998782898;4910
1896611987;4911
3197628782;4912
8699719920;4913
3191989832;4914
4499180408;4915
7186888896;4916
21979168531;4917
3186501255;4918
4796509172;4919
2175103491;4920
2199945757;4921
1186111871;4922
1178105127;4923
11997595168;4924
2181773683;4925
1682166686;4926
3194272874;4927
2498331293;4928
2172469074;4929
3388082784;4930
4598526909;4931
1433241609;4932
9891805798;4933
3888365625;4934
5499440609;4935
1981453703;4936
2184246328;4937
11968601255;4938
4198923040;4939
11953224244;4940
11992231113;4941
6281595260;4942
6296672091;4943
1597131487;4944
2191835616;4945
3191727501;4946
11966967244;4947
3171716565;4948
6792080743;4949
11975665177;4950
8582023029;4951
3188024000;4952
69981479759;4953
3197540784;4954
2298104719;4955
3182584477;4956
11999722729;4957
11982812609;4958
24998217446;4959
3188986871;4960
11982778037;4961
1497110190;4962
9292529735;4963
5192160418;4964
2288012881;4965
1896063673;4966
3187668812;4967
2187675502;4968
2185466431;4969
8186234232;4970
5184764030;4971
2194386971;4972
2198366428;4973
2185657784;4974
1993749520;4975
3186736890;4976
2899498577;4977
11964388788;4978
3899930105;4979
11973997350;4980
3193489026;4981
2174314934;4982
9282590807;4983
6499972375;4984
11982253094;4985
7599200591;4986
6185839842;4987
1791460238;4988
6599264271;4989
3597280080;4990
11975226047;4991
9955545572;4992
1991349025;4993
11965770845;4994
4584140494;4995
2198476295;4996
8599312717;4997
9999526641;4998
13981786436;4999
11994383789;5000
2297680025;5001
3884214614;5002
82988352443;5003
6992714055;5004
1797221587;5005
1991418210;5006
6592677245;5007
4191318798;5008
11986215509;5009
3891567150;5010
11999949268;5011
6291090636;5012
6293634236;5013
2168531968;5014
6392792260;5015
4396110257;5016
3899223223;5017
4196422371;5018
8591752920;5019
6592314266;5020
1693367840;5021
1498089763;5022
3191904541;5023
1997455582;5024
1691716943;5025
6599924920;5026
1997437207;5027
2180843263;5028
5,52E+12;5029
9996475305;5030
3791223131;5031
11963874562;5032
11973693213;5033
3184554604;5034
2193094637;5035
7998408838;5036
3897498281;5037
11980664417;5038
4187507690;5039
9887324595;5040
1596663060;5041
11973550443;5042
4598344299;5043
11968744177;5044
1297867084;5045
5191575167;5046
11986356494;5047
2499319671;5048
3598720323;5049
3183567296;5050
1596788850;5051
6281971224;5052
5399514856;5053
6384438159;5054
1281617732;5055
1982284171;5056
11965176410;5057
6492965309;5058
4799006591;5059
6294068230;5060
1497009785;5061
4196606953;5062
3299347799;5063
27997874563;5064
8288548633;5065
5198919150;5066
6792041431;5067
5,51E+12;5068
1191491745;5069
11983696679;5070
4196049567;5071
9292989625;5072
2176124149;5073
2185176657;5074
7186948087;5075
7199491433;5076
4584264698;5077
3185897419;5078
4498685545;5079
3199734353;5080
6992389410;5081
8388393528;5082
7188435887;5083
4799996324;5084
11963537979;5085
7581730621;5086
21971348394;5087
1288509925;5088
2798134450;5089
1178865749;5090
8192860824;5091
11999091959;5092
9196123248;5093
8499192550;5094
7999792404;5095
9192800110;5096
11996167505;5097
6781067143;5098
11997794471;5099
5584457422;5100
11988841551;5101
1791593837;5102
9292277091;5103
3194774929;5104
1692919652;5105
2193931622;5106
11957756026;5107
2175040946;5108
3491755203;5109
6899437457;5110
6192385338;5111
6596390077;5112
11988071666;5113
9181058626;5114
3193348888;5115
3197680828;5116
11984352912;5117
3499734104;5118
2195394382;5119
6298062683;5120
3884336426;5121
3192167487;5122
1691191663;5123
2199662611;5124
6392357612;5125
6186417185;5126
4384788236;5127
11961609917;5128
3188002089;5129
5496688444;5130
8381290024;5131
3195207104;5132
11996479461;5133
3591386201;5134
2184494392;5135
6791550449;5136
3599461650;5137
1481131010;5138
4899882018;5139
8698133331;5140
2192126065;5141
3384511920;5142
1998599966;5143
3182130019;5144
6191970234;5145
1481399309;5146
1897498356;5147
5184241748;5148
6195796541;5149
21995904043;5150
3598789513;5151
4784896297;5152
21999450291;5153
5181862365;5154
6284949511;5155
8881259900;5156
87999386687;5157
6281943859;5158
11995845066;5159
3199673652;5160
3192769137;5161
3196481451;5162
5186153150;5163
6481501769;5164
3197752127;5165
2173054012;5166
3194125044;5167
11997342655;5168
6281959788;5169
7191119073;5170
6796943806;5171
11962719804;5172
4896127406;5173
11969444737;5174
11959900170;5175
7399658131;5176
1597996122;5177
1297597389;5178
1995126627;5179
8287093426;5180
8896076108;5181
11941737363;5182
3193324346;5183
3584611122;5184
2172822260;5185
4791238973;5186
1581320069;5187
6784692750;5188
21981799207;5189
3488198864;5190
2792421243;5191
3491852084;5192
4792691391;5193
11971552009;5194
8189379293;5195
6592149109;5196
3199975988;5197
11979800809;5198
3192082808;5199
7999039140;5200
11975700018;5201
2191373310;5202
8496569173;5203
1397370722;5204
6992663965;5205
18991001313;5206
2186380490;5207
1997208127;5208
1791282292;5209
1693289160;5210
1591040288;5211
1982827375;5212
2297736567;5213
1987248995;5214
9291315531;5215
9691589070;5216
8291468566;5217
5192480618;5218
21997524825;5219
11954222067;5220
1996738343;5221
6799050268;5222
8288382921;5223
11985166718;5224
4184151416;5225
1122126151;5226
1992942971;5227
2193291009;5228
6182275323;5229
4196500030;5230
3195420317;5231
6796149210;5232
19997310440;5233
1797473773;5234
16997563354;5235
5191517282;5236
9291634470;5237
3388589552;5238
6992761576;5239
2899691623;5240
9187286395;5241
7591363145;5242
2173046438;5243
2169484200;5244
3186099314;5245
3186632663;5246
11985172989;5247
9181167040;5248
8888224151;5249
2179286357;5250
1697527094;5251
7999040363;5252
8499959774;5253
1987205591;5254
5195530607;5255
3186884760;5256
3173142650;5257
2193188713;5258
7981000446;5259
1797544036;5260
6196419750;5261
11964041266;5262
1488204959;5263
11980862073;5264
3284799443;5265
4184801351;5266
3191755798;5267
4988203299;5268
3492422052;5269
21968804410;5270
8888198557;5271
11999086840;5272
6284910689;5273
6292956661;5274
6184786973;5275
2292215030;5276
3196627921;5277
8187726509;5278
7188747562;5279
3187795855;5280
11966576609;5281
8281665268;5282
22997692844;5283
1597531597;5284
1989124141;5285
6293584954;5286
3192971021;5287
3185080785;5288
2191931988;5289
5384246201;5290
3188181539;5291
6182778795;5292
6192206349;5293
1167205645;5294
4896863646;5295
7381184343;5296
8188394845;5297
11982907549;5298
3188237956;5299
5192559459;5300
8894063399;5301
6984918505;5302
8589013502;5303
4784490896;5304
4788574200;5305
3193304772;5306
8897298096;5307
7991526052;5308
21968151824;5309
11959878201;5310
2199280817;5311
21982698898;5312
1998566968;5313
6798609498;5314
4192262075;5315
3584762801;5316
5,55E+11;5317
11986505465;5318
11992440776;5319
6384533099;5320
11969047812;5321
4891112706;5322
11970470311;5323
2196951951;5324
11952722867;5325
5499779228;5326
1591174545;5327
8293080020;5328
11998941145;5329
5182137696;5330
3388450970;5331
4884740269;5332
11955306834;5333
5193254554;5334
6781707085;5335
1297437514;5336
6286091688;5337
9189-0019;5338
2797440279;5339
11986618840;5340
9188436502;5341
5399473929;5342
2297906155;5343
11989001666;5344
6291403707;5345
6284980996;5346
6196625082;5347
11965124317;5348
3187655919;5349
3186151916;5350
6291137319;5351
3191257000;5352
9191443512;5353
6696091719;5354
7388376099;5355
6198354123;5356
27996362122;5357
1297225375;5358
1991410409;5359
11970998369;5360
11986447440;5361
3898363568;5362
6496990259;5363
3194076949;5364
3196521584;5365
11974496999;5366
6599812973;5367
8281023051;5368
6496426661;5369
4187128208;5370
11968556874;5371
3182300397;5372
1688160896;5373
1697966069;5374
11966651074;5375
4896747367;5376
9991565504;5377
2196424742;5378
8194765205;5379
6792408661;5380
2168032249;5381
11942469660;5382
6392794559;5383
1297586272;5384
11961695518;5385
8288654827;5386
2799683314;5387
6186091409;5388
3584672567;5389
6599991911;5390
11998080309;5391
6696169867;5392
1797311160;5393
4784339251;5394
2199048663;5395
1697265613;5396
7999970357;5397
11965628221;5398
21971648225;5399
11963617777;5400
4599993718;5401
11983592035;5402
9491012345;5403
6296489204;5404
8586207675;5405
7187321801;5406
1998849663;5407
9886122925;5408
6999818718;5409
1497310021;5410
2799005943;5411
9292639908;5412
6899330806;5413
4896286630;5414
8591354509;5415
2195283325;5416
11999290479;5417
8388909550;5418
6183400601;5419
11971056238;5420
11948976920;5421
6792270724;5422
6191070969;5423
1996520782;5424
6184254211;5425
11997640764;5426
6599417070;5427
4799097476;5428
1697850994;5429
6199256912;5430
8185833688;5431
9291100833;5432
6293917772;5433
9591257997;5434
11973671496;5435
1982790756;5436
8386440820;5437
11966922466;5438
4199568400;5439
11996764004;5440
3186627483;5441
1997842083;5442
1588055108;5443
4788128295;5444
7187747947;5445
2186232016;5446
2796539339;5447
11956762276;5448
11985457180;5449
8481685138;5450
3196899412;5451
3798180962;5452
3183658281;5453
3799130787;5454
9981936984;5455
3492474353;5456
3194772954;5457
3588938995;5458
1981731975;5459
17981178678;5460
1897009557;5461
11984420387;5462
9888010061;5463
6181024821;5464
11974584492;5465
9294058090;5466
1691060440;5467
1891002326;5468
11966626876;5469
6284941780;5470
1180508171;5471
4191124841;5472
1996021524;5473
4192773016;5474
11999980800;5475
8192252856;5476
8585986650;5477
6196376479;5478
3171344606;5479
6684296855;5480
8487357053;5481
3188152738;5482
3183571313;5483
2193140316;5484
6791374320;5485
3192163393;5486
11962646193;5487
6199047159;5488
3186005546;5489
1682287129;5490
6593266363;5491
5185836852;5492
11982133200;5493
6291971541;5494
11958897561;5495
14996262949;5496
9791541273;5497
11966962435;5498
3196561952;5499
7788368720;5500
6192438540;5501
11995191874;5502
7199533643;5503
9181307335;5504
13991597733;5505
11957522754;5506
2288433378;5507
61 81299255;5508
1998869757;5509
2288075944;5510
8181996135;5511
3186642554;5512
3188827883;5513
9681292412;5514
1791719273;5515
9292366036;5516
8699453208;5517
1999165522;5518
3299021955;5519
11964973090;5520
3197004874;5521
6792012075;5522
4792192079;5523
11983484801;5524
4188095423;5525
11982793325;5526
11996215390;5527
4799337227;5528
2499071891;5529
11995884230;5530
8194096078;5531
4396441617;5532
3194269838;5533
6481297573;5534
3191371047;5535
5193092915;5536
4399102727;5537
8184163059;5538
21982201155;5539
1497320501;5540
11950439613;5541
27997994266;5542
4185088858;5543
2898865441;5544
2184268665;5545
6791631911;5546
1281321691;5547
3588785453;5548
6193251409;5549
11994201655;5550
2798545418;5551
3186177565;5552
3188729776;5553
6183383000;5554
5184471868;5555
11980935725;5556
24998433429;5557
2488120999;5558
12981165822;5559
6193705564;5560
11983157526;5561
9981656470;5562
6292529343;5563
19992124513;5564
7388080054;5565
6296428372;5566
4196557989;5567
1994635199;5568
11964810812;5569
7191012728;5570
11995118717;5571
8897098739;5572
11953216691;5573
24988525170;5574
3499894123;5575
3584425275;5576
5185335787;5577
11975566120;5578
2183242266;5579
11982865730;5580
11953613910;5581
7188562175;5582
8899247115;5583
6696130629;5584
1981372907;5585
3192059081;5586
8491085358;5587
6284122143;5588
3598954887;5589
5192633488;5590
2799994173;5591
1693189887;5592
7781557645;5593
2199722349;5594
11971327532;5595
6292204613;5596
6291998144;5597
9491204475;5598
9391080747;5599
1791486918;5600
8694360881;5601
9388049658;5602
1988946466;5603
2180730815;5604
8199670964;5605
5381123764;5606
5198727075;5607
9484091317;5608
4396693975;5609
16996070669;5610
2798067987;5611
2172244440;5612
5496134801;5613
11991012465;5614
9291915417;5615
5484257899;5616
13997530461;5617
1596974805;5618
2498167512;5619
2187898501;5620
6284233019;5621
1692922623;5622
21999382620;5623
6792415924;5624
3284114605;5625
4588052824;5626
6992353579;5627
14997907516;5628
21979850769;5629
2481494881;5630
2186700171;5631
2189003131;5632
4598185608;5633
91992652743;5634
1691696023;5635
11981866181;5636
11983185089;5637
19982346308;5638
3591613502;5639
11953540228;5640
2182325235;5641
2181441479;5642
2192692785;5643
11992747987;5644
2196191733;5645
2186446537;5646
4198576306;5647
16992942093;5648
11998481026;5649
9887101292;5650
7581475151;5651
11976645082;5652
11941902034;5653
1146070825;5654
8287017370;5655
4199925538;5656
1987338112;5657
2174274243;5658
11991251112;5659
11955593692;5660
6384030512;5661
11974623646;5662
6184081836;5663
3186627119;5664
11973761019;5665
9183867338;5666
2185896238;5667
9182307166;5668
9294919461;5669
7192463222;5670
6699597307;5671
9981280341;5672
8888732787;5673
4198777148;5674
2180753349;5675
6198366951;5676
7382042268;5677
21979484036;5678
9292411867;5679
11970886005;5680
11954220895;5681
8388822600;5682
2198953907;5683
5184585340;5684
2196555504;5685
3183884968;5686
4184162532;5687
16996051323;5688
2180138214;5689
19995620075;5690
1162461402;5691
11964421576;5692
3193567758;5693
1781013681;5694
21972598234;5695
19982284800;5696
9591253003;5697
4199513027;5698
7399334258;5699
11987241042;5700
9291964444;5701
3199554646;5702
6182775954;5703
7488533949;5704
6699551443;5705
8499777427;5706
11986159604;5707
8694369193;5708
2173403171;5709
8788087686;5710
3287087007;5711
2186348283;5712
6184161230;5713
4184534833;5714
3291338111;5715
11976645522;5716
11988441678;5717
21987561819;5718
6593148822;5719
5198208377;5720
8187699955;5721
1491727802;5722
1697083654;5723
11973993235;5724
4399194927;5725
11973794988;5726
6592881641;5727
4191653887;5728
9882555565;5729
11965692743;5730
13996063581;5731
6791697001;5732
11986248950;5733
9591422935;5734
9292709165;5735
6183348487;5736
27998182020;5737
8486110514;5738
3484056358;5739
6681036964;5740
4288360562;5741
7188451428;5742
8491865300;5743
6699765277;5744
8399264981;5745
7192041403;5746
11987082130;5747
21987966699;5748
11982575965;5749
11979668059;5750
1692257481;5751
8888245667;5752
7599271750;5753
11980822007;5754
11973647961;5755
2196043802;5756
5499291640;5757
11997335882;5758
11975762129;5759
1634130798;5760
9882670151;5761
11993575778;5762
8199903910;5763
6282946598;5764
8198739273;5765
5381134745;5766
2174855773;5767
8198739238;5768
11987716165;5769
11979984486;5770
1391203318;5771
1693012317;5772
3197559695;5773
8387150311;5774
11966390074;5775
11968910799;5776
11957944825;5777
4791623654;5778
1995187114;5779
3184010392;5780
11962744869;5781
11995497981;5782
7187540495;5783
11999396928;5784
1693043679;5785
7798169863;5786
7388886463;5787
4591234274;5788
8181941675;5789
3187514819;5790
6185973615;5791
5181609566;5792
11973873199;5793
19998803663;5794
1896069875;5795
11973458515;5796
1781412379;5797
19999489180;5798
11984124603;5799
6185819757;5800
3188745127;5801
11973202472;5802
2179815642;5803
11998267837;5804
11967569586;5805
6298439908;5806
6191251731;5807
2183086003;5808
3193377434;5809
3492839040;5810
6196123466;5811
4288006570;5812
2185371144;5813
11962339372;5814
2191347164;5815
7598198648;5816
2184687780;5817
6792409221;5818
11985963932;5819
7988155053;5820
6484582050;5821
2137785203;5822
3192886271;5823
6599625611;5824
19987664776;5825
3194049273;5826
6796167210;5827
14996336684;5828
6191608861;5829
6196245050;5830
6296010366;5831
2186520668;5832
4185231840;5833
3399652828;5834
4797279922;5835
5198504486;5836
1791183900;5837
1239360141;5838
3192227727;5839
1397378364;5840
1596069822;5841
8487905704;5842
1891099370;5843
3186745409;5844
6699871328;5845
8185183646;5846
17992699138;5847
1891556929;5848
6796959235;5849
11973838779;5850
1597985531;5851
6191106499;5852
1994494972;5853
11958286678;5854
9188250530;5855
11964681934;5856
11995057981;5857
9294079120;5858
9991349077;5859
9181600409;5860
11968243956;5861
1498004291;5862
3491865392;5863
6584020143;5864
7981177661;5865
11957288746;5866
3198130171;5867
11987176224;5868
3192635252;5869
1596492388;5870
1983723545;5871
11981476314;5872
3184821804;5873
8189289918;5874
6492009328;5875
4896476756;5876
4797922808;5877
5381166739;5878
4396627893;5879
2498112562;5880
4884385510;5881
6399736623;5882
6399463531;5883
1381148500;5884
11986450975;5885
6992210097;5886
7581632880;5887
1991777904;5888
6392836036;5889
1988808563;5890
3171589832;5891
1178130655;5892
6781319429;5893
2182057730;5894
13996101930;5895
21987039981;5896
1983824139;5897
3187759097;5898
2297359647;5899
6784393508;5900
1497175754;5901
3193922915;5902
7998387059;5903
8892071015;5904
5185777633;5905
6792789270;5906
11995951720;5907
4799520713;5908
3391338185;5909
3187469755;5910
3185218238;5911
6182374545;5912
3798331842;5913
8695360649;5914
8186165044;5915
6184383626;5916
9191008030;5917
2797205412;5918
11991358141;5919
1172307337;5920
4884718815;5921
1896203057;5922
4699125767;5923
1781152286;5924
5499999731;5925
1596077611;5926
5184922010;5927
11985154898;5928
3888099331;5929
11963711815;5930
3184046260;5931
8487538784;5932
6193210856;5933
1993349871;5934
8892157843;5935
8896684367;5936
4599684103;5937
3186863492;5938
11963407477;5939
7999450209;5940
8396750426;5941
4988416903;5942
6196033205;5943
11985473452;5944
11993628377;5945
11999429637;5946
4599684146;5947
4396673868;5948
4291014739;5949
11995551505;5950
6791700661;5951
9887668216;5952
11963558777;5953
2281639810;5954
8185628842;5955
3188715899;5956
9381092690;5957
5189045299;5958
9888160705;5959
2188115314;5960
7187053097;5961
3188398605;5962
3191229701;5963
11965873745;5964
8494211212;5965
11957228218;5966
1281644990;5967
2184172838;5968
9882702937;5969
11959935277;5970
7998138374;5971
11974283853;5972
1983678300;5973
2187780924;5974
27998425384;5975
11966348245;5976
7799494422;5977
4791822332;5978
11997501311;5979
5484412599;5980
2195319171;5981
3597506494;5982
3191964988;5983
11985179497;5984
2199276331;5985
11995708483;5986
1692205719;5987
27995017733;5988
7388538854;5989
6192296904;5990
5484036003;5991
3191694139;5992
4399280646;5993
11981029952;5994
6198524449;5995
11968959737;5996
6285788188;5997
1198537416;5998
11960805216;5999
11941280761;6000
