5511963897510
5511996475830
5511971586907
5511975460972
5511969041727
5511973736266
5511971099729
5511970980376
5511995672748
5511998311982
5511983785740
5511996271047
5511998728803
5511950828482
5511995965894
5511986894445
5511941135511
5511992848808
5511996188884
5511996996087
5511998948171
5511963278672
5511993679553
5511976167992
5511992251625
5511966157447
5511981349059
5511975567173
5511996059227
5511976102919
5511984440886
5511971469220
5511996289827
5511997020101
5511969080046
5511974332279
5511981387036
5511994682422
5511998044045
5511982959761
5511997932628
5511973014000
5511981385211
5511983172337
5511994206987
5511994386227
5511961108407
5511973296527
5511992252722
5511996888082
5511967655382
5511975801654
5511998133471
5511998268098
5511984326109
5511992077211
5511999638268
5511971256467
5511963666027
5511973069694
5511992022620
5511966294090
5511976103237
5511994151686
5511963977377
5511963977447
5511975490119
5511981418251
5511997989840
5511999543095
5511971692886
5511973664078
5511975591969
5511975598036
5511995115407
5511998849635
5511981932106
5511974640152
5511986735405
5511998613340
5511997171242
5511998428858
5511991591515
5511970941878
5511974454300
5511972595670
5511995915713
5511991583946
5511997210520
5511956508383
5511963062105
5511991199595
5511999177053
5511956068889
5511991314445
5511971025279
5511989474920
5511982353243
5511940300001
5511940300059
5511982088238
5511998726053
5511999606874
5511973431172
5511980942528
5511997152616
5511998094252
5511996079192
5511999642504
5511971983839
5511994962534
5511997693405
5511996516553
5511992459344
5511991429919
5511976305535
5511992594747
5511995947761
5511997630553
5511963838604
5511971401431
5511982299986
5511982574515
5511984424899
5511993663824
5511999988087
5511964582000
5511972533020
5511974290587
5511983709246
5511995266662
5511995429949
5511999371100
5511991251340
5511991928671
5511994967111
5511996253124
5511975572133
5511984459858
5511985350675
5511989844598
5511992956789
5511983105698
5511998234152
5511968287389
5511973335418
5511974189969
5511995202113
5511941963034
5511996539882
5511940097202
5511940333681
5511947135485
5511947453055
5511978535908
5511982585473
5511963983670
5511992381283
5511996990875
5511997130048
5511997933366
5511995398155
5511964844776
5511982337249
5511989154172
5511961942106
5511972849450
5511972864673
5511974021788
5511991429083
5511997742960
5511999733439
5511997538332
5511974470973
5511976102862
5511976112773
5511999044991
5511999699477
5511997129728
5511998733245
5511950873777
5511940097988
5511940136758
5511999877001
5511941578927
5511968291227
5511971480123
5511995112734
5511997915995
5511998237336
5511983892966
5511953290513
5511954214061
5511974179008
5511981357467
5511985693515
5511952267379
5511975994148
5511982703277
5511952421266
5511955508169
5511972439677
5511985550659
5511986449859
5511998119959
5511998909672
5511996368727
5511998159011
5511941221805
5511972775592
5511985066241
5511998120096
5511971842083
5511996468470
5511999168744
5511951791661
5511970946700
5511978978239
5511981996514
5511982583394
5511982782289
5511996314872
5511976769009
5511994941914
5511971257776
5511997314283
5511998653731
5511999562421
5511997469720
5511972232003
5511972235501
5511996153054
5511982842612
5511999114920
5511961727551
5511988201554
5511988282410
5511988282558
5511991446069
5511991448613
5511975641628
5511985234380
5511997979366
5511998391106
5511998660379
5511999172172
5511971713575
5511995341112
5511997003655
5511942425338
5511942621476
5511950888401
5511962978707
5511972247271
5511975278842
5511976003462
5511999174251
5511999174254
5511971540127
5511997154012
5511931483459
5511946515130
5511949185972
5511961489520
5511962282504
5511973776671
5511991026817
5511998250748
5511965758238
5511973395393
5511974877665
5511958360790
5511976684575
5511993923766
5511997399407
5511972976196
5511989116592
5511981805756
5511992779876
5511994397465
5511996298453
5511985213198
5511991522133
5511992159024
5511992471147
5511999428806
5511941706328
5511970403699
5511972349789
5511973624975
5511997538875
5511994484830
5511989262229
5511986750392
5511993632461
5511999130789
5511987736399
5511956508906
5511972102835
5511977206150
5511993964364
5511995927015
5511997853933
5511998753037
5511982041090
5511993742179
5511993936871
5511981298653
5511947773488
5511976416280
5511982557120
5511994566733
5511997315565
5511943517040
5511971022546
5511983466438
5511986164258
5511995658298
5511998531297
5511946512419
5511966832825
5511995074923
5511997332180
5511993526476
5511982894040
5511999834340
5511966162191
5511982766246
5511994527185
5511987542909
5511963288390
5511997858074
5511998117004
5511971860513
5511971447089
5511971747089
5511982552832
5511992475943
5511997891215
5511947098040
5511956281999
5511963830742
5511973640995
5511996856364
5511998668815
5511972355333
5511976351789
5511989364412
5511991024468
5511991450697
5511992797979
5511994492207
5511973944876
5511996025658
5511967526117
5511968282879
5511974610668
5511975593069
5511995012112
5511966266351
5511975726959
5511993818310
5511997928183
5511972061564
5511996941970
5511999162701
5511999517703
5511984562787
5511991985069
5511998188352
5511994529032
5511977293533
5511983732023
5511987070019
5511992773146
5511973956599
5511969078811
5511972559847
5511982219775
5511982592744
5511986692665
5511986962665
5511991759207
5511996812962
5511985017600
5511976581560
5511996704263
5511987100834
5511988613050
5511998968932
5511971603365
5511992135795
5511992795591
5511992796540
5511999050417
5511995950258
5511971273613
5511995778242
5511998558417
5511943407447
5511947812522
5511985917447
5511989719407
5511995657447
5511996557707
5511959066558
5511998126887
5511998416887
5511983187332
5511984848277
5511999023290
5511999263529
5511985480560
5511997710321
5511960371820
5511965387884
5511971327510
5511983975422
5511992663371
5511999713750
5511974347653
5511995547406
5511975142528
5511997854320
5511999081366
5511971260280
5511991294540
5511970966287
5511974652587
5511996170043
5511998130906
5511959418062
5511981433263
5511981821558
5511985236212
5511971139104
5511973635358
5511975635414
5511995082104
5511989614536
5511947795227
5511997198019
5511992275362
5511996011647
5511999553348
5511989523935
5511993516930
5511962931771
5511997166843
5511972564839
5511981446322
5511985595067
5511988807193
5511971728525
5511991740970
5511966729556
5511972888805
5511996243102
5511999429946
5511999430143
5511971915591
5511975449664
5511984205332
5511997761169
5511998465738
5511999911452
5511991445838
5511999774288
5511977486877
5511992969508
5511996019717
5511999448656
5511989454927
5511991695295
5511957584799
5511976848520
5511989349331
5511991275311
5511991276964
5511961863742
5511970708059
5511972111897
5511973578438
5511976738724
5511994856427
5511996272652
5511997052261
5511971111398
5511976956619
5511978056050
5511988197848
5511989574433
5511991974731
5511994138377
5511996083888
5511996979792
5511995788977
5511980372657
5511991913891
5511964031688
5511970906190
5511999010344
5511999754119
5511972490924
5511980621930
5511995509415
5511947385815
5511968421033
5511983091515
5511984152856
5511996350624
5511996478515
5511998807337
5511973234279
5511970939209
5511974228240
5511995854845
5511943857823
5511981921376
5511984231402
5511995034539
5511998192137
5511971612930
5511995340632
5511991634160
5511954755317
5511988892515
5511992928644
5511994070936
5511992227530
5511994303761
5511944551856
5511944600732
5511978135796
5511999791905
5511976463126
5511991734907
5511994745060
5511994481154
5511999139841
5511999312173
5511950298668
5511963973976
5511987348198
5511972671020
5511976359175
5511943534748
5511991322282
5511991516025
5511994630112
5511994650559
5511994652092
5511994652511
5511976103127
5511961942142
5511999125633
5511999128266
5511999873491
5511943628031
5511972591318
5511991881926
5511985946168
5511987534107
5511998703313
5511998728662
5511972503720
5511992116985
5511992223001
5511992333011
5511992333065
5511998894418
5511956372526
5511973797998
5511996858883
5511999185116
5511992678835
5511998147722
5511992406735
5511996356229
5511956540912
5511971260907
5511995131807
5511996390798
5511999260977
5511972584347
5511996968640
5511973004477
5511991704898
5511992860728
5511993508448
5511994340009
5511996135317
5511996141868
5511999525131
5511977926787
5511986997746
5511989040042
5511993371724
5511985911790
5511981749266
5511984883238
5511992408687
5511981238508
5511992925636
5511947162389
5511947795866
5511968281729
5511984293034
5511984293074
5511991957619
5511947577289
5511987123101
5511997360342
5511998031294
5511975773235
5511942474467
5511971651400
5511995881268
5511967013705
5511968981972
5511991720519
5511996701370
5511999127242
5511971141712
5511996225018
5511998725650
5511976805971
5511996687296
5511971591599
5511991295225
5511996025045
5511972718590
5511999138017
5511999373302
5511999950900
5511943607302
5511963988763
5511971662462
5511975424020
5511942568085
5511982689301
5511982837795
5511996469335
5511996830375
5511999609610
5511992695325
5511994477332
5511976576964
5511991724263
5511981815224
5511957441554
5511965281752
5511970948640
5511972840915
5511973938885
5511981836444
5511982679317
5511986574652
5511953210759
5511997717810
5511985856706
5511999612445
5511946959328
5511962990791
5511981284226
5511989855398
5511955590933
5511996011912
5511999895950
5511993129556
5511971060076
5511997357133
5511972682464
5511982388139
5511972982220
5511989526613
5511995743553
5511947447359
5511947450192
5511947818106
5511947831856
5511997222722
5511997735758
5511999087143
5511996465190
5511997703128
5511998281903
5511998982262
5511963729917
5511982027944
5511992739215
5511983132937
5511995254846
5511999233852
5511971125425
5511992356191
5511993508340
5511997339088
5511998404309
5511963700489
5511971813154
5511998490361
5511989567621
5511995926904
5511999179300
5511969176883
5511992887942
5511963337568
5511970409980
5511972976035
5511999489264
5511968508650
5511971023121
5511971220338
5511997795796
5511941171718
5511984627236
5511997647172
5511940048541
5511940089271
5511947429939
5511984171895
5511995844882
5511999387386
5511994999143
5511999872553
5511983356123
5511983356129
5511987534071
5511991154637
5511991314619
5511992707419
5511995382012
5511973774736
5511973919556
5511991446464
5511995554133
5511977266577
5511982261776
5511984481534
5511972881709
5511998207753
5511998971323
5511999871323
5511981876250
5511991788053
5511994477604
5511982577342
5511991849140
5511994453513
5511998257734
5511992360511
5511975035800
5511975304618
5511992747692
5511996287757
5511971788499
5511996011647
5511954253805
5511975456586
5511991154374
5511996480117
5511976421874
5511983351564
5511992425939
5511992767959
5511977152742
5511996376975
5511997373322
5511999727305
5511993746943
5511996038108
5511976102478
5511997550021
5511971830000
5511997338311
5511997519107
5511999438146
5511981486156
5511982454937
5511985680200
5511985694256
5511991372357
5511998876687
5511999156969
5511967883314
5511981150439
5511975466527
5511995574857
5511996025709
5511999225355
5511984708449
5511985235285
5511950233346
5511950234086
5511952556188
5511961616688
5511965165855
5511980445799
5511980457992
5511996516585
5511997699595
5511991374827
5511970874043
5511974733894
5511999320001
5511991315761
5511992224087
5511961838963
5511974015505
5511985768966
5511996309012
5511998576896
5511998830455
5511997899202
5511996152271
5511972864142
5511992092399
5511999427677
5511995793683
5511964952961
5511973346577
5511975204906
5511995898596
5511996078411
5511997443021
5511958344676
5511995783739
5511975653571
5511998284167
5511995131807
5511999831065
5511991522592
5511963378271
5511995073661
5511992026438
5511964139676
5511991129838
5511991419898
5511991791608
5511964150384
5511973365446
5511975897731
5511992113135
5511968251882
5511971524379
5511997629718
5511999950808
5511981937896
5511996022855
5511996025670
5511996393375
5511985903166
5511997068270
5511998528240
5511972142781
5511973634543
5511975039417
5511998878941
5511982128260
5511967354100
5511975032223
5511996289876
5511973420062
5511974031314
5511981671607
5511982020564
5511982025456
5511982058135
5511987413862
5511974585123
5511972929444
5511976101858
5511982725316
5511995706726
5511999534187
5511974844581
5511998173446
5511999421958
5511969705886
5511971605886
5511971606803
5511979995886
5511980605886
5511999343316
5511999581701
5511999958170
5511957336646
5511961435255
5511967910613
5511972583221
5511973888121
5511983939648
5511999081185
5511999960966
5511975422161
5511996016295
5511992150474
5511983878222
5511999423600
5511995086474
5511974345529
5511994607426
5511940227464
5511944884053
5511947193081
5511967622532
5511991685040
5511992397372
5511960409819
5511976337742
5511981025385
5511984669829
5511996099010
5511996228989
5511999392073
5511943739252
5511972107402
5511972522025
5511973298433
5511996107229
5511996837454
5511940107305
5511992865765
5511992897088
5511998386119
5511981059892
5511963359558
5511976861072
5511988353294
5511989623786
5511972972060
5511974332700
5511972489235
5511988664890
5511993760656
5511972618903
5511972618957
5511997217199
5511950747346
5511982524422
5511987614702
5511992372821
5511994494218
5511999375236
5511991134409
5511999040752
5511999400556
5511981161651
5511982787938
5511963104049
5511992635561
5511994681478
5511974373586
5511941031970
5511999491648
5511982753833
5511964420305
5511994448236
5511997314819
5511997417361
5511998228514
5511988813124
5511972670087
5511972127208
5511995219265
5511992979202
5511971184466
5511996025860
5511968534204
5511973512996
5511974818702
5511996236168
5511996289527
5511996766043
5511997004420
5511997484716
5511971430771
5511973634730
5511976101518
5511981058665
5511983053667
5511972424492
5511972755959
5511972761005
5511973502095
5511986445639
5511996018365
5511996996087
5511998232088
5511982112420
5511943924746
5511973183065
5511975992257
5511996927822
5511998951237
5511999895123
5511974944553
5511981033958
5511957163248
5511971113516
5511974401725
5511980644334
5511981235454
5511992412995
5511996465554
5511994533205
5511982886958
5511984471552
5511994329967
5511996472009
5511984274630
5511997729220
5511991823667
5511965725196
5511970693421
5511995150826
5511961998333
5511981818333
5511995327845
5511981707470
5511998453767
5511963465014
5511981235144
5511982213817
5511985147999
5511972795885
5511991275014
5511981064330
5511997347403
5511999734838
5511972348416
5511969173475
5511997266142
5511999301376
5511999321950
5511999563997
5511961847121
5511975364411
5511976441085
5511976035304
5511992181842
5511966172149
5511976314507
5511976851699
5511992258634
5511992521082
5511992521092
5511999664719
5511994925128
5511968282460
5511968292682
5511981475541
5511993667693
5511999438633
5511986868841
5511996389695
5511996391196
5511997134280
5511943779515
5511997560343
5511999714465
5511982327952
5511992321775
5511999232177
5511991823667
5511995206848
5511998846737
5511962279999
5511972831684
5511993121038
5511996103794
5511996227999
5511996591183
5511999773687
5511973199995
5511991660046
5511976753823
5511956050111
5511956505273
5511981192664
5511994144413
5511994145512
5511994147279
5511994284103
5511996599068
5511999416460
5511963924339
5511995196743
5511997323680
5511999632877
5511997750544
5511981473424
5511986227575
5511943163605
5511970960549
5511972452455
5511999182112
5511999602530
5511983179654
5511993774553
5511994806756
5511964642332
5511982984191
5511998927799
5511999773348
5511944963336
5511971194951
5511972030382
5511972031721
5511973031592
5511985797702
5511996275589
5511999471648
5511955508894
5511976355097
5511997988007
5511998420480
5511984441337
5511986669550
5511991067971
5511991068602
5511991735785
5511972762000
5511972618904
5511973258670
5511973180352
5511975591135
5511980790749
5511997318035
5511999922868
5511999940644
5511999920646
5511985312258
5511999883159
5511966461337
5511976425633
5511992508974
5511974946343
5511976102694
5511963709680
5511981494508
5511999042602
5511947504278
5511966005628
5511976762110
5511991212696
5511992992641
5511999004643
5511976896354
5511991430418
5511992392212
5511998391322
5511974199690
5511992425513
5511993086982
5511967589258
5511973074162
5511989940055
5511975430457
5511985572522
5511992359020
5511996661046
5511999025240
5511997832944
5511976862016
5511998464624
5511999018627
5511981211498
5511975337722
5511985450217
5511992745282
5511970926020
5511973227475
5511973278886
5511978925467
5511996051920
5511999510894
5511997091534
5511946333853
5511957009966
5511964073157
5511973382235
5511983190141
5511962071200
5511979997682
5511941821319
5511972883769
5511997827818
5511991608379
5511972159000
5511998948833
5511975437400
5511997949148
5511999653027
5511981222158
5511981222159
5511986744465
5511987820444
5511973905656
5511981346544
5511981815467
5511981818188
5511996016544
5511973177383
5511940018216
5511940824874
5511947583838
5511996290814
5511941605498
5511950614541
5511971128745
5511975209002
5511982591985
5511992223585
5511998150278
5511998362594
5511998900885
5511998981292
5511999543078
5511999543555
5511948998048
5511963092528
5511971625035
5511976194314
5511989157517
5511994756850
5511995076376
5511991936775
5511992638686
5511998328181
5511984708449
5511971554270
5511995002436
5511997552289
5511997831784
5511988572711
5511976033526
5511993532607
5511972129007
5511995635394
5511996210397
5511996386578
5511999382835
5511999940510
5511985961254
5511996309715
5511976260826
5511986556455
5511971171394
5511992071413
5511992661342
5511997335774
5511972214755
5511972218085
5511995560450
5511997700653
5511998095458
5511998854018
5511981486716
5511980404054
5511995665168
5511997147597
5511942845298
5511986413641
5511998167224
5511943110358
5511952097893
5511991774926
5511963537844
5511969411334
5511973972025
5511974199103
5511984572510
5511987201772
5511974036843
5511975156528
5511997359989
5511964160964
5511998353310
5511942793518
5511999461324
5511997272314
5511982279262
5511991755183
5511963766029
5511964573272
5511974871506
5511976459389
5511998493640
5511997898398
5511975302656
5511998298045
5511944529087
5511996678189
5511971740920
5511995910089
5511961890189
5511995241162
5511997227408
5511976802204
5511995038412
5511995397047
5511972188649
5511998847791
5511963878881
5511975169229
5511985559925
5511992317471
5511982174434
5511989198665
5511998212440
5511973933701
5511992159052
5511992661433
5511959057609
5511977286152
5511983392186
5511969068589
5511989155226
5511991705047
5511992186104
5511992251074
5511992251974
5511993348160
5511976102278
5511993238653
5511999486640
5511944412675
5511971625156
5511974593919
5511976103883
5511996128509
5511996166162
5511996604909
5511999604909
5511970139234
5511975143315
5511996371155
5511998120621
5511962820855
5511962897459
5511971708632
5511976103849
5511995914492
5511968292864
5511992159052
5511992336614
5511976093280
5511976528389
5511976530468
5511988684869
5511994925186
5511998933003
5511971891330
5511971927890
5511972542360
5511985910000
5511999670911
5511994702422
5511998770403
5511971443564
5511997728859
5511998699067
5511999413408
5511975166413
5511991020441
5511966206821
5511976102856
5511998812469
5511999327275
5511999569752
5511971089448
5511999374231
5511999928109
5511999945051
5511968595725
5511986769202
5511989537614
5511996491343
5511998572876
5511975622916
5511982841376
5511993332410
5511984433692
5511997909565
5511942508870
5511972073542
5511991760247
5511998728287
5511971963696
5511972740034
5511996010718
5511996142606
5511972677738
5511976102067
5511982831638
5511995718635
5511995781721
5511997479575
5511982798072
5511991115279
5511991427832
5511991429658
5511994794847
5511963254618
5511991094841
5511971631200
5511947689378
5511953460147
5511965733064
5511966405944
5511995142110
5511995309715
5511996299578
5511992493374
5511964093288
5511973613895
5511998437339
5511981337872
5511992226493
5511993657996
5511978194758
5511982169251
5511982175916
5511998697288
5511992199600
5511973903188
5511998998006
5511973418886
5511996052225
5511996076622
5511997270649
5511999944155
5511942370984
5511964904898
5511973484955
5511975798248
5511995170464
5511997158471
5511999263635
5511972248113
5511996624831
5511969476850
5511994187930
5511996279755
5511975824017
5511986841757
5511991854573
5511999456461
5511999589798
5511995019984
5511996299984
5511997671081
5511975467112
5511995534017
5511947196964
5511954384424
5511971060030
5511975234862
5511976028668
5511976460536
5511979909120
5511981857181
5511982529279
5511985897181
5511998240406
5511940810695
5511940810697
5511947052593
5511947053633
5511949698152
5511971108656
5511975155560
5511983159793
5511995714076
5511996018087
5511991985181
5511973150742
5511975704642
5511994583042
5511997595226
5511998999468
5511992719202
5511993766558
5511993766804
5511993773944
5511994485552
5511963378868
5511989814935
5511991862844
5511991882244
5511999186284
5511985250021
5511985400936
5511997824923
5511988707611
5511991150004
5511972807223
5511999983065
5511947782059
5511993745733
5511995916432
5511995919245
5511998256134
5511974447482
5511944411904
5511996370702
5511997954372
5511998755163
5511999486640
5511969433522
5511988196384
5511954450465
5511993162062
5511956559102
5511980127150
5511995277075
5511996053867
5511996550196
5511997867878
5511964005911
5511975317160
5511984128483
5511989275127
5511991448129
5511996382788
5511971744812
5511975063770
5511994216200
5511997697893
5511970913548
5511970919165
5511973680135
5511997595226
5511961897166
5511974426006
5511981086345
5511983026380
5511971920021
5511992986849
5511956572932
5511994415469
5511995209091
5511998373303
5511999886579
5511999957399
5511971445533
5511971445599
5511971764988
5511973633649
5511974668966
5511976102897
5511997144559
5511995104935
5511997892441
5511984564133
5511973777574
5511976201432
5511972876553
5511999495568
5511986320126
5511999071567
5511974344389
5511999390568
5511983388284
5511983186370
5511974377799
5511975987035
5511991827758
5511997246867
5511997305938
5511997869487
5511998153409
5511999041633
5511999767574
5511964999662
5511971499280
5511973877731
5511996021832
5511996277657
5511986442204
5511986442207
5511995134738
5511968425312
5511973881276
5511944594585
5511974033001
5511974637144
5511981916197
5511996220027
5511999244039
5511998528237
5511963983714
5511991129530
5511995796888
5511996505610
5511999403594
5511947519045
5511947519047
5511962212256
5511982621881
5511983697452
5511981197179
5511981219024
5511988879634
5511992321154
5511976701462
5511995181445
5511996146885
5511962058370
5511980251387
5511988162938
5511997296412
5511997855565
5511997986558
5511976217891
5511972037443
5511976451792
5511996028075
5511997045844
5511989363813
5511992034165
5511999534187
5511978135796
5511999384990
5511942579311
5511995985641
5511998179997
5511996940337
5511997776908
5511999143473
5511999540561
5511999664168
5511999954056
5511964770110
5511980826088
5511992194137
5511996472767
5511989618867
5511991560853
5511996605017
5511998080655
5511979923463
5511972849427
5511991817155
5511996545166
5511974547387
5511970920486
5511975168718
5511979529400
5511996279000
5511999644654
5511995273030
5511999739955
5511971591420
5511985713965
5511991820614
5511991827026
5511992459344
5511968187026
5511992831333
5511998783105
5511986767142
5511961496757
5511982163692
5511976809310
5511994011038
5511991053387
5511991064716
5511991245084
5511992591986
5511992592477
5511992595048
5511998275374
5511942501470
5511973074587
5511983856819
5511987629997
5511996290899
5511995446326
5511995642998
5511996023098
5511999273630
5511999399072
5511999915028
5511999939907
5511976034537
5511986255510
5511968285040
5511999100853
5511973179754
5511976346440
5511976417440
5511993786879
5511993796787
5511998930917
5511973248983
5511966625330
5511969745320
5511971768975
5511972610990
5511973178719
5511978901985
5511981718231
5511981718236
5511993443860
5511996662533
5511997957907
5511998729133
5511965389000
5511995593577
5511976898555
5511996472767
5511999772277
5511976248554
5511993086042
5511973462930
5511996764512
5511990507797
5511991530103
5511991535493
5511999775008
5511999872087
5511995266640
5511943867118
5511943869805
5511992031107
5511992781462
5511999082784
5511982722277
5511983157108
5511974098992
5511983696363
5511991574563
5511976574086
5511979893840
5511984181816
5511997422706
5511997922553
5511998352324
5511992659789
5511988551031
5511997970049
5511999412356
5511971605497
5511987287327
5511996270447
5511997352287
5511999119245
5511999872473
5511986803240
5511980197046
5511946106954
5511973226716
5511991172204
5511996529522
5511986692692
5511991174802
5511998275374
5511998669269
5511999835529
5511974021905
5511994307999
5511994573719
5511994920317
5511995524808
5511944923696
5511998139946
5511998665641
5511944705328
5511994324857
5511976102741
5511998633840
5511999153395
5511997643030
5511968614950
5511972498497
5511995039022
5511992739260
5511998271955
5511972612902
5511964035862
5511971540808
5511996608461
5511998633840
5511999153395
5511956178685
5511974430525
5511993511183
5511975850180
5511995405124
5511971222523
5511992484871
5511967376487
5511991082579
5511971771791
5511981810552
5511991837440
5511988787602
5511996445686
5511997697260
5511941678101
5511976034382
5511996274318
5511996279318
5511998078483
5511953830343
5511961127587
5511964537075
5511968292484
5511947808127
5511947808128
5511985389653
5511986878151
5511999608906
5511985196751
5511997832944
5511996128836
5511996213016
5511996983455
5511994491895
5511974481133
5511975264557
5511981997691
5511981998597
5511984739969
5511959931194
5511964592364
5511971328377
5511974141459
5511996156064
5511994310222
5511972971607
5511996117309
5511996129341
5511996133435
5511998332269
5511999063012
5511993831881
5511996900053
5511975676344
5511984841670
5511995013641
5511997544808
5511998101151
5511991095809
5511991518813
5511955543986
5511976104263
5511986387757
5511998785862
5511971754966
5511996038784
5511996841792
5511953119477
5511997566559
5511998720698
5511988629081
5511991191205
5511991192802
5511962233953
5511973338234
5511973636636
5511992233832
5511992243126
5511992244481
5511992248914
5511993834828
5511989446138
5511994102357
5511997471177
5511962233953
5511996030282
5511996164982
5511999910535
5511998680653
5511999771345
5511961751171
5511964282588
5511976103858
5511976001510
5511996019555
5511999878888
5511941763801
5511997107047
5511998239863
5511999781556
5511961974995
5511968440067
5511973136566
5511975639196
5511996022821
5511996131315
5511999164240
5511972418847
5511975842134
5511975946336
5511995800834
5511976103164
5511989793107
5511991620765
5511991519851
5511982084660
5511983571331
5511983583130
5511983587102
5511984804606
5511987772701
5511987772702
5511992333911
5511998337640
5511981365602
5511999057030
5511947322366
5511947323755
5511971092375
5511998441597
5511996294388
5511987410787
5511966247412
5511991345497
5511968662651
5511974163054
5511995373328
5511998550539
5511998800323
5511999767456
5511969086781
5511976683457
5511976719399
5511950737383
5511971495457
5511975445802
5511981729886
5511998252514
5511975410999
5511999940666
5511973447744
5511973447750
5511976325293
5511997157403
5511998916251
5511955204458
5511972203200
5511993468027
5511981508733
5511982076083
5511982112432
5511996494259
5511969064955
5511973450874
5511998951673
5511992255077
5511992340111
5511993354331
5511976893223
5511991756331
5511974637228
5511973516424
5511956568566
5511983419715
5511983801741
5511996447057
5511947075060
5511961992265
5511973733657
5511976962864
5511988405204
5511996012058
5511971532818
5511973501392
5511996946586
5511976923430
5511991875093
5511980217082
5511999900661
5511983007208
5511998402319
5511974221027
5511979942871
5511981877125
5511997197318
5511976104247
5511989140602
5511998480596
5511989078546
5511974028108
5511975661033
5511976555615
5511992962599
5511981109453
5511983654273
5511971248524
5511971740006
5511971776129
5511999376577
5511995177070
5511996776424
5511996833941
