5511977300121
5511996018253
5511996571294
5511999774744
5511971160223
5511993419655
5511997116022
5511953011942
5511968314414
5511968347792
5511987573588
5511991116557
5511992266714
5511974828022
5511975379711
5511975379804
5511999617597
5511976781483
5511973130909
5511974938303
5511991854750
5511996541488
5511999881910
5511973199287
5511993117319
5511991179072
5511992837306
5511971250004
5511977188971
5511998317502
5511999374869
5511995118862
5511995288862
5511971329415
5511983594475
5511972073341
5511983355120
5511989034697
5511996124562
5511999638383
5511972683910
5511998613544
5511999374594
5511961792613
5511999042107
5511981226004
5511970321274
5511973309803
5511982795654
5511999929483
5511981561472
5511981591472
5511988785912
5511992195587
5511996467117
5511983274747
5511999172493
5511983646345
5511983713845
5511991569773
5511976111186
5511999413650
5511972671255
5511996015108
5511996310408
5511950307790
5511976111250
5511976228550
5511997783367
5511999871166
5511974918367
5511998986270
5511992761757
5511991729768
5511996540738
5511996313080
5511964198493
5511999778197
5511992954305
5511943807172
5511971048011
5511976867076
5511998273923
5511997154178
5511998999261
5511974846836
5511974933311
5511989199175
5511992102991
5511963140329
5511981163295
5511984372903
5511992392903
5511993246377
5511993326817
5511963735885
5511999430860
5511974502804
5511996120941
5511997271482
5511999960246
5511943120106
5511947818072
5511947830534
5511997288128
5511985979966
5511991272810
5511992200005
5511966226044
5511991446360
5511993254390
5511940222263
5511940224978
5511940224979
5511970521847
5511976091300
5511976091911
5511976094772
5511976099700
5511992889492
5511994541251
5511994749405
5511999871029
5511972697298
5511979892506
5511993712592
5511996723853
5511997110276
5511997115907
5511999113755
5511955908847
5511999281535
5511965835144
5511984643884
5511997943459
5511992746718
5511998831256
5511942294304
5511972538861
5511996948264
5511974347272
5511984824542
5511997743544
5511973695625
5511996042824
5511996210630
5511956192913
5511964080315
5511964083105
5511971184492
5511971335901
5511978140314
5511983697090
5511972077492
5511995358565
5511986100966
5511971065075
5511976031008
5511993259704
5511955542022
5511989060234
5511996820117
5511961969575
5511973470946
5511995052602
5511996750450
5511998006897
5511999371410
5511992223885
5511971994926
5511973101442
5511982632785
5511996406665
5511996618887
5511998105797
5511957715447
5511964346356
5511973818358
5511975689780
5511982668912
5511999063242
5511999687038
5511950212750
5511963112388
5511974264337
5511975207020
5511981047034
5511984264337
5511984370003
5511996532994
5511971993596
5511972501005
5511983749826
5511987991511
5511942335871
5511962039616
5511965661081
5511979860666
5511997538605
5511993283770
5511993928988
5511968288763
5511954146243
5511981114540
5511993321200
5511981661481
5511998438284
5511999875039
5511983516502
5511941814978
5511963122674
5511975996117
5511998094266
5511991072555
5511992981707
5511943498902
5511965219563
5511969817367
5511971905374
5511972604883
5511995659142
5511995817076
5511996521956
5511968545937
5511992228906
5511993290915
5511999329091
5511980214769
5511993013876
5511942904507
5511946172628
5511954016718
5511971828827
5511987920447
5511993294465
5511994753082
5511994846576
5511991918135
5511963774937
5511972361902
5511976104286
5511982634535
5511982680708
5511996907540
5511999333787
5511976821662
5511989067288
5511991059410
5511947229042
5511969049541
5511972796738
5511974589770
5511975426442
5511989776624
5511995741515
5511991446046
5511999175957
5511975443528
5511995656991
5511999857813
5511942267839
5511981614469
5511983429258
5511998444668
5511973548302
5511985443381
5511971679247
5511976006002
5511943803365
5511971290284
5511973773385
5511973822269
5511991370091
5511991590731
5511996025990
5511996239956
5511999867659
5511946551126
5511991740429
5511974153554
5511973366272
5511975369568
5511991525473
5511997313195
5511963820334
5511972224212
5511997678411
5511973133395
5511997114586
5511997450281
5511972678178
5511975852377
5511991169882
5511998127658
5511998405041
5511996355511
5511999933430
5511943859354
5511971013749
5511991927985
5511993607758
5511998544417
5511981947370
5511983900124
5511997540923
5511998139288
5511963711509
5511976327337
5511997871374
5511995857563
5511953809649
5511982065432
5511985882162
5511994423172
5511999046356
5511983412669
5511985987455
5511991527021
5511981819371
5511981819373
5511993726917
5511993758959
5511995908866
5511996013078
5511997643500
5511998014568
5511997107738
5511972663202
5511973068181
5511999537218
5511982208099
5511992333240
5511993115252
5511994050155
5511996345335
5511996345355
5511957017439
5511947100798
5511947100852
5511947100857
5511947109885
5511961006815
5511991600516
5511973126392
5511973896001
5511976958285
5511993668015
5511998505622
5511998664037
5511972365121
5511976350602
5511999940687
5511971155378
5511972363461
5511973006644
5511981964845
5511997177160
5511971010746
5511997414989
5511997646113
5511974695018
5511971859521
5511995981003
5511953210145
5511971105653
5511973264738
5511973426220
5511995407313
5511995544004
5511982086818
5511996615132
5511985315894
5511995178509
5511952189790
5511987795378
5511983886383
5511999951121
5511964045950
5511999838711
5511981454903
5511947373896
5511947421012
5511974012704
5511982834528
5511996012704
5511997185303
5511999200060
5511982131737
5511982641123
5511983365051
5511988171074
5511957829373
5511974467040
5511997626157
5511981270844
5511995789702
5511970937309
5511997059567
5511998427872
5511999375204
5511999697601
5511984321492
5511999771492
5511973690714
5511995543299
5511965337256
5511967258718
5511967852648
5511968033291
5511987813491
5511996955935
5511979911222
5511997633211
5511968288046
5511972301951
5511972385800
5511988652913
5511989731478
5511992795564
5511995259596
5511996867019
5511998846133
5511971680847
5511984101759
5511985530291
5511999749862
5511998458555
5511999699361
5511973116799
5511997702908
5511984673405
5511985195079
5511993126434
5511994732113
5511996014718
5511997753060
5511999900199
5511995665632
5511993301189
5511993891300
5511971852656
5511973919384
5511971429246
5511973320444
5511973736409
5511974437499
5511983115532
5511972036863
5511972450914
5511972477696
5511973394689
5511974664820
5511975444168
5511970591573
5511960331783
5511971104752
5511975147678
5511993946157
5511997813032
5511998134926
5511964070034
5511972827827
5511992741805
5511994519005
5511993042489
5511975440146
5511977154776
5511991468497
5511999376719
5511992217663
5511999906160
5511950666600
5511957840804
5511980505163
5511997106600
5511983951320
5511961946566
5511971841415
5511975942359
5511997662410
5511999056972
5511993428026
5511973042030
5511973384008
5511973389192
5511975572522
5511975759419
5511971705052
5511974527394
5511976303563
5511976321112
5511976362935
5511953068392
5511976332359
5511994822654
5511999128934
5511967601387
5511971020274
5511972476523
5511967768801
5511979584009
5511994474171
5511995056666
5511995096434
5511995640666
5511995689564
5511996662566
5511995787032
5511996219410
5511996752898
5511999621941
5511953067954
5511974434484
5511977705118
5511999378048
5511999560464
5511994838103
5511954103740
5511995410374
5511976346367
5511943840596
5511970664000
5511976529543
5511991648465
5511994810738
5511995717853
5511998941005
5511998941980
5511981825266
5511999765143
5511999867593
5511998049046
5511998949122
5511942692058
5511993514541
5511995542074
5511998271027
5511971613554
5511991540472
5511998813980
5511984472036
5511957221308
5511995823043
5511956095908
5511972439165
5511972448309
5511975020177
5511975023783
5511975025509
5511999399025
5511942805542
5511950591721
5511956498883
5511964605032
5511967065772
5511975144949
5511999748794
5511971730309
5511991128974
5511991617306
5511996084409
5511996619640
5511947397498
5511971952836
5511974134348
5511974488058
5511974555549
5511992368448
5511994142843
5511995431982
5511995823210
5511965684564
5511976046657
5511992368062
5511999236806
5511976346414
5511985234751
5511998280770
5511968181918
5511972228330
5511999165394
5511991531310
5511964327638
5511969023006
5511989144958
5511992245885
5511992579577
5511940043549
5511940827525
5511960139288
5511963327750
5511968082602
5511978718921
5511980235255
5511995814555
5511998053486
5511998136995
5511994540704
5511997976322
5511976343072
5511947940900
5511968280048
5511976293755
5511976339849
5511976772043
5511988027158
5511989192216
5511992072578
5511992957714
5511981303694
5511973343171
5511984495568
5511999494118
5511978272958
5511995402572
5511995084215
5511967132987
5511995436565
5511996210261
5511996601672
5511950286710
5511972825922
5511972871107
5511973237100
5511974857592
5511995450729
5511996155057
5511996333778
5511975620252
5511976805878
5511982222947
5511996589918
5511999498669
5511999605323
5511959505677
5511963122087
5511947223990
5511975485498
5511978783566
5511984829901
5511992757420
5511999437721
5511941600191
5511959530628
5511986972393
5511997486768
5511995183359
5511976333500
5511964044743
5511993031283
5511996429249
5511996430370
5511998840495
5511983186909
5511987650134
5511997861881
5511998070906
5511998078242
5511971055335
5511997774765
5511999136463
5511999772589
5511999774765
5511973372910
5511995263194
5511996189765
5511999014875
5511997169630
5511979644015
5511986231621
5511995391437
5511971491936
5511971697790
5511983261988
5511984129787
5511999918927
5511975736582
5511975739505
5511982023642
5511982633130
5511983429867
5511989335725
5511991385506
5511999947914
5511963350531
5511963939522
5511971860059
5511996915668
5511997431746
5511997920151
5511998512939
5511981441837
5511974753189
5511975070577
5511997044280
5511999605946
5511988175000
5511974968632
5511991648654
5511973582777
5511996549880
5511999817320
5511963867560
5511991320144
5511992993029
5511940069122
5511950633917
5511973548759
5511975198292
5511999185733
5511971574641
5511999308953
5511963313950
5511966374771
5511966408525
5511970517500
5511976002010
5511984974077
5511998221100
5511995305161
5511999935951
5511964121519
5511971709260
5511974430434
5511978514496
5511983314793
5511991502385
5511996846188
5511987730596
5511998763114
5511998937681
5511970982375
5511994458076
5511972910004
5511976358422
5511981111031
5511991657724
5511998439794
5511972327605
5511997917922
5511961997347
5511961997624
5511986805679
5511991050513
5511993427501
5511941040542
5511957605539
5511967850129
5511989046808
5511992320650
5511989537665
5511998215298
5511998765578
5511941725891
5511983604771
5511962053536
5511996755210
5511998753137
5511964849506
5511971519275
5511997284225
5511999734227
5511996990215
5511976331353
5511974358311
5511976033953
5511996024024
5511996027247
5511996587124
5511976383337
5511999753111
5511951093313
5511964864874
5511964865112
5511968292955
5511975838468
5511979762169
5511984735976
5511997885469
5511973239417
5511943041033
5511972325286
5511969359585
5511976366437
5511994601912
5511952389249
5511953309092
5511973345120
5511991064191
5511996591424
5511999107876
5511947894858
5511953224487
5511974610905
5511996798552
5511998199107
5511998748170
5511988991088
5511995021714
5511996016194
5511996138981
5511947012700
5511982111601
5511984258195
5511981491510
5511996806910
5511998736737
5511999378694
5511961367123
5511970478664
5511997315558
5511997861130
5511952513502
5511952713502
5511961980644
5511976369026
5511976888530
5511995091181
5511976361098
5511999227879
5511968280977
5511972127384
5511976363775
5511982768818
5511976361300
5511992392387
5511992398462
5511981199548
5511997932114
5511998515201
5511977045019
5511950594427
5511997214355
5511999679973
5511964333439
5511974116642
5511976369118
5511995341310
5511998016806
5511999114612
5511965975090
5511974290703
5511992199664
5511999531901
5511971058400
5511982921691
5511996516102
5511997548937
5511995729677
5511998598784
5511975325999
5511975526820
5511996751905
5511999292001
5511999978542
5511975704423
5511975704428
5511992380003
5511971718685
5511995471882
5511997155621
5511998783076
5511971017433
5511986306410
5511971722733
5511988984124
5511998524151
5511971751681
5511984850097
5511971055095
5511973878997
5511996517327
5511998477890
5511976103704
5511995796782
5511996017561
5511998013558
5511998919641
5511965102647
5511966950386
5511966950686
5511968289689
5511968861028
5511971032144
5511973646679
5511996366769
5511996940926
5511981227781
5511982189094
5511996493059
5511998218909
5511998856492
5511974441972
5511974685496
5511989235691
5511992667791
5511998163627
5511998582186
5511950831589
5511972681663
5511995333865
5511954537474
5511971401578
5511981103938
5511982021468
5511984891765
5511995073040
5511997239561
5511999404231
5511974847858
5511996249195
5511996150055
5511976333974
5511972667677
5511996291399
5511996291570
5511974557121
5511952579124
5511972593815
5511977113120
5511981072015
5511996582525
5511999411867
5511972745690
5511974694459
5511976336478
5511987534072
5511972210637
5511971491187
5511999648925
5511955577349
5511975803059
5511981210718
5511995721287
5511974050114
5511976305730
5511985081008
5511998056509
5511976333448
5511995629530
5511983539882
5511996524899
5511978805448
5511985657450
5511973693751
5511998349157
5511940328064
5511970084476
5511975157668
5511999581007
5511970560381
5511976355219
5511980610102
5511989260935
5511989293269
5511994448128
5511975927007
5511993327085
5511996442313
5511998371248
5511972373750
5511975462324
5511976334069
5511982549260
5511998246295
5511998788093
5511980944263
5511981365266
5511986397052
5511996534498
5511975547059
5511976744659
5511992850823
5511996710905
5511999253831
5511999258069
5511999726252
5511999987197
5511963975610
5511968119987
5511971208373
5511977188222
5511996811998
5511998420266
5511998641826
5511998777168
5511999878091
5511976334869
5511996524335
5511998915621
5511973344777
5511999430533
5511997819700
5511997819770
5511999928179
5511976354941
5511999493757
5511991884913
5511999780380
5511975118808
5511976359226
5511976354231
5511971700085
5511973790890
5511976357798
5511992734547
5511972169602
5511976350835
5511992011092
5511995460566
5511976357052
5511972588155
5511976336684
5511992727592
5511956194260
5511970282271
5511972589618
5511992947801
5511997028227
5511997176702
5511999495546
5511963787201
5511995178017
5511940343395
5511940343403
5511959359470
5511968580426
5511974594460
5511975279162
5511977010174
5511985082929
5511986178501
5511995038712
5511995991170
5511980597551
5511983513757
5511953038353
5511971338353
5511974285893
5511976332276
5511995107038
5511997794539
5511944836199
5511963913263
5511971523041
5511972318659
5511975276421
5511999982841
5511976357194
5511975252193
5511976350903
5511984571748
5511992473906
5511993905991
5511999625199
5511957708758
5511998603355
5511976937630
5511981190954
5511989288847
5511991264000
5511991715678
5511994211171
5511994219476
5511943833752
5511974350660
5511996413407
5511992241375
5511997850565
5511999604357
5511971577391
5511965240371
5511984831601
5511985770020
5511968476022
5511985235946
5511943986950
5511944401956
5511971106950
5511973106950
5511973888800
5511995708047
5511947361464
5511973748334
5511974591137
5511975196191
5511975211422
5511994084646
5511998689742
5511999126165
5511999960190
5511999996019
5511974864096
5511981272215
5511995134133
5511997168686
5511967111826
5511992530754
5511999910570
5511998779710
5511951944409
5511954886540
5511962174977
5511962178624
5511964835051
5511972501727
5511973921460
5511985188078
5511997242086
5511940104186
5511947487134
5511972876765
5511986936609
5511995026385
5511997004074
5511997752989
5511999578076
5511977487990
5511991837487
5511994724997
5511995223275
5511996021701
5511996021702
5511996573844
5511950518519
5511992494444
5511992499911
5511993797803
5511994116145
5511994334014
5511972654408
5511975796497
5511996401210
5511971985825
5511975380678
5511998525411
5511984557885
5511986084400
5511993024112
5511961252699
5511967702465
5511954051003
5511961353508
5511973089457
5511997823023
5511983051167
5511999452612
5511956395661
5511974175410
5511980134023
5511998779264
5511976495818
5511997569229
5511991711197
5511994879445
5511985180442
5511992414599
5511962657399
5511971761883
5511974333075
5511971435584
5511994316254
5511997100223
5511997143558
5511996974615
5511972380704
5511973512659
5511996558013
5511972350414
5511973878006
5511975500399
5511992460503
5511995228785
5511995816261
5511998851882
5511964739053
5511964769053
5511972976020
5511984574176
5511983006284
5511997545880
5511997817458
5511999429352
5511983001100
5511997664079
5511995646928
5511984284973
5511964041574
5511971560800
5511971882861
5511973101902
5511982360022
5511989598261
5511976416334
5511991234440
5511991894565
5511952487953
5511966040026
5511966040246
5511966040268
5511966040304
5511966048121
5511983661964
5511985061084
5511991403123
5511976435944
5511976992454
5511980723009
5511995015720
5511996448117
5511986437796
5511998643779
5511963270951
5511974890898
5511983705887
5511995651039
5511963432824
5511997758287
5511975056554
5511995876398
5511975490242
5511982658214
5511983479337
5511985783996
5511992197989
5511996386993
5511953981542
5511992735799
5511995574210
5511986456406
5511972565522
5511995598122
5511995737576
5511992905780
5511994594345
5511994619316
5511995178844
5511995657732
5511997638788
5511972189628
5511982234278
5511986617130
5511999437430
5511993896414
5511993996249
5511993996756
5511996024677
5511996476991
5511974519742
5511983640011
5511994946043
5511996209907
5511999765715
5511999990000
5511946271623
5511993481197
5511995931652
5511943287286
5511975110378
5511995590473
5511968422547
5511975458654
5511986219061
5511996544960
5511997955565
5511962200980
5511972878374
5511974570476
5511997253807
5511997517681
5511998872469
5511992024809
5511976093996
5511981816080
5511995861582
5511997363795
5511959444366
5511984342316
5511989931105
5511989981857
5511991746672
5511996914236
5511997860519
5511997865313
5511997875226
5511971086591
5511975790656
5511996716444
5511964837624
5511987350944
5511997096637
5511985264091
5511994544396
5511994844396
5511950531800
5511969061945
5511971038744
5511972072507
5511972760578
5511995574503
5511979573220
5511995527338
5511996783394
5511971018688
5511972292509
5511975461495
5511984480493
5511995575195
5511997294622
5511980321431
5511980321432
5511980970497
5511984757441
5511991255390
5511963353128
5511966048412
5511976582405
5511989289862
5511989316586
5511991247369
5511974028176
5511970340843
5511979557605
5511997120090
5511997561670
5511996413101
5511998289706
5511998543169
5511999920806
5511971058025
5511972470286
5511974058093
5511964819735
5511992686479
5511992289825
5511997948913
5511947291660
5511973152246
5511975159762
5511976311189
5511989475424
5511994774776
5511982383788
5511992704527
5511995428478
5511973360747
5511973516057
5511997047545
5511985553286
5511989368885
5511994750281
5511996834109
5511998225621
5511964813015
5511973171482
5511984452955
5511985236059
5511991723928
5511993531868
5511977211730
5511985473008
5511954722161
5511982612363
5511996562061
5511999745803
5511967065178
5511986257782
5511981066246
5511966630807
5511967740779
5511974423916
5511976033200
5511987004251
5511993941205
5511971524916
5511973032448
5511998760501
5511999376323
5511996453441
5511971713192
5511989210253
5511994685919
5511997381760
5511981545466
5511972764343
5511991574374
5511995578904
5511971127218
5511972301732
5511984175520
5511995265980
5511997212711
5511998531638
5511975587614
5511984260200
5511984260252
5511986920191
5511994903373
5511953040594
5511995367162
5511963789937
5511976267565
5511998531342
5511998827271
5511971869388
5511981488301
5511973936489
5511976363877
5511997393648
5511942366760
5511983283762
5511996125296
5511997496552
5511973670041
5511995692669
5511996892029
5511964996968
5511969970478
5511999209293
5511970139891
5511973029977
5511973785386
5511981074749
5511982139284
5511982140320
5511982217585
5511982320851
5511995247229
5511997795246
5511981327946
5511982088179
5511982441212
5511982800677
5511996232724
5511973544676
5511999274332
5511999927433
5511993112026
5511951477906
5511974214025
5511974344648
5511993444358
5511996781035
5511952320638
5511968280600
5511981360670
5511953957568
5511971554947
5511962873459
5511968894477
5511968894545
5511984146702
5511997705210
5511940003348
5511947177307
5511947225657
5511947258919
5511968288551
5511979898534
5511982667327
5511996634403
5511997559937
5511999379312
5511968422888
5511973823979
5511984412315
5511953167671
5511974465295
5511978524035
5511998008675
5511999486865
5511955707811
5511972796340
5511997805177
5511997087636
5511997087936
5511963096717
5511998858250
5511969056345
5511996201714
5511996203046
5511996208112
5511998181547
5511999285668
5511973113992
5511985607259
5511931003033
5511944924146
5511971100002
5511988393033
5511942759990
5511975441471
5511998968497
5511960170083
5511964859997
5511981668043
5511963834898
5511971631400
5511974020191
5511996677263
5511981444118
5511971052378
5511973746288
5511992463860
5511995895663
5511999778447
5511997960080
5511976711984
5511994238966
5511975175648
5511998886316
5511961074889
5511968504569
5511972553281
5511961764714
5511966106266
5511970744774
5511995075902
5511962541505
5511971869388
5511954718450
5511984232519
5511995533355
5511974476939
5511995714355
5511997787779
5511973976636
5511996161807
5511997833613
5511993076300
5511994349679
5511985695600
5511996766348
5511975804598
5511983428928
5511994986413
5511987250054
5511947384383
5511973455356
5511988292428
5511965519654
5511973304861
5511974124460
5511974784786
5511996847270
5511971882970
5511972887454
5511973161108
5511973466565
5511998327750
5511979805732
5511993441166
5511959172560
5511961226426
5511997110323
5511997126853
5511998845154
5511999384019
5511976038158
5511989176590
5511992112222
5511973046046
5511966364125
5511998257816
5511998889919
5511970756158
5511991631625
5511991675900
5511943581633
5511979791613
5511984090262
5511988795389
5511997995166
5511988055151
5511991232391
5511991430180
5511993883503
5511993885682
5511993886732
5511994687422
5511975323104
5511999327274
5511999604532
5511973942382
5511974319441
5511996057286
5511973902923
5511984533498
5511984534398
5511994345985
5511943107627
5511987235990
5511995130269
5511971512938
5511997385170
5511997456470
5511984222422
5511980640164
5511999305372
5511973694245
5511989729230
5511992221915
5511953078291
5511989634367
5511992851288
5511996447269
5511991906711
5511988322719
5511991298080
5511992814418
5511996785959
5511970889997
5511996817711
5511960821052
5511970287077
5511971430799
5511972041922
5511996585828
5511983939630
5511971744330
5511974644002
5511976307035
5511991137082
5511971714690
5511994548384
5511975102808
5511975955686
5511996030828
5511996168334
5511998448915
5511999458137
5511999764329
5511941966915
5511954344397
5511962071359
5511973734910
5511976350928
5511976790764
5511991421495
5511991426302
5511993854772
5511994149376
5511997624414
5511969026747
5511996718127
5511996902674
5511995071685
5511976350950
5511991217104
5511997517250
5511970153390
5511976356885
5511964846993
5511976305560
5511997579127
5511972212216
5511976354796
5511974221744
5511976341069
5511976352196
5511996290316
5511996535557
5511997831061
5511999584994
5511956108035
5511980152131
5511996079754
5511996801511
5511996894040
5511998845020
5511999429814
5511999512153
5511999878596
5511964188107
5511999376534
5511976354758
5511977492849
5511993686605
5511996153565
5511998003838
5511999709815
5511976004585
5511997884615
5511962700248
5511963964041
5511970270642
5511971821872
5511991531281
5511963137088
5511976833277
5511989403463
5511966950641
5511970947788
5511976357706
5511973741632
5511982561341
5511997723105
5511998599785
5511964171443
5511975486516
5511976358649
5511995600106
5511998538984
5511999450824
5511954120555
5511969033245
5511969051034
5511976350585
5511991996508
5511994866605
5511998143311
5511973791657
5511997726942
5511971904902
5511976352386
5511997851558
5511998159920
5511976164296
5511989557100
5511995415025
5511971263405
5511976357777
5511995022264
5511995022277
5511995025552
5511995025856
5511998220045
5511981112521
5511981995799
5511973134881
5511974460139
5511976350352
5511996341992
5511996384313
5511998047810
5511964998426
5511986692728
5511997605584
5511989191604
5511976001486
5511995227103
5511993847559
5511999788790
5511976001977
5511980509954
5511981275452
5511989524610
5511967527850
5511997271379
5511961143111
5511967855084
5511998668664
5511997433572
5511997475592
5511982599424
5511992411356
5511964865344
5511988585931
5511974642008
5511974643473
5511973290814
5511976001850
5511991027499
5511991806683
5511991824078
5511991896683
5511994460725
5511995064078
5511999138017
5511999905762
5511947055797
5511993939700
5511971005438
5511997403226
5511941224526
5511968281541
5511972839661
5511972886882
5511976112800
5511984448500
5511995560582
5511995656542
5511996643222
5511996963222
5511998984863
5511972099555
5511971447707
5511988120037
5511993211555
5511995101977
5511999274588
5511984621812
5511986842467
5511992174170
5511999889863
5511950457986
5511972744352
5511973656724
5511974559178
5511999509245
5511983286018
5511969655050
5511976302149
5511979709807
5511980797980
5511980797981
5511999385809
5511970623366
5511987226687
5511971228425
5511972446491
5511982715276
5511986415021
5511996381505
5511942733650
5511959831150
5511975644742
5511973424125
5511995009650
5511997795505
5511997795517
5511998536637
5511973820607
5511974269810
5511993042903
5511975088585
5511994732080
5511941625859
5511975417643
5511976004165
5511989978161
5511996719037
5511997140642
5511998283890
5511999798758
5511965309967
5511972588932
5511995315913
5511999409828
5511973394105
5511973394185
5511985282363
5511947665372
5511983767230
5511953531962
5511973287768
5511974992088
5511974993102
5511991058983
5511995250413
5511995339197
5511995802567
5511996559927
5511971652660
5511997590942
5511982048830
5511982779470
5511993513815
5511998204883
5511976018100
5511987533659
5511995903499
5511972209674
5511991207952
5511992486844
5511997095145
5511974813797
5511990139360
5511998537855
5511942886377
5511964146897
5511968280179
5511968289242
5511976652311
5511976810390
5511984876622
5511999480395
5511983214156
5511998234293
5511973865860
5511993948512
5511999757756
5511999920776
5511976004482
5511992726586
5511983798332
5511982989281
5511998642432
5511969147878
5511993588428
5511994441678
5511976003060
5511973556917
5511998774427
5511976001039
5511996504037
5511997860919
5511974875584
5511976860307
5511964961559
5511996269291
5511999618825
5511997034950
5511971335870
5511971906837
5511971952293
5511973095087
5511996446402
5511984169332
5511971817288
5511981910713
5511996918593
5511997142677
5511997214977
5511999142522
5511947117540
5511947271107
5511947271108
5511976034493
5511976877226
5511988166034
5511991973250
5511993544969
5511994203416
5511994204632
5511972123540
5511998223877
5511983486636
5511984319998
5511985798899
5511996012341
5511992421101
5511964717811
5511994989363
5511959862304
5511998631992
5511999887286
5511999612356
5511997148650
5511942123554
5511970908809
5511976004081
5511960780720
5511983170574
5511996078072
5511974914177
5511993457653
5511997491417
5511971694010
5511992466641
5511994778335
5511995619304
5511997612284
5511972957858
5511973470752
5511963762295
5511963812350
5511971747915
5511973791011
5511981749252
5511994403725
5511953001824
5511972337502
5511972937905
5511973114883
5511971313264
5511973344232
5511987495897
5511970955120
5511974351704
5511974353107
5511995354811
5511999497829
5511973344015
5511996845153
5511992063007
5511996316631
5511953865805
5511998902425
5511985578822
5511991793638
5511942456476
5511947625660
5511972999372
5511996747305
5511996122926
5511979571545
5511982498355
5511982567051
5511983546166
5511989340671
5511997782620
5511997826200
5511998354616
5511951404249
5511957308182
5511967867907
5511976001385
5511981314111
5511985300354
