5511958232715
5511975319545
5511997741812
5511967578872
5511997231559
5511970477156
5511960164871
5511995810106
5511998401757
5511997180630
5511973963734
5511974528654
5511976353147
5511971533077
5511975032307
5511998120381
5511965922778
5511996592277
5511994511820
5511991245539
5511995779949
5511997987979
5511942764043
5511973760264
5511974338280
5511974773296
5511997405544
5511998718448
5511977303866
5511997493261
5511957635850
5511964583407
5511975399351
5511996601110
5511996666606
5511998663405
5511941988937
5511996545030
5511997620437
5511997678645
5511973141537
5511947467407
5511971313601
5511989828609
5511991682056
5511992261839
5511956541300
5511991212458
5511999367791
5511972957080
5511999039502
5511941514654
5511967884460
5511986601368
5511987587630
5511998509656
5511966365771
5511979702601
5511991094140
5511993095206
5511993449419
5511993546029
5511994574047
5511947512248
5511984550394
5511985918933
5511996354812
5511986347756
5511974008568
5511995529997
5511988380813
5511999280192
5511977021205
5511984691246
5511973815880
5511983538081
5511995554127
5511998994301
5511994421375
5511992910328
5511998405565
5511995560433
5511942644197
5511984941418
5511975662283
5511991757193
5511995628202
5511998739921
5511999562820
5511987604041
5511994085004
5511969172053
5511974415131
5511996904060
5511997370602
5511997865049
5511981195035
5511991581378
5511972950648
5511997007364
5511992780186
5511985280443
5511991521490
5511994883746
5511994883816
5511994883820
5511994888764
5511993770573
5511999235530
5511960230202
5511971767815
5511972506040
5511996037538
5511971485682
5511995356656
5511940161599
5511947984911
5511972860890
5511973914337
5511976375864
5511977717546
5511996585841
5511972100351
5511974836243
5511975108835
5511975830494
5511991214975
5511993902578
5511969772667
5511987663122
5511954941794
5511983943554
5511991400470
5511991920303
5511970875357
5511964731274
5511979570093
5511986730781
5511995954205
5511996524283
5511973979735
5511998828096
5511971228889
5511977372328
5511966029853
5511969256923
5511988763214
5511992313943
5511992314600
5511992317322
5511992317921
5511992318453
5511994964307
5511961903571
5511964915726
5511985236579
5511993428085
5511999552366
5511974006795
5511975577889
5511996592884
5511996721719
5511963970116
5511997970850
5511978716847
5511992143213
5511997832270
5511970277086
5511996242781
5511999993042
5511996540738
5511976639637
5511999163950
5511978782750
5511991311205
5511991451925
5511992133548
5511992404430
5511998691870
5511947026617
5511960308675
5511989012187
5511996886428
5511985424693
5511969965620
5511997707156
5511999910774
5511994805795
5511985371462
5511997479523
5511982912554
5511982920857
5511985010025
5511985010124
5511985150077
5511991529966
5511960269218
5511971566574
5511976626209
5511996919467
5511976425100
5511996533506
5511972605050
5511999062678
5511999666432
5511999962495
5511997377267
5511998791916
5511995445079
5511965744609
5511968280019
5511987966200
5511997341899
5511988187975
5511989440700
5511991090832
5511991095470
5511976489098
5511996720580
5511966446349
5511995339073
5511996787834
5511970949068
5511973018174
5511973151567
5511984431693
5511986849940
5511995658348
5511998295714
5511995227307
5511998848560
5511996512549
5511974657913
5511994281542
5511997465791
5511954583111
5511991234001
5511993624728
5511994048838
5511989720087
5511993527607
5511996121771
5511997211552
5511998972008
5511997771893
5511947110170
5511947762661
5511972587695
5511994975889
5511998883619
5511968591120
5511997663877
5511999293877
5511999685038
5511973780079
5511995484839
5511992188795
5511992658582
5511992739291
5511981245759
5511986747669
5511998674766
5511976100405
5511997257904
5511993658367
5511997481814
5511961262425
5511985134210
5511991213855
5511971812223
5511971079597
5511973774775
5511996896922
5511996096106
5511996947932
5511973191997
5511992527660
5511971046918
5511981840945
5511999675666
5511953106517
5511971734121
5511997334242
5511999733424
5511971476610
5511990592387
5511941766239
5511964045433
5511998520108
5511963715127
5511971857824
5511982351490
5511991049573
5511993545940
5511981171758
5511986076408
5511992871919
5511971629363
5511987305421
5511992452091
5511999040971
5511985251790
5511995429665
5511974140284
5511982948225
5511991458247
5511998150330
5511999985889
5511972330513
5511978871988
5511979500588
5511995277660
5511997624239
5511984070810
5511986473067
5511971766104
5511982344091
5511986331896
5511964013660
5511998315822
5511976004154
5511998095562
5511977691425
5511982018469
5511940123065
5511947625820
5511991195328
5511994409137
5511998506125
5511999340281
5511950632466
5511970934091
5511975665622
5511965016955
5511968280845
5511969331626
5511971458331
5511974940478
5511983746395
5511995559784
5511996990480
5511997329399
5511965986509
5511975031162
5511975981885
5511977119657
5511988633921
5511991833616
5511992822714
5511997863469
5511972932744
5511947977740
5511971376330
5511971376440
5511995480499
5511999285068
5511944936303
5511956366988
5511971380492
5511972607492
5511996113048
5511996159934
5511999926034
5511975568265
5511976170391
5511991633375
5511993997668
5511948526499
5511960757884
5511992153425
5511992157174
5511992761931
5511992769073
5511994251991
5511996574723
5511997173015
5511974670230
5511981578446
5511995624017
5511997167398
5511997180559
5511999000456
5511999128727
5511989102216
5511957778479
5511962775299
5511968312787
5511972286847
5511992081378
5511995116704
5511996238516
5511996678073
5511997752019
5511974993416
5511982925552
5511989819721
5511943213881
5511958478284
5511974765001
5511974825278
5511991769664
5511974799669
5511994345005
5511994379600
5511999276370
5511944490204
5511947432755
5511971170971
5511978066891
5511981931479
5511992418090
5511993624493
5511999960018
5511947656690
5511947656691
5511963254952
5511981329737
5511984644488
5511984737907
5511985421602
5511993344164
5511971825333
5511981932554
5511991072554
5511970126814
5511982288673
5511992881088
5511993929950
5511994699791
5511999699396
5511968311384
5511973007541
5511985676915
5511991035438
5511993097595
5511991429884
5511991647516
5511996864946
5511997363613
5511999492429
5511999940619
5511943515295
5511955590915
5511964038566
5511969775105
5511995518910
5511996341403
5511996736900
5511996804286
5511996804296
5511971043688
5511998309769
5511976506943
5511981334050
5511988374372
5511998573910
5511999722672
5511950550959
5511993468689
5511996098200
5511996112088
5511996266918
5511997979430
5511997269094
5511971901858
5511971904946
5511971905921
5511973687776
5511974954946
5511995903455
5511986201614
5511992718608
5511999271860
5511950572612
5511950574872
5511957707092
5511958520471
5511970975812
5511975692177
5511975922043
5511996323119
5511998325063
5511999531289
5511999707338
5511999978971
5511997084381
5511971456725
5511972045466
5511977518195
5511977519185
5511991933366
5511991935466
5511991936513
5511991938235
5511994965440
5511995514917
5511996937301
5511961832493
5511993760271
5511996626653
5511968311311
5511983465506
5511996130709
5511999613070
5511947885878
5511950456067
5511965062977
5511971178784
5511982596557
5511992910826
5511997117704
5511999165611
5511999507297
5511941476685
5511953220510
5511972916836
5511976348854
5511984616278
5511967960803
5511982979644
5511972818821
5511997281882
5511999544070
5511985948520
5511994355244
5511996593655
5511957873035
5511965009434
5511967995960
5511971553550
5511998940675
5511991515664
5511995780302
5511972071308
5511999622559
5511979676109
5511992497953
5511970981110
5511997162318
5511981195352
5511991232489
5511999920614
5511974274366
5511995063139
5511999202455
5511999624421
5511999693761
5511940327118
5511960270967
5511960305413
5511973111167
5511976192767
5511996142363
5511961601012
5511984475289
5511998979711
5511982447781
5511999882684
5511943636241
5511973969595
5511985368363
5511991094203
5511996003184
5511996705797
5511999928363
5511972397641
5511992356619
5511991773600
5511993012593
5511994805719
5511969661819
5511980906510
5511970683642
5511996462739
5511991734691
5511995730709
5511982745655
5511983397260
5511998499068
5511999374976
5511976103513
5511997711660
5511999881208
5511966436062
5511964114631
5511964135334
5511964713668
5511969047282
5511971503020
5511971584156
5511971778884
5511973710027
5511999940635
5511999967772
5511972144001
5511986399242
5511964922614
5511995428910
5511971442268
5511973779030
5511975480559
5511975587124
5511969496453
5511985404065
5511995256067
5511995451472
5511981071851
5511973661437
5511959379118
5511969032357
5511973845285
5511992783254
5511961146596
5511965815060
5511966550797
5511972564132
5511973278687
5511981176365
5511995584768
5511995765503
5511969029368
5511994128509
5511997652117
5511997863738
5511997891869
5511983042440
5511983912646
5511941188248
5511962014266
5511962300961
5511973854472
5511979654097
5511985746046
5511986634845
5511968284525
5511974080235
5511983400213
5511992910500
5511972386357
5511996623563
5511964101939
5511976101168
5511991414518
5511995227712
5511998130124
5511974747432
5511983318750
5511985264681
5511997795831
5511999602681
5511998188755
5511997633905
5511968470179
5511974483356
5511997000518
5511966985912
5511992379561
5511947313136
5511986973863
5511997875153
5511952814016
5511987306444
5511991105122
5511941192749
5511974035023
5511975416511
5511975423929
5511998198394
5511999459778
5511973818232
5511992477456
5511992744756
5511982478305
5511995448400
5511999380288
5511952217112
5511982576260
5511970461878
5511972653448
5511972876964
5511972876968
5511973446038
5511974061494
5511998344453
5511999106774
5511970229518
5511972135552
5511976778026
5511940090689
5511998888194
5511987937137
5511998311482
5511963879566
5511970830485
5511994883858
5511981585470
5511997342884
5511947107025
5511963258581
5511965460165
5511966826094
5511972707286
5511973687250
5511996271770
5511971044017
5511974459166
5511976760542
5511993622467
5511996174727
5511999499002
5511999949900
5511982023924
5511992403087
5511992550335
5511994765476
5511968281065
5511995555432
5511961991898
5511991902488
5511992184881
5511992188217
5511992647826
5511994118328
5511974761755
5511998274197
5511945478851
5511970619473
5511972205237
5511959605995
5511968185030
5511999607147
5511941232812
5511996927517
5511996986852
5511966724020
5511950203924
5511977522048
5511982866062
5511986898131
5511963693997
5511983382130
5511941767302
5511961304982
5511997184620
5511953479825
5511958469225
5511989128667
5511991545426
5511998177365
5511998157308
5511998490873
5511998994354
5511991594357
5511974629356
5511975884213
5511952759478
5511971273383
5511973659545
5511975446963
5511975575516
5511999649545
5511969645567
5511974673253
5511995172286
5511996000538
5511950436652
5511971863752
5511995641634
5511998511892
5511998520934
5511971786257
5511973460182
5511996970968
5511999152332
5511953951877
5511982619463
5511984284427
5511967481942
5511982049707
5511994099335
5511981404732
5511953886674
5511968152598
5511972639108
5511983003151
5511997754142
5511998683019
5511999453890
5511950547940
5511970756375
5511985050515
5511992406493
5511969834783
5511991703846
5511962044801
5511969040736
5511974780060
5511984335323
5511997493691
5511971222207
5511972153815
5511975172872
5511975280598
5511976020454
5511995220113
5511999484805
5511972561978
5511995461991
5511997353858
5511961981757
5511942874735
5511995556567
5511955000033
5511964557650
5511960914302
5511963080594
5511965430867
5511976102774
5511965009420
5511991113360
5511991441033
5511991449444
5511992098830
5511992126653
5511947048810
5511996569291
5511999503168
5511969645455
5511989214827
5511998921482
5511979649074
5511997699200
5511991613559
5511961862360
5511973326221
5511997207880
5511998117180
5511981039212
5511989205659
5511982342413
5511947532947
5511996774572
5511979923658
5511982813710
5511964856885
5511970952482
5511976614190
5511988069667
5511998108333
5511998880402
5511976101272
5511997902611
5511998885543
5511999936045
5511971528807
5511972387922
5511995216052
5511997457462
5511972200822
5511989453549
5511991251635
5511991384427
5511999142991
5511961883347
5511991395351
5511991732573
5511940297876
5511980597646
5511991619042
5511993047763
5511991316942
5511993474495
5511973746263
5511997705403
5511999531609
5511980582270
5511989700212
5511971269424
5511997193380
5511957748222
5511967009739
5511997517995
5511997789026
5511998437451
5511999003524
5511963858911
5511966771330
5511984533049
5511986801301
5511963989041
5511983834491
5511997115490
5511971590610
5511973469218
5511997098362
5511999509390
5511942065150
5511973708388
5511993621522
5511970284704
5511962434474
5511967403059
5511992951000
5511992971474
5511964764941
5511971633349
5511997198110
5511941414539
5511965896646
5511982607424
5511989423280
5511993428213
5511993505990
5511958406282
5511997764795
5511995341701
5511998616189
5511997471955
5511995210731
5511946277693
5511965768090
5511973525993
5511972548174
5511972823433
5511974998071
5511983195959
5511995744368
5511997689782
5511997750044
5511998193216
5511998195959
5511998509050
5511964020307
5511994743476
5511994909317
5511996933220
5511961165919
5511976396648
5511997449692
5511967946369
5511969568710
5511997653498
5511997854995
5511992361615
5511999532912
5511991898914
5511963944166
5511972540576
5511999954778
5511943320963
5511995407969
5511957411196
5511961344315
5511961654138
5511968958781
5511972203814
5511987206702
5511985446716
5511996473288
5511997216200
5511969129957
5511975209789
5511991163574
5511995288895
5511996791560
5511999039337
5511992866229
5511996021579
5511972471645
5511995463678
5511972863788
5511981115429
5511996771602
5511995350087
5511947525723
5511981837930
5511999873043
5511969027071
5511975632428
5511975763818
5511996012800
5511996482800
5511997008454
5511983545565
5511941885550
5511943620518
5511994077810
5511995841775
5511998055961
5511965120263
5511967999956
5511991130409
5511971263806
5511973878816
5511985001334
5511985257730
5511985523322
5511996903297
5511976944443
5511991816362
5511982878717
5511995438529
5511962201006
5511976715891
5511941782939
5511964754455
5511974619560
5511995358244
5511996667911
5511998350151
5511957796048
5511968778592
5511974983890
5511975740203
5511978629885
5511995576233
5511992111307
5511995687845
5511940163446
5511947900461
5511968287030
5511999999342
5511975802069
5511973655025
5511998759252
5511950206752
5511962051201
5511967375988
5511983473580
5511996737598
5511994482974
5511999414505
5511973870272
5511975797335
5511996539473
5511950404441
5511967799176
5511967799179
5511985235799
5511955202808
5511961865578
5511972110816
5511984433834
5511965037070
5511982056021
5511993456982
5511999104088
5511961467330
5511968465483
5511998987356
5511966240982
5511973972903
5511987152698
5511989650416
5511998482407
5511989782846
5511991226897
5511994490169
5511994527162
5511995527841
5511995627946
5511961158589
5511966041794
5511974954531
5511975055577
5511995143976
5511995145140
5511998491328
5511998491329
5511972346978
5511995727934
5511997368184
5511999487187
5511942077160
5511984146535
5511998414653
5511974158275
5511980970519
5511995977615
5511997721844
5511998097051
5511979930375
5511991404479
5511977748836
5511971035953
5511974590007
5511988555545
5511954738341
5511963395192
5511963448880
5511986600532
5511989924244
5511983763806
5511992617269
5511956598174
5511969506163
5511982285258
5511982852580
5511953144488
5511965307114
5511971856976
5511944503441
5511966425467
5511974562712
5511996644871
5511996418892
5511999430402
5511973794566
5511997682785
5511941887345
5511950442746
5511987425520
5511992383186
5511999378394
5511962008347
5511962054508
5511968606821
5511991609773
5511997868455
5511998441066
5511991740296
5511994454514
5511994457669
5511994639010
5511994843499
5511996152242
5511996152787
5511967671974
5511982720135
5511961006521
5511975202500
5511976304220
5511979690436
5511982665607
5511999178001
5511971679051
5511973956111
5511996612486
5511971608458
5511983528685
5511985235800
5511996767110
5511997702923
5511985353436
5511999167257
5511963822126
5511999779410
5511999977941
5511957559208
5511984117517
5511991123773
5511972961647
5511970145696
5511960489707
5511947435618
5511971495774
5511998330213
5511972964311
5511986094990
5511975961048
5511973753708
5511983178466
5511961841397
5511983287465
5511987319321
5511994242938
5511995087973
5511966021027
5511952386547
5511952542506
5511962122010
5511982645083
5511983339596
5511986350875
5511987284204
5511993700789
5511999496194
5511962040998
5511975743491
5511983802296
5511991535492
5511994210795
5511995805932
5511997041662
5511996468559
5511981492875
5511997862069
5511987375122
5511976105993
5511991427473
5511999081304
5511962281148
5511963542012
5511998926007
5511997317380
5511963726165
5511980400403
5511983050574
5511996372616
5511996848211
5511997571073
5511972261502
5511986193201
5511959676210
5511986928115
5511991489346
5511991810071
5511995573565
5511998173827
5511968185294
5511971341689
5511997295435
5511964797385
5511974730224
5511974999482
5511998586718
5511998833224
5511967384696
5511981197717
5511981932059
5511995422059
5511998846201
5511964073953
5511972112250
5511979879915
5511979879926
5511997923094
5511981590683
5511982868834
5511999085802
5511971593692
5511972398369
5511975011794
5511986176100
5511961978141
5511996101212
5511996213649
5511998088703
5511998341360
5511976887928
5511989340234
5511961686361
5511987499555
5511996787015
5511971712021
5511982937868
5511984855326
5511999768694
5511940158191
5511942523709
5511968292300
5511971095592
5511971531415
5511999636505
5511999699080
5511968671863
5511985410326
5511997997408
5511960574549
5511964174240
5511996410428
5511959754008
5511947341159
5511947341160
5511954978880
5511997821209
5511998459000
5511999368857
5511997087847
5511974058632
5511987974632
5511973052520
5511983220751
5511978099721
5511996155372
5511999662489
5511944418390
5511996860090
5511943295487
5511976041826
5511988552298
5511989169710
5511989560062
5511942430331
5511949203719
5511992114421
5511983019148
5511998120396
5511968000026
5511984152062
5511973025536
5511977549386
5511996095324
5511999527322
5511999527433
5511999634662
5511968281845
5511968393252
5511981852518
5511984456941
5511988919914
5511991124159
5511998469341
5511967000468
5511982977245
5511996700046
5511993299207
5511971563180
5511997082023
5511997764363
5511947109526
5511947576388
5511969091444
5511975888162
5511997702856
5511997812294
5511998594853
5511940257434
5511984916918
5511971648587
5511975424298
5511994185972
5511997320271
5511969169627
5511956185979
5511961676454
5511970987442
5511996453615
5511997257279
5511999257054
5511999269426
5511967640032
5511971323856
5511971910454
5511971910464
5511966450365
5511991585869
5511992718285
5511971190650
5511971255450
5511980815395
5511985128170
5511991285463
5511976104051
5511991877909
5511993632721
5511993957033
5511994588771
5511971477154
5511942324024
5511993639329
5511973430349
5511980786440
5511997051942
5511991286568
5511981797991
5511987421112
5511981413137
5511994979774
5511970716459
5511976102268
5511991789040
5511994712956
5511953031646
5511968591423
5511969002428
5511998515539
5511981095284
5511972995779
5511999794246
5511995711371
5511975886556
5511998395290
5511998399138
5511999178184
5511964975260
5511971888839
5511972830879
5511974742674
5511999176452
5511999330868
5511972008550
5511998185770
5511996016536
5511999727757
5511996089895
5511983972542
5511993624412
5511967781745
5511971433711
5511972180439
5511973687009
5511992119943
5511996475516
5511999179109
5511972488185
5511972709659
5511972979448
5511973092285
5511974512026
5511977304454
5511996363709
5511972355227
5511972617770
5511941039928
5511961194918
5511981637071
5511995882389
5511996897188
5511998943528
5511999491888
5511972303861
5511974564995
5511984282783
5511989529297
5511992784151
5511963131000
5511989492860
5511992580080
5511987394036
5511961922018
5511972352394
5511972161826
5511997216182
5511972128491
5511991533621
5511994702634
5511999121272
5511995681435
5511996039722
5511999179221
5511999501037
5511999779275
5511975127719
5511980724646
5511996829144
5511972933753
5511996135585
5511996370938
5511996853706
5511999192352
5511999458838
5511970860410
5511972040828
5511973509088
5511998082097
5511977133282
5511981383588
5511985917088
5511999317088
5511999525088
5511995782835
5511995746329
5511998946838
5511971059655
5511962166275
5511983301822
5511984647719
5511993685555
5511975858370
5511982232046
5511983350657
5511985825024
5511991343906
5511997682016
5511983565221
5511996341121
5511973085544
5511998013878
5511975585560
5511991924948
5511989894366
5511994867131
5511993700724
5511993707270
5511988806081
5511991600626
5511992832424
5511992832991
5511996864173
5511973721636
5511973971540
5511987089280
5511992022493
5511967387177
5511996026290
5511996179789
5511981367726
5511999969028
5511966980660
5511993410615
5511999858440
5511950210946
5511986078006
5511995953230
5511999137138
5511959522981
5511985659294
5511967273930
5511999281400
5511971858272
5511972572125
5511984193875
5511995159795
5511995786917
5511981611428
5511992689917
5511971661940
5511979671218
5511997108970
5511971073761
5511974017714
5511977412856
5511991054277
5511992944640
5511998071293
5511999000680
5511991599470
5511995208079
5511982770610
5511993440237
5511996499975
5511968507502
5511969091730
5511973098505
5511973711527
5511976852464
5511997317177
5511953202025
5511967202021
5511969716480
5511973479752
5511974410255
5511996720202
5511997126353
5511997690042
5511999384710
5511974578655
5511969012033
5511970787462
5511974249632
5511974336482
5511975918484
5511993972970
5511994601122
5511997377080
5511971126774
5511995135897
5511944478647
5511993167466
5511969778814
5511993733682
5511997996466
5511986089068
5511956280170
5511997964518
5511970875333
5511975396523
5511975547866
5511997073573
5511940126468
5511953067974
5511953068340
5511955570420
5511975467890
5511993706743
5511999517942
5511982684635
5511988032456
5511950265936
5511967625769
5511973847080
5511975905663
5511997010978
5511998181654
5511954645367
5511961116972
5511974138932
5511974607354
5511974638751
5511975740820
5511997873891
5511999155754
5511999553891
5511998299819
5511998781360
5511973583882
5511974925362
5511995466487
5511999667334
5511999814914
5511966460026
5511966461386
5511970850171
5511989841210
5511991432779
5511992081983
5511972197759
5511943355623
5511961005363
5511974917572
5511974925800
5511996997811
5511997197911
5511999565966
5511971400834
5511994079625
5511994722182
5511994722850
5511968289493
5511972789551
5511993067127
5511999117669
5511999783648
5511942462919
5511962927754
5511980678020
5511941110759
5511955775510
5511971873021
5511974010644
5511984878787
5511992987779
5511998917835
5511999101099
5511964714570
5511971422874
5511999146988
5511999147173
5511965369966
5511996019062
5511996797466
5511974643300
5511996759488
5511996721815
5511982766173
5511995342819
5511998594282
5511944582294
5511995302031
5511996692265
5511999622650
5511962157282
5511973101326
5511996277571
5511974673050
5511972863794
5511982788603
5511983143396
5511999657642
5511991028002
5511991028042
5511984760937
5511991057497
5511973795535
5511996793329
5511968281395
5511991618555
5511997177576
5511956082958
5511963527277
5511980412958
5511968886045
5511973537988
5511975369595
5511999630505
5511996282903
5511979920716
5511986271352
5511993169455
5511994771540
5511965546380
5511967364551
5511972594733
5511993954576
5511996554638
5511997077629
5511999753963
5511972267297
5511998123869
5511999387760
5511982662489
5511991737325
5511940010033
5511940010039
5511940043846
5511940043847
5511940043848
5511968285410
5511996024577
5511999955993
5511960210200
5511997285240
5511997910763
5511981447679
5511982334560
5511983278224
5511995991133
5511972191978
5511973406359
5511997223354
5511997696033
5511954740671
5511971825749
5511973436991
5511976103432
5511976339794
5511981148274
5511981529948
5511985751633
5511987122580
5511995932125
5511959035508
5511987631553
5511997556238
5511940531717
5511976040908
5511982219719
5511967401628
5511995082130
5511953698114
5511992064743
5511995054642
5511995268228
5511973044923
5511995044734
5511978322739
5511974069304
5511991185234
5511998933868
5511973359431
5511973359434
5511969282051
5511978297403
5511991881699
5511992153744
5511992719311
5511992744273
5511969291809
5511991392013
5511991392071
5511943914605
5511982112736
5511983610446
5511985366015
5511986398469
5511999686015
5511996057029
5511961947695
5511968281386
5511978072044
5511992730605
5511996828138
5511978166336
5511997024080
5511991794489
5511992460842
5511940064846
5511947119350
5511947512265
5511947923675
5511991398107
5511941565591
5511972954329
5511975582905
5511992237892
5511976101795
5511943111419
5511947489556
5511999268175
5511968348935
5511983258370
5511983479361
5511974505122
5511998728045
5511971641105
5511999448483
5511996637469
5511964034206
5511970166953
5511971965623
5511975434936
5511998634206
5511998093626
5511973930724
5511999117799
5511982684960
5511991642626
5511999315679
5511999911518
5511996835643
5511982744669
5511963374268
5511991942425
5511997923541
5511997923548
5511998019203
5511998030463
5511972247919
5511974343455
5511967040780
5511974240242
5511975698914
5511995660549
5511997268028
5511941305963
5511975245424
5511997785544
5511972913884
5511984692679
5511998428812
5511998956893
5511995552969
5511997403308
5511991021990
5511971771800
5511972561897
5511950415103
5511962859796
5511973295058
5511987821963
5511994374854
5511999034715
5511972760311
5511998179951
5511989719893
5511982989979
5511995260041
5511969075626
5511985125548
5511998622075
5511981112528
5511986736713
5511982951496
5511973537354
5511956054335
5511972392787
5511973051290
5511975989943
5511998872320
5511980706158
5511941572361
5511981440941
5511942455084
5511970285490
5511970285517
5511996543123
5511997150353
5511951701237
5511982128079
5511973841429
5511950260760
5511964977480
5511965204930
5511965640649
5511974287692
5511980457812
5511982266903
5511982672040
5511987879335
5511997978344
5511971349200
5511982979271
5511997694415
5511997066720
5511999466302
5511954055887
5511972436818
5511982024689
5511998051760
5511942144850
5511964749753
5511991947806
5511965844599
5511992248950
5511992278754
5511999498637
5511975784080
5511997635551
5511960583928
5511974643300
5511983912231
5511971299872
5511971859966
5511984667800
5511996057522
5511998404290
5511998404747
5511996019108
5511941247798
5511947152621
5511947760430
5511995812054
5511999929559
5511989538115
5511992444567
5511966517386
5511982797749
5511992114159
5511976295089
5511973788341
5511973899668
5511986222092
5511993079994
5511971416750
5511971520101
5511984222665
5511984272213
5511989034697
5511995471451
5511998275880
5511982524147
5511982524174
5511982524650
5511991470865
5511999981065
5511989820734
5511993764585
5511994857178
5511995684146
5511975977346
5511995580910
5511997570872
5511974505232
5511974080912
5511988876727
5511992231013
5511971954954
5511977458344
5511995215031
5511997063341
5511997642390
5511968149071
5511968675992
5511971571335
5511963791777
5511981074890
5511955526689
5511971302621
5511991580833
5511996677084
5511997388835
5511999986689
5511999989621
5511966162312
5511984641884
5511974976206
5511980556429
5511941347019
5511973297758
5511976901590
5511993252182
5511960591679
5511971532141
5511996086679
5511999085479
5511997378063
5511999101613
5511970793440
5511972540717
5511976477714
5511976486420
5511968445623
5511987385299
5511995345833
5511997479722
5511998738529
5511993603398
5511963855610
5511972779896
5511975801338
5511997692666
5511947669150
5511961355095
5511973736807
5511988488144
5511997766995
5511963532987
5511976301936
5511947205557
5511979791527
5511981714276
5511998333693
5511982549838
5511996819292
5511982700443
5511961975445
5511981842229
5511981848835
5511983038324
5511998184222
5511996149872
5511997394294
5511973584650
5511998321598
5511942959002
5511971499693
5511981936320
5511995632535
5511996669585
