5511995380286
5511999667455
5511957711359
5511967761814
5511974525384
5511995996140
5511996801894
5511976034141
5511976035165
5511976034844
5511996079975
5511997468214
5511971346977
5511983974632
5511989509767
5511941835953
5511975844700
5511997717077
5511998163053
5511997198000
5511997198019
5511998102308
5511972694993
5511974610136
5511980337496
5511972437023
5511998630120
5511972747000
5511974389009
5511972477441
5511993273386
5511995895841
5511953010777
5511976031553
5511997702798
5511976035827
5511981739004
5511984267954
5511998173900
5511999465191
5511979909124
5511991124831
5511996042557
5511997363687
5511961820439
5511968430138
5511976243068
5511989515426
5511994905088
5511995092161
5511998750250
5511968292844
5511973774630
5511980602366
5511995742366
5511972287047
5511976031829
5511997821563
5511946272474
5511954744198
5511961157675
5511961967149
5511971300110
5511972612112
5511999177615
5511974417192
5511981368918
5511981748087
5511982089377
5511982687006
5511983821006
5511986169876
5511996052532
5511998268700
5511999710901
5511983419953
5511992946665
5511996953436
5511998616908
5511974339651
5511983879078
5511997561970
5511965810734
5511991100731
5511992089848
5511992770300
5511999488929
5511999489848
5511997007432
5511944908007
5511973917535
5511987494154
5511991347047
5511991875164
5511947527419
5511947756489
5511955806525
5511972389141
5511974699692
5511978834157
5511996130660
5511994083570
5511976034090
5511998893386
5511999889338
5511995842325
5511974496553
5511976032606
5511983880659
5511996620967
5511975044619
5511996110520
5511998343947
5511998373744
5511976032903
5511959143564
5511991431306
5511995132024
5511976031946
5511964795258
5511976035321
5511976967943
5511991930885
5511991930886
5511998277625
5511976032894
5511984474422
5511984475498
5511981118285
5511998221329
5511930074185
5511963824953
5511971919503
5511974088575
5511975911401
5511996445765
5511997841162
5511998508844
5511999004009
5511999744248
5511999745093
5511992320741
5511993500758
5511976033076
5511974438097
5511995949074
5511985287794
5511991525525
5511993056169
5511999121881
5511976032184
5511991140415
5511991149498
5511992515097
5511989434088
5511997086324
5511997863073
5511966097317
5511981081553
5511963847866
5511996899628
5511999969614
5511966017202
5511976812802
5511988024465
5511972034609
5511976031035
5511980507029
5511995275528
5511991149924
5511991370744
5511992022617
5511992091985
5511992252127
5511992570183
5511957772850
5511971635059
5511973667245
5511981492620
5511981629370
5511996332862
5511999198322
5511999704745
5511999704758
5511976033024
5511997245435
5511998969377
5511988507105
5511992120550
5511971707068
5511976035618
5511942321480
5511963713045
5511991413453
5511991428290
5511991490702
5511995756887
5511995010794
5511998209157
5511956098212
5511968282240
5511971679098
5511971929647
5511989103603
5511997596887
5511997604815
5511997604870
5511997704815
5511941491661
5511971746117
5511983411673
5511999299552
5511983965446
5511947494361
5511996620295
5511982497772
5511997208819
5511997680332
5511973964083
5511998628873
5511965079560
5511972270433
5511975236097
5511953643165
5511973363614
5511942108532
5511975165622
5511997516562
5511981357280
5511941416214
5511961869090
5511971798140
5511973328140
5511998999605
5511972795939
5511976820085
5511994427133
5511997267240
5511966084434
5511973574137
5511997115565
5511999711556
5511974923467
5511995440324
5511972464776
5511998885732
5511983391520
5511959111957
5511963104192
5511952757229
5511964987873
5511971489296
5511971576597
5511971886557
5511995509163
5511974797302
5511976823801
5511973171875
5511984017823
5511995866356
5511997244150
5511968429710
5511995500661
5511972730117
5511973250352
5511940034724
5511947185458
5511972154091
5511997238124
5511989418966
5511993647583
5511993697583
5511999414065
5511999017907
5511988154141
5511970719341
5511980314474
5511981194460
5511981873281
5511983194566
5511984770022
5511985424486
5511994400032
5511995753743
5511995753744
5511999335441
5511986268038
5511949392772
5511968744740
5511974216469
5511974715416
5511974692071
5511967863273
5511973316175
5511974406338
5511975851996
5511997920055
5511999969292
5511970242875
5511972745648
5511995850031
5511997878616
5511995377230
5511994253725
5511997026125
5511972761403
5511972761405
5511972988639
5511976590706
5511997245953
5511968480544
5511971426324
5511974078167
5511997191568
5511997703964
5511969172128
5511976047311
5511992634644
5511994507048
5511974432305
5511961685347
5511989378727
5511991374523
5511992876073
5511940352786
5511940352787
5511940359444
5511973534127
5511974799624
5511982590382
5511946256976
5511957068352
5511962896324
5511973703114
5511999671153
5511983437475
5511978051006
5511994954123
5511996786403
5511999604079
5511989256562
5511997230360
5511999272416
5511972701932
5511975859631
5511981955757
5511993842823
5511988233061
5511988741062
5511991650763
5511993139231
5511971701832
5511973751377
5511995286223
5511976149192
5511976538351
5511976727176
5511983492072
5511997393229
5511997393290
5511947444918
5511947444919
5511947444920
5511956407820
5511972502561
5511996106540
5511996290330
5511999910909
5511999910969
5511950243623
5511976031105
5511997207565
5511997208030
5511972869476
5511997243453
5511999059737
5511973226944
5511974669344
5511995699025
5511997488785
5511997503210
5511999213670
5511999699116
5511981821740
5511982862839
5511991423348
5511946368496
5511948885446
5511971099947
5511971427568
5511972051947
5511975410915
5511975414084
5511986342736
5511989555581
5511975260494
5511971175246
5511972702232
5511999452898
5511982757679
5511972975597
5511954720307
5511961877170
5511968291195
5511975126609
5511975523455
5511944430410
5511971806749
5511982258203
5511940894343
5511995096795
5511995578559
5511971781273
5511992521557
5511962958237
5511997393819
5511958476891
5511981944639
5511974552517
5511964197646
5511993968096
5511969027467
5511981446306
5511994943092
5511996935743
5511996871144
5511999074404
5511946555451
5511981404236
5511989511978
5511971309508
5511974507630
5511992724024
5511973573947
5511998936807
5511946410326
5511966772427
5511967531305
5511969998094
5511974145296
5511996775067
5511996323369
5511998994450
5511963860586
5511973566848
5511967325276
5511985786517
5511998347611
5511995094593
5511998814890
5511972659824
5511975100654
5511991633349
5511991745646
5511997276335
5511997539028
5511997850266
5511974538083
5511975638947
5511987820359
5511996096422
5511998403334
5511991187596
5511974505119
5511980019800
5511993678351
5511994138567
5511997740210
5511998491200
5511998532742
5511964075877
5511973150511
5511982160959
5511995247919
5511995264986
5511986656720
5511997689848
5511997706364
5511967120984
5511972234036
5511972397585
5511997285822
5511971479861
5511991529675
5511995368580
5511954488578
5511964976407
5511968608985
5511971327249
5511999902972
5511981206100
5511991601806
5511982530300
5511993432431
5511983536860
5511992988697
5511982790787
5511999454701
5511999776533
5511994249503
5511940011080
5511940105881
5511984203183
5511950578550
5511961515527
5511963888727
5511976487918
5511978958185
5511995549885
5511981049242
5511995298253
5511967556163
5511980444411
5511994993560
5511971089660
5511982991360
5511995815567
5511995929613
5511997132457
5511971450258
5511972613219
5511985557450
5511993379390
5511997872815
5511980842273
5511974041828
5511995605382
5511997387407
5511998337513
5511985829138
5511997086701
5511997377984
5511994616618
5511960883103
5511993848539
5511973380101
5511982578866
5511999462962
5511953097691
5511955505418
5511993440828
5511999614657
5511941795536
5511947430939
5511959938086
5511968287340
5511974691454
5511975150907
5511975632888
5511983091361
5511998153992
5511964131154
5511995638699
5511996156011
5511996368211
5511996521467
5511999374786
5511967655266
5511967657501
5511971353730
5511979338524
5511980860363
5511980860364
5511996587547
5511998086036
5511962770042
5511980774930
5511987814820
5511989495382
5511947646928
5511963225882
5511982918146
5511991798934
5511965538364
5511973975869
5511980989712
5511995185565
5511997799771
5511999705772
5511972696216
5511972696221
5511954935305
5511972412171
5511975890823
5511986820410
5511991868563
5511992891349
5511995493530
5511944643966
5511956306323
5511995650588
5511995660035
5511998002133
5511971861404
5511948272998
5511975881280
5511985829021
5511995697808
5511955778148
5511961066357
5511961499931
5511995856135
5511996449993
5511993772916
5511998335517
5511999223170
5511999223177
5511957905035
5511971207301
5511971670582
5511977657106
5511981391668
5511996021668
5511998716034
5511996363699
5511987794086
5511993111169
5511966041457
5511969187704
5511976418449
5511982449256
5511989648634
5511995912432
5511996319222
5511940082692
5511943353047
5511945339393
5511991433413
5511992196694
5511992263365
5511993263365
5511974313659
5511976642308
5511995177884
5511960847686
5511988689958
5511997036515
5511971751899
5511973356936
5511998366854
5511998400585
5511947915797
5511973893338
5511997427377
5511993406472
5511997656766
5511996250598
5511969953168
5511975614587
5511995953677
5511997237972
5511999587658
5511976117985
5511973033582
5511987819674
5511987573874
5511989624254
5511994724809
5511999002887
5511999132903
5511957715424
5511988749330
5511999405090
5511972322984
5511997249422
5511976102246
5511985009455
5511995054288
5511962216458
5511972168822
5511981349398
5511982892177
5511998289217
5511999663155
5511995154823
5511975806504
5511996632219
5511946237586
5511960245606
5511963717337
5511985036030
5511998672401
5511999914892
5511958536781
5511971348214
5511971951759
5511974569391
5511974901428
5511983788800
5511980495409
5511999975538
5511976103995
5511994816264
5511998500457
5511982221099
5511983969316
5511971750040
5511981877101
5511986448491
5511967452665
5511973507441
5511980164376
5511994924049
5511994817465
5511968281897
5511982680169
5511999605081
5511977794442
5511979560232
5511979560235
5511987022300
5511999873390
5511982595030
5511994063422
5511971051097
5511974929940
5511947905545
5511976850698
5511992870160
5511995852870
5511995962283
5511998274540
5511986094336
5511997565651
5511995578440
5511983956001
5511994952881
5511997661151
5511954223066
5511999055634
5511969069672
5511974847557
5511996234549
5511997356350
5511982274464
5511971030084
5511971490485
5511971510758
5511974046080
5511992786818
5511998222561
5511976796930
5511996824426
5511999137414
5511974604574
5511999075629
5511970945292
5511997410384
5511991973887
5511947100993
5511966432550
5511998875620
5511999172552
5511984663854
5511985194002
5511993471302
5511999512618
5511994027729
5511998224556
5511999154222
5511991536301
5511992867060
5511996381670
5511983034585
5511994175657
5511998493030
5511999377170
5511960759803
5511984018615
5511971816423
5511983469804
5511994018817
5511973583199
5511975218914
5511981199343
5511963868901
5511981473853
5511982626655
5511982665272
5511999561893
5511964558494
5511985901346
5511974246138
5511976379005
5511989304233
5511999790429
5511999790937
5511999796343
5511998966158
5511944598383
5511950627160
5511951574211
5511987293280
5511997276040
5511997731634
5511959838020
5511971001046
5511971001946
5511973993360
5511976937500
5511988007878
5511989797327
5511996913375
5511997963694
5511964123176
5511955001309
5511967704304
5511971873958
5511975975226
5511996913323
5511950680938
5511995495475
5511951436418
5511976470023
5511946746673
5511957262376
5511996673516
5511997755121
5511987875516
5511999941583
5511976778156
5511982416197
5511965922559
5511976102838
5511998423864
5511996039828
5511972573519
5511973160534
5511981692558
5511996751858
5511971620813
5511974129134
5511995853857
5511997746601
5511953131243
5511972390488
5511980624641
5511993137742
5511997863930
5511976273821
5511988551152
5511992937368
5511994163727
5511999507880
5511975890710
5511988189343
5511997786228
5511981693272
5511984131767
5511993925597
5511999412543
5511981180324
5511995963465
5511956309368
5511995827420
5511997821938
5511999986411
5511983914288
5511991616250
5511996432524
5511998759967
5511975612601
5511983059585
5511985122621
5511987466577
5511964905867
5511986871840
5511995345292
5511998405281
5511999283755
5511943946731
5511957334190
5511943736719
5511983910498
5511995873597
5511998712367
5511980190946
5511963754304
5511989361226
5511999143960
5511973377755
5511973380066
5511998112828
5511996441399
5511997548399
5511943966544
5511968848434
5511971650680
5511975703729
5511993522223
5511999733997
5511998846294
5511997892353
5511973893322
5511976102558
5511993995901
5511998119461
5511953587714
5511964770902
5511974643075
5511996426435
5511995534252
5511975745212
5511995715115
5511996359093
5511976531375
5511976582217
5511991764243
5511974289878
5511998903044
5511973351974
5511998066393
5511958577647
5511960542342
5511963005404
5511972362493
5511997514764
5511998126057
5511999212363
5511972151043
5511975903818
5511975903828
5511995178517
5511963947575
5511997478846
5511975780868
5511982920375
5511996076405
5511997554413
5511998259181
5511991358621
5511956366190
5511976104200
5511991410638
5511987650833
5511998696581
5511966691321
5511980696990
5511949015239
5511976628963
5511981749154
5511992596093
5511992597703
5511974393914
5511991553535
5511993956680
5511994753791
5511972534204
5511997015032
5511997054343
5511973027392
5511964611170
5511972745697
5511982851055
5511998273495
5511973487830
5511957214323
5511981589787
5511982913720
5511985969178
5511965245599
5511989896839
5511994371877
5511994372286
5511994436146
5511994439059
5511994244084
5511972357570
5511971833097
5511980899307
5511988745640
5511991839869
5511993657443
5511997125480
5511997419556
5511976034025
5511999998893
5511968285500
5511972945718
5511957641774
5511982892298
5511974020401
5511962875237
5511975551908
5511981824292
5511986436806
5511995251801
5511953148560
5511965524829
5511991393853
5511981253204
5511962142206
5511995287558
5511991175067
5511995325053
5511942570783
5511966167796
5511971999475
5511984892786
5511964092298
5511971985400
5511973962062
5511995316937
5511999959967
5511953184370
5511971569463
5511999648648
5511971098352
5511970378404
5511986760451
5511993715547
5511962250131
5511971034021
5511972971989
5511982169787
5511996257704
5511947427760
5511947451633
5511973750200
5511976648151
5511993669547
5511996326050
5511999559426
5511999632605
5511962971597
5511972693046
5511968457056
5511999121055
5511975082038
5511989961058
5511989975036
5511986891536
5511998590513
5511999525277
5511983586575
5511961238930
5511982133441
5511971820742
5511996454309
5511986516836
5511994107403
5511996025221
5511997076070
5511999240908
5511982107626
5511995759453
5511971123870
5511995984562
5511965954718
5511973888407
5511992103721
5511997301825
5511992427163
5511974132262
5511974920566
5511995529347
5511997993582
5511994205873
5511940190500
5511971647451
5511993588840
5511994042005
5511994293033
5511988203968
5511994810124
5511966529631
5511967845217
5511968682462
5511952527104
5511981003251
5511972318409
5511986328229
5511985769373
5511989209187
5511995771467
5511998076247
5511947340719
5511951084262
5511982671614
5511998973654
5511973153708
5511977204637
5511985762628
5511974010887
5511942326213
5511961057073
5511941192321
5511995591877
5511946339937
5511972947308
5511991598352
5511973915040
5511995048499
5511995048503
5511996140642
5511944705676
5511976008493
5511988372631
5511995306862
5511943610709
5511971073966
5511963825164
5511971279221
5511972077612
5511998155629
5511961010405
5511963396333
5511998289664
5511941662227
5511956388272
5511974870603
5511996881921
5511999480343
5511950208496
5511972963928
5511975111059
5511995915528
5511986431878
5511998436272
5511961132878
5511962606541
5511995756706
5511996998802
5511997244886
5511975333541
5511998712942
5511998719297
5511941449788
5511971245389
5511972388449
5511996854342
5511971893833
5511976405101
5511995439258
5511999382873
5511959645227
5511959829949
5511995865978
5511962299596
5511974110559
5511976031671
5511980231052
5511992883519
5511968289304
5511968431595
5511970891845
5511992142578
5511971010640
5511982259070
5511989545504
5511991165431
5511993642392
5511994706424
5511963627047
5511972362560
5511996143784
5511996362704
5511982046355
5511997376180
5511997460841
5511998581020
5511999650304
5511991745982
5511976205475
5511976516425
5511993385504
5511971634247
5511973359470
5511998598964
5511944879721
5511969961835
5511988131733
5511964452022
5511976692860
5511994262922
5511994263340
5511996077549
5511962765152
5511965244000
5511965402400
5511981268684
5511989672068
5511942448053
5511972954112
5511999210568
5511942356938
5511971440519
5511971730519
5511972193718
5511971295476
5511974916830
5511975547508
5511982897569
5511997611941
5511999081884
5511957851769
5511991434860
5511993915807
5511974260056
5511996966782
5511994397241
5511998465888
5511995621955
5511985891865
5511976897494
5511987670066
5511992495167
5511992712796
5511940166448
5511947040583
5511947146922
5511982744938
5511985855988
5511994584858
5511986109402
5511992566135
5511997093727
5511999517814
5511973241722
5511974456155
5511992142415
5511999136109
5511975801556
5511979949227
5511983640243
5511986912834
5511973681984
5511975236475
5511982143254
5511982143258
5511997529924
5511997798068
5511985706046
5511993135698
5511954756819
5511971124440
5511967746430
5511985553440
5511994786146
5511997228739
5511998555344
5511998934953
5511965418431
5511995441887
5511956534485
5511995677063
5511940180339
5511947920833
5511951263127
5511976498772
5511987092773
5511997849650
5511969066013
5511995219876
5511960360142
5511975576984
5511997905453
5511971065078
5511972239074
5511972362981
5511974564331
5511975856341
5511998060844
5511999320740
5511976722244
5511992056851
5511973015109
5511997301510
5511999015805
5511967854247
5511985145654
5511997113367
5511956304602
5511964749733
5511973069742
5511996010736
5511968282777
5511974664672
5511974853595
5511992690169
5511992939380
5511993762449
5511993929380
5511998911391
5511974880343
5511997335570
5511963558092
5511971088224
5511999106831
5511994713010
5511994793467
5511953117474
5511970966624
5511975158800
5511996871144
5511997312725
5511999635767
5511946117745
5511961957686
5511982045369
5511970511836
5511995923034
5511999817269
5511970888080
5511971227638
5511974222465
5511989057575
5511982056717
5511967174995
5511970141267
5511958526589
5511960725200
5511973440231
5511974418237
5511998907657
5511961923227
5511981056315
5511987525292
5511994470043
5511996599787
5511941681112
5511956377988
5511975269074
5511999556605
5511965610262
5511947410324
5511954791977
5511954791978
5511954791979
5511976095884
5511974486011
5511976002071
5511997538712
5511968609268
5511970825190
5511973329462
5511997368291
5511996851409
5511996851435
5511947081238
5511954324232
5511970485897
5511971347164
5511988532366
5511963918024
5511997051925
5511997527049
5511988981770
5511975547577
5511995367246
5511999036652
5511981473425
5511996130520
5511999981915
5511942424403
5511991266045
5511974734865
5511974842317
5511997733242
5511995347622
5511999519679
5511959866558
5511966237672
5511991232443
5511940285361
5511961000821
5511974828209
5511985873517
5511987585350
5511997241448
5511972264551
5511989527013
5511997374280
5511971098519
5511971947977
5511980518752
5511996682333
5511967056795
5511979922888
5511994846803
5511995657541
5511997846790
5511968037170
5511968659007
5511996865900
5511971174883
5511975114211
5511982685103
5511993609800
5511972181008
5511979631508
5511980291766
5511998801238
5511940243711
5511947156947
5511976762272
5511976763600
5511982880240
5511971542845
5511987756346
5511991063739
5511994252252
5511994939351
5511994983056
5511999106373
5511995236667
5511999075083
5511972502819
5511948403620
5511985234867
5511991779355
5511963072695
5511965624866
5511978067728
5511981349058
5511983389461
5511940158653
5511940234984
5511940313186
5511974099362
5511991061700
5511976613313
5511981153106
5511983083334
5511992336572
5511997319863
5511954879644
5511975212827
5511981276737
5511972680104
5511953086329
5511961930166
5511973119828
5511973739934
5511975691068
5511988725944
5511961844245
5511961844453
5511975780563
5511975785556
5511998536583
5511999340063
5511931396926
5511957232528
5511972586486
5511989400687
5511940304686
5511972127575
5511975867575
5511995263895
5511999768853
5511957214287
5511969827246
5511998268973
5511972349731
5511984870377
5511963898484
5511972382578
5511974291652
5511998001538
5511999928908
5511999934246
5511961920255
5511995447903
5511996219586
5511997491350
5511991713079
5511992525906
5511999831268
5511970303009
5511968413573
5511986554646
5511998438033
5511995628129
5511997524602
5511995789717
5511992761806
5511961800162
5511971711068
5511981795802
5511993588258
5511995116559
5511972169991
5511975128447
5511998470544
5511941535557
5511973187299
5511975151993
5511975783443
5511985259626
5511996785379
5511996873208
5511997246890
5511997271215
5511955502313
5511998227208
5511973451903
5511982703230
5511979546386
5511995998626
5511999105102
5511995537505
5511997933399
5511976737001
5511931469625
5511960585551
5511968126848
5511971214692
5511972176828
5511972894517
5511972894567
5511973457193
5511995042522
5511995735750
5511962322841
5511991500035
5511992310039
5511996700180
5511998381786
5511959593418
5511972325542
5511985341425
5511941637107
5511960538268
5511968535623
5511969485630
5511983086748
5511986590897
5511998548970
5511975305256
5511972844623
5511999974453
5511976352697
5511991608379
5511992228065
5511992965433
5511970575426
5511943202379
5511947917314
5511961291016
5511971048020
5511995764900
5511997257395
5511966446333
5511989748755
5511993036504
5511946062378
5511949028455
5511961907820
5511976260898
5511989570476
5511997263560
5511998892619
5511995507109
5511999667535
5511999786530
5511963087799
5511942281533
5511943481314
5511947458118
5511947850550
5511971903767
5511972259698
5511973559748
5511981057221
5511987142221
5511987142224
5511995263591
5511976898537
5511972279419
5511979742856
5511997974285
5511967151750
5511994051558
5511966799175
5511985057027
5511998505702
5511999507128
5511941997902
5511957833943
5511991570852
5511945509202
5511992147145
5511981427559
5511996730199
5511998724649
5511975625080
5511977223033
5511992661170
5511994695161
5511997784485
5511973191920
5511998586951
5511951775304
5511998249066
5511965222758
5511981525868
5511953062888
5511970975574
5511973465565
5511971269785
5511995805483
5511997117380
5511967223194
5511986016326
5511998586464
5511975853112
5511995684986
5511998400999
5511964126733
5511974459802
5511975958036
5511997267030
5511998280117
5511992782914
5511947142818
5511997899738
5511943062285
5511966669291
5511969494646
5511971417748
5511995143567
5511995332269
5511979752400
5511947020392
5511947021436
5511947021462
5511947341292
5511995229288
5511996158775
5511997476906
5511995356529
5511997047621
5511999370934
5511957074960
5511962393189
5511967051125
5511967051165
5511967057727
5511980865537
5511987622461
5511992583090
5511962502936
5511996868276
5511998391170
5511974486921
5511950227595
5511965019230
5511982626332
5511992880741
5511992984316
5511996501923
5511998855713
5511942622011
5511957099639
5511961943853
5511992957219
5511999451356
5511996015204
5511961996658
5511967041767
5511972989806
5511992320911
5511971402338
5511996331234
5511996881234
5511997334938
5511999861189
5511969687257
5511982276885
5511993365210
5511954727629
5511972691829
5511973454615
5511981728386
5511983004615
5511982938923
5511976031281
5511982665804
5511997851985
5511998570312
5511999785198
5511976033720
5511996601561
5511997708461
5511941647919
5511989512577
5511964926916
5511992430993
5511992431770
5511992434696
5511972095462
5511976033325
5511980764793
5511976035674
5511982705278
5511983549461
5511996174506
5511971331290
5511976033037
5511981741608
5511982604730
5511981657865
5511977307420
5511989348227
5511995950702
5511996246528
5511999503941
5511971150209
5511989203713
5511993823070
5511972008553
5511976002672
5511968560682
5511971777632
5511974912915
5511995361325
5511995821196
5511996170394
5511998110710
5511999393458
5511999834271
5511947221361
5511947221384
5511947230448
5511971195228
5511974256416
5511999950152
5511974188676
5511983475524
5511963727017
5511976035605
5511950680808
5511972048320
5511976035115
5511992790579
5511994045410
5511997801804
5511995089101
5511957776939
5511964703373
5511971187627
5511974040118
5511976034463
5511995720811
5511998638108
5511971179134
5511971801589
5511974974478
5511976104359
5511999492507
5511999497589
5511999949758
5511967497276
5511976035674
5511984649545
5511997764239
5511953401388
5511986086669
5511991048762
5511997069010
5511984463719
5511981888159
5511986732855
5511994042113
5511997826753
5511976032898
5511992154891
5511971775786
5511974482656
5511985494483
5511985852498
5511973503282
5511976033816
5511992321218
5511970619295
5511991799996
5511987239158
5511993102613
5511971154804
5511986125117
5511998253113
5511998253133
5511999805228
5511995567986
5511971953892
5511994064965
5511944912288
5511973084732
5511976772975
5511982726457
5511983318481
5511997318481
5511999172286
5511999192286
5511976032109
5511998039697
5511972644457
5511976671307
5511997667130
5511983161412
5511997496255
5511999407931
5511976490713
5511998626745
5511985646633
5511964002426
5511972559758
5511982049163
5511996809898
5511973444645
5511989958275
5511993031159
5511998089900
5511998089760
5511993776760
5511997328838
5511947009923
5511960461777
5511974142463
5511996362699
5511976032575
5511985479087
5511997936418
5511973225053
5511976034237
5511972674674
5511985715022
5511999535022
5511972247589
5511994388542
5511994822709
5511997766858
5511998501541
5511960546889
5511964808387
5511967791395
5511971623500
5511971692296
5511973082247
5511991069916
5511942629182
5511973585518
5511985767294
5511998979693
5511992772142
5511995106015
5511991090761
5511994048086
5511994302837
5511994716075
5511975705107
5511975708332
5511975709300
5511996012115
5511972641225
5511991611113
5511951163624
5511995242758
5511998051457
5511941324248
5511994368393
5511999936720
5511976035583
5511993014807
5511994242770
5511965862433
5511973735423
5511975088050
5511996317396
5511998137140
5511999119424
5511950386689
5511976035070
5511995817057
5511970854663
5511983018851
5511974589157
5511976033372
5511982727131
5511999136817
5511976034722
5511986285507
5511993900556
5511998468252
5511963961295
5511984861023
5511976031765
5511962641341
5511965093365
5511965096635
5511968148580
5511975014118
5511986064210
5511992848203
5511993734290
5511983911002
5511983912002
5511991232650
5511995112044
5511996881454
5511998525119
5511940758575
5511955309746
5511965885201
5511975171390
5511991915684
5511994237706
5511967960360
5511975765617
5511998663528
5511976033492
5511997032151
5511999314788
5511973011026
5511996798666
5511968713161
5511976032742
5511973318697
5511997653789
5511999534276
5511988792970
5511998704729
5511976032542
5511983184239
5511993614106
5511996953269
5511971316470
5511971419274
5511973238469
5511976034457
5511997354009
5511995709104
5511972681754
5511953198459
5511973268352
5511975667455
5511962136085
5511981319766
5511985377088
5511995088872
5511971394388
5511996904231
5511998012674
5511994309006
5511997849335
5511953241018
5511985431996
5511976031098
5511961961038
5511971011572
5511973380380
5511996764617
5511977821807
5511976034894
5511971161609
5511973054019
5511973786106
5511973787166
5511995642163
5511997687166
5511999501557
5511972647326
5511976278227
5511997254991
5511943312858
5511996438223
5511996438226
5511992886213
5511993040151
5511999177924
5511974337006
5511975539463
5511975863887
5511984914216
5511987932450
5511998262516
5511957709290
5511970947872
5511974636638
5511981839862
5511995253063
5511996049859
5511999546638
5511994479726
5511949390172
5511981061771
5511984720525
5511997870574
5511974219452
5511948123693
5511997421812
5511982829400
5511997854121
5511950416938
5511976035941
5511989848677
5511942669613
5511963101273
5511966439713
