5511996977813
5511998358602
5511998953199
5511999874719
5511986111273
5511971324671
5511972701860
5511986425793
5511992827528
5511961659008
5511963547300
5511963670265
5511974890590
5511962075725
5511968900723
5511992624433
5511995992469
5511991822499
5511991831496
5511972532870
5511971640399
5511996795725
5511975149141
5511999778774
5511966787847
5511973051402
5511988835908
5511975443943
5511999300363
5511950592709
5511982694302
5511995231785
5511995811775
5511995999317
5511953028105
5511968522290
5511971836999
5511976781480
5511989560203
5511984800037
5511995111456
5511995177393
5511958659564
5511957287731
5511957419075
5511988533524
5511946337334
5511995200851
5511984613821
5511980447397
5511980633656
5511999862745
5511958602783
5511973578865
5511997957147
5511971440034
5511972670764
5511964812194
5511968191230
5511971540320
5511972668246
5511973687393
5511999921052
5511999912570
5511991648168
5511974479737
5511985465915
5511969021048
5511972879428
5511964053859
5511974568204
5511968419716
5511971221908
5511972213889
5511973787074
5511974253749
5511996214557
5511997273253
5511997368463
5511999225488
5511999955507
5511947382004
5511967410132
5511981287424
5511983981940
5511996522777
5511974147760
5511963958801
5511963959399
5511996992588
5511971784648
5511996115669
5511993153848
5511996850196
5511997924462
5511997930878
5511998994843
5511970451322
5511975946228
5511997194950
5511953220811
5511955706090
5511974493348
5511995111098
5511997670779
5511978866820
5511989970535
5511992270245
5511992270247
5511974475441
5511972567886
5511986447845
5511991313197
5511995002608
5511997502485
5511964778159
5511972349987
5511972406912
5511996089848
5511997240691
5511999263514
5511999299956
5511999681520
5511976188658
5511998857643
5511999377961
5511963901946
5511999282759
5511965521440
5511984721298
5511985362011
5511999509791
5511963877934
5511993438000
5511963642621
5511975258538
5511995178910
5511973373589
5511996030604
5511976404664
5511986126997
5511957796667
5511997694074
5511957705049
5511998077678
5511972946811
5511968069596
5511983278333
5511999737586
5511964751652
5511975586012
5511995356113
5511995550307
5511968065126
5511941194587
5511941541434
5511965364127
5511975303336
5511975411971
5511996536412
5511999052913
5511993986843
5511981013494
5511996810944
5511982650763
5511961911223
5511998418719
5511997452481
5511999499877
5511971509218
5511991456071
5511986786571
5511995074035
5511953203646
5511965858503
5511974767161
5511965771162
5511996577116
5511997130540
5511999351807
5511972565932
5511975423232
5511975423233
5511995345317
5511995643999
5511971416798
5511989432561
5511966408480
5511973752524
5511987649546
5511995838600
5511965268642
5511981313273
5511999332517
5511944204339
5511960891283
5511963164687
5511981121694
5511996656978
5511996861663
5511998665231
5511950497036
5511973140472
5511997640918
5511963306043
5511971468232
5511971468291
5511999232757
5511999566427
5511966604189
5511974461433
5511975243638
5511991526172
5511996243110
5511997776964
5511941182333
5511972751174
5511987420461
5511991643595
5511943138466
5511974856111
5511983840807
5511951288175
5511998560948
5511993495608
5511994486150
5511956109494
5511957059632
5511968289714
5511987889188
5511999267982
5511975221716
5511994231015
5511968538283
5511984382167
5511999182801
5511973028924
5511976159257
5511976182684
5511976433134
5511955366422
5511996855306
5511999392699
5511982768272
5511993387976
5511971760717
5511997948105
5511999611467
5511972376996
5511997239260
5511997429922
5511971716758
5511973192092
5511997064615
5511998729715
5511999385313
5511974827311
5511980593031
5511947368525
5511949644658
5511965830502
5511971047957
5511983684689
5511997826783
5511995289838
5511958682800
5511998167242
5511974493298
5511999919181
5511957180192
5511957222286
5511973411333
5511974434803
5511974613096
5511974859584
5511945896027
5511947228091
5511957440873
5511975820614
5511988575160
5511989038292
5511997112372
5511997112373
5511998313072
5511998370351
5511973318971
5511984520203
5511996562025
5511998859611
5511997833718
5511976101827
5511960877038
5511962570031
5511971880584
5511997052042
5511997257623
5511971163167
5511973140003
5511973743077
5511998265043
5511954744369
5511971688614
5511975762888
5511962219873
5511951499845
5511996871327
5511947427505
5511995817049
5511999438804
5511973047781
5511973047785
5511973017166
5511974450038
5511991612067
5511991939598
5511996417603
5511997236464
5511997995506
5511999196866
5511999774609
5511943639054
5511959567815
5511963712284
5511971064139
5511971574855
5511973160485
5511985424964
5511995556751
5511996875969
5511997455921
5511991878046
5511958743501
5511997977469
5511945231945
5511970991305
5511971197377
5511988471347
5511992127787
5511995816893
5511960175023
5511961972165
5511962470116
5511965476891
5511974978206
5511989141264
5511995973150
5511972110993
5511972900760
5511995698910
5511997772400
5511998052263
5511964481577
5511956566568
5511998433973
5511980457006
5511951999385
5511953434984
5511970282287
5511982712533
5511983053811
5511997569546
5511966978284
5511979080927
5511995550697
5511968634322
5511996256363
5511982629283
5511971956239
5511961505172
5511969861284
5511981976615
5511997460224
5511999689709
5511975750488
5511981863372
5511982662034
5511991601029
5511992102332
5511965667817
5511974067553
5511996265040
5511964854567
5511954072501
5511961011786
5511980166242
5511987192417
5511974020483
5511976972409
5511993175664
5511994792258
5511995153784
5511999261616
5511947306268
5511977501217
5511981650406
5511999438729
5511966562608
5511980585113
5511980585114
5511998058511
5511962534666
5511998635200
5511998672384
5511974640797
5511974613979
5511992216838
5511972317300
5511974429451
5511996320279
5511991737274
5511991743932
5511946366856
5511969612118
5511996613153
5511963410208
5511977266339
5511970420718
5511981458878
5511997084609
5511999609160
5511969262246
5511974639415
5511982148805
5511998942541
5511992046975
5511993448405
5511993448505
5511971884567
5511995327743
5511998299924
5511985192435
5511995782488
5511973161059
5511998041692
5511977436318
5511993165183
5511971697347
5511995843520
5511947451311
5511947634227
5511967551529
5511969908352
5511981070185
5511993830003
5511996833308
5511976747992
5511995344830
5511995449132
5511997228420
5511998235543
5511971277336
5511980572346
5511971765870
5511987674803
5511996970022
5511962586596
5511971679768
5511973315535
5511992600049
5511997141710
5511953443415
5511966747060
5511968282847
5511975720062
5511993328102
5511983076706
5511971492133
5511975019552
5511950306283
5511955546544
5511955547141
5511955584776
5511967868418
5511991111592
5511997224950
5511984899754
5511985918939
5511976276390
5511992450157
5511944901050
5511971269699
5511997669294
5511946593731
5511957014488
5511957603332
5511962106880
5511967669192
5511969396933
5511997226305
5511955309683
5511967683095
5511974771687
5511983578194
5511989997227
5511985125451
5511952102981
5511996004433
5511999119897
5511991515760
5511995186849
5511968020406
5511991119813
5511963156122
5511995886817
5511961045636
5511991126636
5511996104563
5511968281730
5511998030086
5511980369574
5511981569574
5511976602576
5511987758515
5511971774547
5511970434569
5511971227861
5511974727047
5511974872837
5511999614191
5511972474492
5511992132206
5511989823700
5511997099765
5511960693921
5511997203976
5511982962598
5511951507153
5511967053552
5511980802762
5511995716843
5511998428570
5511942298458
5511988639695
5511973019867
5511983243576
5511987216722
5511987472428
5511993786910
5511996648259
5511993925671
5511975140886
5511992104957
5511972547698
5511973849256
5511985323982
5511997797566
5511995549907
5511962991863
5511971266276
5511971445996
5511996080719
5511998536192
5511959897732
5511980189025
5511968537239
5511949603110
5511996939406
5511957429352
5511960579345
5511961986568
5511963187469
5511996424725
5511999723631
5511995372741
5511972178009
5511995739899
5511995739901
5511966437047
5511976192725
5511994378613
5511996714112
5511981427535
5511997883379
5511950769802
5511957138974
5511965845442
5511965573116
5511974403551
5511993809111
5511984069489
5511986093841
5511950613951
5511964741745
5511965118487
5511996786775
5511976305916
5511981544618
5511981712672
5511986662574
5511999648610
5511991989560
5511992691922
5511976030204
5511998079421
5511953118507
5511989645383
5511999232229
5511995616786
5511995790170
5511967732667
5511988279433
5511966434623
5511998823772
5511964077883
5511989731477
5511963723511
5511998047258
5511971177211
5511957070791
5511985149348
5511951793106
5511973095623
5511991639428
5511994134609
5511995814282
5511989786004
5511996702202
5511947300781
5511956302791
5511991137208
5511993060418
5511994330822
5511970982144
5511997180860
5511989052728
5511996562151
5511952437274
5511962837120
5511979918111
5511997221700
5511971713835
5511964104685
5511981586740
5511991069627
5511961609391
5511963964459
5511972079484
5511972776275
5511995995782
5511964893206
5511982344146
5511952714983
5511976900969
5511989786973
5511998034429
5511998038253
5511998284004
5511976042385
5511997497007
5511998090719
5511974948540
5511976300009
5511976946131
5511996846350
5511997703092
5511972652050
5511957125443
5511976002166
5511994974346
5511951709618
5511963394211
5511967017842
5511975118212
5511989560032
5511961816912
5511955515085
5511956557628
5511969120165
5511973036526
5511997273798
5511983915087
5511968181966
5511983626282
5511983626283
5511992688711
5511974170508
5511976001030
5511991590180
5511997649230
5511999740963
5511983286305
5511988277036
5511998086029
5511998087029
5511962016991
5511981604489
5511984541110
5511984541118
5511987013308
5511987819673
5511992999929
5511996318680
5511998260750
5511997601677
5511972003607
5511963832203
5511995461430
5511996196691
5511998683458
5511946650291
5511971201265
5511971765338
5511967472679
5511968602789
5511972220443
5511997018821
5511947545821
5511947552753
5511972093082
5511972105148
5511972117529
5511972329619
5511972353975
5511972364742
5511977203015
5511978158389
5511981475101
5511981475112
5511993239472
5511971902103
5511972009828
5511972054518
5511987796618
5511987796619
5511992465304
5511971139562
5511974475759
5511991019638
5511993220515
5511994884319
5511989216434
5511992614178
5511993599603
5511991386158
5511999034650
5511981827978
5511997964161
5511971335099
5511998155537
5511941803375
5511942101291
5511992663292
5511996139863
5511993757510
5511998836100
5511953645333
5511971829180
5511995953720
5511972125316
5511976004707
5511993008347
5511997123274
5511971661011
5511973862722
5511996225270
5511999669288
5511947308798
5511960810323
5511964131894
5511965963809
5511971820020
5511981466169
5511981466260
5511992689493
5511992804391
5511998397843
5511999352902
5511999510108
5511980890586
5511995056443
5511941217225
5511985792546
5511998063525
5511998324459
5511958979398
5511998666270
5511983807270
5511963245943
5511967976471
5511976934485
5511989010289
5511991077812
5511994039739
5511998628274
5511973323292
5511966324546
5511973784256
5511986864997
5511989205218
5511998494788
5511973629651
5511995311619
5511995469857
5511973767755
5511995249253
5511997448865
5511981157312
5511982583992
5511987764949
5511973498770
5511982681320
5511996056535
5511996476535
5511996566535
5511997171392
5511998235406
5511998688598
5511999960963
5511999968931
5511953283237
5511965179404
5511974596736
5511987851667
5511973414855
5511991243379
5511996928685
5511997585461
5511997124504
5511992418249
5511993351063
5511982361683
5511998735904
5511947772837
5511977733168
5511995003095
5511954744675
5511991978623
5511992912859
5511995417234
5511998938724
5511991027606
5511995375231
5511971669608
5511941207293
5511976850722
5511989561246
5511991286196
5511993928905
5511961916666
5511963756000
5511963874102
5511971333235
5511976120616
5511984618144
5511991375660
5511994639545
5511996136772
5511999709592
5511999970959
5511984562333
5511991738380
5511995256321
5511997385996
5511998456233
5511992028889
5511993167688
5511953178753
5511973234371
5511981296629
5511985384430
5511996741899
5511999674189
5511994447375
5511998658796
5511982441200
5511997426906
5511997948879
5511974155558
5511996185088
5511999635585
5511982770850
5511998236539
5511998412318
5511999484220
5511991565184
5511998415035
5511976110484
5511975457715
5511985872545
5511951765240
5511969637943
5511977940843
5511982251788
5511982589794
5511985894049
5511987726362
5511998481788
5511999318811
5511981632090
5511942390178
5511974772400
5511962730183
5511942448542
5511982492232
5511989540224
5511989540277
5511991050395
5511991053214
5511991090295
5511992993696
5511998703298
5511964740250
5511970941980
5511975993843
5511981728547
5511989291876
5511992980316
5511969792779
5511971020157
5511997414966
5511988212547
5511991187852
5511995967681
5511996971471
5511969669191
5511981526470
5511992995784
5511996875215
5511984059258
5511991311816
5511973940578
5511995722961
5511991140023
5511991148936
5511991169758
5511991178395
5511991198621
5511994340960
5511994431050
5511994431151
5511973595082
5511997398776
5511999550375
5511978625223
5511982649604
5511997479708
5511947660406
5511970997128
5511972481741
5511976461271
5511989048355
5511989063899
5511988403260
5511994492361
5511996899786
5511975865519
5511998106054
5511996448847
5511998923350
5511961514637
5511976033902
5511983884250
5511995186961
5511976003339
5511976034070
5511984807755
5511995366495
5511968281426
5511981190447
5511991519943
5511998015001
5511950305256
5511994529994
5511972019205
5511976002647
5511995287798
5511992742254
5511981550146
5511981550186
5511988883278
5511964108740
5511975395729
5511996225757
5511999801626
5511976941461
5511973476569
5511987398034
5511992433222
5511967006923
5511974195715
5511976002190
5511971466684
5511997857469
5511965326317
5511973998338
5511975178192
5511982349979
5511992216403
5511997988857
5511982492232
5511987203009
5511995422644
5511983532166
5511992322898
5511971154914
5511971183333
5511971184000
5511974039015
5511975765355
5511996985960
5511997604258
5511999410946
5511985215196
5511966101195
5511971756533
5511973754380
5511976004373
5511970283131
5511972185942
5511975276919
5511988507516
5511998978788
5511971043264
5511974955459
5511976003135
5511987870635
5511976099406
5511981526785
5511999332336
5511999663176
5511981522893
5511987435065
5511981112421
5511992350940
5511980508368
5511984724931
5511997973181
5511997399901
5511977281586
5511998178874
5511972268277
5511974972607
5511975306866
5511976001320
5511996038407
5511971340129
5511974288201
5511974777318
5511995666143
5511997032777
5511963797678
5511992756573
5511992756575
5511997368536
5511982516163
5511984807738
5511995308400
5511964061122
5511999212881
5511999701278
5511941831603
5511992515041
5511993556030
5511967023747
5511973535005
5511977569901
5511996432956
5511999552342
5511974041054
5511975954152
5511976033056
5511996102626
5511996198179
5511996298179
5511964122200
5511991351911
5511976034061
5511995585272
5511996088859
5511997721333
5511946095505
5511980484005
5511963826208
5511971930715
5511976003759
5511993212020
5511943586023
5511995456288
5511992753905
5511986819869
5511970283091
5511996219873
5511999621987
5511953000748
5511981043886
5511998202714
5511964321496
5511980245196
5511988223730
5511973994928
5511995041182
5511997535139
5511976032708
5511980328402
5511980328415
5511985628797
5511974670520
5511976034720
5511997585282
5511999274165
5511996354413
5511996294361
5511997378188
5511988549786
5511991020916
5511993184352
5511974682673
5511997457258
5511941787302
5511960154988
5511972951244
5511979536088
5511996034084
5511976002747
5511979792892
5511995498461
5511997979289
5511971809737
5511986739207
5511995638779
5511973690086
5511961271348
5511962370553
5511965943145
5511980317652
5511980492996
5511995983280
5511998031765
5511999284386
5511994526342
5511951491712
5511963146956
5511971748535
5511989711838
5511997541813
5511971751396
5511973311728
5511976031468
5511976031742
5511950215289
5511964003653
5511964949899
5511974300222
5511974392015
5511996354413
5511998288302
5511998288845
5511995894594
5511961865081
5511977632161
5511992718654
5511996527968
5511996460756
5511999614529
5511999964529
5511988464365
5511989448925
5511976001339
5511971569392
5511973321810
5511984113353
5511999082060
5511999512928
5511993990661
5511956007050
5511961911906
5511975672107
5511981419824
5511982425895
5511991376744
5511995665398
5511973899832
5511964458471
5511973461221
5511975859541
5511991941826
5511992459607
5511994404107
5511999604747
5511976032046
5511985728824
5511995211589
5511996475786
5511992384063
5511992389687
5511995664177
5511999220459
5511956480531
5511969122512
5511979754443
5511991727988
5511996405431
5511997603629
5511997686293
5511999760362
5511999050831
5511963527890
5511974989513
5511999426509
5511970801355
5511972650026
5511974289321
5511989112576
5511941725053
5511970991182
5511971486281
5511972567527
5511973906856
5511946167069
5511976003330
5511979671120
5511976033988
5511997995511
5511972622577
5511976071843
5511998346738
5511973156063
5511997380580
5511999586449
5511974710678
5511996696841
5511976033997
5511984222404
5511985295107
5511993185196
5511942244605
5511999564535
5511957800855
5511981271025
5511996193114
5511997666922
5511966663586
5511969069454
5511996705548
5511997214527
5511998953077
5511940001760
5511947525910
5511964460779
5511981023456
5511984835572
5511984835607
5511992816284
5511999337733
5511998457510
5511999761302
5511992494796
5511994109483
5511942762917
5511964098070
5511971336326
5511972428818
5511976003999
5511962701785
5511999070857
5511997177764
5511998185710
5511976003687
5511984879720
5511942320021
5511968809775
5511983515624
5511963531492
5511972564053
5511975413912
5511977322536
5511978876374
5511993494950
5511995816226
5511997608087
5511972853633
5511975708130
5511985728488
5511994404663
5511999952570
5511995477128
5511997019562
5511998667807
5511971399192
5511971584530
5511973049735
5511976035157
5511998245001
5511999307856
5511992818194
5511962087200
5511983387856
5511974329630
5511997144992
5511999329833
5511971600305
5511972049664
5511991152708
5511996595249
5511961995403
5511964890121
5511973185046
5511974928258
5511980158978
5511998149633
5511998374997
5511981190499
5511983972890
5511983166882
5511997202550
5511978283355
5511944440494
5511980756580
5511971591261
5511997198019
5511998244963
5511953658582
5511991708430
5511948499840
5511992368240
5511992584482
5511965035171
5511972482044
5511999030707
5511992171777
5511974451643
5511987525423
5511991931537
5511994128336
5511998215423
5511972733815
5511973100480
5511987309033
5511993273983
5511996668989
5511999569441
5511995277953
5511969392607
5511974433540
5511976003945
5511999228801
5511999933858
5511965871399
5511975150733
5511975980460
5511977368993
5511979997159
5511992997159
5511996113505
5511997999715
5511998790494
5511995417990
5511991234092
5511991234094
5511963990905
5511975888007
5511991077351
5511996608223
5511999731723
5511971580277
5511973953504
5511984730021
5511991448029
5511992084187
5511972151280
5511996686045
5511951305274
5511963141326
5511965774757
5511984154953
5511984220005
5511991217616
5511991925458
5511994364140
5511972080005
5511995717846
5511958360874
5511976034357
5511988530500
5511992665415
5511994496929
5511995860874
5511996727821
5511999390051
5511984698144
5511998994851
5511964924171
5511992910924
5511996994109
5511998826806
5511988876989
5511992924706
5511992929706
5511967680861
5511996608215
5511941753490
5511998061820
5511993598101
5511988169672
5511991484302
5511950471132
5511973559332
5511949392919
5511968287942
5511981550145
5511981550146
5511981550186
5511961078899
5511999376177
5511992225822
5511963422066
5511949357422
5511985721288
5511995961766
5511999358323
5511946612400
5511974476836
5511989883243
5511953558185
5511991050250
5511994342235
5511991226396
5511991564758
5511972751321
5511978315748
5511996326049
5511999705953
5511999750241
5511999928011
5511972481847
5511974780419
5511984498482
5511991362284
5511961690619
5511971322490
5511976360304
5511982718730
5511993542424
5511994339858
5511997063504
5511996260193
5511996713755
5511976034909
5511950727762
5511995258259
5511997780253
5511999459120
5511961123374
5511972630041
5511972793615
5511996112337
5511998238133
5511950388432
5511965962150
5511974604945
5511984225535
5511993689582
5511963777699
5511970772200
5511988211737
5511960110088
5511975717218
5511983967553
5511984468742
5511993549080
5511995972238
5511996053468
5511992422915
5511998360233
5511999744732
5511965527651
5511989501992
5511975941575
5511996273922
5511997787057
5511991660317
5511953442707
5511998029705
5511952666336
5511966921170
5511981624676
5511992183671
5511957700308
5511972890157
5511972952743
5511975844646
5511983113729
5511983449285
5511983693815
5511995389529
5511999779525
5511999520812
5511960755768
5511994414183
5511965659814
5511971315557
5511985803270
5511995637804
5511982730916
5511995372662
5511995946162
5511944531223
5511975386820
5511997949468
5511971374171
5511973633746
5511974282797
5511998087735
5511997570385
5511996453977
5511971217575
5511974271677
5511983261448
5511994208669
5511995117892
5511997854454
5511943344225
5511976003893
5511995056956
5511997410043
5511999639008
5511984958380
5511987311905
5511969065625
5511971045371
5511971119929
5511987216690
5511987582434
5511983030047
5511999146988
5511959598993
5511973366783
5511973369834
5511980228797
5511980228808
5511984156922
5511995780797
5511996695991
5511970879368
5511982134075
5511982725050
5511941000676
5511973785504
5511996478453
5511997528700
5511997990315
5511999376808
5511944445772
5511971817129
5511983827526
5511976103224
5511976701285
5511976794711
5511986960382
5511986973514
5511954880454
5511964351960
5511998970662
5511991355858
5511994236231
5511995444711
5511973493311
5511996282554
5511991715677
5511994018783
5511991195454
5511999217732
5511972304635
5511996020397
5511996068078
5511974959629
5511982358867
5511985710171
5511998683735
5511972178689
5511972899798
5511996579864
5511999688188
5511947371842
5511971178499
5511996712658
5511982242933
5511997275164
5511997811041
5511999805154
5511964714211
5511973990232
5511999061954
5511999873991
5511971176497
5511950425117
5511963990958
5511980790876
5511981593584
5511998079087
5511999170622
5511995384965
5511971680686
5511950647734
5511963759574
5511996645421
5511991541456
5511991048298
5511976490489
5511992061578
5511994476235
5511955519624
5511971026078
5511996286078
5511994334190
5511994646026
5511996441380
5511982444676
5511989416115
5511993899307
5511994823080
5511955206999
5511979723207
5511997653036
5511981755095
5511975573773
5511975576852
5511999080148
5511999930074
5511974765390
5511971467862
5511991293320
5511991871021
5511991873302
5511991874099
5511991876239
5511997934694
5511971896907
5511980343407
5511985039934
5511992652423
5511993578493
5511953172660
5511995753696
5511996011909
5511996018528
5511997940903
5511972112866
5511973932355
5511998308865
5511999259420
5511942038220
5511971417480
5511988800260
5511992820896
5511996020888
5511999150578
5511999425821
5511941977304
5511972268833
5511996341979
5511996482022
5511999266334
5511969051326
5511997386983
5511971152803
5511998328626
5511999832862
5511995465445
5511941329775
5511950230076
5511963733535
5511973343856
5511973727977
5511974028515
5511974401962
5511974785381
5511996074755
5511999855180
5511967274321
5511991349929
5511993206427
5511950485202
5511974431961
5511978129121
5511994545383
5511997051785
5511991043913
5511997035965
5511996162034
5511996464885
5511998010671
5511997752058
5511998493420
5511969055220
5511999705891
5511998262064
5511999479975
5511978462412
5511989452740
5511996548803
5511964876334
5511973112200
5511957690509
5511984202784
5511981028097
5511984477078
5511955506515
5511973096688
5511975381663
5511958045753
5511998942464
5511975849252
5511997088931
5511994003941
5511995555222
5511964881326
5511970936185
5511980571515
5511993626636
5511999401326
5511998279274
5511999929911
5511971106051
5511999640207
5511995133055
5511974994095
5511993842233
5511998076731
5511947520365
5511947545973
5511975719465
5511975719490
5511975860650
5511991447148
5511992865806
5511998100882
5511999144714
5511999779040
5511944972942
5511944973169
5511955543779
5511973559296
5511992347552
5511994269266
5511969731756
5511970456638
5511971081886
5511997996613
5511998817105
5511995668776
5511999497766
5511998873767
5511992172618
5511994256387
5511963929519
5511987706100
5511991216585
5511976133305
5511976525952
5511991133756
5511991720023
5511992793869
5511995051761
5511995225132
5511999172002
5511996787131
5511993850160
5511991925059
5511992167987
5511992617987
5511999617987
5511963054584
5511988467985
5511991203167
5511991996983
5511991998476
5511994878994
5511983899271
5511991865408
5511992168705
5511995831714
5511996880650
5511965107019
5511973199388
5511974863383
5511976387271
5511977148244
5511993822838
5511974489955
5511997457230
5511968420556
5511974734754
5511996021216
5511968470980
5511974140630
5511975637478
5511996248334
5511972375121
5511975588767
5511997844214
5511999374251
5511973924797
5511992294132
5511973557975
5511999613311
5511999627170
5511996011202
5511998698408
5511971894394
5511995119950
5511973203356
5511976307625
5511975675348
5511981619714
5511981619741
5511993677655
5511996377127
5511996514645
5511996539056
5511996737033
5511996850046
5511996911035
5511972500254
5511982981936
5511992795225
5511982018139
5511999564466
5511981227790
5511981745495
5511992718928
5511996209832
5511996650536
5511973890791
5511974719929
5511998329814
5511999017175
5511991049922
5511999479556
5511972020629
5511972775711
5511997899774
5511998116584
5511972943026
5511971855795
5511999564466
5511973299254
5511994499796
5511995574643
5511995621473
5511998613654
5511999932885
5511996148368
5511975051966
5511975470770
5511981804626
5511995761966
5511950482902
5511971819198
5511991182845
5511997559353
5511998326781
5511943110334
5511976651300
5511989493832
5511992884588
5511992885542
5511992886808
5511993891379
5511994261214
5511994261955
5511994267479
5511996571576
5511998707735
5511960579057
5511974141830
5511975204873
5511986109630
5511996543390
5511996549722
5511999193848
5511999705660
5511999919774
5511979716720
5511972191467
5511983393577
5511991351909
5511994055860
5511997574002
5511998055006
5511998635819
5511999773176
5511997636196
5511973296090
5511998095080
5511982718522
5511947659304
5511992320473
5511989624221
5511991224969
5511991269859
5511991484136
5511994699420
5511999148413
5511975565659
5511960342726
5511962130085
5511992594914
5511996744612
5511996490065
5511999960642
5511976244134
5511991785908
5511991968678
5511992556666
5511996154075
5511983096685
5511986846718
5511997720399
5511998123270
5511991947756
5511997020454
5511999723189
5511971030065
5511994688155
5511994883720
5511982337283
5511984719557
5511999195145
5511996972475
5511999649058
5511992933894
5511995940203
5511983815822
5511995467595
5511996502003
5511997264169
5511998319497
5511999874274
5511960341105
5511963650156
5511990986851
5511996034110
5511996986851
5511981914333
5511991052568
5511989685174
5511991182666
5511991727146
5511992198667
5511993982450
5511961964394
5511975959912
5511995512014
5511998769049
5511999141775
5511999143754
5511983920003
5511992229907
5511975412047
5511999729202
5511997259132
5511966139493
5511977667270
5511992161282
5511992982963
5511999886609
5511993141599
5511994649699
5511999485773
5511995947538
5511972439157
5511981846239
5511999414814
5511974513266
5511972140113
5511975493075
5511997020848
5511999170148
5511999176367
5511999508226
5511999718622
5511997212161
5511960860055
5511991445857
5511991555787
5511991768280
5511994999682
5511950663741
5511972094390
5511982717102
5511996333050
5511943671487
5511947747246
5511967870345
5511976403243
5511978569613
5511992185119
5511995714750
5511999218511
5511963801502
5511968023239
5511972668962
5511999490575
5511942350135
5511971038965
5511986962015
5511994110682
5511998401274
5511994020027
