5531989063700
5531989063742
5531989063748
5531989063757
5531989063767
5531989063775
5531989063786
5531989063797
5531989063801
5531989063812
5531989063827
5531989063835
5531989063841
5531989063862
5531989063863
5531989063864
5531989063894
5531989063907
5531989063920
5531989063926
5531989063963
5531989063976
5531989064008
5531989064012
5531989064045
5531989064050
5531989064076
5531989064079
5531989064080
5531989064096
5531989064105
5531989064126
5531989064131
5531989064134
5531989064136
5531989064139
5531989064150
5531989064161
5531989064174
5531989064178
5531989064185
5531989064187
5531989064210
5531989064222
5531989064267
5531989064271
5531989064279
5531989064282
5531989064304
5531989064315
5531989064326
5531989064330
5531989064335
5531989064347
5531989064353
5531989064362
5531989064367
5531989064394
5531989064401
5531989064412
5531989064423
5531989064424
5531989064430
5531989064447
5531989064458
5531989064463
5531989064496
5531989064507
5531989064514
5531989064522
5531989064530
5531989064535
5531989064542
5531989064571
5531989064612
5531989064614
5531989064654
5531989064665
5531989064667
5531989064696
5531989064697
5531989064698
5531989064715
5531989064732
5531989064737
5531989064744
5531989064750
5531989064755
5531989064764
5531989064766
5531989064770
5531989064786
5531989064795
5531989064811
5531989064861
5531989064870
5531989064904
5531989065001
5531989065017
5531989065022
5531989065026
5531989065037
5531989065060
5531989065075
5531989065087
5531989065107
5531989065116
5531989065123
5531989065147
5531989065169
5531989065181
5531989065184
5531989065199
5531989065202
5531989065223
5531989065230
5531989065244
5531989065245
5531989065250
5531989065271
5531989065286
5531989065312
5531989065330
5531989065338
5531989065348
5531989065361
5531989065379
5531989065389
5531989065394
5531989065397
5531989065415
5531989065418
5531989065428
5531989065461
5531989065463
5531989065484
5531989065527
5531989065529
5531989065531
5531989065547
5531989065559
5531989065560
5531989065597
5531989065600
5531989065607
5531989065609
5531989065610
5531989065616
5531989065619
5531989065623
5531989065628
5531989065629
5531989065636
5531989065639
5531989065648
5531989065666
5531989065671
5531989065752
5531989065756
5531989065776
5531989065778
5531989065823
5531989065854
5531989065856
5531989065866
5531989065867
5531989065870
5531989065871
5531989065892
5531989065895
5531989065896
5531989065910
5531989065915
5531989065932
5531989065938
5531989065964
5531989066009
5531989066012
5531989066013
5531989066031
5531989066034
5531989066067
5531989066074
5531989066076
5531989066088
5531989066091
5531989066104
5531989066137
5531989066144
5531989066182
5531989066189
5531989066190
5531989066208
5531989066214
5531989066224
5531989066268
5531989066287
5531989066325
5531989066368
5531989066384
5531989066392
5531989066446
5531989066456
5531989066465
5531989066482
5531989066499
5531989066503
5531989066515
5531989066524
5531989066527
5531989066539
5531989066581
5531989066605
5531989066667
5531989066708
5531989066736
5531989066768
5531989066779
5531989066787
5531989066807
5531989066843
5531989066849
5531989066872
5531989066874
5531989066900
5531989066904
5531989066926
5531989066935
5531989066954
5531989066974
5531989066982
5531989067006
5531989067022
5531989067040
5531989067041
5531989067062
5531989067103
5531989067107
5531989067110
5531989067125
5531989067139
5531989067158
5531989067172
5531989067191
5531989067192
5531989067205
5531989067226
5531989067228
5531989067232
5531989067245
5531989067260
5531989067281
5531989067285
5531989067289
5531989067292
5531989067296
5531989067309
5531989067335
5531989067383
5531989067385
5531989067387
5531989067398
5531989067399
5531989067426
5531989067429
5531989067435
5531989067436
5531989067442
5531989067468
5531989067480
5531989067491
5531989067543
5531989067552
5531989067554
5531989067561
5531989067569
5531989067597
5531989067606
5531989067609
5531989067611
5531989067641
5531989067657
5531989067669
5531989067682
5531989067702
5531989067738
5531989067740
5531989067762
5531989067778
5531989067779
5531989067820
5531989067827
5531989067829
5531989067833
5531989067842
5531989067844
5531989067851
5531989067881
5531989067891
5531989067906
5531989067917
5531989067936
5531989067967
5531989067974
5531989067989
5531989068032
5531989068038
5531989068040
5531989068052
5531989068059
5531989068088
5531989068113
5531989068119
5531989068139
5531989068140
5531989068143
5531989068161
5531989068175
5531989068189
5531989068200
5531989068237
5531989068238
5531989068242
5531989068263
5531989068279
5531989068291
5531989068294
5531989068316
5531989068345
5531989068348
5531989068364
5531989068365
5531989068370
5531989068377
5531989068380
5531989068402
5531989068406
5531989068408
5531989068413
5531989068430
5531989068453
5531989068497
5531989068505
5531989068528
5531989068539
5531989068547
5531989068549
5531989068581
5531989068589
5531989068608
5531989068623
5531989068639
5531989068672
5531989068690
5531989068713
5531989068719
5531989068756
5531989068757
5531989068766
5531989068778
5531989068797
5531989068827
5531989068868
5531989068920
5531989068935
5531989068936
5531989068940
5531989068944
5531989068952
5531989068956
5531989068984
5531989068987
5531989068990
5531989068991
5531989069004
5531989069050
5531989069059
5531989069080
5531989069085
5531989069096
5531989069098
5531989069108
5531989069121
5531989069134
5531989069147
5531989069166
5531989069189
5531989069192
5531989069215
5531989069263
5531989069264
5531989069265
5531989069270
5531989069277
5531989069309
5531989069318
5531989069329
5531989069333
5531989069341
5531989069344
5531989069350
5531989069354
5531989069356
5531989069364
5531989069391
5531989069401
5531989069435
5531989069436
5531989069464
5531989069470
5531989069493
5531989069498
5531989069506
5531989069515
5531989069526
5531989069567
5531989069571
5531989069580
5531989069588
5531989069602
5531989069603
5531989069616
5531989069653
5531989069659
5531989069662
5531989069677
5531989069680
5531989069682
5531989069692
5531989069717
5531989069722
5531989069739
5531989069750
5531989069756
5531989069757
5531989069770
5531989069784
5531989069790
5531989069796
5531989069812
5531989069817
5531989069833
5531989069853
5531989069859
5531989069862
5531989069865
5531989069878
5531989069885
5531989069901
5531989069915
5531989069943
5531989069945
5531989069951
5531989069989
5531989070014
5531989070052
5531989070069
5531989070071
5531989070075
5531989070091
5531989070122
5531989070136
5531989070140
5531989070170
5531989070172
5531989070179
5531989070182
5531989070193
5531989070208
5531989070214
5531989070215
5531989070224
5531989070252
5531989070262
5531989070265
5531989070267
5531989070268
5531989070281
5531989070294
5531989070301
5531989070310
5531989070323
5531989070330
5531989070345
5531989070386
5531989070462
5531989070483
5531989070487
5531989070491
5531989070502
5531989070509
5531989070521
5531989070531
5531989070533
5531989070539
5531989070560
5531989070567
5531989070578
5531989070580
5531989070587
5531989070593
5531989070596
5531989070599
5531989070604
5531989070633
5531989070638
5531989070646
5531989070647
5531989070670
5531989070675
5531989070680
5531989070686
5531989070694
5531989070703
5531989070717
5531989070724
5531989070739
5531989070780
5531989070796
5531989070809
5531989070811
5531989070827
5531989070830
5531989070835
5531989070841
5531989070847
5531989070849
5531989070851
5531989070864
5531989070873
5531989070876
5531989070883
5531989070892
5531989070904
5531989070911
5531989070929
5531989070964
5531989070988
5531989071003
5531989071004
5531989071012
5531989071055
5531989071094
5531989071100
5531989071106
5531989071124
5531989071162
5531989071175
5531989071178
5531989071181
5531989071187
5531989071191
5531989071204
5531989071206
5531989071207
5531989071231
5531989071233
5531989071234
5531989071238
5531989071244
5531989071272
5531989071273
5531989071323
5531989071378
5531989071385
5531989071388
5531989071396
5531989071413
5531989071419
5531989071427
5531989071465
5531989071486
5531989071509
5531989071551
5531989071556
5531989071563
5531989071567
5531989071600
5531989071615
5531989071625
5531989071638
5531989071643
5531989071645
5531989071656
5531989071669
5531989071674
5531989071678
5531989071687
5531989071718
5531989071764
5531989071768
5531989071791
5531989071794
5531989071808
5531989071820
5531989071821
5531989071834
5531989071876
5531989071887
5531989071895
5531989071897
5531989071901
5531989071907
5531989071936
5531989071942
5531989071966
5531989071975
5531989071989
5531989071991
5531989072061
5531989072062
5531989072076
5531989072077
5531989072100
5531989072109
5531989072119
5531989072124
5531989072130
5531989072145
5531989072162
5531989072172
5531989072194
5531989072199
5531989072216
5531989072217
5531989072257
5531989072258
5531989072265
5531989072271
5531989072275
5531989072284
5531989072306
5531989072308
5531989072311
5531989072324
5531989072329
5531989072337
5531989072362
5531989072377
5531989072394
5531989072399
5531989072400
5531989072434
5531989072442
5531989072458
5531989072465
5531989072498
5531989072500
5531989072503
5531989072512
5531989072515
5531989072516
5531989072529
5531989072535
5531989072541
5531989072590
5531989072591
5531989072592
5531989072633
5531989072640
5531989072644
5531989072649
5531989072651
5531989072653
5531989072682
5531989072697
5531989072708
5531989072724
5531989072766
5531989072801
5531989072809
5531989072816
5531989072823
5531989072825
5531989072840
5531989072842
5531989072863
5531989072876
5531989072880
5531989072888
5531989072901
5531989072928
5531989072935
5531989072989
5531989073012
5531989073025
5531989073044
5531989073056
5531989073069
5531989073082
5531989073087
5531989073090
5531989073093
5531989073121
5531989073135
5531989073141
5531989073148
5531989073158
5531989073173
5531989073176
5531989073188
5531989073219
5531989073223
5531989073224
5531989073237
5531989073239
5531989073245
5531989073262
5531989073269
5531989073272
5531989073289
5531989073295
5531989073296
5531989073314
5531989073326
5531989073329
5531989073350
5531989073358
5531989073368
5531989073372
5531989073376
5531989073385
5531989073427
5531989073429
5531989073449
5531989073479
5531989073482
5531989073486
5531989073529
5531989073548
5531989073568
5531989073620
5531989073625
5531989073641
5531989073645
5531989073647
5531989073656
5531989073659
5531989073677
5531989073678
5531989073680
5531989073687
5531989073693
5531989073703
5531989073743
5531989073759
5531989073760
5531989073762
5531989073773
5531989073791
5531989073799
5531989073804
5531989073825
5531989073830
5531989073833
5531989073846
5531989073868
5531989073876
5531989073904
5531989073925
5531989073957
5531989073992
5531989074028
5531989074036
5531989074041
5531989074048
5531989074063
5531989074064
5531989074078
5531989074110
5531989074111
5531989074120
5531989074137
5531989074153
5531989074231
5531989074267
5531989074284
5531989074287
5531989074289
5531989074300
5531989074313
5531989074325
5531989074384
5531989074408
5531989074420
5531989074421
5531989074423
5531989074430
5531989074441
5531989074452
5531989074469
5531989074478
5531989074479
5531989074485
5531989074489
5531989074490
5531989074539
5531989074557
5531989074560
5531989074562
5531989074568
5531989074586
5531989074587
5531989074590
5531989074597
5531989074602
5531989074622
5531989074626
5531989074631
5531989074640
5531989074695
5531989074697
5531989074714
5531989074728
5531989074732
5531989074743
5531989074744
5531989074746
5531989074751
5531989074815
5531989074822
5531989074825
5531989074847
5531989074916
5531989074945
5531989074967
5531989074969
5531989074996
5531989075014
5531989075021
5531989075040
5531989075052
5531989075054
5531989075060
5531989075061
5531989075065
5531989075078
5531989075124
5531989075140
5531989075153
5531989075185
5531989075206
5531989075224
5531989075260
5531989075264
5531989075277
5531989075279
5531989075312
5531989075314
5531989075329
5531989075349
5531989075370
5531989075374
5531989075377
5531989075380
5531989075385
5531989075394
5531989075397
5531989075410
5531989075418
5531989075424
5531989075453
5531989075481
5531989075490
5531989075497
5531989075515
5531989075523
5531989075526
5531989075565
5531989075572
5531989075580
5531989075583
5531989075596
5531989075607
5531989075617
5531989075639
5531989075652
5531989075674
5531989075677
5531989075683
5531989075687
5531989075707
5531989075734
5531989075777
5531989075790
5531989075841
5531989075854
5531989075899
5531989075919
5531989075921
5531989075922
5531989075960
5531989075967
5531989075991
5531989076003
5531989076004
5531989076007
5531989076019
5531989076089
5531989076090
5531989076105
5531989076121
5531989076128
5531989076151
5531989076180
5531989076211
5531989076219
5531989076222
5531989076230
5531989076232
5531989076259
5531989076267
5531989076276
5531989076285
5531989076300
5531989076308
5531989076315
5531989076325
5531989076327
5531989076337
5531989076338
5531989076348
5531989076375
5531989076388
5531989076396
5531989076466
5531989076503
5531989076504
5531989076535
5531989076560
5531989076561
5531989076562
5531989076571
5531989076574
5531989076584
5531989076602
5531989076652
5531989076662
5531989076663
5531989076669
5531989076708
5531989076710
5531989076725
5531989076758
5531989076798
5531989076800
5531989076808
5531989076828
5531989076838
5531989076846
5531989076882
5531989076887
5531989076897
5531989076910
5531989076926
5531989076942
5531989076952
5531989076986
5531989077014
5531989077016
5531989077050
5531989077099
5531989077126
5531989077131
5531989077136
5531989077148
5531989077155
5531989077162
5531989077163
5531989077165
5531989077189
5531989077201
5531989077207
5531989077223
5531989077242
5531989077270
5531989077282
5531989077305
5531989077315
5531989077318
5531989077374
5531989077386
5531989077390
5531989077396
5531989077407
5531989077408
5531989077416
5531989077490
5531989077496
5531989077515
5531989077521
5531989077527
5531989077590
5531989077593
5531989077606
5531989077610
5531989077611
5531989077622
5531989077627
5531989077630
5531989077659
5531989077668
5531989077671
5531989077683
5531989077698
5531989077732
5531989077747
5531989077754
5531989077768
5531989077793
5531989077807
5531989077809
5531989077851
5531989077865
5531989077883
5531989077896
5531989077898
5531989077899
5531989077909
5531989077935
5531989077938
5531989077945
5531989077968
5531989077969
5531989077992
5531989077996
5531989078008
5531989078012
5531989078018
5531989078028
5531989078050
5531989078089
5531989078101
5531989078107
5531989078125
5531989078164
5531989078165
5531989078171
5531989078192
5531989078207
5531989078213
5531989078218
5531989078256
5531989078267
5531989078269
5531989078281
5531989078297
5531989078306
5531989078357
5531989078367
5531989078369
5531989078386
5531989078387
5531989078390
5531989078402
5531989078420
5531989078440
5531989078491
5531989078510
5531989078563
5531989078578
5531989078587
5531989078600
5531989078606
5531989078617
5531989078623
5531989078725
5531989078755
5531989078764
5531989078781
5531989078789
5531989078794
5531989078820
5531989078842
5531989078868
5531989078869
5531989078890
5531989078901
5531989078903
5531989078917
5531989078921
5531989078924
5531989078931
5531989078954
5531989078960
5531989078972
5531989078976
5531989078986
5531989078987
5531989079007
5531989079008
5531989079011
5531989079037
5531989079060
5531989079070
5531989079099
5531989079102
5531989079120
5531989079123
5531989079124
5531989079134
5531989079151
5531989079169
5531989079179
5531989079190
5531989079195
5531989079233
5531989079245
5531989079250
5531989079259
5531989079264
5531989079285
5531989079301
5531989079303
5531989079314
5531989079318
5531989079348
5531989079409
5531989079421
5531989079422
5531989079449
5531989079464
5531989079473
5531989079474
5531989079498
5531989079538
5531989079551
5531989079554
5531989079581
5531989079610
5531989079616
5531989079627
5531989079632
5531989079640
5531989079676
5531989079677
5531989079684
5531989079693
5531989079704
5531989079717
5531989079727
5531989079730
5531989079735
5531989079736
5531989079739
5531989079749
5531989079758
5531989079765
5531989079775
5531989079784
5531989079813
5531989079838
5531989079865
5531989079886
5531989079903
5531989079948
5531989079959
5531989079981
5531989080008
5531989080016
5531989080046
5531989080074
5531989080119
5531989080126
5531989080137
5531989080146
5531989080154
5531989080157
5531989080174
5531989080186
5531989080210
5531989080215
5531989080217
5531989080231
5531989080243
5531989080251
5531989080254
5531989080286
5531989080301
5531989080378
5531989080379
5531989080380
5531989080394
5531989080402
5531989080414
5531989080433
5531989080443
5531989080450
5531989080456
5531989080467
5531989080500
5531989080523
5531989080530
5531989080542
5531989080550
5531989080573
5531989080586
5531989080592
5531989080597
5531989080634
5531989080654
5531989080702
5531989080728
5531989080765
5531989080786
5531989080799
5531989080833
5531989080839
5531989080856
5531989080867
5531989080903
5531989080910
5531989080920
5531989080930
5531989080946
5531989080962
5531989080989
5531989080993
5531989080994
5531989080999
5531989081015
5531989081024
5531989081038
5531989081051
5531989081055
5531989081076
5531989081079
5531989081087
5531989081110
5531989081149
5531989081221
5531989081226
5531989081233
5531989081237
5531989081243
5531989081247
5531989081266
5531989081333
5531989081392
5531989081396
5531989081434
5531989081450
5531989081458
5531989081463
5531989081472
5531989081492
5531989081496
5531989081497
5531989081500
5531989081503
5531989081517
5531989081529
5531989081540
5531989081541
5531989081595
5531989081597
5531989081614
5531989081655
5531989081658
5531989081665
5531989081693
5531989081702
5531989081716
5531989081748
5531989081753
5531989081755
5531989081762
5531989081769
5531989081773
5531989081775
5531989081778
5531989081781
5531989081831
5531989081832
5531989081840
5531989081848
5531989081850
5531989081863
5531989081864
5531989081872
5531989081889
5531989081898
5531989081900
5531989081920
5531989081921
5531989081935
5531989081950
5531989081951
5531989081971
5531989081990
5531989081992
5531989081995
5531989081996
5531989081999
5531989082066
5531989082076
5531989082104
5531989082106
5531989082111
5531989082119
5531989082133
5531989082139
5531989082164
5531989082184
5531989082190
5531989082225
5531989082230
5531989082272
5531989082328
5531989082350
5531989082356
5531989082363
5531989082382
5531989082383
5531989082393
5531989082394
5531989082413
5531989082433
5531989082454
5531989082460
5531989082518
5531989082538
5531989082548
5531989082576
5531989082586
5531989082599
5531989082617
5531989082618
5531989082653
5531989082660
5531989082674
5531989082686
5531989082692
5531989082700
5531989082704
5531989082705
5531989082708
5531989082716
5531989082724
5531989082842
5531989082849
5531989082872
5531989082917
5531989082933
5531989082945
5531989082958
5531989082977
5531989082985
5531989082995
5531989083024
5531989083035
5531989083043
5531989083044
5531989083065
5531989083067
5531989083080
5531989083097
5531989083102
5531989083109
5531989083112
5531989083129
5531989083148
5531989083179
5531989083180
5531989083249
5531989083259
5531989083271
5531989083277
5531989083280
5531989083323
5531989083325
5531989083334
5531989083335
5531989083346
5531989083360
5531989083371
5531989083396
5531989083407
5531989083418
5531989083420
5531989083465
5531989083482
5531989083500
5531989083516
5531989083539
5531989083581
5531989083582
5531989083587
5531989083590
5531989083595
5531989083600
5531989083623
5531989083626
5531989083628
5531989083635
5531989083666
5531989083687
5531989083691
5531989083700
5531989083710
5531989083711
5531989083723
5531989083735
5531989083739
5531989083750
5531989083752
5531989083791
5531989083800
5531989083810
5531989083813
5531989083817
5531989083821
5531989083869
5531989083871
5531989083875
5531989083885
5531989083909
5531989083919
5531989083942
5531989083947
5531989083957
5531989083966
5531989083971
5531989083972
5531989083976
5531989083981
5531989084003
5531989084007
5531989084009
5531989084015
5531989084022
5531989084039
5531989084043
5531989084057
5531989084058
5531989084080
5531989084083
5531989084093
5531989084097
5531989084106
5531989084109
5531989084127
5531989084142
5531989084148
5531989084151
5531989084153
5531989084203
5531989084215
5531989084217
5531989084218
5531989084240
5531989084241
5531989084251
5531989084252
5531989084272
5531989084273
5531989084274
5531989084290
5531989084292
5531989084300
5531989084312
5531989084322
5531989084335
5531989084339
5531989084358
5531989084369
5531989084371
5531989084386
5531989084391
5531989084394
5531989084408
5531989084414
5531989084453
5531989084454
5531989084463
5531989084467
5531989084470
5531989084473
5531989084490
5531989084494
5531989084507
5531989084513
5531989084532
5531989084533
5531989084538
5531989084550
5531989084569
5531989084573
5531989084592
5531989084611
5531989084663
5531989084676
5531989084695
5531989084713
5531989084726
5531989084738
5531989084767
5531989084791
5531989084793
5531989084794
5531989084800
5531989084804
5531989084812
5531989084840
5531989084842
5531989084849
5531989084856
5531989084859
5531989084865
5531989084890
5531989084891
5531989084897
5531989084902
5531989084925
5531989084927
5531989084931
5531989084932
5531989084945
5531989084958
5531989084975
5531989084978
5531989084989
5531989085006
5531989085010
5531989085042
5531989085044
5531989085052
5531989085057
5531989085062
5531989085078
5531989085082
5531989085085
5531989085087
5531989085088
5531989085097
5531989085115
5531989085125
5531989085135
5531989085154
5531989085168
5531989085177
5531989085192
5531989085198
5531989085234
5531989085262
5531989085264
5531989085284
5531989085291
5531989085302
5531989085361
5531989085364
5531989085386
5531989085396
5531989085408
5531989085410
5531989085412
5531989085415
5531989085419
5531989085431
5531989085473
5531989085520
5531989085545
5531989085547
5531989085559
5531989085572
5531989085624
5531989085629
5531989085635
5531989085651
5531989085665
5531989085686
5531989085701
5531989085708
5531989085722
5531989085739
5531989085740
5531989085741
5531989085812
5531989085815
5531989085819
5531989085848
5531989085863
5531989085872
5531989085876
5531989085878
5531989085922
5531989085928
5531989085937
5531989085938
5531989085946
5531989085963
5531989085968
5531989085972
5531989085977
5531989085990
5531989086002
5531989086015
5531989086035
5531989086037
5531989086046
5531989086047
5531989086058
5531989086076
5531989086105
5531989086108
5531989086126
5531989086154
5531989086156
5531989086160
5531989086175
5531989086185
5531989086196
5531989086200
5531989086204
5531989086218
5531989086220
5531989086224
5531989086234
5531989086235
5531989086253
5531989086264
5531989086281
5531989086319
5531989086329
5531989086330
5531989086359
5531989086364
5531989086377
5531989086397
5531989086410
5531989086462
5531989086465
5531989086471
5531989086486
5531989086505
5531989086516
5531989086530
5531989086537
5531989086555
5531989086592
5531989086625
5531989086638
5531989086665
5531989086667
5531989086680
5531989086683
5531989086696
5531989086717
5531989086721
5531989086727
5531989086736
5531989086741
5531989086759
5531989086762
5531989086769
5531989086782
5531989086784
5531989086804
5531989086808
5531989086816
5531989086823
5531989086824
5531989086825
5531989086832
5531989086850
5531989086869
5531989086878
5531989086884
5531989086898
5531989086907
5531989086953
5531989086958
5531989086968
5531989086981
5531989086996
5531989087009
5531989087014
5531989087027
5531989087029
5531989087052
5531989087066
5531989087089
5531989087090
5531989087143
5531989087146
5531989087147
5531989087176
5531989087177
5531989087189
5531989087198
5531989087203
5531989087206
5531989087210
5531989087215
5531989087225
5531989087230
5531989087235
5531989087238
5531989087269
5531989087284
5531989087290
5531989087293
5531989087318
5531989087320
5531989087365
5531989087380
5531989087402
5531989087421
5531989087434
5531989087476
5531989087477
5531989087479
5531989087482
5531989087499
5531989087520
5531989087536
5531989087548
5531989087557
5531989087572
5531989087585
5531989087616
5531989087640
5531989087663
5531989087702
5531989087721
5531989087739
5531989087749
5531989087758
5531989087775
5531989087791
5531989087801
5531989087818
5531989087834
5531989087847
5531989087856
5531989087887
5531989087931
5531989087932
5531989087937
5531989087955
5531989087976
5531989087998
5531989088002
5531989088025
5531989088064
5531989088104
5531989088105
5531989088110
5531989088140
5531989088148
5531989088157
5531989088162
5531989088165
5531989088170
5531989088172
5531989088211
5531989088213
5531989088256
5531989088276
5531989088290
5531989088307
5531989088311
5531989088313
5531989088320
5531989088340
5531989088346
5531989088348
5531989088368
5531989088396
5531989088398
5531989088412
5531989088415
5531989088429
5531989088450
5531989088464
5531989088482
5531989088496
5531989088520
5531989088557
5531989088562
5531989088572
5531989088598
5531989088606
5531989088617
5531989088629
5531989088639
5531989088640
5531989088669
5531989088673
5531989088690
5531989088697
5531989088704
5531989088721
5531989088758
5531989088759
5531989088778
5531989088780
5531989088793
5531989088809
5531989088821
5531989088828
5531989088831
5531989088836
5531989088838
5531989088840
5531989088865
5531989088871
5531989088875
5531989088892
5531989088909
5531989088926
5531989088928
5531989088937
5531989088951
5531989088954
5531989088975
5531989089001
5531989089007
5531989089012
5531989089025
5531989089026
5531989089031
5531989089039
5531989089068
5531989089088
5531989089112
5531989089128
5531989089132
5531989089133
5531989089155
5531989089165
5531989089172
5531989089199
5531989089209
5531989089213
5531989089217
5531989089229
5531989089252
5531989089258
5531989089261
5531989089264
5531989089301
5531989089325
5531989089335
5531989089337
5531989089349
5531989089371
5531989089373
5531989089377
5531989089384
5531989089392
5531989089394
5531989089400
5531989089423
5531989089501
5531989089515
5531989089521
5531989089522
5531989089526
5531989089543
5531989089547
5531989089551
5531989089602
5531989089606
5531989089633
5531989089635
5531989089642
5531989089648
5531989089685
5531989089700
5531989089715
5531989089738
5531989089763
5531989089780
5531989089816
5531989089819
5531989089850
5531989089867
5531989089878
5531989089881
5531989089909
5531989089926
5531989089952
5531989089986
5531989089990
5531989090006
5531989090007
5531989090017
5531989090021
5531989090040
5531989090048
5531989090052
5531989090054
5531989090077
5531989090086
5531989090134
5531989090145
5531989090155
5531989090158
5531989090185
5531989090240
5531989090276
5531989090321
5531989090322
5531989090325
5531989090341
5531989090362
5531989090372
5531989090373
5531989090379
5531989090385
5531989090392
5531989090412
5531989090458
5531989090462
5531989090474
5531989090477
5531989090480
5531989090481
5531989090495
5531989090513
5531989090516
5531989090525
5531989090559
5531989090565
5531989090566
5531989090584
5531989090596
5531989090621
5531989090643
5531989090663
5531989090666
5531989090686
5531989090732
5531989090738
5531989090755
5531989090774
5531989090776
5531989090816
5531989090831
5531989090833
5531989090839
5531989090846
5531989090848
5531989090855
5531989090871
5531989090874
5531989090879
5531989090887
5531989090892
5531989090934
5531989090935
5531989090962
5531989090964
5531989090972
5531989090983
5531989091001
5531989091017
5531989091026
5531989091099
5531989091128
5531989091161
5531989091172
5531989091185
5531989091237
5531989091255
5531989091261
5531989091262
5531989091266
5531989091277
5531989091300
5531989091338
5531989091339
5531989091365
5531989091374
5531989091381
5531989091384
5531989091422
5531989091429
5531989091441
5531989091470
5531989091489
5531989091527
5531989091539
5531989091583
5531989091587
5531989091602
5531989091619
5531989091625
5531989091645
5531989091678
5531989091692
5531989091733
5531989091738
5531989091739
5531989091752
5531989091771
5531989091773
5531989091784
5531989091794
