5531991118549
5531991118570
5531991118572
5531991118586
5531991118591
5531991118627
5531991118689
5531991118690
5531991118703
5531991118707
5531991118734
5531991118751
5531991118766
5531991118799
5531991118808
5531991118818
5531991118872
5531991118873
5531991118878
5531991118893
5531991118896
5531991118897
5531991118900
5531991118917
5531991118924
5531991118932
5531991118943
5531991118956
5531991118963
5531991118980
5531991118994
5531991119056
5531991119075
5531991119093
5531991119097
5531991119106
5531991119176
5531991119197
5531991119223
5531991119224
5531991119236
5531991119242
5531991119254
5531991119258
5531991119282
5531991119302
5531991119304
5531991119306
5531991119320
5531991119372
5531991119391
5531991119394
5531991119399
5531991119421
5531991119428
5531991119431
5531991119477
5531991119495
5531991119551
5531991119566
5531991119570
5531991119610
5531991119624
5531991119628
5531991119642
5531991119671
5531991119688
5531991119697
5531991119735
5531991119756
5531991119764
5531991119809
5531991119842
5531991119863
5531991119864
5531991119866
5531991119867
5531991119891
5531991119900
5531991119906
5531991119938
5531991119946
5531991119957
5531991119966
5531991119978
5531991119981
5531991119988
5531991120030
5531991120037
5531991120076
5531991120077
5531991120153
5531991120208
5531991120230
5531991120290
5531991120314
5531991120343
5531991120370
5531991120404
5531991120488
5531991120494
5531991120537
5531991120599
5531991120622
5531991120717
5531991120787
5531991120820
5531991120836
5531991120840
5531991120849
5531991120853
5531991120873
5531991120890
5531991120931
5531991120932
5531991120994
5531991121000
5531991121017
5531991121021
5531991121024
5531991121080
5531991121174
5531991121198
5531991121202
5531991121210
5531991121236
5531991121248
5531991121250
5531991121277
5531991121284
5531991121331
5531991121360
5531991121383
5531991121406
5531991121472
5531991121484
5531991121537
5531991121547
5531991121599
5531991121637
5531991121724
5531991121742
5531991121790
5531991121801
5531991121808
5531991121821
5531991121847
5531991121891
5531991121912
5531991121949
5531991121995
5531991122010
5531991122066
5531991122098
5531991122101
5531991122131
5531991122157
5531991122167
5531991122169
5531991122184
5531991122199
5531991122279
5531991122292
5531991122330
5531991122345
5531991122447
5531991122472
5531991122490
5531991122508
5531991122545
5531991122555
5531991122625
5531991122655
5531991122668
5531991122691
5531991122726
5531991122745
5531991122752
5531991122773
5531991122849
5531991122855
5531991122870
5531991122979
5531991122987
5531991123013
5531991123128
5531991123140
5531991123168
5531991123194
5531991123212
5531991123222
5531991123241
5531991123243
5531991123323
5531991123349
5531991123363
5531991123367
5531991123462
5531991123497
5531991123501
5531991123524
5531991123545
5531991123548
5531991123592
5531991123604
5531991123608
5531991123633
5531991123720
5531991123730
5531991123732
5531991123749
5531991123778
5531991123780
5531991123785
5531991123789
5531991123794
5531991123815
5531991123879
5531991123888
5531991123894
5531991123918
5531991123927
5531991123936
5531991123971
5531991123986
5531991124037
5531991124171
5531991124202
5531991124225
5531991124296
5531991124308
5531991124346
5531991124392
5531991124421
5531991124433
5531991124441
5531991124474
5531991124488
5531991124498
5531991124512
5531991124541
5531991124542
5531991124589
5531991124595
5531991124600
5531991124607
5531991124723
5531991124739
5531991124757
5531991124834
5531991124847
5531991124853
5531991124905
5531991124911
5531991124925
5531991124944
5531991124954
5531991124999
5531991125025
5531991125041
5531991125059
5531991125087
5531991125155
5531991125195
5531991125200
5531991125209
5531991125219
5531991125238
5531991125243
5531991125279
5531991125312
5531991125330
5531991125335
5531991125336
5531991125353
5531991125368
5531991125407
5531991125545
5531991125552
5531991125636
5531991125637
5531991125697
5531991125741
5531991125793
5531991125802
5531991125837
5531991125873
5531991125919
5531991125928
5531991125934
5531991126003
5531991126017
5531991126025
5531991126035
5531991126037
5531991126051
5531991126054
5531991126074
5531991126123
5531991126136
5531991126147
5531991126152
5531991126172
5531991126212
5531991126258
5531991126280
5531991126319
5531991126342
5531991126346
5531991126364
5531991126380
5531991126498
5531991126511
5531991126538
5531991126561
5531991126594
5531991126604
5531991126646
5531991126652
5531991126665
5531991126669
5531991126706
5531991126738
5531991126752
5531991126778
5531991126781
5531991126793
5531991126836
5531991126870
5531991126891
5531991126918
5531991126922
5531991126938
5531991126947
5531991126950
5531991127024
5531991127072
5531991127082
5531991127104
5531991127112
5531991127113
5531991127128
5531991127172
5531991127175
5531991127223
5531991127227
5531991127288
5531991127306
5531991127313
5531991127316
5531991127321
5531991127329
5531991127403
5531991127418
5531991127466
5531991127472
5531991127508
5531991127526
5531991127556
5531991127576
5531991127597
5531991127600
5531991127639
5531991127665
5531991127682
5531991127686
5531991127710
5531991127715
5531991127722
5531991127740
5531991127773
5531991127795
5531991127823
5531991127829
5531991127905
5531991127914
5531991128008
5531991128018
5531991128025
5531991128031
5531991128054
5531991128127
5531991128184
5531991128238
5531991128255
5531991128265
5531991128267
5531991128274
5531991128305
5531991128311
5531991128315
5531991128367
5531991128381
5531991128398
5531991128400
5531991128418
5531991128476
5531991128477
5531991128510
5531991128513
5531991128519
5531991128533
5531991128543
5531991128544
5531991128554
5531991128581
5531991128605
5531991128614
5531991128615
5531991128660
5531991128681
5531991128735
5531991128787
5531991128788
5531991128789
5531991128845
5531991128888
5531991128889
5531991128893
5531991128912
5531991128935
5531991128952
5531991128957
5531991128959
5531991128972
5531991129005
5531991129009
5531991129052
5531991129060
5531991129086
5531991129116
5531991129127
5531991129134
5531991129184
5531991129188
5531991129207
5531991129218
5531991129220
5531991129223
5531991129227
5531991129244
5531991129258
5531991129266
5531991129276
5531991129313
5531991129323
5531991129339
5531991129356
5531991129379
5531991129426
5531991129439
5531991129452
5531991129466
5531991129467
5531991129539
5531991129558
5531991129584
5531991129587
5531991129589
5531991129599
5531991129600
5531991129628
5531991129632
5531991129639
5531991129678
5531991129694
5531991129698
5531991129714
5531991129754
5531991129762
5531991129786
5531991129792
5531991129835
5531991129878
5531991129891
5531991129947
5531991129957
5531991129962
5531991129975
5531991129989
5531991129999
5531991130011
5531991130045
5531991130090
5531991130095
5531991130169
5531991130180
5531991130258
5531991130259
5531991130286
5531991130351
5531991130359
5531991130361
5531991130373
5531991130451
5531991130512
5531991130515
5531991130588
5531991130601
5531991130672
5531991130697
5531991130706
5531991130750
5531991130783
5531991130801
5531991130813
5531991130825
5531991130826
5531991130841
5531991130975
5531991130981
5531991130982
5531991131004
5531991131010
5531991131023
5531991131076
5531991131081
5531991131104
5531991131131
5531991131148
5531991131198
5531991131220
5531991131244
5531991131313
5531991131321
5531991131393
5531991131407
5531991131408
5531991131472
5531991131473
5531991131477
5531991131478
5531991131480
5531991131498
5531991131513
5531991131518
5531991131672
5531991131726
5531991131817
5531991131828
5531991131873
5531991131889
5531991131933
5531991132024
5531991132025
5531991132030
5531991132062
5531991132139
5531991132146
5531991132157
5531991132189
5531991132222
5531991132245
5531991132272
5531991132312
5531991132401
5531991132417
5531991132433
5531991132464
5531991132512
5531991132568
5531991132604
5531991132655
5531991132690
5531991132720
5531991132725
5531991132727
5531991132742
5531991132743
5531991132786
5531991132859
5531991132865
5531991132871
5531991132872
5531991132876
5531991132894
5531991132908
5531991132938
5531991133022
5531991133038
5531991133042
5531991133047
5531991133076
5531991133083
5531991133128
5531991133150
5531991133165
5531991133181
5531991133206
5531991133209
5531991133211
5531991133215
5531991133266
5531991133280
5531991133284
5531991133352
5531991133434
5531991133435
5531991133485
5531991133496
5531991133533
5531991133536
5531991133545
5531991133637
5531991133733
5531991133773
5531991133802
5531991133811
5531991133827
5531991133837
5531991133849
5531991133869
5531991133906
5531991133909
5531991133931
5531991133939
5531991133975
5531991133987
5531991133990
5531991133997
5531991133998
5531991134064
5531991134103
5531991134175
5531991134239
5531991134240
5531991134320
5531991134326
5531991134330
5531991134334
5531991134340
5531991134343
5531991134352
5531991134353
5531991134369
5531991134378
5531991134413
5531991134434
5531991134454
5531991134460
5531991134509
5531991134547
5531991134564
5531991134635
5531991134685
5531991134700
5531991134783
5531991134789
5531991134803
5531991134897
5531991134958
5531991135017
5531991135064
5531991135094
5531991135154
5531991135190
5531991135201
5531991135222
5531991135239
5531991135244
5531991135270
5531991135273
5531991135288
5531991135322
5531991135329
5531991135342
5531991135375
5531991135390
5531991135419
5531991135421
5531991135436
5531991135445
5531991135459
5531991135474
5531991135507
5531991135511
5531991135537
5531991135576
5531991135581
5531991135595
5531991135618
5531991135624
5531991135631
5531991135671
5531991135679
5531991135719
5531991135742
5531991135766
5531991135788
5531991135789
5531991135807
5531991135813
5531991135843
5531991135864
5531991135897
5531991135901
5531991135960
5531991135995
5531991135998
5531991136034
5531991136106
5531991136111
5531991136121
5531991136124
5531991136173
5531991136204
5531991136207
5531991136210
5531991136212
5531991136220
5531991136229
5531991136240
5531991136319
5531991136321
5531991136330
5531991136373
5531991136378
5531991136389
5531991136392
5531991136396
5531991136401
5531991136412
5531991136436
5531991136446
5531991136458
5531991136459
5531991136489
5531991136514
5531991136576
5531991136625
5531991136641
5531991136657
5531991136664
5531991136693
5531991136701
5531991136751
5531991136770
5531991136789
5531991136790
5531991136794
5531991136840
5531991136844
5531991136851
5531991136864
5531991136868
5531991136877
5531991136883
5531991136910
5531991136918
5531991136936
5531991136939
5531991136947
5531991136964
5531991136997
5531991136999
5531991137024
5531991137046
5531991137079
5531991137087
5531991137102
5531991137108
5531991137122
5531991137130
5531991137156
5531991137180
5531991137181
5531991137234
5531991137263
5531991137298
5531991137300
5531991137306
5531991137320
5531991137328
5531991137337
5531991137341
5531991137349
5531991137380
5531991137384
5531991137389
5531991137398
5531991137400
5531991137403
5531991137426
5531991137449
5531991137487
5531991137509
5531991137510
5531991137528
5531991137550
5531991137574
5531991137601
5531991137617
5531991137641
5531991137644
5531991137669
5531991137686
5531991137742
5531991137783
5531991137795
5531991137801
5531991137803
5531991137854
5531991137883
5531991137899
5531991137903
5531991137922
5531991137928
5531991137941
5531991137945
5531991137960
5531991137994
5531991138006
5531991138012
5531991138033
5531991138044
5531991138055
5531991138075
5531991138096
5531991138115
5531991138222
5531991138268
5531991138272
5531991138288
5531991138290
5531991138301
5531991138305
5531991138314
5531991138333
5531991138502
5531991138524
5531991138550
5531991138573
5531991138578
5531991138580
5531991138627
5531991138679
5531991138719
5531991138731
5531991138774
5531991138802
5531991138895
5531991138898
5531991138922
5531991138944
5531991138969
5531991138989
5531991139000
5531991139001
5531991139032
5531991139088
5531991139090
5531991139091
5531991139096
5531991139117
5531991139127
5531991139175
5531991139177
5531991139201
5531991139240
5531991139242
5531991139276
5531991139296
5531991139307
5531991139309
5531991139325
5531991139333
5531991139356
5531991139377
5531991139406
5531991139419
5531991139429
5531991139465
5531991139517
5531991139522
5531991139530
5531991139556
5531991139583
5531991139591
5531991139635
5531991139689
5531991139704
5531991139705
5531991139714
5531991139717
5531991139775
5531991139859
5531991139893
5531991139898
5531991139900
5531991139967
5531991139998
5531991140019
5531991140028
5531991140065
5531991140092
5531991140141
5531991140162
5531991140168
5531991140179
5531991140212
5531991140215
5531991140219
5531991140258
5531991140267
5531991140318
5531991140326
5531991140391
5531991140411
5531991140441
5531991140508
5531991140540
5531991140575
5531991140604
5531991140688
5531991140695
5531991140715
5531991140732
5531991140763
5531991140768
5531991140779
5531991140798
5531991140805
5531991140826
5531991140833
5531991140858
5531991140870
5531991140877
5531991140929
5531991140938
5531991141053
5531991141117
5531991141154
5531991141177
5531991141190
5531991141211
5531991141257
5531991141260
5531991141284
5531991141298
5531991141342
5531991141375
5531991141393
5531991141417
5531991141456
5531991141457
5531991141489
5531991141498
5531991141513
5531991141596
5531991141696
5531991141741
5531991141742
5531991141803
5531991141819
5531991141853
5531991141860
5531991141868
5531991141893
5531991141898
5531991141939
5531991141953
5531991142019
5531991142020
5531991142044
5531991142045
5531991142049
5531991142161
5531991142163
5531991142173
5531991142188
5531991142201
5531991142225
5531991142238
5531991142243
5531991142247
5531991142266
5531991142306
5531991142318
5531991142331
5531991142389
5531991142394
5531991142408
5531991142428
5531991142495
5531991142504
5531991142519
5531991142546
5531991142575
5531991142583
5531991142660
5531991142684
5531991142724
5531991142757
5531991142760
5531991142761
5531991142804
5531991142815
5531991142836
5531991142850
5531991142880
5531991142904
5531991142905
5531991142948
5531991142958
5531991142968
5531991142989
5531991143030
5531991143048
5531991143082
5531991143142
5531991143162
5531991143185
5531991143187
5531991143227
5531991143236
5531991143310
5531991143415
5531991143418
5531991143429
5531991143431
5531991143473
5531991143507
5531991143563
5531991143570
5531991143586
5531991143624
5531991143644
5531991143683
5531991143684
5531991143706
5531991143726
5531991143788
5531991143794
5531991143916
5531991143947
5531991143959
5531991143968
5531991144102
5531991144112
5531991144137
5531991144168
5531991144249
5531991144251
5531991144307
5531991144378
5531991144390
5531991144456
5531991144459
5531991144470
5531991144473
5531991144488
5531991144504
5531991144521
5531991144532
5531991144575
5531991144583
5531991144598
5531991144600
5531991144639
5531991144641
5531991144664
5531991144670
5531991144675
5531991144720
5531991144774
5531991144783
5531991144830
5531991144835
5531991144840
5531991144841
5531991144882
5531991144895
5531991144904
5531991144906
5531991144933
5531991144967
5531991145020
5531991145055
5531991145130
5531991145191
5531991145202
5531991145208
5531991145218
5531991145252
5531991145263
5531991145311
5531991145318
5531991145365
5531991145402
5531991145409
5531991145420
5531991145432
5531991145437
5531991145459
5531991145502
5531991145525
5531991145556
5531991145608
5531991145613
5531991145645
5531991145649
5531991145660
5531991145701
5531991145739
5531991145795
5531991145797
5531991145819
5531991145828
5531991145860
5531991145898
5531991145945
5531991145990
5531991146000
5531991146010
5531991146046
5531991146070
5531991146076
5531991146142
5531991146150
5531991146167
5531991146171
5531991146172
5531991146191
5531991146198
5531991146215
5531991146227
5531991146230
5531991146242
5531991146254
5531991146261
5531991146264
5531991146311
5531991146412
5531991146413
5531991146414
5531991146426
5531991146442
5531991146447
5531991146467
5531991146488
5531991146526
5531991146565
5531991146600
5531991146607
5531991146610
5531991146613
5531991146636
5531991146644
5531991146645
5531991146659
5531991146678
5531991146685
5531991146695
5531991146713
5531991146726
5531991146727
5531991146742
5531991146800
5531991146814
5531991146816
5531991146817
5531991146820
5531991146838
5531991146841
5531991146853
5531991146897
5531991146906
5531991146926
5531991146940
5531991146956
5531991146959
5531991146988
5531991147001
5531991147002
5531991147010
5531991147024
5531991147053
5531991147064
5531991147091
5531991147098
5531991147115
5531991147122
5531991147147
5531991147150
5531991147153
5531991147161
5531991147166
5531991147178
5531991147185
5531991147192
5531991147193
5531991147197
5531991147198
5531991147219
5531991147232
5531991147235
5531991147236
5531991147250
5531991147264
5531991147267
5531991147302
5531991147311
5531991147338
5531991147341
5531991147366
5531991147369
5531991147385
5531991147386
5531991147396
5531991147397
5531991147417
5531991147419
5531991147470
5531991147488
5531991147491
5531991147500
5531991147507
5531991147550
5531991147560
5531991147563
5531991147568
5531991147571
5531991147634
5531991147650
5531991147672
5531991147678
5531991147698
5531991147703
5531991147757
5531991147761
5531991147796
5531991147801
5531991147842
5531991147848
5531991147853
5531991147867
5531991147920
5531991147933
5531991147941
5531991147943
5531991148000
5531991148016
5531991148017
5531991148027
5531991148043
5531991148055
5531991148068
5531991148081
5531991148083
5531991148108
5531991148127
5531991148129
5531991148134
5531991148151
5531991148232
5531991148268
5531991148269
5531991148270
5531991148288
5531991148345
5531991148363
5531991148380
5531991148390
5531991148398
5531991148405
5531991148422
5531991148451
5531991148497
5531991148537
5531991148558
5531991148656
5531991148662
5531991148680
5531991148684
5531991148704
5531991148728
5531991148738
5531991148749
5531991148772
5531991148776
5531991148785
5531991148800
5531991148812
5531991148818
5531991148830
5531991148905
5531991148912
5531991148913
5531991149014
5531991149026
5531991149032
5531991149033
5531991149057
5531991149104
5531991149106
5531991149161
5531991149164
5531991149192
5531991149199
5531991149208
5531991149214
5531991149233
5531991149241
5531991149270
5531991149281
5531991149288
5531991149351
5531991149365
5531991149371
5531991149395
5531991149405
5531991149425
5531991149442
5531991149445
5531991149448
5531991149452
5531991149475
5531991149504
5531991149520
5531991149521
5531991149526
5531991149531
5531991149537
5531991149588
5531991149605
5531991149653
5531991149664
5531991149665
5531991149708
5531991149709
5531991149713
5531991149718
5531991149736
5531991149739
5531991149746
5531991149757
5531991149773
5531991149789
5531991149832
5531991149874
5531991149879
5531991149890
5531991149891
5531991149894
5531991149896
5531991149929
5531991149930
5531991149957
5531991149959
5531991150021
5531991150058
5531991150136
5531991150158
5531991150182
5531991150214
5531991150260
5531991150382
5531991150435
5531991150469
5531991150531
5531991150570
5531991150598
5531991150602
5531991150623
5531991150633
5531991150646
5531991150729
5531991150797
5531991150810
5531991150816
5531991150848
5531991150882
5531991150902
5531991150934
5531991150937
5531991150945
5531991151032
5531991151033
5531991151041
5531991151046
5531991151050
5531991151079
5531991151109
5531991151116
5531991151184
5531991151266
5531991151277
5531991151334
5531991151369
5531991151399
5531991151402
5531991151419
5531991151429
5531991151439
5531991151460
5531991151470
5531991151485
5531991151501
5531991151587
5531991151588
5531991151611
5531991151637
5531991151650
5531991151683
5531991151710
5531991151733
5531991151777
5531991151778
5531991151785
5531991151811
5531991151876
5531991151917
5531991151928
5531991151958
5531991152046
5531991152053
5531991152060
5531991152062
5531991152127
5531991152159
5531991152160
5531991152191
5531991152202
5531991152243
5531991152253
5531991152305
5531991152307
5531991152309
5531991152320
5531991152355
5531991152422
5531991152486
5531991152492
5531991152498
5531991152499
5531991152553
5531991152598
5531991152604
5531991152607
5531991152615
5531991152636
5531991152648
5531991152684
5531991152699
5531991152717
5531991152734
5531991152755
5531991152759
5531991152784
5531991152788
5531991152840
5531991152867
5531991152878
5531991152912
5531991152951
5531991152976
5531991152985
5531991153003
5531991153008
5531991153077
5531991153108
5531991153113
5531991153171
5531991153219
5531991153259
5531991153285
5531991153291
5531991153299
5531991153315
5531991153320
5531991153450
5531991153538
5531991153541
5531991153582
5531991153607
5531991153608
5531991153644
5531991153658
5531991153726
5531991153728
5531991153736
5531991153739
5531991153762
5531991153804
5531991153814
5531991153867
5531991153891
5531991153899
5531991153903
5531991153944
5531991153946
5531991153968
5531991153969
5531991153974
5531991154005
5531991154045
5531991154052
5531991154057
5531991154077
5531991154149
5531991154161
5531991154200
5531991154210
5531991154227
5531991154241
5531991154253
5531991154289
5531991154291
5531991154294
5531991154318
5531991154333
5531991154395
5531991154424
5531991154426
5531991154437
5531991154454
5531991154455
5531991154520
5531991154607
5531991154641
5531991154659
5531991154673
5531991154701
5531991154702
5531991154735
5531991154738
5531991154841
5531991154963
5531991154992
5531991155012
5531991155030
5531991155110
5531991155134
5531991155154
5531991155166
5531991155195
5531991155233
5531991155243
5531991155272
5531991155359
5531991155386
5531991155421
5531991155438
5531991155443
5531991155531
5531991155592
5531991155637
5531991155708
5531991155713
5531991155714
5531991155720
5531991155735
5531991155737
5531991155768
5531991155778
5531991155828
5531991155874
5531991155899
5531991155945
5531991156038
5531991156048
5531991156076
5531991156080
5531991156082
5531991156090
5531991156101
5531991156105
5531991156126
5531991156152
5531991156183
5531991156225
5531991156228
5531991156229
5531991156238
5531991156286
5531991156308
5531991156323
5531991156345
5531991156352
5531991156369
5531991156394
5531991156416
5531991156426
5531991156437
5531991156449
5531991156457
5531991156465
5531991156467
5531991156470
5531991156475
5531991156490
5531991156492
5531991156519
5531991156520
5531991156538
5531991156570
5531991156593
5531991156605
5531991156612
5531991156621
5531991156622
5531991156679
5531991156680
5531991156693
5531991156728
5531991156731
5531991156739
5531991156747
5531991156772
5531991156834
5531991156846
5531991156893
5531991156925
5531991156938
5531991156968
5531991156970
5531991156990
5531991156991
5531991157003
5531991157011
5531991157038
5531991157055
5531991157073
5531991157082
5531991157083
5531991157085
5531991157099
5531991157130
5531991157131
5531991157164
5531991157176
5531991157211
5531991157226
5531991157234
5531991157238
5531991157255
5531991157290
5531991157313
5531991157330
5531991157399
5531991157417
5531991157421
5531991157438
5531991157495
5531991157520
5531991157529
5531991157536
5531991157544
5531991157554
5531991157595
5531991157599
5531991157647
5531991157693
5531991157717
5531991157743
5531991157751
5531991157754
5531991157760
5531991157777
5531991157780
5531991157793
5531991157829
5531991157835
5531991157864
5531991157873
5531991157883
5531991157931
5531991157943
5531991157978
5531991158009
5531991158124
5531991158137
5531991158148
5531991158155
5531991158176
5531991158191
5531991158209
5531991158231
5531991158232
5531991158234
5531991158238
5531991158299
5531991158320
5531991158324
5531991158339
5531991158401
5531991158417
5531991158424
5531991158431
5531991158457
5531991158463
5531991158479
5531991158546
5531991158586
5531991158605
5531991158619
5531991158649
5531991158651
5531991158674
5531991158679
5531991158682
5531991158686
5531991158710
5531991158728
5531991158746
5531991158761
5531991158764
5531991158774
5531991158810
5531991158857
5531991158879
5531991158880
5531991158894
5531991158905
5531991158911
5531991158931
5531991158947
5531991158954
5531991158971
5531991159009
5531991159011
5531991159017
5531991159018
5531991159024
5531991159030
5531991159068
5531991159077
5531991159078
5531991159094
5531991159121
5531991159122
5531991159150
5531991159157
5531991159291
5531991159300
5531991159311
5531991159312
5531991159318
5531991159331
5531991159394
5531991159417
5531991159439
5531991159455
5531991159471
5531991159519
5531991159521
5531991159526
5531991159546
5531991159562
5531991159596
5531991159603
5531991159643
5531991159672
5531991159675
5531991159710
5531991159747
5531991159756
5531991159770
5531991159818
5531991159850
5531991159974
5531991159995
5531991160008
5531991160022
5531991160040
5531991160063
5531991160082
5531991160109
5531991160235
5531991160330
5531991160372
5531991160383
5531991160401
5531991160402
5531991160432
5531991160508
5531991160533
5531991160555
5531991160562
5531991160568
5531991160621
5531991160630
5531991160665
5531991160697
5531991160707
5531991160712
5531991160816
5531991160846
5531991160857
5531991160862
5531991160986
5531991161014
5531991161032
5531991161053
5531991161214
5531991161257
5531991161350
5531991161527
5531991161544
5531991161560
5531991161565
5531991161617
5531991161632
5531991161635
5531991161692
5531991161712
5531991161884
5531991161928
5531991161945
5531991161959
5531991161972
5531991162001
5531991162033
5531991162063
5531991162064
5531991162075
5531991162103
5531991162120
5531991162144
5531991162153
5531991162220
5531991162263
5531991162390
5531991162403
5531991162406
5531991162452
5531991162486
5531991162500
5531991162579
5531991162671
5531991162741
5531991162753
5531991162795
5531991162803
5531991162809
5531991162866
5531991162880
5531991162887
5531991162888
5531991162909
5531991163119
5531991163128
5531991163136
5531991163141
5531991163151
5531991163155
5531991163204
5531991163280
5531991163315
5531991163327
5531991163333
5531991163363
5531991163388
5531991163489
5531991163491
5531991163494
5531991163505
5531991163610
5531991163636
5531991163676
5531991163682
5531991163762
5531991163770
5531991163830
5531991163854
5531991163881
5531991163888
5531991163909
5531991163915
5531991163968
5531991163975
5531991164005
5531991164032
5531991164049
5531991164050
5531991164068
5531991164072
5531991164077
5531991164083
5531991164087
5531991164120
5531991164139
5531991164149
5531991164151
5531991164166
5531991164171
5531991164196
5531991164215
5531991164219
5531991164228
5531991164229
5531991164236
5531991164255
5531991164268
5531991164271
5531991164278
5531991164283
5531991164314
5531991164353
5531991164372
5531991164437
5531991164518
5531991164535
5531991164570
5531991164593
5531991164611
5531991164621
5531991164732
5531991164734
5531991164767
5531991164776
5531991164791
5531991164812
5531991164834
5531991164835
5531991164844
5531991164863
5531991164894
5531991164906
5531991164985
5531991165000
5531991165004
5531991165007
5531991165022
5531991165031
5531991165063
5531991165068
5531991165109
5531991165126
5531991165128
5531991165185
5531991165213
5531991165216
5531991165221
5531991165233
5531991165245
5531991165281
5531991165318
5531991165386
5531991165500
5531991165504
5531991165507
5531991165518
5531991165525
5531991165527
5531991165536
5531991165551
5531991165557
5531991165562
5531991165566
5531991165633
5531991165635
5531991165643
5531991165677
5531991165690
5531991165697
5531991165698
5531991165699
5531991165701
5531991165739
5531991165740
5531991165750
5531991165782
5531991165815
5531991165830
5531991165850
5531991165862
5531991165865
5531991165869
5531991165870
5531991165875
5531991165900
5531991165962
5531991165964
5531991165968
5531991165991
5531991166000
5531991166014
5531991166017
5531991166037
5531991166054
5531991166064
5531991166092
5531991166101
5531991166123
5531991166162
5531991166166
5531991166173
5531991166205
5531991166209
5531991166211
5531991166214
5531991166285
5531991166291
5531991166341
5531991166349
5531991166387
5531991166392
5531991166408
5531991166432
