5531991275934
5531991276024
5531991276033
5531991276070
5531991276102
5531991276125
5531991276131
5531991276140
5531991276149
5531991276180
5531991276184
5531991276223
5531991276251
5531991276252
5531991276254
5531991276257
5531991276283
5531991276309
5531991276318
5531991276351
5531991276364
5531991276413
5531991276469
5531991276534
5531991276545
5531991276576
5531991276577
5531991276623
5531991276633
5531991276638
5531991276700
5531991276783
5531991276794
5531991276801
5531991276803
5531991276808
5531991276860
5531991276886
5531991276904
5531991276913
5531991276914
5531991276929
5531991276936
5531991276956
5531991276963
5531991276983
5531991276996
5531991277000
5531991277009
5531991277053
5531991277066
5531991277077
5531991277196
5531991277205
5531991277230
5531991277235
5531991277240
5531991277256
5531991277286
5531991277288
5531991277348
5531991277351
5531991277373
5531991277376
5531991277381
5531991277423
5531991277459
5531991277463
5531991277465
5531991277469
5531991277490
5531991277496
5531991277568
5531991277581
5531991277588
5531991277626
5531991277647
5531991277675
5531991277699
5531991277709
5531991277747
5531991277787
5531991277833
5531991277885
5531991277951
5531991277961
5531991278004
5531991278024
5531991278042
5531991278087
5531991278125
5531991278214
5531991278238
5531991278245
5531991278302
5531991278306
5531991278310
5531991278341
5531991278355
5531991278388
5531991278409
5531991278453
5531991278456
5531991278526
5531991278540
5531991278555
5531991278565
5531991278609
5531991278610
5531991278630
5531991278636
5531991278672
5531991278713
5531991278730
5531991278743
5531991278774
5531991278808
5531991278816
5531991278819
5531991278827
5531991278846
5531991278892
5531991278946
5531991278971
5531991278980
5531991278986
5531991279002
5531991279019
5531991279035
5531991279045
5531991279052
5531991279146
5531991279159
5531991279164
5531991279191
5531991279200
5531991279212
5531991279226
5531991279301
5531991279328
5531991279348
5531991279349
5531991279352
5531991279359
5531991279376
5531991279382
5531991279392
5531991279393
5531991279398
5531991279462
5531991279469
5531991279479
5531991279483
5531991279490
5531991279493
5531991279496
5531991279548
5531991279566
5531991279581
5531991279587
5531991279592
5531991279618
5531991279631
5531991279660
5531991279675
5531991279696
5531991279709
5531991279710
5531991279731
5531991279740
5531991279762
5531991279779
5531991279786
5531991279793
5531991279798
5531991279819
5531991279831
5531991279843
5531991279845
5531991279921
5531991279930
5531991279977
5531991279978
5531991280070
5531991280087
5531991280091
5531991280120
5531991280175
5531991280225
5531991280229
5531991280308
5531991280326
5531991280375
5531991280524
5531991280532
5531991280557
5531991280577
5531991280579
5531991280589
5531991280658
5531991280663
5531991280666
5531991280689
5531991280701
5531991280761
5531991280781
5531991280799
5531991280823
5531991280842
5531991280891
5531991280901
5531991280902
5531991280909
5531991280910
5531991280943
5531991281006
5531991281007
5531991281022
5531991281028
5531991281043
5531991281045
5531991281065
5531991281085
5531991281090
5531991281098
5531991281103
5531991281121
5531991281147
5531991281208
5531991281234
5531991281244
5531991281299
5531991281310
5531991281324
5531991281334
5531991281350
5531991281368
5531991281427
5531991281429
5531991281515
5531991281567
5531991281598
5531991281668
5531991281689
5531991281716
5531991281717
5531991281807
5531991281889
5531991281919
5531991281922
5531991282018
5531991282048
5531991282060
5531991282071
5531991282072
5531991282153
5531991282179
5531991282211
5531991282212
5531991282223
5531991282284
5531991282350
5531991282377
5531991282388
5531991282435
5531991282450
5531991282453
5531991282491
5531991282495
5531991282528
5531991282542
5531991282628
5531991282676
5531991282696
5531991282729
5531991282748
5531991282754
5531991282825
5531991282834
5531991282841
5531991282859
5531991282876
5531991282892
5531991282915
5531991282967
5531991282976
5531991283015
5531991283028
5531991283180
5531991283190
5531991283192
5531991283194
5531991283195
5531991283206
5531991283208
5531991283228
5531991283306
5531991283310
5531991283325
5531991283366
5531991283401
5531991283422
5531991283434
5531991283455
5531991283497
5531991283498
5531991283506
5531991283528
5531991283650
5531991283781
5531991283799
5531991283805
5531991283819
5531991283841
5531991283848
5531991283864
5531991283876
5531991283879
5531991283892
5531991283900
5531991283941
5531991283943
5531991283946
5531991283949
5531991283978
5531991283999
5531991284013
5531991284024
5531991284039
5531991284069
5531991284075
5531991284093
5531991284125
5531991284130
5531991284143
5531991284152
5531991284155
5531991284170
5531991284182
5531991284234
5531991284248
5531991284270
5531991284274
5531991284276
5531991284281
5531991284310
5531991284332
5531991284346
5531991284357
5531991284366
5531991284369
5531991284407
5531991284426
5531991284461
5531991284531
5531991284535
5531991284543
5531991284550
5531991284565
5531991284588
5531991284592
5531991284611
5531991284633
5531991284644
5531991284656
5531991284696
5531991284724
5531991284769
5531991284785
5531991284800
5531991284820
5531991284832
5531991284837
5531991284844
5531991284847
5531991284867
5531991284891
5531991284959
5531991284976
5531991284992
5531991285007
5531991285019
5531991285055
5531991285056
5531991285072
5531991285078
5531991285079
5531991285102
5531991285125
5531991285171
5531991285207
5531991285217
5531991285218
5531991285228
5531991285257
5531991285290
5531991285301
5531991285321
5531991285334
5531991285347
5531991285403
5531991285405
5531991285421
5531991285446
5531991285458
5531991285463
5531991285466
5531991285474
5531991285483
5531991285494
5531991285501
5531991285502
5531991285505
5531991285520
5531991285541
5531991285557
5531991285559
5531991285612
5531991285619
5531991285662
5531991285668
5531991285688
5531991285690
5531991285694
5531991285712
5531991285728
5531991285732
5531991285766
5531991285768
5531991285781
5531991285782
5531991285833
5531991285834
5531991285849
5531991285884
5531991285892
5531991285900
5531991285901
5531991285954
5531991285994
5531991286016
5531991286017
5531991286023
5531991286037
5531991286044
5531991286060
5531991286092
5531991286119
5531991286139
5531991286202
5531991286204
5531991286216
5531991286223
5531991286230
5531991286247
5531991286261
5531991286272
5531991286309
5531991286340
5531991286354
5531991286361
5531991286403
5531991286427
5531991286451
5531991286513
5531991286628
5531991286645
5531991286649
5531991286653
5531991286658
5531991286671
5531991286683
5531991286722
5531991286729
5531991286732
5531991286813
5531991286816
5531991286828
5531991286835
5531991286895
5531991286900
5531991286902
5531991286904
5531991286937
5531991286963
5531991286985
5531991287006
5531991287008
5531991287062
5531991287080
5531991287086
5531991287098
5531991287119
5531991287125
5531991287133
5531991287183
5531991287228
5531991287235
5531991287240
5531991287266
5531991287290
5531991287297
5531991287320
5531991287366
5531991287387
5531991287389
5531991287429
5531991287447
5531991287448
5531991287473
5531991287496
5531991287594
5531991287629
5531991287640
5531991287661
5531991287697
5531991287774
5531991287776
5531991287783
5531991287800
5531991287802
5531991287843
5531991287855
5531991287859
5531991287863
5531991287867
5531991287895
5531991287937
5531991287949
5531991287950
5531991288005
5531991288016
5531991288044
5531991288057
5531991288122
5531991288131
5531991288143
5531991288273
5531991288371
5531991288374
5531991288415
5531991288473
5531991288489
5531991288513
5531991288549
5531991288553
5531991288562
5531991288574
5531991288585
5531991288586
5531991288603
5531991288644
5531991288647
5531991288661
5531991288663
5531991288685
5531991288702
5531991288727
5531991288782
5531991288808
5531991288843
5531991288882
5531991288920
5531991288922
5531991289032
5531991289055
5531991289063
5531991289078
5531991289091
5531991289116
5531991289132
5531991289134
5531991289135
5531991289142
5531991289176
5531991289179
5531991289194
5531991289200
5531991289233
5531991289235
5531991289240
5531991289260
5531991289284
5531991289300
5531991289302
5531991289304
5531991289308
5531991289327
5531991289328
5531991289332
5531991289353
5531991289372
5531991289401
5531991289425
5531991289444
5531991289480
5531991289481
5531991289497
5531991289506
5531991289512
5531991289533
5531991289538
5531991289545
5531991289562
5531991289586
5531991289661
5531991289681
5531991289687
5531991289704
5531991289710
5531991289714
5531991289798
5531991289828
5531991289833
5531991289841
5531991289847
5531991289856
5531991289865
5531991289888
5531991289906
5531991289924
5531991289945
5531991289961
5531991289970
5531991290002
5531991290018
5531991290053
5531991290082
5531991290119
5531991290150
5531991290205
5531991290231
5531991290250
5531991290261
5531991290268
5531991290289
5531991290349
5531991290398
5531991290405
5531991290416
5531991290450
5531991290456
5531991290528
5531991290550
5531991290552
5531991290576
5531991290593
5531991290621
5531991290633
5531991290664
5531991290717
5531991290828
5531991290859
5531991290891
5531991290894
5531991290896
5531991290911
5531991290950
5531991291003
5531991291213
5531991291218
5531991291232
5531991291297
5531991291317
5531991291357
5531991291385
5531991291391
5531991291410
5531991291479
5531991291590
5531991291602
5531991291623
5531991291658
5531991291689
5531991291696
5531991291703
5531991291780
5531991291797
5531991291865
5531991291867
5531991291941
5531991291945
5531991291984
5531991292044
5531991292074
5531991292130
5531991292131
5531991292200
5531991292203
5531991292237
5531991292246
5531991292250
5531991292298
5531991292316
5531991292338
5531991292352
5531991292374
5531991292378
5531991292427
5531991292440
5531991292483
5531991292491
5531991292494
5531991292501
5531991292521
5531991292552
5531991292617
5531991292633
5531991292692
5531991292717
5531991292719
5531991292729
5531991292753
5531991292954
5531991292960
5531991292980
5531991292982
5531991293007
5531991293069
5531991293084
5531991293112
5531991293135
5531991293187
5531991293198
5531991293212
5531991293227
5531991293255
5531991293286
5531991293303
5531991293346
5531991293353
5531991293408
5531991293436
5531991293529
5531991293537
5531991293542
5531991293566
5531991293632
5531991293655
5531991293713
5531991293719
5531991293722
5531991293725
5531991293728
5531991293824
5531991293905
5531991293955
5531991293973
5531991293982
5531991293986
5531991293990
5531991293995
5531991294013
5531991294035
5531991294049
5531991294112
5531991294114
5531991294132
5531991294141
5531991294149
5531991294159
5531991294255
5531991294286
5531991294305
5531991294310
5531991294315
5531991294352
5531991294355
5531991294378
5531991294384
5531991294386
5531991294396
5531991294420
5531991294431
5531991294447
5531991294455
5531991294475
5531991294479
5531991294500
5531991294550
5531991294569
5531991294593
5531991294600
5531991294603
5531991294619
5531991294625
5531991294633
5531991294644
5531991294646
5531991294651
5531991294684
5531991294716
5531991294750
5531991294783
5531991294789
5531991294798
5531991294800
5531991294803
5531991294840
5531991294867
5531991294876
5531991294897
5531991294919
5531991294922
5531991294927
5531991294960
5531991294976
5531991294998
5531991295019
5531991295024
5531991295030
5531991295134
5531991295138
5531991295141
5531991295161
5531991295174
5531991295180
5531991295186
5531991295220
5531991295250
5531991295283
5531991295401
5531991295420
5531991295432
5531991295448
5531991295485
5531991295541
5531991295559
5531991295615
5531991295644
5531991295675
5531991295690
5531991295704
5531991295724
5531991295729
5531991295746
5531991295766
5531991295780
5531991295796
5531991295804
5531991295817
5531991295824
5531991295847
5531991295864
5531991295875
5531991295944
5531991295962
5531991295970
5531991295979
5531991295988
5531991296018
5531991296036
5531991296046
5531991296053
5531991296071
5531991296074
5531991296081
5531991296093
5531991296097
5531991296108
5531991296119
5531991296148
5531991296150
5531991296169
5531991296186
5531991296203
5531991296217
5531991296229
5531991296230
5531991296256
5531991296258
5531991296260
5531991296262
5531991296263
5531991296266
5531991296315
5531991296317
5531991296330
5531991296338
5531991296360
5531991296363
5531991296415
5531991296422
5531991296432
5531991296478
5531991296504
5531991296516
5531991296526
5531991296599
5531991296625
5531991296640
5531991296660
5531991296662
5531991296671
5531991296700
5531991296736
5531991296758
5531991296761
5531991296778
5531991296779
5531991296782
5531991296805
5531991296811
5531991296855
5531991296858
5531991296862
5531991296864
5531991296868
5531991296876
5531991296881
5531991296884
5531991296891
5531991296913
5531991296936
5531991296972
5531991296982
5531991296990
5531991297033
5531991297071
5531991297087
5531991297091
5531991297129
5531991297135
5531991297136
5531991297137
5531991297188
5531991297196
5531991297201
5531991297229
5531991297240
5531991297255
5531991297269
5531991297358
5531991297407
5531991297408
5531991297411
5531991297434
5531991297438
5531991297463
5531991297489
5531991297500
5531991297506
5531991297519
5531991297526
5531991297611
5531991297670
5531991297677
5531991297707
5531991297722
5531991297743
5531991297817
5531991297827
5531991297831
5531991297921
5531991297932
5531991297977
5531991297980
5531991297992
5531991298028
5531991298036
5531991298041
5531991298068
5531991298084
5531991298088
5531991298097
5531991298098
5531991298123
5531991298154
5531991298201
5531991298220
5531991298241
5531991298249
5531991298256
5531991298273
5531991298295
5531991298297
5531991298365
5531991298369
5531991298385
5531991298422
5531991298439
5531991298465
5531991298472
5531991298478
5531991298500
5531991298586
5531991298587
5531991298596
5531991298619
5531991298621
5531991298677
5531991298688
5531991298689
5531991298697
5531991298725
5531991298776
5531991298818
5531991298826
5531991298840
5531991298859
5531991298880
5531991298887
5531991298888
5531991298890
5531991298900
5531991298906
5531991298917
5531991298984
5531991298988
5531991299001
5531991299011
5531991299055
5531991299091
5531991299142
5531991299153
5531991299168
5531991299182
5531991299188
5531991299216
5531991299232
5531991299235
5531991299318
5531991299330
5531991299332
5531991299343
5531991299364
5531991299372
5531991299373
5531991299403
5531991299421
5531991299434
5531991299446
5531991299448
5531991299462
5531991299484
5531991299525
5531991299526
5531991299550
5531991299577
5531991299667
5531991299668
5531991299687
5531991299707
5531991299735
5531991299772
5531991299775
5531991299812
5531991299858
5531991299859
5531991299876
5531991299889
5531991299909
5531991299917
5531991300000
5531991300013
5531991300019
5531991300024
5531991300028
5531991300030
5531991300081
5531991300094
5531991300112
5531991300130
5531991300135
5531991300154
5531991300170
5531991300188
5531991300286
5531991300340
5531991300358
5531991300399
5531991300417
5531991300437
5531991300446
5531991300477
5531991300485
5531991300490
5531991300530
5531991300567
5531991300570
5531991300576
5531991300583
5531991300597
5531991300617
5531991300627
5531991300665
5531991300720
5531991300760
5531991300772
5531991300773
5531991300779
5531991300813
5531991300829
5531991300838
5531991300849
5531991300881
5531991300886
5531991300899
5531991300911
5531991300963
5531991301000
5531991301021
5531991301026
5531991301038
5531991301051
5531991301058
5531991301061
5531991301062
5531991301074
5531991301075
5531991301094
5531991301101
5531991301119
5531991301194
5531991301195
5531991301205
5531991301218
5531991301229
5531991301234
5531991301240
5531991301305
5531991301361
5531991301376
5531991301455
5531991301513
5531991301548
5531991301594
5531991301608
5531991301610
5531991301642
5531991301676
5531991301704
5531991301774
5531991301789
5531991301791
5531991301812
5531991301844
5531991301862
5531991301920
5531991301924
5531991301950
5531991301976
5531991301981
5531991301998
5531991302001
5531991302011
5531991302027
5531991302098
5531991302101
5531991302104
5531991302109
5531991302123
5531991302181
5531991302190
5531991302217
5531991302223
5531991302228
5531991302235
5531991302241
5531991302296
5531991302316
5531991302318
5531991302325
5531991302328
5531991302358
5531991302362
5531991302394
5531991302409
5531991302423
5531991302433
5531991302440
5531991302467
5531991302471
5531991302504
5531991302520
5531991302547
5531991302564
5531991302566
5531991302568
5531991302571
5531991302578
5531991302596
5531991302619
5531991302684
5531991302728
5531991302744
5531991302753
5531991302770
5531991302774
5531991302822
5531991302840
5531991302863
5531991302866
5531991302875
5531991302897
5531991302916
5531991302937
5531991302955
5531991303016
5531991303019
5531991303035
5531991303038
5531991303047
5531991303054
5531991303067
5531991303071
5531991303078
5531991303097
5531991303108
5531991303160
5531991303242
5531991303275
5531991303296
5531991303298
5531991303305
5531991303310
5531991303350
5531991303366
5531991303408
5531991303442
5531991303501
5531991303505
5531991303509
5531991303520
5531991303550
5531991303554
5531991303580
5531991303590
5531991303611
5531991303623
5531991303657
5531991303671
5531991303674
5531991303676
5531991303713
5531991303720
5531991303774
5531991303779
5531991303795
5531991303796
5531991303802
5531991303810
5531991303815
5531991303838
5531991303858
5531991303882
5531991303885
5531991303935
5531991303939
5531991303964
5531991303983
5531991303989
5531991303995
5531991303996
5531991304000
5531991304005
5531991304009
5531991304028
5531991304041
5531991304075
5531991304096
5531991304110
5531991304116
5531991304125
5531991304138
5531991304179
5531991304183
5531991304196
5531991304200
5531991304203
5531991304210
5531991304213
5531991304224
5531991304251
5531991304260
5531991304266
5531991304278
5531991304338
5531991304356
5531991304365
5531991304379
5531991304390
5531991304399
5531991304412
5531991304430
5531991304442
5531991304448
5531991304451
5531991304455
5531991304480
5531991304597
5531991304625
5531991304626
5531991304639
5531991304649
5531991304664
5531991304676
5531991304714
5531991304718
5531991304727
5531991304756
5531991304793
5531991304812
5531991304813
5531991304847
5531991304860
5531991304867
5531991304883
5531991304893
5531991304922
5531991305030
5531991305065
5531991305143
5531991305160
5531991305163
5531991305177
5531991305200
5531991305224
5531991305240
5531991305252
5531991305291
5531991305292
5531991305304
5531991305314
5531991305331
5531991305343
5531991305347
5531991305373
5531991305376
5531991305412
5531991305423
5531991305444
5531991305489
5531991305544
5531991305549
5531991305555
5531991305583
5531991305631
5531991305662
5531991305674
5531991305707
5531991305731
5531991305749
5531991305768
5531991305801
5531991305825
5531991305922
5531991305948
5531991305962
5531991305998
5531991306045
5531991306086
5531991306142
5531991306188
5531991306200
5531991306236
5531991306247
5531991306266
5531991306349
5531991306380
5531991306383
5531991306415
5531991306466
5531991306535
5531991306557
5531991306562
5531991306593
5531991306606
5531991306613
5531991306622
5531991306638
5531991306652
5531991306653
5531991306654
5531991306720
5531991306733
5531991306780
5531991306787
5531991306821
5531991306836
5531991306838
5531991306865
5531991306888
5531991306892
5531991306905
5531991306914
5531991306922
5531991306923
5531991306924
5531991306931
5531991306995
5531991306997
5531991307001
5531991307023
5531991307048
5531991307188
5531991307205
5531991307224
5531991307275
5531991307313
5531991307336
5531991307350
5531991307391
5531991307400
5531991307430
5531991307522
5531991307523
5531991307551
5531991307562
5531991307564
5531991307622
5531991307624
5531991307673
5531991307722
5531991307747
5531991307777
5531991307778
5531991307901
5531991307946
5531991307988
5531991307994
5531991308014
5531991308050
5531991308079
5531991308090
5531991308097
5531991308112
5531991308135
5531991308183
5531991308223
5531991308302
5531991308353
5531991308378
5531991308386
5531991308402
5531991308474
5531991308498
5531991308514
5531991308555
5531991308572
5531991308621
5531991308767
5531991308774
5531991308791
5531991308819
5531991308849
5531991308852
5531991308894
5531991308898
5531991308911
5531991308923
5531991308958
5531991308989
5531991308994
5531991309002
5531991309018
5531991309130
5531991309133
5531991309203
5531991309211
5531991309219
5531991309223
5531991309227
5531991309300
5531991309317
5531991309322
5531991309347
5531991309365
5531991309374
5531991309422
5531991309438
5531991309460
5531991309467
5531991309473
5531991309490
5531991309540
5531991309594
5531991309595
5531991309596
5531991309606
5531991309623
5531991309657
5531991309684
5531991309689
5531991309690
5531991309694
5531991309731
5531991309757
5531991309785
5531991309880
5531991309916
5531991309920
5531991309932
5531991310017
5531991310023
5531991310212
5531991310228
5531991310269
5531991310286
5531991310294
5531991310402
5531991310407
5531991310468
5531991310500
5531991310521
5531991310533
5531991310608
5531991310611
5531991310636
5531991310693
5531991310711
5531991310714
5531991310750
5531991310780
5531991310829
5531991310850
5531991310880
5531991310928
5531991310958
5531991310959
5531991310964
5531991311001
5531991311062
5531991311090
5531991311121
5531991311137
5531991311183
5531991311208
5531991311251
5531991311284
5531991311351
5531991311361
5531991311376
5531991311385
5531991311460
5531991311508
5531991311570
5531991311624
5531991311626
5531991311677
5531991311742
5531991311748
5531991311919
5531991311948
5531991311951
5531991311979
5531991312001
5531991312003
5531991312014
5531991312030
5531991312040
5531991312044
5531991312048
5531991312081
5531991312166
5531991312179
5531991312241
5531991312257
5531991312264
5531991312290
5531991312305
5531991312327
5531991312328
5531991312354
5531991312362
5531991312383
5531991312413
5531991312415
5531991312421
5531991312449
5531991312549
5531991312575
5531991312578
5531991312584
5531991312601
5531991312610
5531991312643
5531991312645
5531991312667
5531991312668
5531991312685
5531991312706
5531991312738
5531991312746
5531991312759
5531991312783
5531991312785
5531991312926
5531991312927
5531991312953
5531991312992
5531991313017
5531991313025
5531991313058
5531991313066
5531991313218
5531991313219
5531991313222
5531991313225
5531991313270
5531991313289
5531991313323
5531991313382
5531991313395
5531991313401
5531991313438
5531991313501
5531991313564
5531991313568
5531991313609
5531991313613
5531991313660
5531991313682
5531991313712
5531991313738
5531991313739
5531991313754
5531991313760
5531991313765
5531991313777
5531991313853
5531991313862
5531991313907
5531991313932
5531991313939
5531991313945
5531991313979
5531991314003
5531991314091
5531991314132
5531991314138
5531991314143
5531991314170
5531991314172
5531991314191
5531991314203
5531991314222
5531991314246
5531991314267
5531991314275
5531991314310
5531991314312
5531991314313
5531991314391
5531991314435
5531991314492
5531991314501
5531991314528
5531991314569
5531991314581
5531991314584
5531991314626
5531991314686
5531991314699
5531991314727
5531991314728
5531991314783
5531991314859
5531991314990
5531991315001
5531991315012
5531991315085
5531991315151
5531991315158
5531991315192
5531991315207
5531991315249
5531991315257
5531991315289
5531991315324
5531991315330
5531991315336
5531991315355
5531991315429
5531991315432
5531991315433
5531991315479
5531991315484
5531991315488
5531991315490
5531991315543
5531991315575
5531991315587
5531991315595
5531991315600
5531991315682
5531991315686
5531991315687
5531991315717
5531991315732
5531991315742
5531991315791
5531991315806
5531991315807
5531991315820
5531991315821
5531991315834
5531991315842
5531991315857
5531991315915
5531991315952
5531991315963
5531991315975
5531991315998
5531991316142
5531991316144
5531991316148
5531991316161
5531991316174
5531991316204
5531991316214
5531991316345
5531991316363
5531991316385
5531991316442
5531991316468
5531991316472
5531991316482
5531991316494
5531991316531
5531991316533
5531991316572
5531991316600
5531991316625
5531991316646
5531991316707
5531991316713
5531991316815
5531991316819
5531991316839
5531991316843
5531991316949
5531991316985
5531991316992
5531991316993
5531991317007
5531991317060
5531991317066
5531991317074
5531991317094
5531991317142
5531991317144
5531991317154
5531991317168
5531991317173
5531991317176
5531991317211
5531991317246
5531991317253
5531991317266
5531991317276
5531991317336
5531991317346
5531991317409
5531991317410
5531991317424
5531991317447
5531991317461
5531991317469
5531991317512
5531991317522
5531991317548
5531991317587
5531991317612
5531991317632
5531991317704
5531991317706
5531991317710
5531991317722
5531991317770
5531991317784
5531991317816
5531991317837
5531991317878
5531991317883
5531991317885
5531991317889
5531991317902
5531991317921
5531991317929
5531991317939
5531991317970
5531991317982
5531991318021
5531991318032
5531991318069
5531991318107
5531991318161
5531991318176
5531991318224
5531991318271
5531991318293
5531991318329
5531991318344
5531991318355
5531991318379
5531991318440
5531991318443
5531991318447
5531991318449
5531991318455
5531991318464
5531991318475
5531991318478
5531991318495
5531991318513
5531991318524
5531991318546
5531991318573
5531991318578
5531991318579
5531991318586
5531991318595
5531991318599
5531991318605
5531991318608
5531991318609
5531991318613
5531991318653
5531991318679
5531991318725
5531991318758
5531991318786
5531991318795
5531991318809
5531991318818
5531991318840
5531991318854
5531991318870
5531991318880
5531991318882
5531991318910
5531991318919
5531991318921
5531991318949
5531991318961
5531991318981
5531991318992
5531991319050
5531991319069
5531991319078
5531991319089
5531991319115
5531991319142
5531991319151
5531991319170
5531991319171
5531991319176
5531991319224
5531991319227
5531991319248
5531991319261
5531991319310
5531991319323
5531991319328
5531991319356
5531991319372
5531991319387
5531991319399
5531991319436
5531991319445
5531991319476
5531991319500
5531991319503
5531991319587
5531991319603
5531991319635
5531991319700
5531991319720
5531991319726
5531991319727
5531991319730
5531991319773
5531991319793
5531991319797
5531991319802
5531991319830
5531991319846
5531991319849
5531991319875
5531991319876
5531991319916
5531991319917
5531991319920
5531991319922
5531991319953
5531991319972
5531991320008
5531991320053
5531991320091
5531991320101
5531991320285
5531991320348
5531991320413
5531991320469
5531991320475
5531991320482
5531991320510
5531991320543
5531991320560
5531991320561
5531991320581
5531991320595
5531991320609
5531991320613
5531991320621
5531991320684
5531991320692
5531991320751
5531991320774
5531991320787
5531991320793
5531991320805
5531991320813
5531991320819
5531991320825
5531991320849
5531991320853
5531991320879
5531991320931
5531991320962
5531991320971
5531991321013
5531991321021
5531991321034
5531991321038
5531991321051
5531991321055
5531991321070
5531991321078
5531991321079
5531991321087
5531991321091
5531991321156
5531991321206
5531991321217
5531991321249
5531991321263
5531991321296
5531991321385
5531991321393
5531991321403
5531991321476
5531991321560
5531991321586
5531991321606
5531991321627
5531991321628
5531991321716
5531991321773
5531991321817
5531991321829
5531991321862
5531991321871
5531991321936
5531991321938
5531991321966
5531991322006
5531991322025
5531991322030
5531991322040
5531991322049
5531991322097
5531991322124
5531991322125
5531991322182
5531991322254
5531991322257
5531991322298
5531991322335
5531991322341
5531991322401
5531991322450
5531991322508
5531991322512
5531991322551
5531991322570
5531991322574
5531991322586
5531991322647
5531991322654
5531991322660
5531991322714
5531991322715
5531991322718
5531991322742
5531991322757
5531991322859
5531991322874
5531991322887
5531991322889
5531991322895
5531991322916
5531991322947
5531991322989
5531991322994
5531991323020
5531991323034
5531991323042
5531991323063
