5531989722612
5531989722624
5531989722636
5531989722639
5531989722656
5531989722658
5531989722664
5531989722677
5531989722709
5531989722724
5531989722726
5531989722738
5531989722750
5531989722762
5531989722821
5531989722827
5531989722851
5531989722858
5531989722868
5531989722873
5531989722894
5531989722908
5531989722920
5531989722934
5531989722949
5531989722950
5531989722966
5531989722974
5531989722996
5531989723014
5531989723042
5531989723052
5531989723057
5531989723067
5531989723094
5531989723105
5531989723108
5531989723133
5531989723138
5531989723141
5531989723150
5531989723158
5531989723176
5531989723215
5531989723216
5531989723220
5531989723238
5531989723265
5531989723269
5531989723286
5531989723293
5531989723374
5531989723382
5531989723387
5531989723402
5531989723430
5531989723440
5531989723442
5531989723446
5531989723500
5531989723504
5531989723520
5531989723534
5531989723537
5531989723557
5531989723567
5531989723569
5531989723583
5531989723585
5531989723588
5531989723590
5531989723595
5531989723610
5531989723622
5531989723635
5531989723649
5531989723663
5531989723669
5531989723715
5531989723719
5531989723742
5531989723746
5531989723747
5531989723760
5531989723818
5531989723825
5531989723899
5531989723900
5531989723908
5531989723914
5531989723926
5531989723929
5531989723943
5531989723957
5531989723963
5531989723974
5531989724005
5531989724006
5531989724008
5531989724015
5531989724035
5531989724039
5531989724043
5531989724051
5531989724063
5531989724067
5531989724089
5531989724116
5531989724124
5531989724125
5531989724144
5531989724151
5531989724159
5531989724187
5531989724198
5531989724210
5531989724236
5531989724256
5531989724274
5531989724307
5531989724334
5531989724355
5531989724368
5531989724376
5531989724401
5531989724417
5531989724423
5531989724436
5531989724448
5531989724464
5531989724495
5531989724517
5531989724529
5531989724531
5531989724535
5531989724550
5531989724555
5531989724575
5531989724580
5531989724588
5531989724614
5531989724620
5531989724627
5531989724647
5531989724689
5531989724690
5531989724695
5531989724727
5531989724749
5531989724754
5531989724774
5531989724793
5531989724794
5531989724818
5531989724831
5531989724850
5531989724865
5531989724882
5531989724903
5531989724911
5531989724996
5531989725020
5531989725023
5531989725025
5531989725077
5531989725083
5531989725100
5531989725119
5531989725136
5531989725146
5531989725154
5531989725155
5531989725157
5531989725180
5531989725204
5531989725212
5531989725214
5531989725225
5531989725311
5531989725337
5531989725355
5531989725364
5531989725367
5531989725369
5531989725372
5531989725373
5531989725404
5531989725413
5531989725415
5531989725447
5531989725453
5531989725472
5531989725479
5531989725480
5531989725502
5531989725514
5531989725524
5531989725539
5531989725549
5531989725567
5531989725584
5531989725653
5531989725672
5531989725703
5531989725731
5531989725741
5531989725743
5531989725777
5531989725794
5531989725820
5531989725824
5531989725829
5531989725848
5531989725885
5531989725898
5531989725900
5531989725901
5531989725919
5531989725942
5531989725956
5531989725965
5531989725978
5531989725989
5531989725992
5531989725996
5531989726015
5531989726061
5531989726068
5531989726079
5531989726099
5531989726110
5531989726127
5531989726150
5531989726168
5531989726183
5531989726191
5531989726212
5531989726245
5531989726254
5531989726259
5531989726263
5531989726275
5531989726279
5531989726287
5531989726291
5531989726321
5531989726327
5531989726354
5531989726357
5531989726421
5531989726437
5531989726440
5531989726466
5531989726483
5531989726535
5531989726563
5531989726587
5531989726595
5531989726607
5531989726638
5531989726651
5531989726674
5531989726695
5531989726705
5531989726722
5531989726725
5531989726740
5531989726753
5531989726761
5531989726764
5531989726772
5531989726785
5531989726803
5531989726805
5531989726806
5531989726808
5531989726811
5531989726816
5531989726818
5531989726831
5531989726833
5531989726883
5531989726919
5531989726929
5531989726934
5531989726959
5531989726962
5531989726978
5531989726998
5531989727008
5531989727020
5531989727021
5531989727025
5531989727046
5531989727049
5531989727086
5531989727087
5531989727099
5531989727101
5531989727104
5531989727114
5531989727116
5531989727139
5531989727170
5531989727277
5531989727291
5531989727295
5531989727296
5531989727301
5531989727333
5531989727355
5531989727374
5531989727383
5531989727384
5531989727393
5531989727394
5531989727399
5531989727406
5531989727427
5531989727447
5531989727463
5531989727482
5531989727496
5531989727501
5531989727516
5531989727518
5531989727520
5531989727536
5531989727568
5531989727571
5531989727581
5531989727584
5531989727586
5531989727587
5531989727589
5531989727604
5531989727611
5531989727623
5531989727667
5531989727696
5531989727713
5531989727725
5531989727743
5531989727750
5531989727773
5531989727780
5531989727784
5531989727808
5531989727845
5531989727848
5531989727862
5531989727892
5531989727932
5531989727936
5531989727999
5531989728008
5531989728022
5531989728087
5531989728088
5531989728122
5531989728123
5531989728149
5531989728182
5531989728206
5531989728213
5531989728222
5531989728231
5531989728242
5531989728251
5531989728333
5531989728334
5531989728339
5531989728354
5531989728359
5531989728364
5531989728366
5531989728402
5531989728411
5531989728421
5531989728426
5531989728435
5531989728456
5531989728462
5531989728463
5531989728464
5531989728498
5531989728503
5531989728514
5531989728524
5531989728527
5531989728543
5531989728548
5531989728553
5531989728554
5531989728563
5531989728572
5531989728580
5531989728587
5531989728603
5531989728606
5531989728620
5531989728663
5531989728719
5531989728733
5531989728740
5531989728756
5531989728762
5531989728764
5531989728773
5531989728781
5531989728790
5531989728799
5531989728810
5531989728816
5531989728817
5531989728821
5531989728825
5531989728848
5531989728891
5531989728910
5531989728921
5531989728927
5531989728934
5531989728960
5531989728990
5531989729008
5531989729028
5531989729031
5531989729036
5531989729039
5531989729063
5531989729112
5531989729114
5531989729167
5531989729168
5531989729174
5531989729178
5531989729182
5531989729183
5531989729211
5531989729244
5531989729246
5531989729261
5531989729276
5531989729279
5531989729283
5531989729296
5531989729297
5531989729307
5531989729358
5531989729367
5531989729380
5531989729395
5531989729428
5531989729429
5531989729439
5531989729444
5531989729464
5531989729481
5531989729493
5531989729514
5531989729559
5531989729561
5531989729563
5531989729634
5531989729635
5531989729648
5531989729649
5531989729698
5531989729701
5531989729739
5531989729768
5531989729769
5531989729794
5531989729800
5531989729802
5531989729807
5531989729809
5531989729821
5531989729861
5531989729877
5531989729889
5531989729923
5531989729928
5531989729929
5531989729973
5531989729995
5531989730091
5531989730096
5531989730103
5531989730115
5531989730132
5531989730141
5531989730154
5531989730179
5531989730206
5531989730354
5531989730378
5531989730383
5531989730388
5531989730394
5531989730403
5531989730447
5531989730450
5531989730484
5531989730678
5531989730679
5531989730722
5531989730729
5531989730743
5531989730834
5531989730896
5531989730919
5531989730943
5531989730957
5531989730979
5531989730996
5531989731022
5531989731175
5531989731184
5531989731208
5531989731227
5531989731242
5531989731270
5531989731283
5531989731450
5531989731488
5531989731495
5531989731513
5531989731516
5531989731534
5531989731715
5531989731766
5531989731772
5531989731781
5531989731830
5531989731980
5531989732026
5531989732047
5531989732098
5531989732099
5531989732104
5531989732226
5531989732254
5531989732258
5531989732298
5531989732500
5531989732523
5531989732529
5531989732549
5531989732611
5531989732762
5531989732766
5531989732837
5531989732841
5531989732865
5531989732866
5531989732879
5531989733042
5531989733049
5531989733060
5531989733061
5531989733292
5531989733309
5531989733321
5531989733353
5531989733389
5531989733568
5531989733583
5531989733615
5531989733620
5531989733666
5531989733685
5531989733690
5531989733841
5531989733855
5531989733881
5531989733948
5531989733982
5531989734155
5531989734163
5531989734181
5531989734249
5531989734397
5531989734473
5531989734478
5531989734658
5531989734671
5531989734696
5531989734741
5531989734742
5531989734753
5531989734952
5531989734966
5531989734972
5531989734988
5531989734989
5531989735010
5531989735194
5531989735199
5531989735208
5531989735216
5531989735242
5531989735270
5531989735300
5531989735456
5531989735460
5531989735495
5531989735501
5531989735527
5531989735708
5531989735738
5531989735794
5531989735976
5531989735983
5531989735997
5531989736042
5531989736045
5531989736256
5531989736303
5531989736312
5531989736334
5531989736357
5531989736507
5531989736511
5531989736518
5531989736526
5531989736540
5531989736574
5531989736581
5531989736602
5531989736784
5531989736816
5531989736834
5531989736858
5531989736882
5531989736898
5531989737035
5531989737041
5531989737071
5531989737078
5531989737081
5531989737109
5531989737119
5531989737323
5531989737357
5531989737385
5531989737389
5531989737412
5531989737413
5531989737440
5531989737442
5531989737596
5531989737650
5531989737655
5531989737662
5531989737672
5531989737693
5531989737705
5531989737851
5531989737879
5531989737921
5531989737975
5531989738119
5531989738130
5531989738150
5531989738211
5531989738214
5531989738229
5531989738394
5531989738478
5531989738488
5531989738498
5531989738503
5531989738504
5531989738706
5531989738727
5531989738752
5531989738993
5531989739224
5531989739237
5531989739247
5531989739304
5531989739537
5531989739542
5531989739577
5531989739601
5531989739772
5531989739975
5531989739997
5531989740020
5531989740035
5531989740050
5531989740070
5531989740078
5531989740135
5531989740177
5531989740214
5531989740228
5531989740229
5531989740232
5531989740241
5531989740264
5531989740277
5531989740306
5531989740308
5531989740329
5531989740332
5531989740337
5531989740383
5531989740391
5531989740416
5531989740450
5531989740479
5531989740482
5531989740491
5531989740501
5531989740529
5531989740531
5531989740534
5531989740547
5531989740558
5531989740576
5531989740585
5531989740591
5531989740599
5531989740608
5531989740619
5531989740621
5531989740704
5531989740741
5531989740772
5531989740813
5531989740841
5531989740848
5531989740862
5531989740886
5531989740888
5531989740891
5531989740989
5531989741017
5531989741023
5531989741025
5531989741048
5531989741084
5531989741119
5531989741128
5531989741131
5531989741159
5531989741161
5531989741178
5531989741195
5531989741286
5531989741296
5531989741379
5531989741401
5531989741433
5531989741439
5531989741445
5531989741456
5531989741473
5531989741483
5531989741534
5531989741569
5531989741570
5531989741575
5531989741598
5531989741605
5531989741638
5531989741639
5531989741701
5531989741729
5531989741732
5531989741734
5531989741777
5531989741794
5531989741800
5531989741810
5531989741813
5531989741850
5531989741859
5531989741874
5531989741875
5531989741888
5531989741937
5531989741962
5531989741975
5531989741988
5531989742022
5531989742067
5531989742096
5531989742100
5531989742103
5531989742125
5531989742136
5531989742139
5531989742156
5531989742157
5531989742158
5531989742166
5531989742168
5531989742177
5531989742224
5531989742243
5531989742245
5531989742268
5531989742284
5531989742341
5531989742343
5531989742412
5531989742414
5531989742415
5531989742421
5531989742445
5531989742468
5531989742512
5531989742556
5531989742649
5531989742766
5531989742788
5531989742807
5531989742811
5531989742818
5531989742831
5531989742854
5531989742859
5531989742878
5531989742889
5531989742908
5531989742922
5531989742927
5531989742928
5531989742954
5531989742967
5531989742973
5531989742989
5531989743010
5531989743075
5531989743106
5531989743120
5531989743179
5531989743196
5531989743215
5531989743260
5531989743261
5531989743277
5531989743287
5531989743299
5531989743364
5531989743421
5531989743452
5531989743510
5531989743514
5531989743522
5531989743554
5531989743557
5531989743560
5531989743562
5531989743579
5531989743587
5531989743596
5531989743602
5531989743616
5531989743663
5531989743713
5531989743723
5531989743746
5531989743772
5531989743816
5531989743822
5531989743869
5531989743872
5531989743908
5531989743917
5531989743952
5531989743966
5531989744036
5531989744056
5531989744072
5531989744118
5531989744129
5531989744154
5531989744179
5531989744188
5531989744198
5531989744239
5531989744274
5531989744279
5531989744316
5531989744330
5531989744348
5531989744352
5531989744362
5531989744377
5531989744391
5531989744396
5531989744416
5531989744426
5531989744434
5531989744526
5531989744540
5531989744601
5531989744607
5531989744612
5531989744615
5531989744647
5531989744697
5531989744778
5531989744790
5531989744823
5531989744855
5531989744870
5531989744874
5531989744879
5531989744909
5531989744955
5531989744959
5531989744971
5531989745004
5531989745019
5531989745032
5531989745059
5531989745087
5531989745106
5531989745108
5531989745124
5531989745164
5531989745182
5531989745207
5531989745208
5531989745209
5531989745212
5531989745236
5531989745245
5531989745267
5531989745269
5531989745272
5531989745276
5531989745286
5531989745313
5531989745315
5531989745322
5531989745340
5531989745362
5531989745401
5531989745420
5531989745445
5531989745453
5531989745457
5531989745469
5531989745477
5531989745485
5531989745492
5531989745503
5531989745504
5531989745517
5531989745537
5531989745589
5531989745595
5531989745651
5531989745664
5531989745706
5531989745730
5531989745738
5531989745744
5531989745745
5531989745765
5531989745769
5531989745776
5531989745804
5531989745812
5531989745819
5531989745821
5531989745850
5531989745856
5531989745874
5531989745888
5531989745890
5531989745909
5531989745930
5531989745934
5531989745960
5531989745999
5531989746011
5531989746020
5531989746035
5531989746041
5531989746067
5531989746078
5531989746112
5531989746150
5531989746221
5531989746253
5531989746320
5531989746361
5531989746403
5531989746443
5531989746447
5531989746465
5531989746489
5531989746499
5531989746525
5531989746618
5531989746621
5531989746624
5531989746634
5531989746637
5531989746638
5531989746639
5531989746671
5531989746675
5531989746681
5531989746717
5531989746722
5531989746782
5531989746813
5531989746821
5531989746822
5531989746823
5531989746859
5531989746928
5531989746933
5531989746959
5531989746990
5531989747016
5531989747017
5531989747035
5531989747046
5531989747059
5531989747069
5531989747075
5531989747077
5531989747078
5531989747105
5531989747106
5531989747139
5531989747151
5531989747154
5531989747157
5531989747169
5531989747180
5531989747181
5531989747200
5531989747218
5531989747219
5531989747221
5531989747237
5531989747238
5531989747259
5531989747262
5531989747269
5531989747285
5531989747293
5531989747301
5531989747343
5531989747351
5531989747355
5531989747361
5531989747370
5531989747372
5531989747407
5531989747414
5531989747415
5531989747417
5531989747438
5531989747444
5531989747455
5531989747471
5531989747480
5531989747490
5531989747501
5531989747511
5531989747513
5531989747536
5531989747549
5531989747562
5531989747618
5531989747643
5531989747646
5531989747664
5531989747666
5531989747678
5531989747683
5531989747684
5531989747717
5531989747721
5531989747731
5531989747763
5531989747771
5531989747782
5531989747797
5531989747801
5531989747818
5531989747833
5531989747845
5531989747860
5531989747863
5531989747867
5531989747896
5531989747916
5531989747944
5531989747953
5531989747963
5531989748007
5531989748009
5531989748013
5531989748031
5531989748039
5531989748061
5531989748062
5531989748069
5531989748081
5531989748094
5531989748128
5531989748173
5531989748229
5531989748254
5531989748268
5531989748280
5531989748281
5531989748314
5531989748388
5531989748396
5531989748407
5531989748454
5531989748467
5531989748468
5531989748523
5531989748531
5531989748558
5531989748580
5531989748581
5531989748588
5531989748632
5531989748638
5531989748640
5531989748648
5531989748651
5531989748672
5531989748683
5531989748701
5531989748759
5531989748766
5531989748776
5531989748782
5531989748817
5531989748831
5531989748849
5531989748897
5531989748910
5531989748927
5531989748935
5531989748936
5531989748944
5531989748947
5531989748960
5531989748976
5531989748980
5531989748982
5531989748993
5531989749001
5531989749012
5531989749034
5531989749039
5531989749040
5531989749048
5531989749071
5531989749074
5531989749170
5531989749175
5531989749186
5531989749206
5531989749214
5531989749225
5531989749231
5531989749255
5531989749286
5531989749310
5531989749343
5531989749347
5531989749370
5531989749385
5531989749442
5531989749448
5531989749457
5531989749472
5531989749481
5531989749502
5531989749518
5531989749541
5531989749615
5531989749627
5531989749648
5531989749725
5531989749732
5531989749795
5531989749820
5531989749846
5531989749853
5531989749858
5531989749859
5531989749860
5531989749869
5531989749884
5531989749890
5531989749892
5531989749901
5531989749910
5531989749920
5531989749931
5531989749935
5531989749948
5531989749949
5531989750025
5531989750032
5531989750035
5531989750060
5531989750064
5531989750089
5531989750098
5531989750112
5531989750172
5531989750173
5531989750182
5531989750249
5531989750252
5531989750257
5531989750278
5531989750305
5531989750316
5531989750324
5531989750361
5531989750384
5531989750385
5531989750407
5531989750408
5531989750437
5531989750448
5531989750450
5531989750461
5531989750462
5531989750486
5531989750491
5531989750502
5531989750588
5531989750601
5531989750621
5531989750640
5531989750672
5531989750676
5531989750683
5531989750721
5531989750745
5531989750759
5531989750763
5531989750765
5531989750789
5531989750807
5531989750820
5531989750823
5531989750834
5531989750839
5531989750855
5531989750908
5531989750942
5531989750951
5531989750965
5531989750966
5531989750968
5531989750975
5531989750996
5531989751013
5531989751015
5531989751062
5531989751066
5531989751076
5531989751081
5531989751097
5531989751112
5531989751115
5531989751134
5531989751172
5531989751180
5531989751185
5531989751187
5531989751223
5531989751233
5531989751237
5531989751242
5531989751306
5531989751307
5531989751314
5531989751324
5531989751365
5531989751368
5531989751374
5531989751394
5531989751400
5531989751402
5531989751418
5531989751427
5531989751432
5531989751440
5531989751442
5531989751481
5531989751496
5531989751507
5531989751534
5531989751542
5531989751563
5531989751575
5531989751583
5531989751585
5531989751617
5531989751624
5531989751648
5531989751663
5531989751667
5531989751671
5531989751710
5531989751718
5531989751730
5531989751766
5531989751772
5531989751779
5531989751804
5531989751824
5531989751827
5531989751837
5531989751864
5531989751876
5531989751892
5531989751907
5531989751920
5531989751921
5531989751922
5531989751933
5531989751951
5531989751959
5531989751983
5531989751988
5531989752001
5531989752016
5531989752023
5531989752035
5531989752036
5531989752038
5531989752073
5531989752088
5531989752093
5531989752119
5531989752142
5531989752167
5531989752172
5531989752180
5531989752194
5531989752198
5531989752202
5531989752204
5531989752303
5531989752307
5531989752314
5531989752331
5531989752336
5531989752343
5531989752378
5531989752406
5531989752407
5531989752423
5531989752450
5531989752452
5531989752457
5531989752479
5531989752507
5531989752510
5531989752552
5531989752558
5531989752568
5531989752581
5531989752597
5531989752604
5531989752606
5531989752616
5531989752619
5531989752620
5531989752658
5531989752659
5531989752673
5531989752680
5531989752688
5531989752693
5531989752704
5531989752705
5531989752709
5531989752742
5531989752743
5531989752746
5531989752764
5531989752774
5531989752776
5531989752789
5531989752793
5531989752860
5531989752866
5531989752892
5531989752900
5531989752905
5531989752906
5531989752957
5531989752960
5531989752961
5531989753009
5531989753010
5531989753015
5531989753022
5531989753033
5531989753044
5531989753050
5531989753073
5531989753078
5531989753103
5531989753122
5531989753140
5531989753144
5531989753153
5531989753156
5531989753164
5531989753179
5531989753193
5531989753213
5531989753225
5531989753268
5531989753296
5531989753320
5531989753325
5531989753337
5531989753341
5531989753357
5531989753370
5531989753384
5531989753406
5531989753415
5531989753440
5531989753441
5531989753458
5531989753464
5531989753481
5531989753489
5531989753499
5531989753512
5531989753516
5531989753519
5531989753524
5531989753532
5531989753546
5531989753547
5531989753559
5531989753587
5531989753594
5531989753596
5531989753597
5531989753634
5531989753637
5531989753651
5531989753697
5531989753699
5531989753711
5531989753734
5531989753744
5531989753747
5531989753757
5531989753768
5531989753771
5531989753778
5531989753786
5531989753804
5531989753867
5531989753877
5531989753882
5531989753908
5531989753927
5531989753987
5531989753993
5531989754005
5531989754026
5531989754046
5531989754098
5531989754110
5531989754126
5531989754132
5531989754146
5531989754150
5531989754173
5531989754181
5531989754216
5531989754229
5531989754233
5531989754234
5531989754243
5531989754247
5531989754275
5531989754298
5531989754306
5531989754327
5531989754351
5531989754363
5531989754373
5531989754388
5531989754389
5531989754391
5531989754395
5531989754413
5531989754441
5531989754448
5531989754486
5531989754511
5531989754534
5531989754542
5531989754547
5531989754552
5531989754556
5531989754560
5531989754563
5531989754566
5531989754571
5531989754596
5531989754610
5531989754624
5531989754630
5531989754705
5531989754748
5531989754762
5531989754763
5531989754765
5531989754772
5531989754788
5531989754818
5531989754834
5531989754837
5531989754845
5531989754854
5531989754855
5531989754856
5531989754861
5531989754885
5531989754906
5531989754923
5531989754940
5531989754984
5531989754998
5531989754999
5531989755018
5531989755031
5531989755080
5531989755083
5531989755135
5531989755158
5531989755172
5531989755173
5531989755174
5531989755178
5531989755182
5531989755208
5531989755216
5531989755227
5531989755232
5531989755236
5531989755238
5531989755256
5531989755263
5531989755275
5531989755281
5531989755289
5531989755300
5531989755313
5531989755338
5531989755343
5531989755372
5531989755405
5531989755446
5531989755461
5531989755466
5531989755481
5531989755486
5531989755493
5531989755514
5531989755528
5531989755549
5531989755563
5531989755572
5531989755578
5531989755580
5531989755590
5531989755622
5531989755623
5531989755627
5531989755654
5531989755673
5531989755677
5531989755704
5531989755747
5531989755748
5531989755751
5531989755754
5531989755775
5531989755827
5531989755838
5531989755844
5531989755848
5531989755854
5531989755909
5531989755915
5531989755927
5531989755931
5531989755950
5531989755966
5531989755972
5531989755974
5531989755995
5531989755996
5531989756013
5531989756025
5531989756032
5531989756090
5531989756127
5531989756132
5531989756150
5531989756154
5531989756157
5531989756202
5531989756210
5531989756211
5531989756222
5531989756224
5531989756243
5531989756248
5531989756264
5531989756268
5531989756277
5531989756283
5531989756335
5531989756364
5531989756368
5531989756372
5531989756377
5531989756385
5531989756390
5531989756398
5531989756407
5531989756412
5531989756413
5531989756441
5531989756449
5531989756465
5531989756479
5531989756491
5531989756499
5531989756508
5531989756523
5531989756539
5531989756555
5531989756594
5531989756603
5531989756659
5531989756660
5531989756671
5531989756706
5531989756728
5531989756735
5531989756738
5531989756739
5531989756748
5531989756783
5531989756802
5531989756807
5531989756814
5531989756873
5531989756958
5531989756963
5531989756970
5531989756985
5531989757008
5531989757009
5531989757045
5531989757048
5531989757055
5531989757078
5531989757081
5531989757084
5531989757086
5531989757094
5531989757111
5531989757125
5531989757132
5531989757167
5531989757174
5531989757187
5531989757190
5531989757197
5531989757212
5531989757227
5531989757234
5531989757238
5531989757261
5531989757267
5531989757270
5531989757327
5531989757421
5531989757446
5531989757464
5531989757483
5531989757529
5531989757530
5531989757574
5531989757617
5531989757622
5531989757677
5531989757693
5531989757769
5531989757833
5531989757866
5531989757869
5531989757925
5531989757958
5531989757965
5531989758008
5531989758075
5531989758092
5531989758221
5531989758298
5531989758321
5531989758340
5531989758388
5531989758428
5531989758435
5531989758482
5531989758500
5531989758504
5531989758542
5531989758548
5531989758558
5531989758568
5531989758577
5531989758612
5531989758627
5531989758633
5531989758658
5531989758669
5531989758703
5531989758707
5531989758728
5531989758753
5531989758832
5531989758873
5531989758876
5531989758901
5531989758915
5531989758965
5531989759042
5531989759045
5531989759055
5531989759155
5531989759274
5531989759367
5531989759374
5531989759522
5531989759590
5531989759600
5531989759616
5531989759651
5531989759690
5531989759774
5531989759814
5531989759840
5531989759857
5531989759863
5531989760070
5531989760086
5531989760104
5531989760114
5531989760120
5531989760137
5531989760149
5531989760150
5531989760163
5531989760211
5531989760212
5531989760214
5531989760216
5531989760218
5531989760236
5531989760243
5531989760259
5531989760277
5531989760301
5531989760311
5531989760343
5531989760369
5531989760370
5531989760398
5531989760403
5531989760420
5531989760428
5531989760441
5531989760446
5531989760448
5531989760466
5531989760473
5531989760501
5531989760521
5531989760527
5531989760535
5531989760538
5531989760552
5531989760553
5531989760557
5531989760561
5531989760568
5531989760571
5531989760582
5531989760599
5531989760610
5531989760621
5531989760627
5531989760637
5531989760650
5531989760651
5531989760694
5531989760700
5531989760715
5531989760716
5531989760720
5531989760752
5531989760793
5531989760794
5531989760798
5531989760799
5531989760803
5531989760821
5531989760873
5531989760876
5531989760886
5531989760948
5531989760993
5531989761006
5531989761057
5531989761090
5531989761115
5531989761118
5531989761119
5531989761130
5531989761174
5531989761184
5531989761192
5531989761196
5531989761204
5531989761205
5531989761207
5531989761270
5531989761303
5531989761306
5531989761350
5531989761390
5531989761428
5531989761455
5531989761467
5531989761527
5531989761548
5531989761554
5531989761577
5531989761610
5531989761620
5531989761646
5531989761648
5531989761654
5531989761742
5531989761775
5531989761877
5531989761886
5531989761897
5531989761901
5531989761914
5531989761915
5531989761944
5531989761945
5531989761952
5531989761958
5531989761967
5531989761981
5531989761983
5531989762006
5531989762021
5531989762024
5531989762035
5531989762039
5531989762043
5531989762044
5531989762054
5531989762069
5531989762082
5531989762104
5531989762105
5531989762109
5531989762112
5531989762113
5531989762123
5531989762128
5531989762130
5531989762155
5531989762169
5531989762190
5531989762195
5531989762219
5531989762220
5531989762227
5531989762229
5531989762234
5531989762248
5531989762270
5531989762328
5531989762352
5531989762372
5531989762393
5531989762396
5531989762403
5531989762441
5531989762465
5531989762482
5531989762497
5531989762531
5531989762532
5531989762542
5531989762557
5531989762564
5531989762573
5531989762575
5531989762605
5531989762616
5531989762619
5531989762637
5531989762713
5531989762717
5531989762749
5531989762767
5531989762804
5531989762817
5531989762839
5531989762855
5531989762896
5531989762902
5531989762922
5531989762935
5531989762943
5531989762954
5531989762961
5531989762987
5531989762998
5531989763009
5531989763014
5531989763016
5531989763031
5531989763032
5531989763041
5531989763063
5531989763072
5531989763078
5531989763091
5531989763126
5531989763134
5531989763148
5531989763153
5531989763187
5531989763199
5531989763211
5531989763214
5531989763239
5531989763245
5531989763257
5531989763264
5531989763267
5531989763292
5531989763309
5531989763321
5531989763347
5531989763350
5531989763351
5531989763353
5531989763363
5531989763414
5531989763421
5531989763437
5531989763443
5531989763466
5531989763490
5531989763509
5531989763514
5531989763562
5531989763632
5531989763665
5531989763676
