5511997859583;SILVIO; 12.142,47 
5511997859713;CLAUDELINA; 4.312,24 
5511997860723;ELIENE; 1.001,57 
5511997860948;MARIA; 3.417,24 
5511997870652;LUCILA; 1.335,26 
5511997871169;MARCO; 1.017,31 
5511997871653;MARIA; 1.403,31 
5511997872467;ELIANA; 1.678,60 
5511997872540;JOAO; 2.217,34 
5511997877912;DENIVALDO; 1.733,43 
5511997880560;EDILSON; 1.445,28 
5511997884924;EDELVITA; 1.731,19 
5511997885207;IZAURA; 3.561,00 
5511997900638;ELIANA; 1.305,31 
5511997907464;MARIA; 1.730,36 
5511997908070;JANETE; 2.078,65 
5511997909013;MARIA; 1.517,53 
5511997911971;MARILZA; 1.179,79 
5511997913297;CARMEN; 1.352,80 
5511997914950;RUTE; 4.865,92 
5511997922837;ANTONIA; 2.480,54 
5511997923291;CORDELIA; 2.031,15 
5511997928508;GLAUCE; 1.811,58 
5511997931018;LEONEL; 1.338,77 
5511997931558;AUREA; 2.178,31 
5511997935233;EDSON; 12.727,40 
5511997945785;CLAUDIA; 1.927,24 
5511997952791;OLIVEIRO; 5.233,78 
5511997954122;MARIA; 1.260,24 
5511997964952;JANETE; 2.078,65 
5511997965622;ELIAMA; 2.100,88 
5511997966003;ANTONIO; 7.006,50 
5511997969955;MARCIA; 2.066,84 
5511997971218;LUCIA; 2.236,83 
5511997977099;VANDENIRA; 4.019,91 
5511997980188;MURILLO; 5.995,80 
5511997988916;ZILDINE; 5.571,27 
5511997988983;WILSON; 1.799,85 
5511997990087;SOLANGE; 1.657,70 
5511997993683;ALAOR; 15.605,19 
5511997997775;EDSON; 3.158,91 
5511998004202;JOSE; 9.669,15 
5511998004249;JOSE; 9.669,15 
5511998007498;ADRIANA; 1.208,43 
5511998007790;COSME; 1.181,47 
5511998009432;MARLENE; 2.719,38 
5511998011819;LUCIA; 4.292,67 
5511998020768;ANA; 1.431,82 
5511998021428;ROGERIO; 1.129,58 
5511998023423;VERA; 1.305,10 
5511998030853;DULCINEA; 2.520,29 
5511998034317;BENEDITO; 1.408,48 
5511998046333;LUCIENE; 3.231,40 
5511998047799;MARIA; 1.333,95 
5511998056414;BENEDITO; 6.283,82 
5511998062086;GILMAR; 2.686,69 
5511998062637;JOAO; 1.220,74 
5511998063251;RAIMUNDO; 1.111,08 
5511998073065;ELISABETE; 5.954,60 
5511998076551;ROSALINA; 2.848,51 
5511998077180;ROSIMEIRE; 2.437,48 
5511998078300;DAVID; 1.030,23 
5511998081102;ROSA; 3.785,71 
5511998084207;ELIZABETE; 2.479,90 
5511998087626;MARIA; 1.934,01 
5511998094082;MIRIAM; 2.893,92 
5511998095458;JURACI; 3.287,16 
5511998104616;SANTOS; 8.966,27 
5511998105470;LUCY; 2.326,57 
5511998107072;DEVANIRA; 2.900,73 
5511998107578;APARECIDA; 9.129,95 
5511998111215;MIRIAM; 6.844,14 
5511998118665;ANTONIO; 8.429,43 
5511998119934;JOSE; 4.184,07 
5511998124507;SEVERINA; 5.563,76 
5511998127710;JOSE; 2.610,61 
5511998129105;JOAO; 5.762,33 
5511998134021;MARIA; 1.600,93 
5511998148796;ANTONIO; 5.899,47 
5511998150624;SUEMAR; 4.224,23 
5511998150823;JAIME; 2.844,06 
5511998152115;JOSENILDA; 6.270,16 
5511998169817;LUIZ; 2.436,43 
5511998173740;LUCIA; 5.551,14 
5511998174529;ZULMIRA; 10.322,45 
5511998180980;MARIA; 3.270,37 
5511998184894;SERGIO; 1.391,47 
5511998191627;MARIA; 2.286,89 
5511998192332;REGINA; 1.468,13 
5511998194066;MARIA; 6.645,27 
5511998194168;RANULFO; 7.400,76 
5511998197241;JOSE; 1.143,04 
5511998197733;NORANEI; 2.295,73 
5511998200173;FRANCISCO; 1.067,09 
5511998202388;FRANCISCO; 3.540,22 
5511998203700;EDILSON; 1.445,28 
5511998208568;PAULO; 1.283,73 
5511998210342;ANGELA; 1.876,95 
5511998212939;WILSON; 4.990,96 
5511998214987;MARIA; 2.052,16 
5511998215023;SIDNEY; 1.237,61 
5511998219816;MARIA; 1.614,65 
5511998220420;JAIR; 5.962,40 
5511998220887;HIRAMIR; 1.114,03 
5511998221579;ALICE; 1.022,97 
5511998223459;IRENI; 4.297,75 
5511998225366;BENEDITO; 2.224,24 
5511998232251;MARINALVA; 3.526,27 
5511998234812;MARGARET; 1.350,18 
5511998246462;HILMA; 7.269,77 
5511998259624;EDINA; 1.408,50 
5511998268382;DRAUSIO; 7.720,76 
5511998273519;JOSE; 3.749,39 
5511998275332;ANANIAS; 2.333,25 
5511998286665;EUNICE; 3.531,01 
5511998298725;MARIA; 1.439,13 
5511998302224;ROSA; 8.932,44 
5511998316280;CARLOS; 4.410,53 
5511998317146;WALDER; 1.290,01 
5511998319161;LUCIA; 1.659,71 
5511998320360;ANDERSON; 1.464,28 
5511998323212;ELZA; 1.158,80 
5511998331084;CINTIA; 7.579,58 
5511998350407;ROSI; 2.408,88 
5511998352121;MARIA; 3.549,21 
5511998352716;MAURO; 4.310,79 
5511998353841;CRISTINA; 5.390,01 
5511998356268;MARTA; 1.196,00 
5511998357353;GLORIA; 4.202,27 
5511998359190;ELIZA; 8.457,80 
5511998366431;ELIZABETE; 1.213,26 
5511998367768;EVERSON; 5.227,64 
5511998371538;CLAUDIO; 2.631,37 
5511998372527;MARIA; 2.274,39 
5511998377547;MARIA; 16.775,60 
5511998379708;ANGELA; 3.428,19 
5511998389220;ANA; 4.481,06 
5511998390252;ZELINA; 2.211,28 
5511998399584;MARIA; 2.132,96 
5511998400713;JAIR; 1.452,01 
5511998402991;VITALINA; 1.827,47 
5511998403391;NEUSA; 2.928,56 
5511998404175;JOSE; 1.058,04 
5511998414553;IONE; 1.817,60 
5511998419812;CLAUDETE; 6.253,26 
5511998419893;EDNA; 2.171,21 
5511998420986;LUIZ; 3.305,87 
5511998421695;ZENAIDE; 1.847,36 
5511998430506;ROSILDA; 6.723,10 
5511998434160;ROBERTO; 24.732,40 
5511998434388;NILVA; 1.379,05 
5511998435170;IMACULADA; 1.700,50 
5511998443280;ZILDA; 1.615,70 
5511998447216;JOSE; 5.019,25 
5511998453656;LUIZ; 4.203,17 
5511998453886;MARIA; 3.029,47 
5511998460313;JOSE; 3.941,97 
5511998463534;ROSINEIDE; 4.187,16 
5511998466244;MARTIN; 4.223,16 
5511998468624;ISABEL; 5.587,78 
5511998474642;JOSE; 1.179,82 
5511998478619;ALINA; 4.654,67 
5511998482983;DORIVAL; 2.208,97 
5511998486535;MARCIA; 1.749,67 
5511998490005;ANTONIO; 2.183,77 
5511998492354;ODIL; 4.574,78 
5511998492862;IRENE; 4.018,56 
5511998496984;EDINEIA; 2.334,69 
5511998498448;ADAO; 3.399,66 
5511998501744;DEUSDETE; 1.614,89 
5511998505424;WALDMIR; 6.548,80 
5511998514330;ADELURDES; 2.183,13 
5511998516199;MONICA; 9.147,12 
5511998518443;EDSON; 3.780,95 
5511998520395;JOSE; 10.912,57 
5511998522998;SALUA; 1.379,17 
5511998525263;DAMIANA; 2.143,23 
5511998526725;MARIA; 1.653,57 
5511998531418;OSVALDO; 1.401,78 
5511998533463;JOCISLEIA; 1.100,46 
5511998536424;MARCO; 1.483,08 
5511998540920;ELIZABETI; 3.408,65 
5511998543221;ELIZABETI; 3.408,65 
5511998543909;IZABETE; 2.537,01 
5511998546380;ANA; 1.925,66 
5511998550693;ADINA; 1.616,51 
5511998554222;LAURINDA; 7.746,01 
5511998560080;UBIRATAN; 2.161,28 
5511998567882;SILVIA; 2.277,60 
5511998581515;WALDOMIRO; 1.259,76 
5511998590021;ELICIO; 5.153,72 
5511998590432;SILVIA; 1.858,99 
5511998597352;IRANI; 2.227,86 
5511998603436;ROBERTO; 9.031,64 
5511998613640;SANDRA; 1.137,28 
5511998614989;MARIA; 4.982,11 
5511998615707;MILTON; 3.369,67 
5511998619188;ROSANA; 23.218,93 
5511998619286;HELENA; 1.566,14 
5511998621894;NEUSA; 1.935,22 
5511998624907;DALVA; 6.433,91 
5511998635458;ANITA; 21.203,74 
5511998650018;CLEUSA; 1.817,92 
5511998653198;ROSANA; 1.395,75 
5511998653889;ROSANA; 1.395,75 
5511998656331;APARECIDA; 2.156,41 
5511998662089;MARIA; 2.526,21 
5511998666115;OSMAR; 17.862,66 
5511998666770;DARLENE; 1.971,76 
5511998667536;ALEXANDRINA; 2.763,81 
5511998675046;APARECIDA; 1.701,37 
5511998675969;MARCOS; 3.223,81 
5511998684266;MARIUZA; 2.693,99 
5511998687027;MARIA; 4.877,23 
5511998687180;CREUSA; 4.845,51 
5511998689926;JAIRO; 3.139,62 
5511998692804;MARIA; 2.428,09 
5511998696187;MARIA; 2.771,77 
5511998698092;MARIA; 1.616,09 
5511998698601;CLARICE; 3.049,49 
5511998700467;OSVALDO; 2.250,81 
5511998703892;ALZIRA; 3.483,73 
5511998707737;VALTEMIR; 1.123,89 
5511998708445;MARIA; 5.431,04 
5511998709225;ELIZABETH; 3.240,52 
5511998715001;ONDINA; 1.427,10 
5511998736807;ELAINE; 1.727,59 
5511998740203;LUDOVICO; 1.196,00 
5511998741738;CARMEN; 1.352,80 
5511998743444;TEREZA; 2.873,65 
5511998761664;JOSEFA; 11.417,94 
5511998763650;REINALDO; 2.245,21 
5511998766700;LUIZ; 5.750,53 
5511998766702;MARISTELA; 1.183,89 
5511998767836;NIVALDO; 4.800,99 
5511998771910;VANDERLEY; 2.929,48 
5511998773977;SEBASTIAO; 1.176,38 
5511998774236;MARIA; 2.763,18 
5511998780601;SANDRA; 2.014,88 
5511998785342;MARIA; 2.434,64 
5511998788266;ELIZETE; 1.745,23 
5511998788818;DORA; 10.334,18 
5511998788848;JOSE; 2.582,60 
5511998794252;JANE; 1.199,00 
5511998799883;MARIA; 1.300,84 
5511998802596;MARCIA; 4.522,27 
5511998810706;MARA; 4.567,56 
5511998818216;GONCALINA; 2.423,89 
5511998821825;BERNADETE; 1.615,57 
5511998822329;ARLETE; 2.615,01 
5511998832893;CELIA; 13.246,58 
5511998834966;WILSON; 2.611,35 
5511998835689;MARIA; 4.508,88 
5511998842474;MARIA; 3.357,20 
5511998848775;MARCELO; 1.345,62 
5511998848894;DENIZE; 8.512,25 
5511998856401;PAULO; 2.968,04 
5511998857988;VALDIR; 17.173,91 
5511998877365;LAURA; 7.050,10 
5511998878540;NATERCIA; 2.306,02 
5511998879474;JORGINA; 1.067,73 
5511998880733;CIBELE; 2.567,59 
5511998882408;ALZIRA; 1.709,88 
5511998885684;EDINEUZA; 5.036,40 
5511998887029;BERNADETE; 2.062,08 
5511998891219;REGINA; 4.180,36 
5511998895986;ORLANDO; 8.583,86 
5511998901073;AMAURI; 1.553,35 
5511998907935;RUBENS; 3.769,14 
5511998908696;MARIA; 1.395,33 
5511998910644;LOURDES; 1.199,00 
5511998911304;JOSE; 1.651,13 
5511998912717;DORIVAL; 2.208,97 
5511998913946;LEONICE; 2.353,69 
5511998914828;ADRIANA; 1.224,40 
5511998919213;LEONOR; 17.624,56 
5511998929872;LUIZ; 1.414,82 
5511998939684;CARLOS; 2.708,46 
5511998940736;MARIA; 3.448,70 
5511998946926;VICENTE; 2.755,92 
5511998950095;RAIMUNDO; 4.632,24 
5511998955763;LAERCIO; 1.040,36 
5511998957619;ENEDINA; 3.654,93 
5511998958228;EDNEIA; 7.712,30 
5511998966595;MARIA; 2.703,11 
5511998975268;JUANA; 13.764,77 
5511998981229;APARECIDA; 1.410,80 
5511998983014;MARCIA; 2.512,70 
5511998997001;IZAEL; 1.004,97 
5511998997860;ANGELA; 3.872,82 
5511998997980;SONIA; 4.735,89 
5511999001829;SUELI; 1.189,25 
5511999004396;TEREZA; 1.910,97 
5511999006944;OSNI; 8.363,06 
5511999010965;SILVIA; 1.134,57 
5511999014067;JUCILEIDE; 2.049,86 
5511999015747;SEBASTIAO; 2.870,85 
5511999018018;LUIZ; 1.893,22 
5511999018529;TEREZINHA; 2.953,70 
5511999020620;WANDA; 1.159,79 
5511999026438;MAURI; 3.766,81 
5511999027594;JOSE; 6.126,90 
5511999029939;JOSE; 2.029,69 
5511999033404;MARIO; 1.984,73 
5511999035017;VALENCIO; 3.326,30 
5511999039857;FABIO; 1.228,89 
5511999041001;JOSE; 3.827,40 
5511999043779;EDUARDO; 3.213,64 
5511999068417;ANTONIO; 2.073,41 
5511999075776;MARIA; 1.257,02 
5511999078270;ANTONIO; 3.648,05 
5511999078638;MARIA; 2.469,95 
5511999087083;VICENTE; 9.271,03 
5511999089466;MARIA; 4.427,19 
5511999092118;WILSON; 2.404,77 
5511999092458;GISLAINE; 1.489,58 
5511999097791;JOAQUIM; 3.055,65 
5511999101862;JOSE; 16.535,94 
5511999103547;APARECIDA; 1.117,89 
5511999104570;JOSE; 2.519,10 
5511999104666;SILVIO; 3.585,31 
5511999108090;MARILENE; 1.325,13 
5511999114676;EFIGENIA; 1.112,04 
5511999121395;OSCAR; 1.343,25 
5511999121420;OSCAR; 1.343,25 
5511999130000;JOSE; 1.379,53 
5511999131594;CARLOS; 2.742,22 
5511999132493;CONCEICAO; 2.116,20 
5511999135609;JOSE; 1.308,17 
5511999142828;AMARILYS; 1.414,17 
5511999144433;MARLI; 4.172,71 
5511999145295;ANCELMO; 3.996,91 
5511999153366;MARIA; 1.249,04 
5511999161503;MARCIA; 4.497,68 
5511999161997;PALMIRA; 3.015,87 
5511999162817;ELAINE; 3.908,71 
5511999163230;ANTONIO; 7.753,79 
5511999163432;ANANIAS; 3.043,79 
5511999177852;VALDIR; 4.191,76 
5511999178223;MARIA; 1.452,08 
5511999182046;MARIA; 1.191,49 
5511999190953;ELIANA; 1.852,87 
5511999192458;LEILA; 1.674,30 
5511999198969;CLAUDIO; 11.700,72 
5511999208634;ROSEMARIE; 2.602,24 
5511999209854;CLEIDE; 2.252,60 
5511999216864;JUCELIA; 2.089,06 
5511999231699;WALTER; 9.707,88 
5511999235904;ISABEL; 5.587,78 
5511999258102;CHIRLES; 2.303,94 
5511999262168;LUIZA; 4.190,04 
5511999262809;SILVANA; 8.434,86 
5511999263066;MARIA; 7.137,28 
5511999263606;LUCIA; 1.054,39 
5511999264580;AGUINALDO; 2.984,81 
5511999265242;COSME; 5.003,78 
5511999266730;JOSE; 2.952,73 
5511999271086;ELIANE; 1.437,08 
5511999279712;OSMAR; 2.732,06 
5511999282601;AMARANTO; 2.563,93 
5511999284836;GERALDO; 1.554,43 
5511999285712;MARCELINA; 9.666,30 
5511999289227;JOSE; 2.610,61 
5511999291632;MARIA; 2.825,73 
5511999295596;MARIA; 2.062,14 
5511999302190;PEDRO; 2.116,15 
5511999305292;CARLOS; 2.625,80 
5511999310276;JOAO; 3.028,54 
5511999314105;PAULO; 1.213,88 
5511999316498;ROSEMEIRE; 3.240,63 
5511999316579;JUSSARA; 1.413,57 
5511999320932;ARINO; 1.044,71 
5511999334294;SAMYR; 2.093,08 
5511999335942;EDER; 2.056,25 
5511999341018;JOAO; 2.725,47 
5511999342239;MARIA; 8.913,21 
5511999344502;MARISA; 11.604,88 
5511999355289;ANITA; 21.203,74 
5511999360401;WILSON; 7.455,23 
5511999365535;EZEQUIEL; 2.063,40 
5511999376404;MARILISA; 4.763,81 
5511999377969;SUELI; 1.278,58 
5511999379190;MARCIA; 3.302,19 
5511999381680;VALERIA; 2.367,64 
5511999392526;ANA; 2.219,58 
5511999396729;MARIA; 1.546,31 
5511999397680;APARECIDA; 1.712,96 
5511999399258;MARIA; 6.144,54 
5511999400371;ANA; 1.179,46 
5511999411924;ROSA; 5.934,61 
5511999412677;JOSE; 1.158,30 
5511999414300;SUELI; 1.143,00 
5511999416144;ELIANA; 2.449,81 
5511999427993;DEILENE; 8.570,68 
5511999435239;WALDETE; 1.087,69 
5511999437874;IVANILDO; 3.171,33 
5511999438995;ANA; 2.010,54 
5511999440249;CELSO; 3.238,07 
5511999444073;MARCIA; 18.690,74 
5511999444595;MAIZA; 5.383,79 
5511999449072;MIRIAM; 2.893,92 
5511999451705;CELSO; 1.713,39 
5511999456288;MARIA; 5.430,23 
5511999458751;EDUARDO; 5.594,64 
5511999459120;FATIMA; 3.631,15 
5511999459560;DAISY; 10.411,07 
5511999464583;CLEONICE; 2.844,06 
5511999464958;LECIO; 3.875,60 
5511999469910;MARISA; 1.341,36 
5511999473880;PAULO; 12.136,44 
5511999474201;FRANCISCO; 2.727,48 
5511999492176;BENEDITO; 1.408,48 
5511999500687;ALFREDO; 1.988,27 
5511999501790;PEDRO; 1.711,74 
5511999502237;BENEDITA; 3.270,37 
5511999506251;GABRIEL; 1.352,05 
5511999507340;MANOEL; 2.245,17 
5511999508442;ELAINE; 1.306,63 
5511999511391;WALDETE; 1.087,69 
5511999512256;APARECIDO; 3.388,19 
5511999512382;EUNICE; 1.262,95 
5511999515247;IRANE; 13.956,69 
5511999522216;SUELI; 2.128,06 
5511999523943;MARCOS; 1.827,00 
5511999532022;MAISA; 1.904,85 
5511999541313;ADRIANA; 3.203,20 
5511999543441;MARIA; 2.286,89 
5511999549342;ANTONIO; 1.288,18 
5511999562729;CLAUDETE; 2.351,64 
5511999564424;MARIA; 2.785,13 
5511999570589;ANA; 2.091,07 
5511999572122;SANDRA; 1.882,29 
5511999578008;OCTAVIO; 1.535,07 
5511999578369;JANAINA; 2.274,10 
5511999578416;MARIA; 4.829,74 
5511999583888;TEREZA; 2.228,26 
5511999587721;JOSE; 2.291,56 
5511999588181;MAURA; 1.455,32 
5511999589985;ROSELENA; 1.718,76 
5511999590723;FRANCISCA; 7.766,44 
5511999592065;LUIZ; 1.164,62 
5511999593689;CRISTINIANO; 1.101,89 
5511999598412;SONIA; 4.916,36 
5511999600694;ROGERIO; 1.129,58 
5511999605172;TANIA; 2.853,95 
5511999605561;CELIA; 2.303,90 
5511999608942;JOSE; 3.133,04 
5511999610510;CLAUDETE; 1.419,26 
5511999612075;VILMA; 4.027,59 
5511999614333;MARIA; 8.681,14 
5511999620000;FABIO; 2.530,14 
5511999625606;SANDRA; 2.803,54 
5511999627965;BENEDITO; 1.655,31 
5511999631350;CELSO; 6.948,85 
5511999632567;JOSE; 13.553,61 
5511999632750;JOSE; 13.553,61 
5511999634460;VERA; 3.914,24 
5511999638545;GILDA; 1.592,45 
5511999639259;MARIA; 9.918,09 
5511999650343;DENIZA; 4.822,63 
5511999650688;BENTO; 4.480,04 
5511999651005;SILVIO; 2.249,56 
5511999652060;MARIA; 1.940,51 
5511999652692;EUNICE; 1.262,95 
5511999652783;NELLY; 1.320,54 
5511999653904;NORIVAL; 3.117,89 
5511999670258;CRISLEY; 3.631,23 
5511999671054;BENTO; 1.497,59 
5511999671549;JORGE; 2.695,83 
5511999672559;ILDA; 5.364,96 
5511999674580;MARIA; 2.155,48 
5511999679035;ELISABETH; 3.143,77 
5511999680322;LUCIENE; 2.111,23 
5511999680385;ELIAMA; 2.100,88 
5511999684823;ROSA; 3.785,71 
5511999689476;RENE; 1.694,50 
5511999696889;RUI; 1.306,46 
5511999697262;ELIETE; 5.302,26 
5511999697327;VILMA; 8.457,52 
5511999697806;MARIA; 1.969,99 
5511999697829;DALVA; 2.208,97 
5511999707369;DAHAS; 1.993,33 
5511999716040;DEILENE; 8.570,68 
5511999728776;SERGIO; 4.289,74 
5511999729403;DENIZA; 4.822,63 
5511999732627;MARINA; 2.286,89 
5511999733804;ERCILIA; 3.116,83 
5511999738685;JORGE; 1.067,11 
5511999739720;RENATO; 4.300,78 
5511999740886;ALEXANDRA; 1.320,12 
5511999742208;CELSO; 3.484,34 
5511999743491;TARCISIO; 1.057,49 
5511999752602;JOSE; 1.171,43 
5511999756268;TARCISIO; 1.057,49 
5511999763404;GIZELIA; 3.067,12 
5511999771077;CIBELE; 2.567,59 
5511999771549;RICARDO; 1.421,03 
5511999776660;VALTAIR; 11.027,45 
5511999778359;CLEIDE; 2.020,96 
5511999780893;ANTONIO; 1.393,90 
5511999783107;EUVALDO; 6.018,30 
5511999783969;DIMA; 5.104,53 
5511999785020;ESTER; 2.276,38 
5511999788142;MARIA; 1.338,77 
5511999789137;VILMA; 8.457,52 
5511999795149;MARISA; 1.341,36 
5511999797205;MANUEL; 2.047,08 
5511999799288;ANTONIO; 3.228,94 
5511999800040;ANA; 2.116,94 
5511999801949;CUSTODIA; 4.793,30 
5511999807004;ELIZABETH; 1.030,68 
5511999807367;SUELI; 1.370,07 
5511999807816;GIOVANNINA; 2.281,96 
5511999808143;ANTONIO; 4.161,38 
5511999812369;ROSANGELA; 3.361,35 
5511999814505;ALICE; 1.518,51 
5511999817546;JORGE; 1.050,79 
5511999818238;APARECIDA; 5.613,19 
5511999824472;DIUCLEIA; 3.955,01 
5511999825982;APARECIDA; 1.000,99 
5511999829341;JOSIMAR; 7.663,65 
5511999840091;MARIA; 4.986,52 
5511999840218;LUCIA; 4.065,83 
5511999841323;CLARISE; 4.495,49 
5511999855161;MARIA; 2.312,26 
5511999861969;ELIONETE; 2.405,51 
5511999871594;MIGUEL; 1.469,82 
5511999872904;CELSO; 2.691,13 
5511999886138;MAURITHE; 6.004,19 
5511999890560;JORGE; 3.189,33 
5511999894183;ELIZARDO; 4.515,14 
5511999897388;MARCIA; 1.334,67 
5511999903501;VALENCIO; 3.326,30 
5511999904784;OSMAR; 2.118,79 
5511999907449;EDINA; 6.669,54 
5511999909388;MARILENE; 1.914,45 
5511999912794;CLAUDIO; 1.209,62 
5511999914230;PEDRO; 1.481,02 
5511999914241;JOAO; 3.120,86 
5511999915170;AIRTON; 7.793,59 
5511999915792;ZILDA; 1.735,04 
5511999916199;LEONORA; 2.212,01 
5511999926570;MARIA; 3.530,85 
5511999939120;SOLANGE; 3.432,53 
5511999940075;SONIA; 3.300,96 
5511999940339;EDINA; 6.669,54 
5511999944562;SALUA; 1.379,17 
5511999948156;MARIA; 7.225,08 
5511999954206;LENILSON; 1.418,75 
5511999956844;SELMA; 16.271,08 
5511999957916;PAULO; 1.038,17 
5511999960837;ROSEMEIRE; 13.431,83 
5511999962115;MARIA; 2.100,17 
5511999963848;MARCOS; 1.577,68 
5511999967724;MARIA; 10.816,30 
5511999969120;MARIA; 3.997,59 
5511999977227;SORAYA; 6.866,29 
5511999977873;ALICE; 1.518,51 
5511999978719;SELMA; 16.271,08 
5511999980009;JOSE; 7.782,17 
5511999981716;MARIO; 2.489,45 
5511999983185;ELAINE; 5.796,59 
5511999983887;JOSE; 7.782,17 
5511999986587;MARIA; 8.229,35 
5511999991339;ZELI; 3.028,23 
5511999991782;LIVIA; 19.238,04 
5511999992717;VANDENIRA; 4.019,91 
5511999993011;IRANE; 13.956,69 
5511999998139;ANTONIO; 4.870,02 
5512974041469;ELIANA; 10.968,78 
5512974104031;VALDIR; 1.205,27 
5512981001363;NILSA; 1.506,22 
5512981012161;VICENTE; 3.863,82 
5512981021573;JORGE; 3.586,81 
5512981043700;FLAVIO; 4.300,34 
5512981053309;ELIANE; 1.705,75 
5512981058781;RAIMUNDO; 1.417,36 
5512981060747;EUNICE; 1.584,77 
5512981082708;JOSE; 2.816,22 
5512981087068;JOSE; 1.524,84 
5512981098455;ROSANGELA; 2.322,26 
5512981104994;LOREDA; 5.792,83 
5512981111031;LUSINETE; 6.999,78 
5512981117579;EDEMIR; 5.380,70 
5512981118378;ANA; 1.076,57 
5512981118406;MARIA; 1.120,03 
5512981122652;BENEDITO; 1.062,65 
5512981128356;JOSE; 1.277,94 
5512981132220;VICENTE; 1.465,27 
5512981141699;MARIA; 1.763,78 
5512981142026;JOSE; 1.604,50 
5512981147998;ARMANDIO; 1.275,73 
5512981168668;VERONICA; 4.558,55 
5512981189905;AMARILDO; 1.261,38 
5512981190170;ODETE; 1.119,07 
5512981193577;NELSON; 2.647,79 
5512981194450;MARCIA; 1.378,43 
5512981194699;GEILZA; 2.861,61 
5512981197104;RODOLFO; 2.362,85 
5512981210579;NEIDE; 1.135,05 
5512981221533;MARIA; 1.863,20 
5512981222126;IVAN; 10.636,95 
5512981236259;MARCO; 13.302,80 
5512981242214;ROBERTO; 1.387,05 
5512981251025;LAINE; 1.722,24 
5512981256010;IVETE; 5.585,42 
5512981265279;DEUSDETE; 4.348,13 
5512981272493;MARIA; 1.389,73 
5512981279735;CLAUDIONOR; 1.695,55 
5512981282300;MILTON; 3.865,09 
5512981312817;ELISABETH; 1.479,35 
5512981315124;JORGE; 3.586,81 
5512981324498;JOSE; 1.277,94 
5512981325295;BENEDITA; 1.402,99 
5512981335814;ELISABETE; 1.155,75 
5512981355926;ANTONIO; 1.472,53 
5512981359317;JOSE; 1.626,50 
5512981360468;EDITE; 1.142,16 
5512981369556;MARIA; 4.131,02 
5512981378582;MARILSA; 2.521,91 
5512981383257;ANGELA; 5.317,10 
5512981402836;VERA; 1.246,96 
5512981411316;OSWALDO; 3.231,40 
5512981412813;CARLOS; 3.536,57 
5512981415651;NAIR; 2.895,76 
5512981423136;WILSON; 1.163,49 
5512981425411;MARIA; 2.080,69 
5512981438984;DARCY; 2.218,61 
5512981473724;SANDRA; 2.130,09 
5512981475689;MARIA; 1.763,78 
5512981487580;ENEDINA; 1.113,17 
5512981495404;JOANA; 1.750,54 
5512981521300;MARIA; 1.408,27 
5512981534703;FILOMENA; 2.309,56 
5512981535509;FABIO; 3.958,12 
5512981541861;JOSE; 2.563,42 
5512981547780;JOAO; 1.519,85 
5512981556370;JOSE; 1.749,67 
5512981557153;SILVANA; 3.724,11 
5512981567012;MARIA; 1.593,59 
5512981568861;TEREZINHA; 1.340,24 
5512981569230;GILMAR; 6.260,01 
5512981578111;MARIA; 1.593,59 
5512981579101;HELENA; 6.047,67 
5512981588937;DONATO; 5.057,49 
5512981594249;JOSE; 10.388,42 
5512981600928;ALINE; 1.968,30 
5512981609899;MARIA; 2.680,89 
5512981628019;ARLENE; 5.568,41 
5512981648227;ESVERALTO; 7.287,02 
5512981649671;EDNA; 2.065,09 
5512981669619;MARIA; 2.843,07 
5512981675984;EDILSON; 4.720,30 
5512981680576;SEBASTIAO; 1.416,73 
5512981684248;GILSON; 7.120,64 
5512981689180;MARCOS; 8.723,36 
5512981706828;JULIANA; 1.046,10 
5512981706911;LUIS; 2.546,27 
5512981714918;VICENTE; 1.465,27 
5512981722684;HELENIR; 1.411,04 
5512981732721;LEONARDO; 1.248,79 
5512981734802;ERENICE; 6.701,93 
5512981742085;MARIO; 1.003,99 
5512981749261;INEZ; 4.494,69 
5512981751632;INEZ; 4.494,69 
5512981766684;OSWALDO; 1.401,15 
5512981798943;VIVIANE; 3.217,46 
5512981811443;ROSAMAIRY; 3.619,52 
5512981816830;ROSEMARY; 4.243,94 
5512981825342;JOAO; 1.665,61 
5512981836925;JOSE; 10.388,42 
5512981838273;ANA; 2.170,02 
5512981848504;JOSE; 2.845,02 
5512981907232;SILVIA; 3.044,16 
5512981941919;JAIR; 2.409,79 
5512981975440;PEDRO; 1.170,49 
5512981991122;JOSE; 1.212,69 
5512982001415;REINALDO; 12.194,14 
5512982067379;SOLANGE; 4.649,66 
5512982133078;FRANCISCO; 7.304,37 
5512982134623;JOAQUIM; 10.292,33 
5512982156405;JUCYMARA; 4.070,25 
5512982185066;IRENE; 2.076,00 
5512982206443;GONCALINA; 2.984,25 
5512982254610;VICTOR; 4.438,10 
5512982263058;ADELMO; 4.319,03 
5512982388218;JOSE; 7.492,28 
5512982423469;CONCEICAO; 7.445,09 
5512982536093;ROSANGELA; 7.027,41 
5512982538272;ARLETE; 2.376,06 
5512982571187;MARCOS; 2.624,50 
5512982590984;MARIA; 2.680,89 
5512982592910;ELIANE; 1.705,75 
5512982622221;RINALDO; 1.601,13 
5512982626992;MARIA; 1.447,60 
5512982646536;RAIMUNDO; 3.084,12 
5512982655345;JUCYMARA; 4.070,25 
5512982708685;ANA; 4.646,39 
5512982743671;VANDETE; 2.874,89 
5512982750710;CLAUDIO; 5.135,26 
5512982788076;VANDERLEA; 1.084,79 
5512982821995;GONCALINA; 2.984,25 
5512982842248;DELAIR; 1.254,03 
5512982848535;ROSANGELA; 7.027,41 
5512982925517;MARIA; 3.680,71 
5512982942018;VERA; 2.394,73 
5512982956876;CASSIA; 2.750,33 
5512982957995;JOAQUIM; 1.873,78 
5512982972690;LUIZ; 2.091,35 
5512983006104;REINALDO; 12.194,14 
5512983013999;DARCY; 2.218,61 
5512987016378;MARIO; 1.003,99 
5512987016962;CREUSA; 2.046,29 
5512987069085;PAULO; 6.661,94 
5512987072582;MARIA; 1.347,82 
5512987075937;MARIA; 2.669,47 
5512987084947;FLORISA; 2.102,46 
5512987085080;MARIA; 2.073,16 
5512987086435;APARECIDA; 6.060,94 
5512987086863;MARIA; 3.079,31 
5512987087760;HILDA; 1.399,73 
5512988000392;MARIA; 4.263,21 
5512988001180;GERALDO; 1.280,60 
5512988003379;JOSE; 2.982,47 
5512988004183;MIRIAM; 4.748,37 
5512988019138;IVANI; 1.290,65 
5512988019760;ROBERTO; 1.245,04 
5512988036287;GASTAO; 1.196,00 
5512988051055;LUZIA; 3.586,47 
5512988053268;LEOLINNA; 2.676,79 
5512988055909;PAULO; 6.661,94 
5512988065805;ROBERTO; 9.185,91 
5512988066630;VILMA; 1.987,47 
5512988069633;MARIA; 2.163,66 
5512988071088;MARILDA; 2.792,47 
5512988086050;MARIA; 1.408,27 
5512988087757;LAURIANA; 10.148,51 
5512988090331;VILMA; 3.147,29 
5512988092932;BENEDITO; 3.757,26 
5512988093782;MARIA; 5.141,94 
5512988098293;FRANCISCA; 2.382,94 
5512988100043;MARIA; 4.108,53 
5512988124355;IRENE; 2.212,55 
5512988136332;PAULO; 1.538,33 
5512988137570;MAURO; 3.335,22 
5512988141256;MARIA; 2.080,69 
5512988165147;VERA; 4.623,49 
5512988166553;VITOR; 3.417,22 
5512988173930;NILZE; 2.490,88 
5512988176011;JUSSARA; 2.442,92 
5512988177361;MARIA; 2.593,87 
5512988184515;SUELI; 2.502,02 
5512988185569;MARIA; 1.274,22 
5512988192886;RUTE; 1.527,48 
5512988215570;SANDRA; 2.130,09 
5512988231685;MERCEDES; 1.640,11 
5512988248456;CONCEICAO; 1.135,05 
5512988253956;SONIA; 2.069,20 
5512988257594;SONIA; 1.747,73 
5512988262999;IRACI; 1.917,52 
5512988265693;NILSEN; 3.581,13 
5512988266977;VANESSA; 1.795,30 
5512988271821;ELIZABETE; 1.156,13 
5512988275158;EDSON; 1.304,28 
5512988275218;LEONITA; 1.454,85 
5512988275976;DORALICE; 1.662,68 
5512988293052;HELOISA; 3.822,60 
5512988293887;WILMA; 4.623,29 
5512988293940;IVANI; 1.290,65 
5512988294330;SOLANGE; 4.649,66 
5512988295166;JOSE; 1.801,50 
5512988299004;MARLY; 1.064,29 
5512988305072;ELIANE; 4.490,54 
5512988314498;JAIME; 4.433,74 
5512988322113;MARIA; 2.669,47 
5512988334460;JOAO; 1.785,43 
5512988338066;MARLI; 2.079,03 
5512988342234;MARIA; 1.274,22 
5512988342710;MARIA; 2.844,62 
5512988343598;LORIPES; 1.002,41 
5512988348608;IRENE; 2.076,00 
5512988350922;LUZIA; 1.670,68 
5512988351088;JOSE; 3.564,70 
5512988353658;MARIA; 1.142,62 
5512988363342;JOAO; 1.490,81 
5512988363402;ARLENE; 5.568,41 
5512988368569;VALDIR; 1.176,68 
5512988371768;ORLANDINO; 1.736,09 
5512988372895;MARIA; 1.257,35 
5512988377403;TEREZA; 1.241,65 
5512988378283;SUELI; 1.366,39 
5512988398815;BENEDITO; 2.085,94 
5512988425257;APARECIDO; 2.078,26 
5512988432381;TERESINHA; 1.748,77 
5512988437455;MARIA; 6.233,09 
5512988445132;KELLI; 1.628,28 
5512988449794;ELIANE; 1.705,75 
5512988451842;OZAIR; 4.085,41 
5512988454790;JACI; 1.268,26 
5512988457285;MARIANA; 1.609,45 
5512988459017;MARILSA; 2.521,91 
5512988466928;MARIA; 6.432,18 
5512988474122;APARECIDA; 6.060,94 
5512988479011;NILCE; 2.314,54 
5512988483025;MARLUCE; 2.950,72 
5512988506279;FRANCISCO; 3.964,16 
5512988514186;MARIA; 5.653,31 
5512988523313;VITALINA; 2.161,45 
5512988525956;MARIA; 2.593,87 
5512988525968;BENEDITO; 2.085,94 
5512988533355;VIVIANE; 2.652,57 
5512988536173;TERESINHA; 1.748,77 
5512988536471;VALDIR; 1.464,86 
5512988542500;ESVERALTO; 7.287,02 
5512988544120;CARLOS; 3.536,57 
5512988546621;MARIA; 4.263,21 
5512988547003;PAULO; 4.254,67 
5512988547930;EDNA; 4.653,85 
5512988550342;MARILSA; 2.521,91 
5512988550391;MARIA; 4.263,21 
5512988551181;JOAO; 1.490,81 
5512988559825;MARIA; 2.593,87 
5512988563794;ANGELA; 1.919,30 
5512988564183;EDSON; 1.304,28 
5512988579158;MARIA; 2.264,70 
5512988579609;MARIA; 2.025,07 
5512988582908;WAGNER; 2.486,02 
5512988585694;ELIETE; 3.107,53 
5512988588378;PAULO; 1.129,69 
5512988590175;VERA; 4.623,49 
5512988600314;JOSE; 6.178,39 
5512988606857;REGINA; 2.253,19 
5512988624355;MARIA; 6.432,18 
5512988630057;MARIA; 4.126,60 
5512988631365;EDNA; 4.653,85 
5512988633051;JOAO; 3.031,77 
5512988636131;HILDA; 2.263,14 
5512988647129;VALDIR; 1.464,86 
5512988648331;RAIMUNDO; 3.084,12 
5512988648670;JULIA; 5.606,11 
5512988649663;MARIA; 3.100,08 
5512988655835;LAURENTINO; 3.966,91 
5512988678357;DEUSVALDO; 2.383,69 
5512988680964;MARCIA; 1.144,00 
5512988686504;JOSE; 2.845,02 
5512988699252;ANA; 4.646,39 
5512988701319;MARIA; 4.263,21 
5512988746829;NELCI; 1.083,59 
5512988747949;APARECIDA; 1.716,48 
5512988749536;MARLUCE; 2.950,72 
5512988750639;TEREZINHA; 1.340,24 
5512988762956;MARCIA; 1.144,00 
5512988765881;CELINA; 1.616,89 
5512988773716;JOSE; 1.308,17 
5512988774186;MARIA; 5.141,94 
5512988778086;CLEIDE; 4.786,41 
5512988783730;GEILZA; 2.861,61 
5512988810834;VIRGILINA; 2.136,92 
5512988831125;JOAO; 3.031,77 
5512988838878;JOAO; 1.109,63 
5512988844076;ANGELICA; 4.904,49 
5512988846220;RAIMUNDO; 3.084,12 
5512988847364;FILOMENA; 2.309,56 
5512988848326;MARIA; 5.141,94 
5512988849596;REGIANE; 3.796,19 
5512988862588;APARECIDO; 2.078,26 
5512988865833;PEDRO; 1.298,67 
5512988873856;OLAVO; 1.729,09 
5512988875195;MARIA; 1.319,32 
5512988876142;CARLOS; 7.048,89 
5512988881703;MARIA; 5.653,31 
5512988897349;NILDES; 3.303,13 
5512988905485;RANIERI; 2.158,90 
5512988921755;ARAHI; 8.302,23 
5512988931442;JOSE; 3.564,70 
5512988934375;MARLENE; 1.427,78 
5512988961302;VILMA; 1.980,33 
5512988989630;NEIDE; 1.135,05 
5512988993351;MARIA; 1.641,29 
5512988996181;JOSE; 3.148,41 
5512988998379;HELCIO; 1.633,08 
5512991005965;JANIR; 2.299,38 
5512991021566;CARMEM; 1.150,08 
5512991032948;ABILIO; 3.349,99 
5512991037156;MARLENE; 4.705,87 
5512991047599;VERA; 2.536,04 
5512991055895;CLEIDE; 4.786,41 
5512991063803;JOCELINO; 2.742,03 
5512991065584;ALMERINDA; 1.434,16 
5512991067808;JOSE; 1.957,22 
5512991068771;MARIA; 2.068,51 
5512991072839;ANILDA; 6.617,62 
5512991074291;CARLOS; 1.187,81 
5512991077168;SEBASTIAO; 2.778,08 
5512991088688;JOSE; 3.634,78 
5512991092131;OSNY; 4.143,36 
5512991092832;MARIA; 1.834,28 
5512991093752;EVANIR; 4.152,30 
5512991097159;NATALINO; 3.180,17 
5512991114654;RITA; 1.609,71 
5512991139715;MARIA; 2.269,08 
5512991149738;ODETE; 7.277,60 
5512991151502;ENI; 2.839,51 
5512991152943;MARIA; 1.389,73 
5512991160260;EVANIR; 4.152,30 
5512991166560;JOSE; 5.422,80 
5512991168703;LOREDA; 5.792,83 
5512991169310;GERALDO; 1.938,63 
5512991190393;NEIDE; 2.286,09 
5512991211915;MARIA; 5.638,26 
5512991212873;JANIR; 1.856,56 
5512991215281;ROBSON; 2.403,13 
5512991217619;TANIA; 2.044,04 
5512991224480;VALDIR; 1.176,68 
5512991227570;SELMA; 7.572,40 
5512991228658;LUIZ; 8.864,34 
5512991228659;LUIZ; 8.864,34 
5512991235400;ROSA; 3.599,62 
5512991239201;MAURO; 3.335,22 
5512991246006;MARIA; 4.512,53 
5512991262315;MARIA; 2.289,76 
5512991263566;SUELI; 2.502,02 
5512991271029;LUSINETE; 6.999,78 
5512991276129;ANGELA; 5.317,10 
5512991282088;FATIMA; 2.012,48 
5512991284238;IZETE; 1.108,70 
5512991288088;ROSINALDA; 7.015,45 
5512991290560;ANTONIO; 2.100,05 
5512991293541;ADELMAR; 1.985,70 
5512991311162;JORGE; 1.701,91 
5512991314919;PAULO; 1.910,65 
5512991325974;DULCINEIA; 2.991,81 
5512991338980;GENI; 4.387,31 
5512991347547;OSCAR; 2.415,67 
5512991372766;JOSE; 1.428,47 
5512991378319;MARIANA; 1.609,45 
5512991382695;EUZIR; 4.740,59 
5512991385747;JOAO; 1.785,43 
5512991396129;NIZETE; 4.144,29 
5512991397238;JOAO; 2.015,67 
5512991399775;IVETE; 1.109,97 
5512991405285;ELIZABETE; 1.156,13 
5512991416938;HELIO; 7.969,40 
5512991423626;JANDIRA; 1.670,22 
5512991432953;MERCIA; 2.286,89 
5512991441172;HELCIO; 1.633,08 
5512991450538;CARLOS; 2.211,67 
5512991451916;WILMA; 4.623,29 
5512991457466;MARIA; 1.415,89 
5512991459770;DANIEL; 1.301,62 
5512991485398;MARIA; 8.752,99 
5512991499297;LUSINETE; 6.999,78 
5512991507288;ALMERINDA; 1.434,16 
5512991513316;BENICE; 2.312,16 
5512991536486;BENEDITO; 1.921,74 
5512991544978;JOAO; 1.863,43 
5512991561295;MARIA; 3.934,32 
5512991563111;AVELINO; 1.693,83 
5512991565241;VANDA; 3.225,07 
5512991567933;MARIA; 2.843,07 
5512991582698;PEDRO; 1.170,49 
5512991594037;MARIA; 1.350,92 
5512991609620;HILDA; 1.116,71 
5512991612955;MARLY; 1.064,29 
5512991624356;CARLOS; 1.591,36 
5512991633577;CARLOS; 1.591,36 
5512991637277;MARIA; 1.187,91 
5512991637841;BENEDITO; 14.788,81 
5512991640679;MANOEL; 2.057,14 
5512991640908;DIVA; 2.614,19 
5512991646185;IVETE; 1.109,97 
5512991646742;JOSE; 1.499,94 
5512991668454;VERONICA; 4.558,55 
5512991668936;ADRIANA; 3.569,18 
5512991669609;SERGIO; 6.069,73 
5512991676644;SILVIA; 4.495,25 
5512991677010;ANA; 1.068,66 
5512991678884;EDNEA; 3.850,23 
5512991691958;ROSANA; 1.802,54 
5512991702143;JAIRO; 1.923,09 
5512991702221;JOSE; 1.078,25 
5512991706520;HELIO; 2.838,43 
5512991718131;GERALDO; 13.413,76 
5512991722556;NEIDE; 2.092,45 
5512991731096;BRAZ; 2.393,06 
5512991741391;VALQUIRIA; 2.383,15 
5512991743812;IRENI; 1.372,61 
5512991754423;SELMA; 7.572,40 
5512991762411;CELIA; 2.692,83 
5512991763945;JOAQUIM; 4.281,82 
5512991781627;CARLOS; 1.187,81 
5512991782236;MILTON; 1.775,10 
5512991785359;EDUARDO; 5.291,83 
5512991793270;GILMAR; 12.506,41 
5512991796158;ROGERIO; 11.065,70 
5512991806057;ODETE; 4.265,42 
5512991809112;MARIA; 2.216,59 
5512991812842;JOSE; 6.740,92 
5512991821367;ANA; 1.068,66 
5512991836231;BENEDITO; 7.563,39 
5512991847393;SEBASTIAO; 2.023,35 
5512991854179;ELI; 4.950,42 
5512991855032;DORALICE; 2.335,27 
5512991859902;JOSE; 6.740,92 
5512991878022;ADRIANA; 3.569,18 
5512991878350;ROSEMARY; 4.243,94 
5512991880382;MARIA; 3.148,41 
5512991899515;SEBASTIAO; 3.497,60 
5512991910105;MARIA; 2.363,83 
5512991927868;JOSE; 6.740,92 
5512991932630;RAIMUNDO; 1.417,36 
5512991934960;PAULO; 1.608,64 
5512991935613;EVALDO; 3.622,61 
5512991941978;JOSE; 5.850,83 
5512991942204;VERA; 3.082,23 
5512991963176;BENEDITO; 1.137,28 
5512991994700;SOLANGE; 1.725,95 
5512992004062;MARILENE; 2.623,45 
5512992011390;SERGIO; 1.635,98 
5512992020029;EZILDA; 3.679,30 
5512992020407;CANUTO; 3.231,40 
5512992021173;IVETE; 1.109,97 
5512992026496;MARIA; 8.752,99 
5512992030080;EDSON; 1.615,70 
5512992031328;MARIA; 8.752,99 
5512992037559;MARIA; 1.372,34 
5512992038588;MARCOS; 1.132,85 
5512992041460;ODETE; 2.774,23 
5512992043339;CECILIA; 2.274,33 
5512992043470;ORISTOCLE; 2.947,90 
5512992050967;BENEDITO; 4.093,10 
5512992054300;JANE; 5.198,11 
5512992073599;AGOSTINHO; 1.112,51 
5512992087984;VERA; 2.394,73 
5512992115921;ANTONIO; 1.006,24 
5512992131721;EXPEDITO; 4.326,43 
5512992155916;CRISLENE; 1.732,04 
5512992160472;DOUGLAS; 10.626,50 
5512992191585;JACI; 1.268,26 
5512992205182;ANTONIO; 1.013,61 
5512992219735;ALAOR; 2.269,08 
5512992244566;ARLETE; 1.495,41 
5512992263784;IDMAURO; 2.083,47 
5512992271867;WALLACY; 5.969,47 
5512992277945;SEBASTIAO; 1.422,45 
5512992297242;LUCIANO; 3.069,64 
5512992312121;JOSE; 6.740,92 
5512992355220;JOSE; 3.592,08 
5512992361555;ELIZABETH; 4.362,44 
5512992367415;JOSE; 2.367,23 
5512992400828;MARIA; 1.350,92 
5512992408491;BENEDITO; 7.563,39 
5512992408603;NORIVAL; 3.157,41 
5512992438910;ANTONIO; 1.013,61 
5512992453720;OSCAR; 2.415,67 
5512992464354;MARIA; 1.146,47 
5512992472247;JOSE; 5.850,83 
5512992500134;MARIA; 1.097,48 
5512992508636;IVETE; 1.109,97 
5512992519383;IRENI; 1.372,61 
5512996003075;JOSE; 2.131,19 
5512996004456;GERALDO; 1.938,63 
5512996009866;MARIA; 1.374,32 
5512996015279;MARIA; 1.881,70 
5512996036487;LUIZ; 2.405,95 
5512996037147;VALDECY; 3.623,88 
5512996047497;LETICIA; 3.601,87 
5512996055343;MARIA; 2.432,77 
5512996061960;JOSE; 1.728,06 
5512996064002;WILSON; 1.163,49 
5512996065930;PEDRO; 2.474,59 
5512996066509;ODILA; 9.236,41 
5512996066730;RAIMUNDO; 1.417,36 
5512996067643;MARIO; 2.491,48 
5512996068390;MARIA; 1.257,35 
5512996069585;MARIA; 2.398,31 
5512996074579;NIZETE; 4.144,29 
5512996077716;VIVIANE; 2.652,57 
5512996080363;LAURINDO; 1.328,42 
5512996092994;ANGELA; 1.192,46 
5512996095931;MARLI; 3.138,51 
5512996096557;MARIA; 1.003,18 
5512996098635;JOSE; 2.824,57 
5512996106592;SILVANA; 1.319,10 
5512996116162;CRISLENE; 1.732,04 
5512996117032;MARIA; 2.363,83 
5512996135017;SEBASTIAO; 13.828,64 
5512996149583;MARIA; 1.143,72 
5512996153066;ANDERSON; 1.464,28 
5512996159637;VERA; 2.269,08 
5512996164158;MARIA; 1.257,23 
5512996165754;SILVIA; 1.520,02 
5512996165766;SOLANGE; 1.725,95 
5512996172311;ANA; 3.140,72 
5512996187618;DOROTY; 1.282,06 
5512996191984;JAIR; 5.782,13 
5512996193538;AURORA; 6.053,59 
5512996193578;ELIANE; 1.429,18 
5512996197800;BENEDITO; 1.646,89 
5512996211712;WILMA; 4.623,29 
5512996213066;SERGIO; 1.137,52 
5512996219983;ANTONIO; 2.503,52 
5512996222531;PLACIDO; 3.556,11 
5512996224973;MARIA; 2.068,51 
5512996228084;MARIA; 1.350,92 
5512996230991;LUCELENA; 1.447,63 
5512996231128;APARECIDA; 3.096,69 
5512996231314;EDUARDO; 3.489,19 
5512996237314;MARIA; 6.598,73 
5512996245521;JOSE; 5.865,61 
5512996260571;WILSON; 1.163,49 
5512996290082;ELISETE; 17.286,18 
5512996295625;PAULO; 1.538,33 
5512996300098;LISETE; 5.317,61 
5512996310964;MARIA; 2.669,47 
5512996323639;LUIZ; 2.216,55 
5512996323823;MARIO; 3.228,10 
5512996324782;ADELINA; 2.663,09 
5512996331231;CELIA; 3.301,74 
5512996335117;VALDIONOR; 11.594,73 
5512996338696;JOSE; 2.816,22 
5512996340051;JOSE; 2.360,43 
5512996355417;PAULA; 3.923,42 
5512996372691;PEDRO; 2.474,59 
5512996376145;GERALDO; 1.280,60 
5512996377399;SILVIA; 1.520,02 
5512996382763;MARIANA; 1.582,49 
5512996389577;ROSANA; 1.314,49 
5512996405531;DOUGLAS; 10.626,50 
5512996406094;MARINA; 1.796,63 
5512996416938;JOSE; 1.004,43 
5512996430015;CUSTODIO; 2.230,46 
5512996441025;JOSE; 2.710,70 
5512996449452;MARCIA; 1.473,31 
5512996461661;LEANDRO; 2.651,76 
5512996472441;MARCIA; 26.210,42 
5512996485301;MARIA; 2.351,22 
5512996486011;MARIA; 1.799,23 
5512996509837;JOAO; 3.631,46 
5512996515147;ANTONIETA; 1.204,61 
5512996519181;INES; 2.367,07 
5512996519975;MARIA; 6.655,20 
5512996521205;PAULO; 1.608,64 
5512996521222;JOSE; 1.493,32 
5512996539795;ROBERTO; 30.432,45 
5512996543868;SEBASTIAO; 2.778,08 
5512996547380;NILSA; 1.188,16 
5512996548824;JOAO; 1.519,85 
5512996549220;MARIA; 3.934,32 
5512996552494;PAULO; 7.893,11 
5512996559848;WILSON; 7.244,72 
5512996566854;ELIZIARIA; 1.201,14 
5512996567764;BENEDITA; 6.779,31 
5512996568988;JOSE; 5.879,17 
5512996569637;SANDRA; 1.996,42 
5512996577077;ANDREZA; 1.387,34 
5512996585342;MANUEL; 6.631,33 
5512996586122;JOSE; 1.615,70 
5512996586140;RENATO; 2.158,19 
5512996590023;ANA; 1.209,38 
5512996592948;SAND; 3.133,50 
5512996596311;JOSE; 1.729,20 
5512996599998;JOAO; 1.039,57 
5512996601468;SEBASTIAO; 1.120,03 
5512996615456;GERALDO; 6.678,93 
5512996627753;MARIA; 1.553,35 
5512996629676;ROSA; 2.091,83 
5512996630745;MARIA; 1.914,00 
5512996637216;SEBASTIAO; 1.268,63 
5512996641982;ELAINE; 1.304,52 
5512996647322;ROSALINA; 2.392,99 
5512996655284;MARIA; 2.442,02 
5512996657463;MARIA; 5.114,16 
5512996675954;TEREZINHA; 2.092,44 
5512996678262;JOEL; 1.006,66 
5512996679600;ANGELA; 1.919,30 
5512996679706;ELAINE; 1.304,52 
5512996690889;ANANIAS; 1.511,18 
5512996693614;JOSE; 2.816,22 
5512996702520;JOSE; 1.729,20 
5512996710871;LUIZ; 2.405,95 
5512996723631;ARCIZIO; 3.163,69 
5512996731101;ODETE; 4.265,42 
5512996748368;MARIA; 4.108,53 
5512996763645;VANDETE; 2.874,89 
5512996771652;HELIO; 6.761,87 
5512996779792;MARIA; 2.315,39 
5512996819078;REGIANE; 3.796,19 
5512996829195;JAIR; 2.336,18 
5512996830064;ERENILDA; 1.252,30 
5512996843702;MARIA; 3.079,31 
5512996844381;EUZIR; 4.740,59 
5512996846714;CANUTO; 3.231,40 
5512996847662;ELAINE; 1.304,52 
5512996848104;JOSMAR; 2.809,80 
5512996863183;MARIA; 2.152,35 
5512996863845;SONIA; 1.540,39 
5512997003285;MARIA; 2.613,28 
5512997003837;IVAN; 1.386,04 
5512997008551;GILBERTO; 5.376,37 
5512997013810;JOSE; 2.606,95 
5512997016986;ARLETE; 2.376,06 
5512997017514;MARIA; 1.581,43 
5512997022292;MARIA; 1.544,62 
5512997027124;ORLANDO; 2.134,86 
5512997030556;LOURDES; 1.686,54 
5512997031138;VERA; 1.858,46 
5512997036170;VULMARIO; 4.272,11 
5512997037917;JOSE; 4.726,12 
5512997041210;ROGERIO; 11.065,70 
5512997041261;ODILA; 9.236,41 
5512997042675;REGINA; 1.530,68 
5512997046309;VERA; 1.246,96 
5512997049292;EDILENE; 2.351,22 
5512997049488;BENEDITO; 2.121,92 
5512997051680;BENEDITO; 20.623,65 
5512997053776;JOSE; 2.033,05 
5512997054294;TEREZINHA; 2.092,44 
5512997057944;MARIA; 6.598,73 
5512997064201;VIRGILINA; 2.136,92 
5512997064233;JOSE; 8.527,42 
5512997067827;EDITE; 1.142,16 
5512997068654;JOSE; 4.726,12 
5512997074070;EDEMIR; 4.635,01 
5512997074537;CACILDA; 2.800,08 
5512997085487;MARIA; 2.363,83 
5512997089823;VICENTE; 3.297,95 
5512997090370;BENEDITA; 1.268,61 
5512997090971;MARIA; 7.670,42 
5512997093281;BENEDITO; 2.224,24 
5512997094366;REGINA; 2.169,61 
5512997098947;LEANDRO; 2.651,76 
5512997111252;BENEDITA; 4.611,52 
5512997111605;DAYSE; 1.808,18 
5512997116015;ROSANGELA; 3.413,15 
5512997129659;LAURINDO; 1.328,42 
5512997132863;OLAIR; 7.757,36 
5512997133001;MARIA; 1.314,64 
5512997134351;ROSEMARY; 1.276,46 
5512997134636;JOSE; 1.729,20 
5512997137650;VALDIR; 1.205,27 
5512997137947;JOAO; 2.532,86 
5512997142684;MARIA; 2.074,42 
5512997145241;DAISY; 11.728,32 
5512997145545;BENEDITO; 4.674,16 
5512997158465;MONICA; 2.025,58 
5512997169001;LUIZ; 8.864,34 
5512997177044;NELSON; 2.807,98 
5512997177927;FATIMA; 3.890,24 
5512997187899;MARIA; 1.003,18 
5512997188080;JOSE; 10.664,08 
5512997191694;DORALICE; 10.814,84 
5512997191775;FRANCISCA; 2.382,94 
5512997206457;SANDRA; 1.610,18 
5512997207623;ODILA; 9.236,41 
5512997210757;LUIZ; 2.405,95 
5512997213361;SEBASTIAO; 5.782,38 
5512997214191;CARLOS; 1.475,54 
5512997217681;LUIZ; 1.578,32 
5512997218906;JOSE; 1.121,78 
5512997220625;JOSE; 3.139,21 
5512997220844;LUIZ; 5.438,28 
5512997228268;BENEDITO; 3.141,22 
5512997228975;MARIA; 1.881,70 
5512997232776;CARMEN; 1.588,72 
5512997242750;OSVALDO; 2.260,35 
5512997254884;PAULO; 1.538,33 
5512997257543;MARIA; 1.344,88 
5512997261120;IRENE; 1.192,17 
5512997266391;CELINA; 1.540,28 
5512997270214;JOSE; 3.592,08 
5512997270624;JOSE; 24.030,35 
5512997279413;EDILENE; 2.351,22 
5512997280542;ANDREIA; 1.110,20 
5512997287606;JOSE; 1.493,32 
5512997288682;JOSE; 1.309,27 
5512997289405;EDUARDO; 5.291,83 
5512997297486;JOAO; 2.532,86 
5512997298940;MARIA; 2.163,66 
5512997311253;JOSE; 1.428,47 
5512997312600;ANDREIA; 1.110,20 
5512997312694;BENEDITO; 2.375,02 
5512997314486;ERENILDA; 1.252,30 
5512997319215;MARIO; 3.228,10 
5512997322625;ROSANIA; 2.489,09 
5512997327490;SANDRA; 1.996,42 
5512997327869;MARIA; 1.881,70 
5512997329468;ARCIZIO; 3.163,69 
5512997342216;HELENA; 6.047,67 
5512997348686;ELIZABETH; 1.547,06 
5512997350930;MARIA; 1.553,35 
5512997353875;JOSE; 1.004,43 
5512997354956;JOSE; 1.763,83 
5512997362281;MARIA; 1.324,57 
5512997368514;IVONE; 1.621,69 
5512997375189;REGINALDO; 1.107,02 
5512997380998;ANAMARIA; 15.012,53 
5512997385788;ANANIAS; 1.511,18 
5512997394327;SONIA; 1.662,29 
5512997397227;PAULO; 1.910,65 
5512997397395;MAURICIO; 2.928,56 
5512997398972;MARIA; 1.073,55 
5512997408772;ROBERTO; 2.651,06 
5512997413242;ELIANE; 4.490,54 
5512997414644;BENEDITO; 4.674,16 
5512997419419;ILDA; 3.270,37 
5512997419508;GIVALDINA; 1.806,36 
5512997419754;ODETE; 4.265,42 
5512997422340;MARIA; 3.148,41 
5512997424479;OSVALDO; 2.260,35 
5512997428456;BENEDITO; 5.522,54 
5512997435716;JOSE; 2.033,05 
5512997436505;MARIA; 1.447,60 
5512997438396;PAULO; 1.538,33 
5512997453690;SILVIA; 2.398,00 
5512997456009;CELIA; 2.059,91 
5512997460863;MARCIA; 7.780,90 
5512997462986;JULIO; 2.661,71 
5512997468675;ROSA; 3.599,62 
5512997469103;AMILTON; 1.315,13 
5512997470871;JOAQUIM; 1.873,78 
5512997471149;DILZA; 1.607,34 
5512997471363;MARIA; 1.141,98 
5512997475955;MARIA; 4.466,67 
5512997481467;MARIO; 2.044,30 
5512997483822;MARIA; 4.167,24 
5512997488283;IRENE; 4.561,86 
5512997489763;MIGUEL; 1.469,26 
5512997490394;SIMAO; 2.302,10 
5512997501344;ANTONIO; 2.503,52 
5512997503854;MARIA; 2.363,83 
5512997507400;ROGERIO; 11.065,70 
5512997516031;MARIA; 1.137,28 
5512997516106;EDEMIR; 4.635,01 
5512997517091;ROBERTO; 2.061,96 
5512997520808;MARIA; 2.914,34 
5512997524785;AMILTON; 1.315,13 
5512997524859;PEDRO; 1.996,09 
5512997525432;DIRCEU; 1.426,81 
5512997537733;MARIA; 2.123,30 
5512997552005;SANDRA; 5.147,38 
5512997559013;MARTA; 2.392,87 
5512997559745;MARIA; 3.934,32 
5512997564771;WILTON; 1.202,12 
5512997565896;ROSANGELA; 3.413,15 
5512997571690;REGINA; 2.169,61 
5512997580143;PAULA; 3.923,42 
5512997582311;SONIA; 1.884,25 
5512997585696;MILTON; 3.243,48 
5512997590186;FRANCISCO; 7.952,69 
5512997591671;MARIA; 2.269,08 
5512997593562;JORGE; 1.701,91 
5512997594304;IDEILSON; 1.160,07 
5512997596293;HELENIR; 3.503,21 
5512997598164;TERESA; 1.617,31 
5512997612101;MARTA; 5.001,15 
5512997621962;PAULO; 7.893,11 
5512997622057;ISABEL; 1.203,63 
5512997624463;CLAUDETE; 6.229,59 
5512997624781;CLEMICIO; 7.796,10 
5512997624849;CLAUDIO; 4.471,92 
5512997631508;JOSE; 3.033,38 
5512997644900;SAND; 3.133,50 
5512997649907;ROSINALDA; 7.015,45 
5512997652510;ELIZABETH; 4.362,44 
5512997653917;CARLOS; 1.475,54 
5512997655097;SELMA; 7.572,40 
5512997656951;COARACI; 1.508,21 
5512997661148;FATIMA; 2.012,48 
5512997661162;FATIMA; 2.012,48 
5512997663427;JOSE; 1.004,43 
5512997663627;GERALDO; 1.013,06 
5512997665034;CLAUDIA; 1.220,71 
5512997668762;PEDRO; 2.474,59 
5512997674220;VERONICA; 4.558,55 
5512997676625;MARIA; 3.153,81 
5512997679841;ANA; 4.718,49 
5512997681263;LUIZ; 2.216,55 
5512997683673;JORGE; 3.586,81 
5512997685793;MARIA; 1.926,18 
5512997687178;DIMAS; 4.820,71 
5512997688903;JONAS; 4.546,15 
5512997696659;ROSINALDA; 7.015,45 
5512997705164;MARIA; 2.168,30 
5512997715873;CACILDA; 2.800,08 
5512997717175;DIRCEU; 1.426,81 
5512997720573;MILTON; 5.610,31 
5512997727169;CLAUDIA; 3.459,15 
5512997727894;MARIA; 5.653,31 
5512997732921;FRANCISCO; 5.055,22 
5512997734199;EXPEDITO; 2.269,06 
5512997735060;JOAO; 1.402,95 
5512997737715;MARCIA; 7.780,90 
5512997739593;VICTOR; 4.438,10 
5512997751296;VERA; 1.258,40 
5512997751426;MARIA; 2.236,44 
5512997755075;MONICA; 2.025,58 
5512997755752;CUSTODIO; 2.230,46 
5512997758489;MARIA; 6.655,20 
5512997761160;JAIME; 4.433,74 
5512997767466;CARMEN; 1.588,72 
5512997768270;ADELINA; 2.663,09 
5512997770019;WILSON; 5.196,14 
5512997777194;WILSON; 5.196,14 
5512997778836;TEREZINHA; 2.092,44 
5512997778889;WILSON; 5.196,14 
5512997785597;ANA; 2.056,68 
5512997785744;JOSE; 2.131,19 
5512997793320;SEBASTIAO; 1.090,59 
5512997795805;VANIA; 6.246,45 
5512997798808;JOSE; 10.885,60 
5512997812704;ROSELI; 2.198,53 
5512997815345;DOMINGOS; 1.850,47 
5512997815380;ENEDINA; 1.113,17 
5512997816888;BENEDITA; 6.779,31 
5512997818875;NOBERTO; 5.143,95 
5512997819401;APARECIDA; 1.323,89 
5512997822008;MAURICIO; 2.928,56 
5512997823436;PAULO; 1.910,65 
5512997826397;SANDRA; 1.996,42 
5512997827798;RITA; 1.609,71 
5512997833558;ERNESTO; 3.116,58 
5512997834699;MARCOS; 8.723,36 
5512997838122;PEDRO; 1.170,49 
5512997841253;MARIA; 9.661,29 
5512997843715;ELIANA; 3.431,43 
5512997844673;JOSE; 1.585,67 
5512997846613;PAULO; 2.912,08 
5512997847395;MAURICIO; 2.928,56 
5512997847830;BENEDITO; 2.375,02 
5512997849472;MIRNA; 9.043,25 
5512997851434;JOSE; 10.664,08 
5512997854802;JOSE; 10.664,08 
5512997864154;SONIA; 1.540,39 
5512997867971;JOAO; 3.362,68 
5512997870354;ORLANDO; 2.134,86 
5512997870693;JOSE; 2.951,35 
5512997872301;LUIZ; 1.109,55 
5512997873610;MARIA; 3.153,81 
5512997875875;ARCIZIO; 3.163,69 
5512997875878;ARCIZIO; 3.163,69 
5512997876303;MARIA; 1.914,00 
5512997880758;CELINA; 3.253,14 
5512997882206;VANDERLEA; 1.084,79 
5512997883651;MARIA; 3.079,31 
5512997901495;MARIA; 1.295,49 
5512997912116;ANTENOR; 7.403,86 
5512997913522;ANALIDIA; 10.291,91 
5512997916474;IRACEMA; 2.375,87 
5512997918237;ADELAIDE; 6.080,43 
5512997920044;LUCRECIO; 2.182,59 
5512997920517;MARIA; 2.315,39 
5512997920755;MARIA; 1.581,43 
5512997922639;MILTON; 6.435,02 
5512997941813;GUILHERME; 3.584,92 
5512997949136;JOSE; 1.709,82 
5512997949231;ROSEMARY; 4.243,94 
5512997950905;JOAQUIM; 4.281,82 
5512997950937;WILTON; 1.202,12 
5512997956320;BERNADETE; 1.582,54 
5512997974964;VERA; 2.269,08 
5512997977683;JOSE; 1.004,43 
5512997982720;MARLI; 1.459,39 
5512997989371;ELISABETE; 4.041,51 
5512997998526;ROSELI; 2.877,39 
5512997998838;SONIA; 2.548,85 
5513974020855;MARIA; 1.590,09 
5513974022302;NILZETE; 2.686,56 
5513974030140;PRISCILA; 7.016,92 
5513974035821;PAULO; 4.651,69 
5513974035822;PAULO; 4.651,69 
5513974047259;GILSON; 1.875,16 
5513974072099;OLINDA; 4.711,94 
5513974078182;APARECIDA; 1.401,12 
5513974084290;MARIZA; 1.370,60 
5513974101361;PAULO; 4.651,69 
5513974107129;MARCOS; 1.369,33 
5513974152821;OSMUNDO; 1.790,02 
5513974161512;FERNANDA; 1.201,21 
5513974173879;JAIR; 2.294,09 
5513974174498;PRISCILA; 7.016,92 
5513974187622;JAIR; 2.294,09 
5513974214869;OSMUNDO; 1.790,02 
5513981008304;MARIA; 1.943,69 
5513981009306;MARIA; 1.635,09 
5513981016178;VERA; 2.393,06 
5513981055033;IVALDO; 5.174,20 
5513981077378;CLAUDIANA; 3.587,12 
5513981077635;NILCELIA; 2.008,72 
5513981111957;CLAUDIA; 7.117,53 
5513981111965;CLAUDIA; 7.117,53 
5513981121590;OSVALDO; 1.062,77 
5513981129214;FERNANDO; 2.636,67 
5513981131293;EDISON; 3.157,05 
5513981131506;GERALDA; 1.124,75 
5513981135326;SONIA; 1.375,81 
5513981136803;VALMIR; 6.522,22 
5513981136916;HELENICE; 2.561,86 
5513981224392;LUCIMAR; 1.469,83 
