5511981998169;RENATA; 6.357,32 
5511981998863;EDNA; 6.704,71 
5511981998873;EDNA; 6.704,71 
5511982001928;VALDECI; 2.135,50 
5511982004866;NADJA; 1.154,16 
5511982013188;CREUSA; 1.829,35 
5511982016179;LUCIANA; 9.662,93 
5511982022668;MARIA; 1.111,08 
5511982032031;ANGELA; 1.032,91 
5511982033143;FATIMA; 1.108,29 
5511982040910;ANGELA; 1.983,31 
5511982064090;DIHUNAY; 2.902,65 
5511982076341;FRANCISCO; 3.863,92 
5511982082255;MARIA; 1.307,75 
5511982084457;MARIA; 2.513,74 
5511982084620;JOSE; 1.568,05 
5511982089382;NEUSA; 2.870,45 
5511982099956;SONIA; 1.402,58 
5511982100314;MARLENE; 3.455,34 
5511982113221;JANDINS; 2.220,19 
5511982114727;CARLOS; 2.930,39 
5511982116753;LIRES; 1.345,47 
5511982119163;VERALUCIA; 2.382,57 
5511982127921;CELIA; 2.303,90 
5511982131498;VILMA; 6.381,20 
5511982135317;MARCIA; 1.336,39 
5511982137082;JAQUELINE; 1.602,36 
5511982143020;EDITE; 2.253,68 
5511982151396;ANA; 2.788,22 
5511982159022;MOISES; 12.095,94 
5511982159654;VANDERLI; 4.251,57 
5511982174669;ROSANGELA; 6.650,93 
5511982185303;JOAO; 3.382,20 
5511982189846;SILVIA; 8.414,56 
5511982200682;ADAO; 6.707,43 
5511982227896;SONIA; 15.378,86 
5511982228469;SILVANA; 3.422,32 
5511982238494;SEBASTIAO; 2.775,42 
5511982241278;JOANA; 2.287,69 
5511982241991;MARIA; 8.229,87 
5511982245736;DAMIAO; 8.544,56 
5511982251869;MARIA; 3.333,26 
5511982252124;EDSON; 1.699,55 
5511982252595;EFIGENIA; 12.874,41 
5511982270243;MARIA; 4.806,09 
5511982272719;VALERIA; 3.400,98 
5511982277950;VASTHI; 3.787,80 
5511982281650;MARTA; 8.185,50 
5511982288659;NEUSA; 3.857,64 
5511982314800;ARNALDO; 4.337,70 
5511982316627;JAIR; 1.615,11 
5511982318198;HELENIR; 3.503,21 
5511982328529;MARLENE; 2.660,56 
5511982331151;LURDES; 1.688,43 
5511982339127;SONIA; 1.573,06 
5511982362049;KATLEY; 1.152,67 
5511982370553;ANGELA; 2.727,96 
5511982375156;OSVALDO; 1.379,44 
5511982378542;ANGELA; 2.727,96 
5511982378824;WILLIAM; 3.958,29 
5511982388181;ROBSON; 1.797,06 
5511982410663;RAIMUNDA; 2.609,74 
5511982425466;MARIA; 3.270,37 
5511982429924;REJANE; 2.132,71 
5511982433672;SOLANE; 3.385,39 
5511982434558;FRANCINELIA; 4.262,02 
5511982438770;ELISABETE; 9.036,81 
5511982447341;WOLFGANG; 5.799,96 
5511982449334;PRUDENCIA; 1.993,91 
5511982453756;LEONARDO; 4.073,33 
5511982459761;ROSA; 5.934,61 
5511982462287;ALTAMIR; 1.099,01 
5511982475391;MANOEL; 1.326,49 
5511982478532;VIVIANE; 1.378,73 
5511982487475;SOLANE; 3.385,39 
5511982489122;RICARDO; 5.255,67 
5511982489346;MANOEL; 3.649,83 
5511982490985;DAVID; 9.320,98 
5511982492272;WANDA; 1.159,79 
5511982493058;GENIVALDO; 6.620,15 
5511982493059;GENIVALDO; 6.620,15 
5511982504778;ROQUE; 4.471,74 
5511982523533;NEIDE; 1.765,50 
5511982528701;SIDNEI; 4.044,62 
5511982541026;OSMAR; 1.861,49 
5511982549654;ELISABETE; 1.835,61 
5511982560142;ANTONIETA; 2.497,21 
5511982568849;ROSILEIDE; 2.259,93 
5511982571894;JOAO; 1.444,28 
5511982573631;JAIR; 1.469,75 
5511982582208;ISABEL; 1.563,26 
5511982584272;JOSE; 6.489,29 
5511982593498;SELMA; 2.115,83 
5511982609496;LEONIS; 2.550,04 
5511982615131;PATRICIA; 1.486,76 
5511982615658;JOAO; 1.973,45 
5511982616848;IRANILDES; 3.855,15 
5511982621753;RAIMUNDO; 1.040,74 
5511982629482;MARIA; 7.594,69 
5511982631483;RAIMUNDA; 1.001,09 
5511982631736;NELMA; 8.999,00 
5511982640050;MARCIO; 1.206,13 
5511982645204;CLEIDE; 3.201,08 
5511982652078;FRANCISCO; 1.067,09 
5511982662085;NANCY; 1.523,20 
5511982686115;ALAIR; 1.619,04 
5511982687778;ANA; 4.423,53 
5511982692836;OTAVIO; 2.681,99 
5511982711908;ROSA; 5.305,76 
5511982715049;MARIO; 1.752,18 
5511982719555;DAISI; 1.583,47 
5511982719794;VALDERLIM; 2.348,48 
5511982723149;FRANCISCO; 2.288,63 
5511982727491;MARIA; 2.587,97 
5511982732744;WILLIAM; 2.255,09 
5511982733230;MARIA; 1.202,42 
5511982740203;LIRES; 1.345,47 
5511982743663;JANE; 2.515,65 
5511982745112;ANISISIO; 3.310,63 
5511982749257;CRISTINA; 1.312,25 
5511982753392;IVANILDO; 4.358,51 
5511982757592;EVERTON; 3.589,29 
5511982762054;VALDOMIRO; 6.530,27 
5511982769515;VIVIANE; 1.378,73 
5511982778200;CELSO; 2.691,13 
5511982780113;SEBASTIAO; 5.044,56 
5511982795971;SUELI; 2.227,86 
5511982810099;JOAO; 1.429,74 
5511982816585;MARIA; 1.478,76 
5511982816931;NILTON; 2.131,16 
5511982821564;SUELI; 4.509,94 
5511982821819;MARLI; 2.989,11 
5511982827772;PRUDENCIA; 1.993,91 
5511982834398;ALAIR; 1.619,04 
5511982839714;JOSECI; 1.262,90 
5511982843223;RITA; 3.137,74 
5511982856228;PAULO; 16.367,58 
5511982874747;RENATO; 6.551,11 
5511982887849;SEBASTIANA; 2.244,05 
5511982895265;ODETE; 3.953,97 
5511982908820;VALDIR; 7.181,53 
5511982928161;PAULO; 4.793,68 
5511982934588;GERSON; 6.651,98 
5511982937167;JOAO; 1.519,54 
5511982941635;LUIS; 1.739,29 
5511982971257;VANESSA; 1.905,77 
5511982971606;SUELI; 5.847,13 
5511982975955;LUCIA; 1.496,86 
5511982978002;SORAYA; 2.913,57 
5511982980430;ALEXANDRINA; 2.763,81 
5511982985443;ZACARIAS; 1.451,14 
5511983000102;SUELI; 3.372,93 
5511983009975;JOSE; 1.580,04 
5511983022055;MARINEIDE; 1.873,67 
5511983039874;ESTER; 2.276,38 
5511983047232;SILVIA; 1.659,42 
5511983055347;MARISA; 1.344,30 
5511983063394;JOAO; 1.659,08 
5511983066753;ROSA; 8.932,44 
5511983088737;REGINALDO; 1.609,02 
5511983092847;NILTON; 2.131,16 
5511983095637;VANESSA; 3.436,65 
5511983109116;EFIGENIA; 1.112,04 
5511983112214;MARIA; 4.620,10 
5511983131102;AURO; 8.221,78 
5511983133416;SERGIO; 1.478,00 
5511983134237;MARIA; 2.618,95 
5511983148875;NIVALDO; 1.882,64 
5511983162656;EVERSON; 5.227,64 
5511983165092;MARISTELA; 12.039,17 
5511983165093;MARISTELA; 12.039,17 
5511983173620;ELIZABETH; 1.679,50 
5511983178516;JOSE; 1.111,69 
5511983181887;JOAO; 2.139,06 
5511983182841;RAIMUNDO; 1.040,74 
5511983211659;MARIA; 4.732,21 
5511983211766;ROSEMEIRE; 2.069,33 
5511983231104;ESTEVAM; 2.702,23 
5511983235125;ANTONIO; 1.567,51 
5511983241947;JOAO; 5.959,29 
5511983242280;GISELA; 3.105,40 
5511983247107;LOURDES; 5.985,19 
5511983251428;GENI; 2.570,92 
5511983260246;DAVID; 9.320,98 
5511983265389;MARCELINO; 6.846,73 
5511983271105;DALILA; 2.598,16 
5511983277085;ANA; 2.991,92 
5511983277596;GERSON; 1.274,14 
5511983282289;ELISABETE; 3.143,53 
5511983283054;ELOISA; 3.180,84 
5511983295100;ANDREIA; 1.556,86 
5511983295588;EDSON; 2.288,90 
5511983296604;MARIA; 1.289,75 
5511983298920;JOSE; 1.228,98 
5511983299883;MARIA; 1.594,67 
5511983307011;CICERA; 1.746,18 
5511983315525;LUCIMARA; 2.246,13 
5511983325995;LIDIA; 1.388,91 
5511983333460;ZULEIDE; 3.095,40 
5511983358215;VERA; 8.847,50 
5511983361537;CLERITON; 1.749,67 
5511983365874;NEUZA; 4.798,59 
5511983371922;TEREZA; 1.311,22 
5511983375614;PAULO; 2.066,53 
5511983376568;MARIA; 1.740,26 
5511983395014;WILSON; 4.119,28 
5511983395377;MARIA; 3.006,58 
5511983395428;MARIA; 3.671,12 
5511983397271;ARLETE; 2.615,01 
5511983444819;DURVALINA; 4.411,68 
5511983465088;NEUSA; 5.413,34 
5511983468949;MARIA; 3.386,26 
5511983472481;MARIA; 3.197,33 
5511983476150;JUDITE; 2.175,50 
5511983516650;AUGUSTO; 2.263,37 
5511983518347;CLOTILDE; 7.302,78 
5511983519223;JOAO; 1.294,60 
5511983528861;JOSEFA; 2.389,89 
5511983529029;JOAO; 5.959,29 
5511983532236;ROSANGELA; 2.108,87 
5511983546784;JOSE; 2.343,36 
5511983561745;LUZIA; 4.354,73 
5511983568107;SONIA; 2.553,10 
5511983576728;ALECIA; 2.312,85 
5511983579960;ELISABETE; 3.143,53 
5511983581803;LUCIANA; 2.979,83 
5511983588742;NEIDE; 1.765,50 
5511983606566;VALERIA; 2.367,64 
5511983613046;AILTON; 16.628,62 
5511983643531;ISABEL; 1.319,29 
5511983643658;ADAUTO; 2.440,29 
5511983643738;VILMA; 4.027,59 
5511983650693;VERA; 4.327,34 
5511983660300;HENRIQUE; 2.677,20 
5511983661944;LAYSE; 3.028,85 
5511983665196;AUDENICE; 18.666,04 
5511983673866;JESUS; 3.991,60 
5511983679414;ANGELA; 3.245,62 
5511983685763;JOANA; 2.179,89 
5511983691188;JOSECI; 1.262,90 
5511983708575;PAULO; 16.367,58 
5511983713029;JOSE; 1.721,88 
5511983714883;EVERALDO; 4.281,30 
5511983715757;JOSE; 3.351,98 
5511983716421;MIRIAM; 1.182,05 
5511983743334;VIRGINIA; 3.063,11 
5511983746544;VANEA; 1.160,44 
5511983751719;MARIA; 1.454,78 
5511983754647;ROSILEIDE; 5.920,03 
5511983756326;WILSON; 2.201,68 
5511983757852;BEATRIZ; 6.872,27 
5511983759813;MARIA; 2.520,60 
5511983764918;LAJAVENE; 6.955,81 
5511983779273;HAROLDO; 2.402,63 
5511983779373;HAROLDO; 2.402,63 
5511983785748;ARMANO; 2.312,26 
5511983792759;RUTH; 1.268,08 
5511983796103;JAIR; 1.615,11 
5511983804483;MARIA; 5.054,42 
5511983805512;ROSANE; 15.039,45 
5511983812955;DEISE; 1.438,37 
5511983818352;JEFFERSON; 1.918,84 
5511983834982;KELLY; 2.011,85 
5511983836262;GENY; 3.409,66 
5511983838092;DARCIO; 1.869,26 
5511983844445;BLEICIELA; 1.516,43 
5511983859037;MARIA; 2.999,52 
5511983866590;BARTOLOMEU; 1.132,21 
5511983879354;ELISETE; 1.863,06 
5511983889828;NELSON; 4.110,41 
5511983891610;WILSON; 1.724,12 
5511983892206;IRANE; 13.956,69 
5511983894201;MARIA; 2.222,92 
5511983906492;ANTONIO; 2.012,55 
5511983906913;JOSEFA; 3.109,60 
5511983928697;MARIA; 2.072,31 
5511983931611;LUCIMAR; 2.713,39 
5511983932828;TEREZINHA; 1.255,80 
5511983938845;PEDRO; 2.180,46 
5511983951276;MURILO; 4.413,70 
5511983951513;MIRIAN; 5.346,60 
5511983961561;VICENCIA; 2.208,97 
5511983979620;NEIDE; 5.466,60 
5511983981777;LUCIENE; 3.275,73 
5511983986731;TANIA; 2.197,99 
5511983994199;MARILENE; 1.332,67 
5511984002645;JOSE; 2.610,61 
5511984008244;MARIA; 3.393,00 
5511984013141;MARCOS; 7.991,54 
5511984029654;APARECIDO; 1.829,01 
5511984035998;MARIA; 2.278,09 
5511984044483;IRENE; 3.886,87 
5511984048526;CLARICE; 1.363,71 
5511984052004;MARIA; 3.205,56 
5511984083712;ELVA; 8.186,05 
5511984085634;CICERA; 2.983,02 
5511984087196;DAIANA; 1.050,09 
5511984119342;MARIA; 1.287,33 
5511984126507;WILSON; 2.201,68 
5511984127473;LAUDELINA; 4.056,63 
5511984128162;HOMERO; 1.689,07 
5511984128439;NIVIA; 1.328,89 
5511984132879;RENATA; 1.111,07 
5511984144722;RAIMUNDO; 1.391,23 
5511984151526;IRACEMA; 1.900,58 
5511984154449;RONALDO; 2.377,22 
5511984156809;ARMANDO; 2.140,43 
5511984165724;CONCEICAO; 2.363,48 
5511984172007;IRENE; 1.614,89 
5511984172866;ADAUTO; 1.997,65 
5511984176507;ANA; 5.625,98 
5511984179037;PAULO; 2.303,52 
5511984179313;MARIA; 3.144,94 
5511984194854;GENI; 2.276,62 
5511984216551;HILTON; 7.539,66 
5511984229551;HELIDA; 3.006,33 
5511984233438;ELIZETE; 1.015,69 
5511984233541;OTAVIO; 2.266,10 
5511984235284;MARIA; 3.610,52 
5511984239119;PAULO; 1.570,71 
5511984246508;VANDA; 2.574,54 
5511984250849;EDESIA; 1.172,60 
5511984266334;LUCIA; 7.766,73 
5511984283432;HOMERO; 1.689,07 
5511984289990;IZABEL; 3.072,92 
5511984326975;RICARDO; 10.291,33 
5511984339783;HENRIQUE; 2.677,20 
5511984347936;WILSON; 9.982,29 
5511984349476;MARIA; 3.671,12 
5511984355254;MARLENE; 1.341,53 
5511984372559;BRUNO; 1.106,99 
5511984382900;GISELDA; 2.252,60 
5511984400320;MARIA; 3.524,85 
5511984404381;LUCIMAR; 1.256,38 
5511984437296;EDSON; 1.052,48 
5511984440144;AIRTON; 2.721,25 
5511984441471;MARGARIDA; 1.854,83 
5511984443026;MARIA; 1.430,00 
5511984443997;MARIA; 1.380,15 
5511984444123;VITOR; 5.840,43 
5511984451026;VERA; 2.614,19 
5511984452207;REGINA; 1.504,84 
5511984456007;ALTAIR; 11.115,39 
5511984465382;APARECIDA; 2.155,30 
5511984471716;MIRIAM; 1.006,36 
5511984473097;PEDRO; 3.065,44 
5511984489216;IRAILDES; 1.108,29 
5511984496301;EDINILZA; 1.383,22 
5511984504652;HAYDE; 3.560,52 
5511984510628;IVO; 4.240,94 
5511984524281;IZABEL; 5.199,62 
5511984543407;TANIA; 2.156,41 
5511984547212;JOSE; 7.205,11 
5511984551470;EDNA; 9.959,60 
5511984559985;ELVECIO; 1.823,52 
5511984560936;ROSI; 4.433,76 
5511984561721;EDINEIDE; 2.080,69 
5511984571811;MARCIA; 20.594,63 
5511984574103;VANDERLEY; 2.929,48 
5511984577639;SERGIO; 19.588,43 
5511984584775;MARIA; 3.524,85 
5511984594306;NILTON; 1.972,20 
5511984624424;NILSON; 1.592,62 
5511984634457;MARILUCIA; 2.286,89 
5511984636912;ROSELI; 5.335,77 
5511984651298;SONIA; 5.012,80 
5511984664519;ELISABETE; 9.453,08 
5511984667779;ROSELI; 1.525,94 
5511984671809;LEA; 5.248,54 
5511984677664;VOLNEI; 2.339,83 
5511984680844;SUELI; 1.564,69 
5511984697012;LUIS; 1.739,29 
5511984703234;EDSON; 2.288,90 
5511984704597;MARGARIDA; 1.894,45 
5511984709092;JOSE; 1.923,33 
5511984726830;ELIETE; 2.160,33 
5511984729950;EVA; 1.015,39 
5511984730759;ANA; 1.103,08 
5511984742109;MARINA; 3.329,19 
5511984745264;CIBELE; 7.646,80 
5511984747591;ANTONIO; 3.026,74 
5511984754516;ODETE; 1.087,80 
5511984758052;SONIA; 2.393,89 
5511984761680;PAULINO; 2.746,68 
5511984774156;JUNIA; 1.000,99 
5511984777066;NOELIA; 2.962,26 
5511984808004;JANILDA; 3.924,46 
5511984827150;GILBERTO; 1.015,30 
5511984834250;ALONSO; 1.484,24 
5511984835072;IRENALDO; 2.385,13 
5511984837093;MARIA; 1.358,87 
5511984841378;DORACI; 3.400,76 
5511984852500;JEFERSON; 1.247,70 
5511984853651;PAULETE; 1.703,89 
5511984855131;ELAINE; 1.238,90 
5511984866720;IVO; 4.240,94 
5511984874320;MIRIAM; 9.175,23 
5511984878796;MARLENE; 4.451,89 
5511984887375;CICERA; 1.744,54 
5511984897101;HAMILTON; 1.674,54 
5511984901704;LAERCIO; 20.528,65 
5511984904272;NELSON; 16.927,44 
5511984908369;ELIENE; 1.548,38 
5511984909148;ERALDO; 7.309,86 
5511984911589;ALEXANDRA; 3.235,81 
5511984937384;MAURO; 4.310,79 
5511984945978;TERESA; 2.952,09 
5511984948156;ROSILENE; 3.357,20 
5511984949124;DIOMEDES; 2.074,21 
5511984956116;ALEXANDRA; 3.235,81 
5511984974011;MARIANO; 1.022,34 
5511984995949;IVANI; 2.591,35 
5511984998961;SANDRA; 2.910,04 
5511985005211;ANICEIA; 5.324,10 
5511985027014;SILVIO; 8.915,31 
5511985043421;GERSON; 7.890,63 
5511985054285;JOAO; 1.102,29 
5511985057568;ROSA; 1.349,94 
5511985057595;MARILENE; 1.454,78 
5511985071492;DINALVO; 3.786,46 
5511985074199;MARIA; 1.381,93 
5511985076061;OTAVIO; 2.266,10 
5511985079724;EVERTON; 3.589,29 
5511985095703;ELIZABETE; 7.740,78 
5511985108460;BERNADETE; 2.062,08 
5511985132614;ANA; 2.291,29 
5511985152375;VALMIR; 2.585,76 
5511985171984;ZILCA; 1.689,35 
5511985172933;MARIA; 1.076,27 
5511985192645;ANA; 1.835,82 
5511985195193;RAILDE; 2.116,34 
5511985201447;SONIA; 9.193,94 
5511985241639;JOSE; 1.588,98 
5511985243475;LILIANA; 2.355,08 
5511985258000;LUCIANA; 9.662,93 
5511985266154;LUIZ; 3.048,87 
5511985268346;WILSON; 2.991,78 
5511985271335;IVAN; 1.852,45 
5511985275863;JOAO; 5.213,06 
5511985299898;ALAOR; 2.248,34 
5511985300460;AUGUSTO; 1.138,91 
5511985305050;MARIA; 2.798,32 
5511985308083;CELIA; 2.303,90 
5511985329168;IRENE; 3.902,18 
5511985346401;CICERA; 2.983,02 
5511985363324;ROSALI; 8.517,94 
5511985366380;ROSALDA; 1.329,49 
5511985368870;ROGERIO; 2.370,57 
5511985375439;OSMIR; 1.023,38 
5511985381590;LUCIENE; 3.275,73 
5511985385896;SUELY; 3.806,33 
5511985390405;MARIA; 2.895,16 
5511985403026;GILVANDA; 1.856,69 
5511985412309;RITA; 5.808,26 
5511985435696;ELIANA; 2.841,20 
5511985436501;MARIA; 1.694,38 
5511985439741;QUIRINO; 3.075,60 
5511985455028;DANIELLA; 4.314,78 
5511985455624;LENICE; 8.373,24 
5511985459742;NILSON; 1.592,62 
5511985461702;LAIR; 4.811,39 
5511985461754;LAIR; 4.811,39 
5511985470584;IVANILDE; 1.255,10 
5511985470848;REGINA; 1.016,82 
5511985471177;JULIANA; 3.214,21 
5511985472966;CLARICE; 3.049,49 
5511985478777;VALERIA; 8.078,22 
5511985478833;VALERIA; 8.078,22 
5511985494125;JOSEMAR; 1.331,55 
5511985504936;VALDELITA; 1.991,50 
5511985510041;TAMARA; 1.803,00 
5511985513137;RAFAEL; 6.735,78 
5511985537258;DIRCEU; 2.722,56 
5511985544727;MARIA; 1.399,30 
5511985545204;MARIA; 1.580,56 
5511985545845;VALMIR; 16.936,29 
5511985553212;MARIA; 1.906,13 
5511985557780;REGINA; 1.504,84 
5511985581513;MIRIAN; 5.346,60 
5511985582319;ODUVALDO; 1.981,57 
5511985595085;JOSE; 3.338,85 
5511985598959;ANA; 15.772,70 
5511985600355;WANDERLEY; 5.985,72 
5511985606014;MARILDA; 1.562,77 
5511985607792;NARA; 11.442,70 
5511985608752;EBENEZER; 1.439,18 
5511985613081;SONIA; 4.236,70 
5511985618214;GRACILENE; 2.272,64 
5511985621450;JOSE; 1.128,67 
5511985628193;DANIELLA; 4.314,78 
5511985638905;LUIZ; 1.804,84 
5511985661068;ANA; 2.744,08 
5511985666674;GILBERTO; 1.015,30 
5511985671469;NOEMIA; 1.104,34 
5511985677052;MARIA; 1.195,80 
5511985702490;GILMAR; 2.232,06 
5511985703349;ODINEIA; 2.604,13 
5511985705985;RAFAEL; 6.735,78 
5511985706093;SANDRA; 2.585,42 
5511985731886;JOSE; 4.188,28 
5511985732144;ROSINA; 1.815,90 
5511985733167;REGINALDO; 2.647,79 
5511985742736;OSMAR; 3.653,26 
5511985754582;ADRIANA; 8.616,01 
5511985754813;VALERIA; 1.380,76 
5511985760183;SEBASTIAO; 3.886,17 
5511985767827;SANDRA; 1.227,30 
5511985781781;RAIMUNDO; 1.584,94 
5511985784038;MARILIZA; 3.898,32 
5511985785347;PRISCILA; 6.853,93 
5511985801610;CATIA; 3.681,61 
5511985809558;ALBERTO; 1.473,02 
5511985826998;MARIA; 2.365,80 
5511985827187;ROSA; 1.251,16 
5511985834754;CLAUDEMIR; 1.286,85 
5511985839542;ANTONIO; 1.439,18 
5511985841064;ANTONIA; 9.186,21 
5511985843117;FERNANDO; 1.609,45 
5511985859942;EDEVALDO; 5.922,54 
5511985860904;ANA; 16.912,77 
5511985882200;IVANI; 5.829,60 
5511985885655;RENATA; 6.357,32 
5511985891866;BEATRIZ; 1.819,83 
5511985893119;CICERA; 4.687,60 
5511985916644;RENILDA; 1.233,34 
5511985932303;ASUNCION; 2.350,49 
5511985954900;DAMIELLE; 5.890,61 
5511985967475;SIDINEIA; 1.194,43 
5511985972337;MARIA; 2.299,21 
5511985986088;LAURINDA; 7.746,01 
5511986000024;CREUSA; 6.585,97 
5511986005508;VALTER; 5.055,09 
5511986008359;MARIA; 2.222,31 
5511986009826;DENIZA; 4.822,63 
5511986010302;EDELZUITA; 1.000,99 
5511986011996;LEIDIA; 1.619,87 
5511986022322;CLAUDIO; 4.716,48 
5511986022760;VALDOMIRO; 4.372,88 
5511986032518;ANTONIO; 9.419,09 
5511986044586;WILSON; 1.946,24 
5511986050963;IZABEL; 3.724,89 
5511986054754;ANTONIO; 1.512,34 
5511986064943;MARIA; 2.741,09 
5511986072357;SONIA; 1.442,95 
5511986094926;ELSON; 5.244,28 
5511986095313;SILVANA; 2.267,50 
5511986097778;SILVANA; 2.267,50 
5511986098554;MARISA; 1.341,36 
5511986099146;EDUARDO; 1.438,40 
5511986114440;CLARICE; 1.363,71 
5511986131721;MARIA; 1.524,61 
5511986137862;EDSON; 4.845,20 
5511986148753;NEMISIA; 8.535,29 
5511986156189;CRISTIANE; 12.017,49 
5511986160995;MARILZA; 1.526,09 
5511986162578;RANIERI; 2.158,90 
5511986165780;MARIA; 2.843,07 
5511986176508;MARIA; 2.408,94 
5511986182843;POLIANA; 1.646,18 
5511986183496;DIRCEU; 2.512,46 
5511986187674;JOAO; 8.708,17 
5511986208762;BARTOLOMEU; 1.132,21 
5511986212193;MARCIONILA; 5.492,82 
5511986213417;ROSALINA; 2.361,26 
5511986215535;ELEUZA; 1.283,71 
5511986219247;SEBASTIAO; 1.531,40 
5511986225794;CARMEN; 6.366,14 
5511986233772;JOAQUIM; 1.956,11 
5511986258247;LURDES; 1.688,43 
5511986282782;IVANILDO; 4.358,51 
5511986289589;MARLENE; 6.709,83 
5511986307364;MARIA; 2.862,70 
5511986311052;MARIA; 2.671,29 
5511986314084;JOEL; 8.551,07 
5511986322726;WALQUIRIA; 3.992,39 
5511986355620;IJANE; 1.836,86 
5511986357384;LEONICE; 2.460,79 
5511986367280;LIDIA; 5.211,64 
5511986368834;CLAUDIA; 5.385,86 
5511986384495;MARIA; 1.124,95 
5511986393309;MARIA; 1.123,46 
5511986394810;EMILIANA; 1.872,83 
5511986410710;GILCA; 2.133,11 
5511986415489;GERSON; 7.890,63 
5511986417865;AMARINA; 1.293,59 
5511986430427;LUIZA; 3.523,83 
5511986435113;JOSE; 4.724,00 
5511986437768;ISABEL; 1.164,19 
5511986438196;MARIA; 1.325,83 
5511986483917;VERA; 2.251,08 
5511986495679;VALERIA; 2.367,64 
5511986499123;SHEILA; 1.769,73 
5511986544815;FRANCISCO; 5.278,04 
5511986557371;ANADIR; 2.757,69 
5511986577826;MARILENE; 1.180,54 
5511986582468;RAIMUNDA; 3.845,36 
5511986585528;LOURIVAL; 5.686,25 
5511986605785;JOSE; 1.579,64 
5511986620666;DOMINGAS; 5.518,04 
5511986627384;NATANAEL; 2.876,10 
5511986629791;MARIA; 2.927,09 
5511986638081;ADRIANA; 5.942,28 
5511986661300;ADEMIR; 1.159,03 
5511986662046;EDUARDO; 2.192,24 
5511986665594;HELENA; 1.566,14 
5511986666200;ADALBERTO; 1.198,07 
5511986667171;VANIA; 7.007,30 
5511986674362;SUELY; 2.744,49 
5511986683788;ZIZINHO; 3.747,75 
5511986694703;MARIA; 1.700,18 
5511986704245;MARLUCI; 1.267,34 
5511986713702;CARLOS; 4.292,44 
5511986715847;MITSUE; 7.158,93 
5511986733475;GABRIEL; 1.352,05 
5511986736710;AGOSTINHO; 4.331,11 
5511986737129;CARLOS; 3.992,51 
5511986749079;MARIO; 2.240,07 
5511986749494;ACIDALIA; 4.149,01 
5511986772705;NILO; 1.539,58 
5511986777899;RAQUEL; 2.229,73 
5511986814043;VIVIANE; 6.857,35 
5511986824849;ROBERTA; 1.323,65 
5511986825101;CARLOS; 1.243,64 
5511986843919;JOSE; 3.176,28 
5511986844905;GIULIANA; 1.913,36 
5511986845559;MARIA; 9.231,11 
5511986863640;FERNANDO; 5.941,65 
5511986864286;ROSANGELA; 6.650,93 
5511986865351;HORTENCIO; 1.927,84 
5511986875070;GILVANDA; 1.856,69 
5511986886052;ADEMIR; 1.186,06 
5511986897321;MARGHERITA; 1.948,10 
5511986897666;ELAINE; 6.439,88 
5511986917077;JOSE; 2.312,26 
5511986922950;DINA; 1.594,79 
5511986953044;EDIVALDO; 2.677,54 
5511986953106;EDNA; 1.619,46 
5511986956030;CRISTINA; 5.390,01 
5511986956411;DAVI; 7.637,30 
5511986977608;MARIA; 3.980,88 
5511986980421;FERNANDO; 2.011,41 
5511986981761;MARIA; 3.388,14 
5511986991552;AMARANTO; 2.563,93 
5511986995018;IRANI; 1.447,71 
5511986999086;CLEUSA; 2.378,50 
5511987003961;HERCULINO; 2.108,16 
5511987004186;APARECIDA; 4.806,83 
5511987012387;VERA; 8.527,42 
5511987016351;MARIA; 4.792,26 
5511987067398;MARIA; 1.325,83 
5511987088018;WILSON; 1.180,94 
5511987097090;LEILA; 2.232,58 
5511987097572;LUCI; 3.194,50 
5511987109648;ZELDA; 2.893,90 
5511987112420;MARIA; 1.566,28 
5511987117241;FRANCISCA; 1.117,95 
5511987121838;ANTONIO; 1.567,51 
5511987123777;ETELVINA; 1.596,66 
5511987131177;MIRIAM; 3.523,83 
5511987135195;DOMINGOS; 1.291,76 
5511987144624;WALTER; 6.507,07 
5511987150916;ADELIA; 2.016,52 
5511987155935;MARIA; 2.554,43 
5511987160824;ANA; 1.870,67 
5511987172666;ANA; 3.168,20 
5511987174163;MARCIA; 4.478,69 
5511987199629;MARIA; 1.498,46 
5511987207970;EDSON; 1.195,25 
5511987212851;ANTONIO; 1.730,56 
5511987225559;MARIA; 2.799,60 
5511987229036;JOSENILDA; 6.270,16 
5511987235523;CLAUDEMIR; 1.286,85 
5511987246836;GUIOMAR; 2.622,46 
5511987247020;CARLOS; 1.251,82 
5511987247777;UBALDINO; 2.609,99 
5511987275264;ZENOBIA; 1.517,33 
5511987276598;MARIA; 1.858,53 
5511987286362;MARIA; 3.189,06 
5511987313864;ANTONIO; 1.310,91 
5511987365463;APARECIDA; 1.358,06 
5511987371494;ANA; 1.104,99 
5511987382325;ODETE; 2.839,82 
5511987389337;ANTONIO; 2.432,33 
5511987407800;RAIMUNDO; 4.360,55 
5511987456387;ADENILZA; 2.555,07 
5511987458707;ELIANA; 1.125,82 
5511987470530;CECILIA; 4.361,23 
5511987471472;SANDRA; 11.018,61 
5511987499702;MARIA; 8.874,48 
5511987507092;EMERSON; 1.302,06 
5511987510615;ANTONIO; 1.994,28 
5511987520191;JOSE; 7.884,82 
5511987520356;RITA; 1.227,93 
5511987528416;MARIA; 1.773,53 
5511987531567;ROSA; 2.226,73 
5511987545970;NEUSA; 1.791,10 
5511987547069;WALDIR; 5.470,81 
5511987549278;SHIRLEI; 1.582,58 
5511987551031;MARCIA; 4.497,68 
5511987558436;OZENI; 2.530,40 
5511987572610;MIGUEL; 3.608,24 
5511987572881;ANTONIO; 8.308,61 
5511987576345;OSMAR; 2.245,07 
5511987577180;DEIVIS; 2.792,83 
5511987580505;MARIA; 1.763,55 
5511987584458;SONIA; 9.193,94 
5511987584985;JERONIMO; 1.305,31 
5511987594315;MARIA; 4.913,34 
5511987594519;JOSE; 1.588,98 
5511987612515;MARINEZ; 9.290,03 
5511987621130;JANETE; 5.044,29 
5511987622077;ROBERTO; 4.386,01 
5511987634367;EDSON; 1.843,34 
5511987639247;PAULO; 3.277,85 
5511987645677;MANOEL; 1.314,10 
5511987661927;LINDOMAR; 1.290,20 
5511987671107;EDUARDO; 5.594,64 
5511987673849;MARIA; 4.845,70 
5511987678749;MARIA; 1.380,15 
5511987684131;ANTONIO; 2.248,85 
5511987690590;MARIA; 3.180,90 
5511987693003;MARCELO; 1.345,62 
5511987702515;JOSE; 1.443,36 
5511987733892;MARIA; 1.251,17 
5511987749223;FRANCISCO; 2.842,08 
5511987770590;VIRGINIA; 1.968,17 
5511987770616;VIRGINIA; 1.968,17 
5511987778146;LUCI; 1.039,55 
5511987786816;MARGARIDA; 2.404,52 
5511987787999;ADRIANA; 2.745,36 
5511987803501;IVANY; 4.684,06 
5511987803506;IVANY; 4.684,06 
5511987815486;SUELY; 12.531,56 
5511987823213;ANA; 10.281,23 
5511987829255;MARCO; 3.598,39 
5511987833306;LUCIA; 1.496,86 
5511987845517;ARLINDO; 1.759,56 
5511987870768;SOLANE; 3.385,39 
5511987889303;ANTONIETA; 2.497,21 
5511987907875;NELSON; 1.024,75 
5511987938379;LENIR; 1.096,48 
5511987957515;GISLENE; 1.514,49 
5511987990209;CLAUDIA; 1.133,35 
5511988004932;GLAUCIA; 1.374,71 
5511988023359;ANA; 2.740,74 
5511988028910;MARIA; 2.001,08 
5511988046193;JAIR; 2.335,90 
5511988057497;LAURO; 1.024,94 
5511988060124;CLARICE; 4.277,64 
5511988080506;FERNANDO; 4.313,81 
5511988085868;SHIRLEY; 4.198,04 
5511988092807;SEBASTIANA; 8.546,02 
5511988145088;MARIA; 1.259,49 
5511988150808;RITA; 2.309,56 
5511988152652;APARECIDA; 1.339,64 
5511988159234;EDILENE; 2.322,34 
5511988180467;LUCIANA; 1.561,95 
5511988186751;MARIA; 1.123,46 
5511988227111;JOAO; 2.694,42 
5511988233464;MARIA; 4.737,13 
5511988257879;EVA; 2.284,33 
5511988263072;MARIA; 1.275,73 
5511988285220;MARIA; 2.779,39 
5511988299148;ELZA; 2.061,36 
5511988308097;GABRIEL; 1.374,85 
5511988319631;JAEL; 4.617,44 
5511988326858;MARIA; 3.275,45 
5511988347437;EDINALVA; 3.735,49 
5511988363699;SANDRA; 1.044,16 
5511988364126;VALERIA; 8.909,30 
5511988391584;ANTONIO; 2.183,77 
5511988393355;DOLORES; 1.318,25 
5511988407506;LUIZA; 1.874,26 
5511988464690;ANA; 2.211,75 
5511988477026;MARIA; 1.734,96 
5511988500087;SOLANGE; 1.116,59 
5511988503746;QUITERIA; 1.263,58 
5511988504135;MARIA; 2.098,57 
5511988514684;ANSELMO; 1.370,60 
5511988518826;ANTONINO; 7.038,17 
5511988531965;MARINA; 2.094,95 
5511988549246;JORGE; 7.538,21 
5511988556247;SHEILA; 1.769,73 
5511988589304;SANDRA; 5.274,19 
5511988598442;CLAUDIO; 1.573,56 
5511988634850;GILDAZIO; 1.683,63 
5511988642353;APARECIDA; 1.622,97 
5511988726683;SUSETTE; 4.184,64 
5511988744706;NILTON; 1.789,25 
5511988782299;INES; 1.887,10 
5511988831545;TERESINHA; 3.385,90 
5511988833408;MARIA; 1.041,71 
5511988878536;MARIA; 4.505,92 
5511988882807;ADRIANA; 3.203,20 
5511988896343;EDEVALDO; 5.922,54 
5511988899815;SIDNEI; 1.968,19 
5511988906349;MARIA; 2.197,43 
5511988937832;IRACI; 3.092,28 
5511988962213;SELMA; 5.860,39 
5511989025228;SERGIO; 1.818,33 
5511989033599;ANTONIO; 2.165,59 
5511989047851;DELSINHA; 7.928,14 
5511989096817;MARIA; 3.655,52 
5511989114956;MARIA; 5.029,03 
5511989142241;RITA; 5.808,26 
5511989148042;PEDRO; 1.449,06 
5511989160446;LUIZ; 1.868,53 
5511989189692;ELIANE; 1.375,74 
5511989204123;MARGARETE; 5.956,08 
5511989205362;ELISABETE; 5.105,22 
5511989206733;MARIA; 1.739,03 
5511989242105;VALERIA; 2.815,54 
5511989243835;CRISTIANE; 1.342,78 
5511989245906;MARION; 9.396,50 
5511989253715;PAULO; 1.242,68 
5511989263865;FRANCISCO; 3.395,70 
5511989274920;MARIA; 5.471,27 
5511989347249;CARLOS; 1.778,63 
5511989361553;LOURDES; 1.396,05 
5511989384556;SIDNEY; 2.750,03 
5511989399100;REGINA; 1.504,84 
5511989419385;IRACEMA; 9.363,12 
5511989427923;ANTONIO; 1.730,56 
5511989459586;MAURICIO; 1.376,59 
5511989495235;MARIA; 2.615,10 
5511989513131;VERA; 1.039,13 
5511989542102;ANTONIO; 2.301,92 
5511989553386;TEREZA; 1.367,82 
5511989591710;SALVATORE; 7.005,81 
5511989601001;ANTONIO; 9.999,47 
5511989617515;LUCIANO; 2.404,47 
5511989637132;DEUZINETE; 2.324,70 
5511989666365;JOSE; 3.874,22 
5511989671604;FRANCISCO; 1.208,35 
5511989702129;MARCIA; 10.583,09 
5511989703088;EDIVALDO; 1.230,00 
5511989738569;MARIA; 4.154,11 
5511989762618;IVONETE; 2.070,07 
5511989791127;ROSANA; 3.200,93 
5511989795923;JOAO; 1.854,16 
5511989833504;CLEIDE; 5.391,26 
5511989839490;VERONICA; 3.093,65 
5511989856175;SANDRA; 2.803,54 
5511989877584;PAULO; 2.326,06 
5511989908472;SUELY; 3.944,13 
5511989950440;VERA; 4.251,37 
5511989981707;FRANCISCO; 2.243,75 
5511990011573;DIVO; 1.987,25 
5511990030142;MARIA; 2.182,09 
5511990085151;ANITA; 21.203,74 
5511990116020;MARIA; 5.610,31 
5511990142971;ARNALDO; 4.337,70 
5511990160286;MARIA; 1.955,24 
5511990184021;FATIMA; 1.659,54 
5511990230216;ROSANGELA; 3.120,31 
5511991002028;ALFREDO; 1.454,03 
5511991003669;SONIA; 2.502,90 
5511991025074;VANIA; 7.841,41 
5511991036666;LUCIA; 2.530,67 
5511991041374;MAGALI; 10.865,01 
5511991043284;MARIA; 1.996,86 
5511991047133;BEATRIZ; 6.872,27 
5511991060010;REGINALDO; 1.602,94 
5511991064231;ERENICE; 1.089,59 
5511991075110;CLAUDIO; 2.631,37 
5511991078044;JUSCELINA; 2.445,88 
5511991088577;MARIA; 8.380,57 
5511991091741;HILDA; 2.054,23 
5511991100319;VAGNER; 4.018,41 
5511991102537;SILVIO; 2.249,56 
5511991112711;MARISA; 10.353,19 
5511991125414;ELIANA; 4.649,07 
5511991126739;MARIA; 1.167,21 
5511991136567;EVARISTO; 4.492,19 
5511991138313;SONIA; 8.091,04 
5511991154697;MARIA; 2.427,34 
5511991155298;MARIO; 6.260,42 
5511991188210;TANIA; 1.235,35 
5511991190419;PEDRO; 3.639,54 
5511991191523;JUPIRA; 5.534,10 
5511991198357;MARIA; 2.140,99 
5511991200711;ENEIDE; 2.672,34 
5511991205535;JAIME; 4.590,50 
5511991213925;ALBERTO; 5.019,44 
5511991232781;SILVIO; 10.438,31 
5511991241201;MILTON; 1.517,32 
5511991243559;ELIZANETH; 2.164,73 
5511991270194;JUDITH; 1.630,61 
5511991273177;ELIZABETH; 2.291,31 
5511991278993;EDMUR; 2.669,77 
5511991279146;RENATO; 6.551,11 
5511991306402;LAERCIO; 4.796,00 
5511991310516;NELSON; 4.110,41 
5511991317083;NOEMIA; 8.072,60 
5511991328003;ISABEL; 2.084,28 
5511991328544;MARINA; 6.303,73 
5511991330020;VERONICA; 3.520,34 
5511991353927;MARIA; 1.862,49 
5511991361974;MARCOS; 1.372,36 
5511991369906;CRISTIANO; 1.014,80 
5511991401892;ANA; 2.450,75 
5511991405775;VALMIR; 3.355,41 
5511991414277;SANDRA; 1.102,34 
5511991414822;FATIMA; 15.932,87 
5511991421441;JOSE; 1.565,18 
5511991424988;SONIA; 2.312,47 
5511991429103;ADEMIR; 1.924,94 
5511991445981;ANDREIA; 1.748,77 
5511991450210;IRACEMA; 9.363,12 
5511991452365;SILVIA; 3.730,99 
5511991456930;RENILDES; 2.087,15 
5511991470174;FRANCISCA; 3.153,81 
5511991488384;MARIA; 5.643,90 
5511991517300;SIDNEY; 2.726,53 
5511991531734;ROSIRENE; 2.580,33 
5511991532299;LILIA; 12.089,28 
5511991532582;LILIA; 12.089,28 
5511991539218;ANTONIO; 1.425,52 
5511991548380;LEA; 1.874,51 
5511991548423;LUCY; 2.326,57 
5511991555295;MILTON; 1.517,32 
5511991570483;FRANCISCA; 2.104,16 
5511991572963;CLAUDINEI; 1.047,42 
5511991581812;RUBENS; 3.632,20 
5511991594660;DENISE; 4.376,14 
5511991603369;ELISABETH; 1.145,91 
5511991614147;IVANI; 2.591,35 
5511991616083;MARLI; 2.269,08 
5511991620435;JOSE; 1.192,81 
5511991622628;SILVANA; 2.267,50 
5511991625548;OLGA; 4.434,95 
5511991630484;JOSELIA; 1.049,09 
5511991646052;LEOVIRGILIO; 1.188,21 
5511991648383;DENIZE; 8.512,25 
5511991649198;ANODINA; 6.496,19 
5511991651806;LUCIANE; 3.699,36 
5511991654038;JOSIANE; 8.344,24 
5511991666973;ROSELI; 3.184,53 
5511991667593;SANDRA; 1.044,16 
5511991696179;MARTA; 5.860,13 
5511991712879;CLEUZA; 1.334,58 
5511991715432;EDELCIO; 24.130,23 
5511991733793;MARIA; 2.365,80 
5511991735800;MAURICIO; 3.536,65 
5511991745607;ELIZETE; 1.142,73 
5511991753235;NIVALDO; 3.240,76 
5511991758775;MARGARETH; 3.807,64 
5511991760390;ROSA; 4.398,70 
5511991761011;LILIAN; 1.745,75 
5511991764573;VILMA; 3.815,21 
5511991766768;FRANCISCO; 6.990,23 
5511991774135;MARCIA; 3.489,29 
5511991783605;MARIA; 1.805,59 
5511991784987;JUPIRA; 5.534,10 
5511991797070;GISELDA; 19.127,73 
5511991798083;ANTONIO; 7.280,91 
5511991810404;MARLUCE; 1.295,33 
5511991817145;MARISA; 2.814,10 
5511991817597;VANDENIRA; 4.019,91 
5511991823620;ENILZA; 2.625,66 
5511991842417;ROSA; 8.777,97 
5511991843497;FLORINDA; 2.269,47 
5511991856910;ANTONIO; 4.161,38 
5511991861454;ADEMAR; 24.968,92 
5511991866844;MARIA; 3.172,70 
5511991870296;JOSIANE; 8.344,24 
5511991879355;FATIMA; 15.932,87 
5511991882108;AIRTON; 8.592,83 
5511991885713;TERESA; 1.306,28 
5511991888872;RENILDES; 2.087,15 
5511991890705;MARIA; 8.380,57 
5511991892399;VANDERLEI; 2.511,74 
5511991896213;SANDRA; 1.030,68 
5511991918129;BEATRIZ; 2.806,59 
5511991937183;JOAO; 3.382,20 
5511991939174;NEUSA; 2.842,87 
5511991941720;MARIA; 2.161,10 
5511991947370;HENRIQUE; 5.463,08 
5511991958593;WILMA; 1.736,05 
5511991988109;MARIA; 1.118,79 
5511991989690;CLAUDIO; 11.700,72 
5511992000624;ANTONIO; 4.948,48 
5511992013449;SANDRA; 2.175,18 
5511992013940;NEUSA; 6.636,01 
5511992014616;APARECIDA; 1.534,10 
5511992016510;MARIA; 3.163,74 
5511992022936;ROSEMARA; 1.580,75 
5511992024255;JURACI; 1.650,62 
5511992026734;PAULO; 1.640,71 
5511992032681;LUCIA; 5.958,45 
5511992042414;TERESA; 1.797,40 
5511992051483;DAVID; 1.030,23 
5511992072422;MARIA; 2.502,12 
5511992073887;JUVENAL; 26.154,10 
5511992088790;VALQUIRIA; 4.848,10 
5511992094609;CLEUSA; 5.111,04 
5511992113763;WALDMIR; 6.548,80 
5511992118653;FERNANDO; 3.167,26 
5511992135568;CARLOS; 11.413,47 
5511992146825;SONIA; 13.759,52 
5511992176210;JOAO; 3.762,38 
5511992180064;GUIOMAR; 2.622,46 
5511992186546;SHIRLEY; 1.119,07 
5511992187677;IVAN; 12.133,05 
5511992190387;IRACI; 5.032,15 
5511992203460;ROSANA; 4.308,65 
5511992207620;MARIA; 2.165,55 
5511992207707;SUELI; 1.361,31 
5511992209716;LAERCIO; 1.388,52 
5511992212558;FRANCESCA; 2.250,81 
5511992212905;APARECIDA; 1.334,67 
5511992230177;MARIA; 2.699,28 
5511992230395;VALDELICE; 1.675,92 
5511992235452;ADOALDO; 1.021,37 
5511992258066;JOSE; 12.850,78 
5511992285057;MARINA; 2.094,95 
5511992293101;ODETE; 1.599,53 
5511992313564;ADAIL; 11.819,40 
5511992319051;ELIANA; 4.407,26 
5511992327737;PAULO; 2.638,35 
5511992328084;ADEMAR; 1.841,44 
5511992334488;ROSEMEIRE; 6.940,27 
5511992335177;SONIA; 1.402,58 
5511992337389;KELLY; 1.308,17 
5511992343555;ANTONIO; 2.722,13 
5511992356016;PAULO; 1.259,85 
5511992358387;EDVALDO; 1.505,08 
5511992358489;ELIZABETE; 2.711,97 
5511992365435;MARIA; 2.250,08 
5511992373445;NAZARETH; 4.343,37 
5511992382929;SHIRLEY; 1.662,62 
5511992419112;RENATO; 2.046,23 
5511992435193;MARIA; 3.523,45 
5511992446424;ELZA; 2.008,52 
5511992456150;DELVIO; 8.913,78 
5511992495888;JOSE; 7.126,43 
5511992521669;MILTON; 2.704,47 
5511992532143;MARINA; 1.298,05 
5511992532488;ROBSON; 1.866,91 
5511992553731;ELIANE; 1.581,75 
5511992593877;CARLOS; 1.547,95 
5511992612940;FRANCISCO; 1.781,61 
5511992621195;CIRO; 2.525,89 
5511992639817;CRISTIANE; 2.844,43 
5511992650202;IRINEU; 3.357,20 
5511992679010;FATIMA; 3.483,87 
5511992698421;JOAO; 1.220,74 
5511992702854;CARLOS; 1.338,77 
5511992703135;MARIA; 2.195,60 
5511992715856;GILBERTO; 1.588,73 
5511992724893;MARIANNA; 3.641,21 
5511992728512;MARCIA; 2.981,20 
5511992731172;MARIA; 8.380,57 
5511992732102;ANGELA; 2.563,36 
5511992734617;EZEQUIEL; 2.907,66 
5511992754707;LUCIANA; 4.294,43 
5511992766873;VALDECI; 2.692,14 
5511992768204;ANTONIO; 1.425,52 
5511992770709;NILSON; 2.159,06 
5511992791657;WILLIAM; 1.019,08 
5511992798410;RICARDO; 9.847,78 
5511992809200;WALDEMAR; 5.698,64 
5511992816345;ODETE; 2.326,95 
5511992829724;JOSE; 1.008,76 
5511992834100;MARIA; 4.068,97 
5511992843587;SUELI; 3.398,08 
5511992861601;LEILA; 2.031,98 
5511992881896;ODAIR; 2.401,12 
5511992901290;IRINEU; 2.514,23 
5511992902983;JAMIRA; 2.495,97 
5511992913606;SUELI; 3.363,59 
5511992913716;MARCILENE; 2.837,07 
5511992916867;MARIA; 1.039,13 
5511992918593;ROSEMEIRE; 3.564,94 
5511992923797;RITA; 1.503,03 
5511992955156;ROSEMARA; 1.580,75 
5511992956902;FATIMA; 1.108,29 
5511992974554;APARECIDA; 1.358,06 
5511992987528;ROSEMEIRE; 1.366,49 
5511992989644;ANA; 1.835,82 
5511993003872;LUCY; 2.326,57 
5511993004939;MARIA; 2.459,29 
5511993048366;ANA; 1.342,42 
5511993049716;MARGARETE; 2.578,18 
5511993049900;NARA; 11.442,70 
5511993050110;JUVENAL; 26.154,10 
5511993057848;VALDIR; 1.882,64 
5511993093502;FUMIE; 6.198,05 
5511993099014;ANTONIO; 2.183,77 
5511993101020;MARIA; 1.081,08 
5511993105004;LUZINETE; 2.074,91 
5511993122343;MARIA; 1.731,48 
5511993153341;JOSE; 1.188,75 
5511993161433;LEA; 1.874,51 
5511993195661;MARIA; 2.161,10 
5511993205660;NOEMI; 1.780,86 
5511993216088;LEVI; 8.596,98 
5511993223046;MARIA; 9.667,87 
5511993229889;DEIZE; 4.071,97 
5511993243928;ANATALIA; 4.493,27 
5511993285201;JOSE; 1.127,06 
5511993298737;PEDRO; 2.210,21 
5511993299276;DURVALINA; 4.411,68 
5511993300797;ESTELA; 1.172,38 
5511993313333;LUCIENE; 1.708,71 
5511993329777;ELIZABETH; 1.046,33 
5511993363669;DENICE; 2.603,32 
5511993368812;RICARDO; 1.500,58 
5511993378718;SILVIO; 1.355,47 
5511993382330;ORLANDO; 2.010,76 
5511993383064;FERNANDO; 8.397,68 
5511993430364;GILMA; 1.329,74 
5511993437742;SANDRA; 11.510,33 
5511993439476;JUVENAL; 26.154,10 
5511993452045;JOSE; 1.126,38 
5511993480578;ADALGISA; 1.954,96 
5511993480869;MARIA; 1.249,04 
5511993495706;MONICA; 1.424,54 
5511993500835;MARINA; 2.094,95 
5511993507493;FIORAVANTE; 15.295,88 
5511993513682;VALDELICE; 4.485,91 
5511993518516;KEZIA; 4.921,42 
5511993527158;EUNICE; 1.262,95 
5511993528077;NUCIA; 2.673,62 
5511993535086;LIVIA; 19.238,04 
5511993564796;VALDIRENE; 5.119,40 
5511993564898;JOSE; 1.060,37 
5511993568406;ELZO; 1.280,98 
5511993571302;NOEME; 1.447,89 
5511993572896;TANIA; 2.156,41 
5511993582733;MARIA; 1.368,78 
5511993586220;ROSMARY; 1.997,03 
5511993605378;WILMA; 1.477,88 
5511993609236;MARIA; 6.990,83 
5511993621357;LUIZ; 1.141,97 
5511993638490;SONIA; 1.979,71 
5511993650811;AMARA; 4.333,74 
5511993668558;ADRIANA; 1.417,56 
5511993698108;JOSIANE; 2.348,62 
5511993700235;NORIVALDO; 1.979,22 
5511993705057;SHIRLEI; 2.351,22 
5511993708052;CELIA; 1.274,66 
5511993710531;SANDRA; 2.156,41 
5511993723289;DAVI; 7.637,30 
5511993728292;NANCI; 5.835,58 
5511993754097;KELLY; 1.308,17 
5511993756951;KELLY; 1.308,17 
5511993759610;MARIA; 4.590,17 
5511993793071;ZULEIDE; 3.095,40 
5511993801793;EDVALDO; 1.452,11 
5511993829632;VERA; 1.094,78 
5511993829752;MARLENE; 2.208,14 
5511993855855;ZENIA; 2.070,94 
5511993857332;APARECIDA; 2.758,77 
5511993863183;ZANDI; 1.387,36 
5511993875916;SONIA; 1.805,10 
5511993878369;ROSANA; 1.242,68 
5511993884105;HELMA; 1.917,02 
5511993884823;GELCINO; 8.861,73 
5511993892065;MARCIA; 1.136,13 
5511993893271;JUVENAL; 26.154,10 
5511993900741;ENIO; 2.115,26 
5511993922710;EDINA; 5.196,39 
5511993925673;MARIA; 3.275,45 
5511993944144;LUIZ; 1.405,38 
5511993949559;SIBERIA; 2.726,53 
5511993957321;MARIA; 1.850,62 
5511993961144;DIVA; 1.247,92 
5511993976944;LUZIA; 1.854,31 
5511993991803;ROSA; 1.251,16 
5511993991871;ELY; 2.324,64 
5511993993161;ANTONIO; 6.004,64 
5511993996364;MARIA; 1.314,10 
5511994000784;PATRICIA; 3.049,58 
5511994011986;NELSON; 4.110,41 
5511994015033;SUZANA; 4.425,82 
5511994052132;GERSON; 1.333,13 
5511994070532;ZULEICA; 1.906,67 
5511994077467;RUBENITA; 1.564,70 
5511994085822;VALDELICE; 1.675,92 
5511994087913;ROSEMEIRE; 3.564,94 
5511994127425;MARIA; 4.545,31 
5511994135371;MARIA; 3.024,72 
5511994141095;MARIA; 2.687,53 
5511994145120;WALERIA; 2.757,46 
5511994150709;LUIZ; 8.180,94 
5511994152945;LENIRA; 20.261,58 
5511994155735;TANIA; 8.599,45 
5511994178634;SANDRA; 2.585,42 
5511994206916;LEONORA; 2.413,11 
5511994208950;GRACILENE; 2.272,64 
5511994212533;JOAO; 2.708,67 
5511994238555;IRANI; 2.227,86 
5511994260862;HEBER; 4.455,72 
5511994263772;VANDILMA; 2.048,22 
5511994267007;MARCIA; 2.066,84 
5511994343548;PAULO; 3.990,98 
5511994344833;CELSO; 2.003,47 
5511994355236;JOSE; 1.694,65 
5511994361978;ERINEIDE; 1.792,27 
5511994365995;JOSE; 1.126,38 
5511994379004;MARIDETE; 5.202,30 
5511994385881;CICERA; 2.502,02 
5511994387366;VICENTE; 4.046,90 
5511994391939;GLAUCIA; 1.374,71 
5511994398842;APARECIDA; 11.278,86 
5511994436835;GILVAN; 4.003,80 
5511994437184;JOSE; 3.023,80 
5511994447676;RENILDA; 1.233,34 
5511994457162;ANTONIO; 9.662,22 
5511994462282;CARLOS; 1.415,83 
5511994462525;JOSE; 2.252,86 
5511994469469;ANA; 2.740,74 
5511994485137;MARIA; 3.006,58 
5511994486464;DERMIVAL; 3.569,62 
5511994492060;CARLUMBERTO; 10.075,62 
5511994495069;SONIA; 1.811,31 
5511994522912;SONIA; 2.678,63 
5511994524714;ANTONINO; 7.038,17 
5511994525148;ANTONINO; 7.038,17 
5511994534495;GILMAR; 2.686,69 
5511994560749;EVARISTO; 1.045,99 
5511994594874;CICERA; 2.983,02 
5511994600147;MARILDA; 1.976,94 
5511994614040;MARIA; 2.312,26 
5511994615369;MARIANO; 2.200,60 
5511994627892;MARIA; 1.030,79 
5511994631421;MARIA; 6.750,99 
5511994655439;MARIA; 9.103,03 
5511994667690;ANTONIO; 12.151,20 
5511994694130;AURELINDO; 3.198,63 
5511994700811;ROSEMARY; 7.000,20 
5511994711525;RONALDO; 1.392,25 
5511994712165;ANA; 4.646,04 
5511994743475;ISABEL; 1.563,26 
5511994752705;JOAO; 10.336,64 
5511994763038;APARECIDA; 6.652,06 
5511994766188;EDNA; 2.785,97 
5511994767129;MARIA; 2.201,14 
5511994771283;ANA; 1.760,04 
5511994771857;PEDRO; 3.265,25 
5511994806034;JOSE; 1.396,23 
5511994809292;MARIA; 5.471,27 
5511994841226;CLAUDINEI; 1.047,42 
5511994850612;ALBERTO; 5.019,44 
5511994872600;ELIENE; 6.484,20 
5511994877327;JOSE; 3.008,41 
5511994887234;MARIA; 5.054,42 
5511994890450;JOSEFA; 11.417,94 
5511994895840;ELIAS; 6.258,25 
5511994899401;ANGELA; 1.604,33 
5511994901956;MARIA; 3.627,37 
5511994907293;MARIA; 2.394,35 
5511994912891;ANA; 2.740,74 
5511994923504;MARIA; 3.523,83 
5511994943809;GENILDA; 6.671,92 
5511994948023;CLEUSA; 2.995,58 
5511994951397;IARA; 6.600,26 
5511994998875;MARIA; 10.045,25 
5511995001825;AGNALDO; 1.916,12 
5511995007909;BENEDITO; 6.283,82 
5511995009135;ANTONIO; 1.113,58 
5511995011442;KEZIA; 4.921,42 
5511995022225;CLAUDIA; 12.836,12 
5511995022610;CLAUDIA; 3.060,70 
5511995022679;AGENARIO; 3.830,28 
5511995023355;ODIL; 4.574,78 
5511995026148;VANUSA; 1.078,70 
5511995026805;SUELI; 2.844,06 
5511995031021;DANIELLA; 4.314,78 
5511995035146;MIRIAN; 1.045,30 
5511995035946;RICARDO; 15.868,82 
5511995041179;DEUSELINO; 5.437,65 
5511995041471;CELIO; 4.294,54 
5511995048941;MARIA; 1.316,71 
5511995052204;SUELY; 3.806,33 
5511995053033;VANIA; 2.008,91 
5511995054222;VERA; 3.198,06 
5511995059081;LUIZ; 1.708,56 
5511995063058;REGINA; 10.009,95 
5511995068637;ARLINDO; 5.651,77 
5511995070211;IRENE; 1.498,87 
5511995072638;ELVIRA; 2.668,26 
5511995073179;MARIA; 1.484,12 
5511995073467;JOSE; 1.818,36 
5511995074170;PEDRO; 3.927,85 
5511995079867;ANA; 3.202,38 
5511995080588;MARGARETH; 1.827,47 
5511995082654;GERALDO; 4.956,77 
5511995091955;JOSE; 13.652,34 
5511995098525;ARIOVALDO; 1.757,54 
5511995100216;PAULO; 1.570,71 
5511995107135;SERGIO; 3.288,99 
5511995109859;MARCOS; 1.577,68 
5511995115473;MARCOS; 6.436,47 
5511995115870;PAULO; 1.532,05 
5511995116243;LAERCIO; 1.673,47 
5511995122111;JOAO; 15.851,63 
5511995126293;JOSE; 1.078,25 
5511995130082;MARIA; 8.229,87 
5511995131685;JOSIAS; 4.451,22 
5511995135592;JOAO; 2.286,09 
5511995142090;ARIVALDO; 3.229,38 
5511995146522;VERA; 1.184,81 
5511995149241;ANTONIO; 2.281,96 
5511995154227;TEREZINHA; 2.839,25 
5511995154966;BRAZELINA; 3.784,41 
5511995166561;SIDNEIA; 3.493,13 
5511995168755;ZORAIA; 3.766,06 
5511995169880;ALEXSANDRO; 1.646,69 
5511995172110;ANTONIO; 6.890,15 
5511995172610;MARIA; 1.203,55 
5511995173702;INES; 5.133,11 
5511995176510;ANA; 1.302,69 
5511995178646;JOSE; 5.488,47 
5511995189566;MARLENE; 1.762,54 
5511995191307;JOSE; 3.065,20 
5511995193151;VALDIR; 1.567,04 
5511995194361;JOSE; 1.143,04 
5511995201590;LUCIA; 1.054,39 
5511995203783;WALTER; 1.156,13 
5511995207500;JOAO; 2.595,72 
5511995213323;ZILDA; 12.196,06 
5511995246731;VALTER; 1.604,91 
5511995249282;GERALDO; 4.303,32 
5511995252117;SHIRLEY; 1.446,25 
5511995258802;LUCILIA; 22.552,94 
5511995267159;MARIA; 1.546,78 
5511995267607;ANDREIA; 3.033,86 
5511995269002;GORETI; 1.060,45 
5511995272611;SIDNEI; 1.097,68 
5511995276310;ADOLFO; 6.022,02 
5511995283624;ALDENICE; 1.015,48 
5511995288283;GILMAR; 7.188,06 
5511995292227;ZENY; 2.621,82 
5511995295903;SILVIO; 4.859,74 
5511995297093;ELIZABETH; 1.046,33 
5511995302101;LUCIA; 5.551,14 
5511995304505;ROSELI; 1.137,28 
5511995311720;VALDIR; 7.181,53 
5511995316454;GRACIETE; 5.069,21 
5511995321592;IVONE; 1.005,11 
5511995322080;WANDERLEIA; 4.375,20 
5511995326725;ANA; 1.219,92 
5511995332751;MARIA; 1.842,88 
5511995335047;MARILZA; 1.526,09 
5511995339991;RAQUEL; 3.423,82 
5511995348814;PALMIRA; 3.015,87 
5511995354014;QUITERIA; 9.391,70 
5511995355967;FLAVIO; 1.031,32 
5511995358382;ELVIRA; 2.668,26 
5511995369981;THEREZA; 2.511,78 
5511995374891;CHIRLENE; 3.070,11 
5511995387750;JOSE; 1.651,13 
5511995393313;OSVALDO; 2.250,81 
5511995396946;OSVALDO; 1.062,31 
5511995401237;MARIA; 6.826,84 
5511995402606;ELI; 2.100,12 
5511995413906;EUNAPIO; 2.934,17 
5511995414819;BENEDITO; 1.787,78 
5511995418138;GERALDO; 5.667,54 
5511995420902;MARISA; 1.184,85 
5511995421542;MARCIA; 18.690,74 
5511995422449;BENEDITO; 1.992,03 
5511995427875;ADILSON; 2.515,88 
5511995431724;TAMIKO; 2.576,08 
5511995433054;FRANCISCO; 9.618,79 
5511995435533;CICERO; 7.893,60 
5511995452947;PEDRO; 3.787,41 
5511995456968;WILSON; 2.450,80 
5511995460703;GASPAR; 1.886,99 
5511995460947;MARIA; 7.431,03 
5511995469591;SERGIO; 1.036,17 
5511995470990;NEUSA; 3.095,40 
5511995473334;MARTIN; 1.144,00 
5511995483851;JOSEFINA; 1.581,92 
5511995484152;TEREZINHA; 1.733,55 
5511995486801;ELIANE; 1.437,08 
5511995488602;JOSE; 3.165,86 
5511995499397;TEREZA; 1.273,67 
5511995505022;SOLANGE; 1.996,49 
5511995505732;NATALINO; 1.108,70 
5511995506071;JOAO; 6.751,42 
5511995507172;WILSON; 2.404,77 
5511995507584;SILVANA; 10.283,97 
5511995510107;SERGIO; 1.157,99 
5511995511191;SONIA; 1.457,73 
5511995516267;YARA; 1.156,70 
5511995519495;FATIMA; 2.962,26 
5511995526264;BENEDITO; 6.283,82 
5511995544670;VALERIA; 2.132,50 
5511995547044;ROQUE; 1.598,67 
5511995549098;JOSE; 1.945,25 
5511995552332;SELMA; 5.860,39 
5511995553382;LUCIANE; 3.699,36 
5511995554600;OLIMPIO; 1.202,38 
5511995559436;LEONEL; 3.878,89 
5511995559993;VALQUIRIA; 1.100,64 
5511995564193;SONIA; 14.958,59 
5511995570738;MARIA; 1.879,19 
5511995570823;BERNADETE; 2.503,77 
5511995570871;BERNADETE; 2.503,77 
5511995572214;ANA; 9.874,46 
5511995579462;ADRIANA; 1.100,76 
5511995579494;MARIA; 4.442,56 
5511995582627;SUZINEIA; 1.415,25 
5511995584539;MARIA; 4.829,74 
5511995598370;RONALDO; 1.673,47 
5511995603590;OLESIO; 1.437,72 
5511995607635;SUELI; 1.416,28 
5511995610567;MAURICIO; 2.189,04 
5511995612010;JAIR; 1.483,52 
5511995613049;SEVERINO; 5.310,77 
5511995613693;FABIO; 1.008,59 
5511995620552;SAMIRA; 1.506,38 
5511995631970;ANTONIO; 1.197,58 
5511995637876;ONELIA; 2.386,37 
5511995638491;MARIA; 1.054,27 
5511995639465;WILSON; 2.021,75 
5511995644079;RAILDA; 1.525,03 
5511995646422;MAURO; 2.672,44 
5511995648674;NADIR; 2.382,62 
5511995650840;JOSE; 10.352,13 
5511995653352;JOSE; 1.997,03 
5511995664055;LUIZ; 1.868,53 
5511995666441;WANDERLEY; 7.443,18 
5511995671184;CARLOS; 4.720,21 
5511995676280;JOSE; 2.655,51 
5511995678997;DULCINEIA; 1.102,90 
5511995682994;MONALISA; 8.734,65 
5511995686132;NELSON; 2.738,73 
5511995691973;DARCI; 2.036,16 
5511995697616;LUCIANA; 2.979,83 
5511995705407;MARLENE; 10.641,52 
5511995707819;JOSE; 1.181,32 
5511995709300;JOSE; 1.639,41 
5511995714385;ANTONIO; 1.425,52 
5511995714637;CLEUSA; 1.584,25 
5511995723101;MIGUEL; 3.608,24 
5511995729057;JOSE; 1.718,86 
5511995731101;MARIA; 1.231,27 
5511995736265;JOSE; 5.758,73 
5511995742978;AMALIA; 2.774,91 
5511995744620;LIVIA; 1.889,14 
5511995747915;NEUSA; 1.281,19 
5511995748665;MARISA; 1.341,36 
5511995749831;UILSON; 2.551,48 
5511995760327;MARIA; 1.545,86 
5511995761357;ANTONIO; 4.870,02 
5511995765535;BENEDITA; 3.270,37 
5511995772905;MARIA; 4.230,85 
5511995775114;MAURO; 3.949,71 
5511995779533;MARCIA; 3.249,54 
5511995781847;EDNEIA; 2.396,44 
5511995787063;VERA; 5.382,20 
5511995812929;ADELIA; 2.758,44 
5511995813612;TEREZA; 4.535,52 
5511995816803;EUNICE; 1.593,79 
5511995822227;VALDECI; 2.868,32 
5511995822393;EUCIBIO; 4.826,50 
5511995824474;REGINA; 5.080,26 
5511995826148;MARILENE; 1.914,45 
5511995829909;ESTER; 1.254,95 
5511995835749;VALDIR; 1.071,35 
5511995841016;MARLENE; 2.719,38 
5511995843588;CARLOS; 1.121,22 
5511995844987;PAULO; 1.711,95 
5511995850956;JOSE; 2.261,88 
5511995859994;APARECIDO; 3.388,19 
5511995862725;JOSE; 3.934,85 
5511995868390;MARINEUZA; 17.842,30 
5511995870229;LUIZ; 2.441,93 
5511995874076;SEBASTIANA; 1.266,06 
5511995882065;JOSIMAR; 1.349,54 
5511995882177;LUIZ; 4.597,20 
5511995884807;JOAO; 2.185,76 
5511995885851;CARLOS; 1.345,92 
5511995886141;MARIA; 11.242,76 
5511995890553;JOABE; 1.585,67 
5511995894784;MARIA; 6.147,51 
5511995899759;MARIA; 2.741,20 
5511995905631;MARLUCIA; 4.083,95 
5511995908901;VALDIR; 1.882,64 
5511995913893;JOSE; 3.165,86 
5511995920503;SANDRA; 1.353,41 
5511995920575;JOSE; 1.562,77 
5511995921468;LEVI; 1.395,33 
5511995924112;PAULO; 12.136,44 
5511995931143;DJAIR; 3.545,12 
5511995931293;JURANDIR; 1.753,55 
5511995934411;ZENY; 2.621,82 
5511995935425;ANANIAS; 2.333,25 
5511995941007;MARIA; 2.626,65 
5511995943909;CLEMENTE; 2.057,81 
5511995947782;SIDNEIA; 3.493,13 
5511995949074;WILSON; 5.149,52 
5511995952706;MARIA; 4.806,09 
5511995952835;MARIA; 2.688,69 
5511995958187;SYLVIA; 1.095,89 
5511995964773;VALENTIM; 4.605,90 
5511995967628;MARIA; 2.477,87 
5511995968725;FRANCISCO; 1.854,39 
5511995974145;ISRAEL; 1.738,19 
5511995976660;FRANCISCA; 2.933,08 
5511995977671;SANDRA; 5.274,19 
5511995979083;PAULO; 16.367,58 
5511995985468;ALVARO; 8.004,51 
5511995990396;MARIA; 2.323,62 
5511995999758;NELY; 1.267,98 
5511995999851;ROSALINA; 5.402,16 
5511996010608;GEORGE; 5.643,44 
5511996013762;CARLOS; 3.105,10 
5511996015644;MARLENE; 4.425,59 
5511996016109;NIVALDO; 5.262,73 
5511996023284;JOSE; 2.796,03 
5511996023435;NIVALDO; 2.123,63 
5511996025958;MARCIA; 1.728,38 
5511996027129;NEUSA; 1.474,81 
5511996027323;MAGALI; 2.956,11 
5511996028966;BARNABE; 5.679,63 
5511996030331;SANDRA; 5.703,19 
5511996032129;JAIR; 4.226,75 
5511996032238;FRANKLIN; 1.101,10 
5511996039225;RENILZA; 12.070,19 
5511996043111;ROSELI; 2.695,67 
5511996046567;ARCILIO; 1.039,13 
5511996051222;ERICA; 3.304,76 
5511996052125;ELOISE; 6.175,09 
5511996062349;ANTONIO; 3.060,88 
5511996066064;MARIA; 2.222,92 
5511996067449;ALCIMAR; 1.566,00 
5511996081184;ROSEMARIE; 2.602,24 
5511996081358;SOLANE; 3.385,39 
5511996083054;RUTH; 6.505,01 
5511996084888;GISLAINE; 1.489,58 
5511996090788;ROSELI; 2.695,67 
5511996091143;HIRAMIR; 1.114,03 
5511996091719;MARINALVA; 4.559,60 
5511996094040;JOSE; 7.884,82 
5511996099138;MARIA; 1.514,93 
5511996100830;MARIA; 4.161,29 
5511996104757;VERA; 3.015,15 
5511996105502;CELIA; 13.246,58 
5511996111384;JOSE; 1.393,01 
5511996111445;MARIA; 1.163,06 
5511996118014;MARLI; 2.136,90 
5511996118670;ANA; 3.705,13 
5511996119548;APARECIDA; 3.698,69 
5511996128788;FRANKLIN; 1.101,10 
5511996130620;CELSA; 1.194,74 
5511996136827;MARIA; 1.688,83 
5511996139368;MARIA; 2.631,55 
5511996141913;GIOVANI; 2.244,98 
5511996146834;MARIA; 3.125,54 
5511996154429;HOMERO; 3.169,36 
5511996155912;QUITERIA; 2.081,19 
5511996158294;GUILHERME; 3.584,92 
5511996160502;JAIR; 4.226,75 
5511996162094;APARECIDA; 2.864,97 
5511996164228;REGINA; 1.293,58 
5511996164395;CARLOS; 1.319,03 
5511996168749;VALERIA; 4.319,87 
5511996170668;JOSE; 1.261,71 
5511996171541;MAURITHE; 6.004,19 
5511996175741;ANTONIO; 1.034,56 
5511996175787;MARIA; 2.626,65 
5511996181352;OSMARI; 3.186,94 
5511996184868;VILMA; 4.348,83 
5511996186104;MARIA; 3.919,08 
5511996197580;NELSON; 6.996,82 
5511996199497;EMMANUEL; 1.644,72 
5511996200425;SONIA; 1.841,51 
5511996201574;VALDELITA; 1.991,50 
5511996203928;SERGIO; 4.289,74 
5511996212673;FLAVIO; 1.031,32 
5511996212992;DEUSA; 2.393,06 
5511996215618;MARTA; 3.587,04 
5511996216620;APARECIDO; 2.101,01 
5511996220210;SUELY; 2.712,68 
5511996222405;CELIA; 13.246,58 
5511996225570;FRANCISCA; 10.068,60 
5511996225846;CELIA; 9.270,15 
5511996229963;MARIA; 1.160,17 
5511996230862;LOURDE; 1.509,72 
5511996241633;JOSE; 10.079,59 
5511996245794;AUREA; 5.564,90 
5511996250533;ROSEMEIRE; 1.283,79 
5511996252398;LUCIENE; 4.015,08 
5511996252725;JOSE; 2.343,36 
5511996254319;MANOEL; 12.254,62 
5511996274518;VALDEVINO; 1.499,81 
5511996279380;RICARDO; 5.255,67 
5511996280572;GERALDO; 2.099,94 
5511996283624;TELMA; 1.655,19 
5511996297639;MARCOS; 3.650,96 
5511996310490;MARIA; 1.462,31 
5511996315380;ELI; 1.918,84 
5511996317625;MARIA; 1.136,70 
5511996324443;ALBERTINA; 2.249,89 
5511996327053;JOAO; 1.305,77 
5511996330134;ADELISE; 1.828,26 
5511996330748;PAULO; 7.864,86 
5511996340026;SERGIO; 19.588,43 
5511996346739;MARIA; 7.545,24 
5511996360961;MARIO; 1.752,18 
5511996365301;LUCIANE; 3.699,36 
5511996365497;CLOTILDE; 1.408,24 
5511996367882;SONIA; 11.201,70 
5511996372126;WAGNE; 1.314,71 
5511996380221;ELISA; 5.847,83 
5511996383625;YARA; 4.234,23 
5511996391155;MARIA; 1.352,11 
5511996391227;ERENICE; 1.089,59 
5511996392323;WALDETE; 1.087,69 
5511996392887;ADEMIR; 18.506,21 
5511996397612;HELENICE; 7.995,72 
5511996397653;MARINA; 2.094,95 
5511996409946;GENICE; 2.800,08 
5511996412859;LUIZA; 4.190,04 
5511996412883;MARIA; 3.838,51 
5511996413190;GENIVALDO; 1.778,14 
5511996420505;CLAUDIO; 2.823,36 
5511996424191;SANDRA; 2.176,85 
5511996428699;JOSE; 5.192,65 
5511996430360;MAURO; 1.500,34 
5511996432480;VALMIR; 3.035,25 
5511996432839;SORAYA; 6.866,29 
5511996436679;MARIA; 1.379,99 
5511996439066;MADALENA; 2.061,02 
5511996446260;DURCE; 1.133,16 
5511996469949;VALERIA; 2.588,52 
5511996473775;EDSON; 1.998,33 
5511996474135;SIRLENE; 1.192,24 
5511996477671;EUVALDO; 6.018,30 
5511996477909;EUVALDO; 6.018,30 
5511996480948;DEISE; 2.853,85 
5511996481757;AMAURI; 1.553,35 
5511996483827;BENEDITO; 2.902,29 
5511996484587;EDNA; 2.038,54 
5511996489153;MARIA; 1.923,68 
5511996497304;SANDRA; 2.914,81 
5511996501907;LILIAN; 2.091,83 
5511996503218;CLARA; 1.177,86 
5511996503983;LILIAN; 7.226,94 
5511996504030;ROSA; 2.937,60 
5511996505295;LAERCIO; 1.040,36 
5511996506763;MANOEL; 1.230,25 
5511996507943;EDNA; 2.236,86 
5511996509117;AURELINA; 1.731,15 
5511996510837;DOROTI; 1.150,96 
5511996511613;FERNANDO; 1.126,27 
5511996512938;ANTONIO; 4.772,38 
5511996519313;APARECIDA; 9.129,95 
5511996532263;ERNESTO; 9.707,92 
5511996533863;IVANA; 1.175,78 
5511996538261;ALCENIR; 1.136,50 
5511996546425;FRANCISCO; 5.140,83 
5511996553753;PAULO; 1.025,69 
5511996564713;MARIA; 6.579,15 
5511996573793;BERNADETE; 5.028,76 
5511996574297;IRAMAR; 3.342,12 
5511996576072;CARMEM; 1.136,84 
5511996579353;MARCOS; 1.242,68 
5511996584465;VERA; 2.192,17 
5511996584812;FIDELICIO; 1.278,21 
5511996589778;MARIA; 1.778,54 
5511996593573;RENILZA; 12.070,19 
5511996601819;REGINA; 4.180,36 
5511996602767;SEBASTIAO; 1.298,82 
5511996603849;MARCO; 1.551,52 
5511996604080;CIBELE; 2.567,59 
5511996620754;DAMIAO; 2.993,98 
5511996622547;LUIS; 5.893,58 
5511996627176;VALTER; 5.597,40 
5511996628486;REGINA; 3.409,18 
5511996630507;JOSE; 1.158,30 
5511996635588;OSVALDO; 2.037,90 
5511996637783;CRISTIANE; 3.348,27 
5511996638133;NATERCIA; 2.306,02 
5511996638649;MARCIA; 6.071,43 
5511996640428;LUZINETE; 1.236,82 
5511996643100;FRANCISCO; 1.242,22 
5511996644023;FABIO; 1.008,59 
5511996644672;MARIA; 1.585,67 
5511996653401;ROSANE; 2.453,94 
5511996655659;ROGERIO; 6.856,84 
5511996655874;JOAO; 5.762,33 
5511996656818;GILVANETE; 1.706,12 
5511996670066;ELIAMA; 2.100,88 
5511996677860;LEONORA; 2.212,01 
5511996678533;CELIA; 3.400,55 
5511996680908;DAVID; 13.003,64 
5511996690668;ANTONIO; 2.552,92 
5511996690978;GLAUCE; 1.811,58 
5511996692716;ANDREA; 2.058,76 
5511996700689;MARIA; 1.128,66 
5511996701495;ROSELI; 1.514,41 
5511996702233;MARIA; 1.257,02 
5511996711262;EDSON; 3.158,91 
5511996725884;ERONDINA; 1.769,42 
5511996734297;BENEDITO; 1.391,23 
5511996739735;ROZELI; 1.601,41 
5511996740077;GILBERTO; 2.608,71 
5511996744790;RAMIRIA; 2.836,32 
5511996748481;JOSE; 8.020,31 
5511996751178;SHIRLEI; 3.166,82 
5511996753786;ANTONIO; 17.815,91 
5511996760405;INACIO; 1.354,46 
5511996762408;ROBERTO; 1.212,74 
5511996763474;LUIZA; 2.227,86 
5511996765878;MARIA; 1.587,79 
5511996766059;SONIA; 2.796,88 
5511996769633;SUELI; 9.684,55 
5511996772515;JOSE; 10.079,59 
5511996772884;JULCIMARA; 1.660,07 
5511996773499;RAIMUNDA; 2.399,20 
5511996793029;ANNA; 1.190,60 
5511996795108;FRANCISCO; 1.016,97 
5511996796719;MARIA; 2.216,15 
5511996797756;PAULO; 7.586,39 
5511996798716;JADEILMA; 2.637,75 
5511996798867;ARMANO; 2.312,26 
5511996801672;LAIRCE; 2.493,47 
5511996806790;LUCIANA; 1.226,98 
5511996809828;OSVALDO; 2.037,90 
5511996813855;FLAVIO; 1.588,05 
5511996815418;GILDA; 1.806,33 
5511996816853;SIDNEY; 3.719,56 
5511996830362;BENEDITA; 2.287,69 
5511996832561;CLEUSA; 1.584,25 
5511996837352;JAIR; 1.483,52 
5511996842076;APARECIDA; 2.827,49 
5511996842271;MARILDA; 2.711,01 
5511996846945;WAGNER; 1.778,05 
5511996850488;JOAQUIM; 3.250,58 
5511996855365;MARIA; 2.519,94 
5511996855754;LUCILIA; 1.301,79 
5511996858078;EVANDRO; 1.699,90 
5511996858600;ELZA; 2.614,19 
5511996861437;CARLOTA; 1.567,79 
5511996863369;ADOLFO; 6.022,02 
5511996865757;PAULO; 1.146,61 
5511996867629;CLAUDINEI; 11.334,15 
5511996871815;PAULO; 2.806,99 
5511996875658;CARLOS; 2.573,17 
5511996876767;SONIA; 1.278,28 
5511996883892;JOAO; 2.116,60 
5511996884497;CICERO; 8.432,33 
5511996888143;ISRAEL; 2.624,50 
5511996893731;GIZELIA; 3.067,12 
5511996897236;MARIA; 8.132,35 
5511996900602;MARIA; 1.275,73 
5511996901200;MARIA; 1.777,78 
5511996904654;SOLANGE; 1.621,82 
5511996908255;ANTONIO; 2.281,96 
5511996918132;CLEUSA; 2.401,86 
5511996923891;LUCINEIDE; 4.798,08 
5511996930636;PAULO; 2.507,99 
5511996934001;GERCINA; 6.659,00 
5511996936124;MARIA; 2.040,04 
5511996938910;IVONETE; 1.165,46 
5511996943696;MOISES; 2.441,05 
5511996946298;MARIA; 2.862,70 
5511996946923;ANA; 2.345,64 
5511996947721;PAULO; 2.507,99 
5511996953174;REGINA; 3.653,93 
5511996953943;RUI; 1.776,20 
5511996967131;VALDOMIRO; 4.372,88 
5511996977303;SILVANA; 8.434,86 
5511996979313;JOSE; 2.290,74 
5511996988117;MARIA; 4.549,66 
5511996996170;ANTONIA; 2.732,76 
5511997002124;MILTON; 4.641,40 
5511997002217;MARIA; 1.227,70 
5511997003353;MARLI; 4.172,71 
5511997004002;LAURA; 1.690,27 
5511997004019;JORGE; 1.873,15 
5511997007961;CLEUZA; 3.847,12 
5511997009924;EDNA; 2.038,54 
5511997010131;LUZIA; 5.041,26 
5511997011367;ANTONIO; 6.890,15 
5511997012751;ZILDA; 5.840,90 
5511997016380;DARCI; 7.254,25 
5511997021844;MARLI; 1.021,83 
5511997022026;RAMIRO; 1.821,17 
5511997024579;VALDETE; 16.320,81 
5511997024680;JOSE; 2.028,56 
5511997041953;LUIZ; 1.141,97 
5511997043006;MARLENE; 1.350,63 
5511997062618;ROBSON; 3.351,84 
5511997069770;LUIZA; 1.572,93 
5511997070125;EUNICE; 2.000,52 
5511997071596;ELIETE; 6.527,44 
5511997072803;CARMEN; 6.366,14 
5511997073839;VANILDO; 5.408,04 
5511997076062;JOVELINA; 2.671,12 
5511997076493;VICTOR; 6.521,02 
5511997081244;CARLOS; 4.410,53 
5511997087387;ELIANA; 1.678,60 
5511997089985;MARCOS; 4.669,08 
5511997090015;ANA; 1.220,84 
5511997091277;VALQUIRIA; 2.570,29 
5511997099317;MARIA; 1.328,28 
5511997101056;GERALDO; 4.042,01 
5511997101319;NORIVAL; 1.056,79 
5511997104681;JESUINO; 2.439,42 
5511997105375;VALDIR; 2.753,18 
5511997105913;JOSE; 16.711,78 
5511997110652;ADALBERTO; 5.851,95 
5511997115671;JOSE; 1.255,58 
5511997118927;PAULA; 12.782,24 
5511997121802;ISMAEL; 1.631,85 
5511997125078;ANGELA; 7.260,85 
5511997125376;ELIANA; 1.287,48 
5511997126719;ORLANDO; 8.583,86 
5511997132649;ELAINE; 2.223,58 
5511997136901;SIMONE; 2.579,92 
5511997140457;LEONILDE; 2.765,38 
5511997141383;MARIA; 4.453,26 
5511997145262;ROSIRENE; 2.580,33 
5511997148229;EDNA; 1.842,18 
5511997149710;HENRIQUE; 2.227,94 
5511997152961;REGINA; 2.556,98 
5511997157554;ALBERTO; 1.473,02 
5511997165533;MARIA; 1.165,32 
5511997182948;ALAIDE; 2.614,19 
5511997183232;RONALDO; 4.970,16 
5511997192477;NILZA; 3.302,68 
5511997195228;MARIA; 1.183,02 
5511997196477;SERGIO; 1.818,33 
5511997201409;WANDERLI; 3.020,28 
5511997204184;TARCISIO; 1.057,49 
5511997210925;CLETO; 10.323,00 
5511997215501;MARIA; 2.653,93 
5511997215604;NADIR; 1.489,01 
5511997222190;NEUSA; 2.431,36 
5511997226456;IVANA; 1.824,74 
5511997229096;DAMIAO; 2.993,98 
5511997229528;JOSE; 1.512,98 
5511997232033;MIRIAN; 3.800,19 
5511997234544;TEREZINHA; 1.078,23 
5511997236671;MARIA; 8.576,84 
5511997242249;MARIA; 3.203,05 
5511997242582;ULYSSES; 1.915,29 
5511997243324;FABIO; 1.574,81 
5511997247787;JOSE; 9.564,07 
5511997248946;MILTON; 2.769,03 
5511997250952;LUZIA; 2.048,44 
5511997252383;NEI; 1.941,03 
5511997269812;MILTON; 3.825,08 
5511997270487;JOSE; 1.226,10 
5511997286654;CARMELITA; 1.385,91 
5511997288558;RIZOMAR; 8.147,98 
5511997290772;ANTONIO; 1.419,03 
5511997294798;ALBERTO; 7.006,92 
5511997299257;MAURO; 2.468,24 
5511997301898;CLAUDIO; 3.030,42 
5511997304160;FRANCISCO; 3.856,00 
5511997308617;MANOEL; 8.509,27 
5511997309137;FABIO; 1.574,81 
5511997309551;CELSO; 2.085,33 
5511997312941;MONICA; 2.398,00 
5511997314183;MARIA; 4.733,87 
5511997314291;VERA; 20.759,75 
5511997326778;JOSE; 2.692,83 
5511997327243;CLEMENTE; 2.153,24 
5511997329952;APARECIDA; 2.156,41 
5511997331217;APARECIDA; 8.452,68 
5511997331620;GILMAR; 1.555,70 
5511997333049;QUIRINO; 3.075,60 
5511997335502;MARIA; 2.750,97 
5511997335535;EDILSON; 2.132,22 
5511997337562;TAEKO; 2.558,99 
5511997338007;JOSE; 1.226,74 
5511997341148;ELIAS; 6.258,25 
5511997341766;VERA; 1.124,71 
5511997354017;KAREN; 5.677,15 
5511997354029;WILMA; 3.953,23 
5511997361145;WILSON; 2.731,15 
5511997365991;MARIA; 1.780,63 
5511997370358;SINEVAL; 6.646,46 
5511997381154;ANTONIO; 2.291,32 
5511997387728;SUELY; 3.003,78 
5511997389895;MARCO; 6.298,51 
5511997389996;AMELIA; 1.825,66 
5511997393784;LUCIA; 2.236,83 
5511997395973;JULIA; 2.385,05 
5511997396286;NATALINO; 1.860,97 
5511997399922;MARIA; 1.265,47 
5511997401432;LUCIA; 1.297,50 
5511997410615;JOSEFA; 3.951,19 
5511997411372;MARTINHO; 9.208,26 
5511997420515;ANSELMO; 1.370,60 
5511997424038;OSCAR; 1.292,02 
5511997425168;CLAUDIA; 5.385,86 
5511997425195;MARIA; 1.585,67 
5511997426459;MARIA; 2.626,65 
5511997426677;VANDERLI; 2.395,87 
5511997428041;IZILDA; 2.322,68 
5511997429729;MARIA; 3.759,61 
5511997436904;MARINA; 1.547,13 
5511997439895;IDEILSON; 1.160,07 
5511997443813;LUIZ; 1.704,59 
5511997446223;SONIA; 2.796,88 
5511997447287;FLAVIO; 4.300,34 
5511997450869;MARIA; 7.683,05 
5511997452771;IVANILDE; 2.206,33 
5511997455219;WALDEMIR; 1.582,68 
5511997458881;CARLOS; 1.148,80 
5511997460863;MARIA; 3.176,03 
5511997462000;MARIA; 1.454,78 
5511997463282;SILVIO; 1.427,10 
5511997464575;LENY; 3.565,79 
5511997466372;CIRO; 2.525,89 
5511997469856;ZILDA; 1.735,04 
5511997472190;RUTH; 6.505,01 
5511997477143;ROBERTO; 4.386,01 
5511997490022;MARIA; 1.242,58 
5511997491012;LUIZ; 5.570,97 
5511997497318;CLOVES; 1.268,81 
5511997507113;FRANCIELE; 2.849,06 
5511997517329;CASSIA; 3.948,39 
5511997517830;RAQUEL; 3.423,82 
5511997520928;ANTONIO; 9.999,47 
5511997524244;ELSON; 3.898,53 
5511997524394;NORBERTO; 2.164,44 
5511997532653;AUDENICE; 18.666,04 
5511997555332;SIMONE; 6.319,81 
5511997560472;SELMA; 3.782,77 
5511997562727;SILVANA; 1.058,20 
5511997567658;MARCOS; 2.669,33 
5511997574270;JOELMA; 1.315,08 
5511997576134;JAIR; 1.673,47 
5511997576558;CLAUDETE; 1.960,15 
5511997582936;ADRIANA; 2.190,72 
5511997584696;ZAIRA; 1.429,44 
5511997587725;JOSE; 1.393,01 
5511997589403;GUMERCINDO; 1.966,32 
5511997591892;MARIO; 6.573,81 
5511997594575;MARINA; 1.547,13 
5511997604072;ISABEL; 1.806,61 
5511997610586;MARIA; 8.229,87 
5511997610985;CELIA; 6.196,66 
5511997613441;CLARINDO; 5.644,39 
5511997615890;JOAO; 13.665,07 
5511997622244;ADRIANA; 1.208,43 
5511997623464;JOAO; 10.647,50 
5511997628488;MARLENE; 14.046,67 
5511997639771;MARIA; 3.295,11 
5511997640470;TANIA; 2.360,80 
5511997640951;JARDELINA; 1.486,04 
5511997647625;MARIA; 1.694,55 
5511997650236;ESMINA; 1.036,53 
5511997661973;GISELA; 4.480,58 
5511997665496;ROSANGELA; 3.360,10 
5511997670241;LEOVERGE; 1.500,77 
5511997673857;JOAO; 1.529,38 
5511997680575;MARIA; 1.438,22 
5511997683859;GERALDO; 1.453,18 
5511997685087;EDSON; 2.712,94 
5511997688846;MAURA; 2.267,50 
5511997690032;MARCOS; 1.577,68 
5511997704182;DOMINGOS; 2.286,09 
5511997712199;EDINEIDE; 2.080,69 
5511997720780;ROSELY; 1.355,99 
5511997721682;NELSON; 3.778,10 
5511997725047;JORGE; 2.479,40 
5511997735229;JOELMA; 3.746,14 
5511997735368;ANA; 1.502,50 
5511997737455;REGINA; 2.845,62 
5511997739526;SILEINE; 11.454,69 
5511997740647;DONIZETI; 2.312,26 
5511997745061;ISABEL; 3.205,20 
5511997748614;AUGUSTO; 1.196,00 
5511997753441;PAULO; 3.990,98 
5511997768176;JAIR; 1.673,47 
5511997776022;ELIETE; 1.378,01 
5511997778583;VANIA; 2.523,09 
5511997778653;ANTONIO; 5.195,66 
5511997779105;ROSELI; 1.744,23 
5511997793015;ANDREIA; 1.748,77 
5511997800314;GIVALDA; 1.453,18 
5511997802687;EDVALDO; 3.074,07 
5511997808680;ONELIA; 2.386,37 
5511997817233;JAIR; 8.212,14 
5511997817474;MARIA; 1.163,06 
5511997820307;MARCIA; 3.499,65 
5511997820816;MARLON; 2.717,07 
5511997823842;LIBORIO; 1.499,99 
5511997824671;SUELI; 5.772,80 
5511997825858;ELISABETH; 3.143,77 
5511997833642;DALVA; 4.517,02 
5511997840203;CLAUDEMIR; 7.803,01 
5511997841254;MARIA; 9.661,29 
5511997842345;LUIZ; 1.868,53 
5511997842660;ANTONIO; 2.015,69 
5511997842856;LAIDE; 2.613,28 
5511997850719;JAIRO; 2.078,07 
5511997853330;IORILDES; 2.458,49 
5511997857515;SILVIO; 12.142,47 
