5511972215566
5511972215605
5511972215606
5511972215618
5511972215623
5511972215629
5511972215648
5511972215653
5511972215693
5511972215700
5511972215704
5511972215708
5511972215724
5511972215745
5511972215787
5511972215789
5511972215813
5511972215829
5511972215867
5511972215878
5511972215918
5511972215938
5511972215994
5511972215997
5511972215999
5511972216094
5511972216131
5511972216138
5511972216206
5511972216282
5511972216333
5511972216379
5511972216380
5511972216408
5511972216416
5511972216448
5511972216497
5511972216498
5511972216520
5511972216548
5511972216550
5511972216587
5511972216590
5511972216598
5511972216623
5511972216645
5511972216655
5511972216799
5511972216822
5511972216847
5511972216875
5511972216878
5511972216979
5511972216980
5511972217046
5511972217048
5511972217050
5511972217060
5511972217069
5511972217087
5511972217090
5511972217181
5511972217201
5511972217215
5511972217216
5511972217258
5511972217264
5511972217287
5511972217341
5511972217357
5511972217364
5511972217389
5511972217410
5511972217442
5511972217482
5511972217489
5511972217495
5511972217558
5511972217564
5511972217588
5511972217592
5511972217593
5511972217639
5511972217648
5511972217668
5511972217682
5511972217687
5511972217714
5511972217758
5511972217783
5511972217784
5511972217805
5511972217806
5511972217933
5511972217961
5511972217965
5511972217987
5511972218065
5511972218081
5511972218125
5511972218186
5511972218205
5511972218220
5511972218272
5511972218277
5511972218278
5511972218298
5511972218301
5511972218331
5511972218339
5511972218352
5511972218363
5511972218367
5511972218389
5511972218391
5511972218407
5511972218411
5511972218427
5511972218449
5511972218494
5511972218495
5511972218510
5511972218586
5511972218589
5511972218607
5511972218618
5511972218688
5511972218711
5511972218748
5511972218769
5511972218775
5511972218779
5511972218834
5511972218837
5511972218845
5511972218889
5511972218909
5511972218917
5511972218936
5511972218955
5511972218967
5511972219011
5511972219025
5511972219031
5511972219072
5511972219080
5511972219084
5511972219212
5511972219219
5511972219277
5511972219279
5511972219297
5511972219313
5511972219329
5511972219339
5511972219345
5511972219356
5511972219399
5511972219408
5511972219415
5511972219476
5511972219494
5511972219526
5511972219527
5511972219593
5511972219607
5511972219631
5511972219633
5511972219661
5511972219739
5511972219763
5511972219786
5511972219793
5511972219794
5511972219797
5511972219811
5511972219814
5511972219849
5511972219859
5511972219880
5511972220107
5511972220118
5511972220126
5511972220196
5511972220214
5511972220221
5511972220292
5511972220351
5511972220355
5511972220368
5511972220403
5511972220434
5511972220522
5511972220528
5511972220612
5511972220650
5511972220690
5511972220696
5511972220710
5511972220720
5511972220773
5511972220784
5511972220827
5511972220838
5511972220906
5511972220942
5511972220987
5511972220990
5511972221029
5511972221137
5511972221178
5511972221212
5511972221307
5511972221349
5511972221368
5511972221373
5511972221430
5511972221467
5511972221613
5511972221614
5511972221625
5511972221709
5511972221728
5511972221740
5511972221769
5511972221793
5511972221807
5511972221822
5511972221889
5511972221926
5511972221965
5511972221969
5511972222008
5511972222019
5511972222042
5511972222098
5511972222104
5511972222143
5511972222146
5511972222184
5511972222212
5511972222214
5511972222215
5511972222224
5511972222237
5511972222261
5511972222293
5511972222295
5511972222348
5511972222352
5511972222387
5511972222390
5511972222410
5511972222426
5511972222457
5511972222470
5511972222508
5511972222595
5511972222653
5511972222709
5511972222762
5511972222781
5511972222790
5511972222791
5511972222799
5511972222807
5511972222809
5511972222815
5511972222818
5511972222919
5511972222925
5511972222964
5511972222972
5511972222989
5511972223024
5511972223059
5511972223071
5511972223085
5511972223111
5511972223124
5511972223163
5511972223226
5511972223229
5511972223235
5511972223237
5511972223241
5511972223247
5511972223283
5511972223333
5511972223334
5511972223335
5511972223369
5511972223378
5511972223425
5511972223466
5511972223482
5511972223483
5511972223512
5511972223525
5511972223527
5511972223606
5511972223619
5511972223625
5511972223629
5511972223643
5511972223644
5511972223651
5511972223683
5511972223780
5511972223837
5511972223844
5511972223859
5511972223861
5511972223880
5511972223940
5511972223945
5511972223949
5511972223954
5511972223969
5511972223980
5511972224031
5511972224060
5511972224084
5511972224133
5511972224193
5511972224236
5511972224242
5511972224246
5511972224258
5511972224274
5511972224310
5511972224318
5511972224326
5511972224377
5511972224490
5511972224493
5511972224498
5511972224514
5511972224519
5511972224598
5511972224623
5511972224628
5511972224672
5511972224761
5511972224815
5511972224821
5511972224839
5511972224853
5511972224892
5511972224915
5511972224933
5511972224940
5511972224978
5511972225031
5511972225074
5511972225078
5511972225084
5511972225159
5511972225175
5511972225201
5511972225210
5511972225265
5511972225271
5511972225291
5511972225351
5511972225359
5511972225375
5511972225411
5511972225443
5511972225449
5511972225459
5511972225481
5511972225505
5511972225519
5511972225559
5511972225647
5511972225658
5511972225679
5511972225788
5511972225789
5511972225790
5511972225807
5511972225817
5511972225824
5511972225857
5511972225858
5511972225891
5511972225899
5511972225993
5511972226003
5511972226042
5511972226077
5511972226082
5511972226130
5511972226142
5511972226226
5511972226354
5511972226714
5511972226739
5511972227228
5511972227242
5511972227252
5511972227261
5511972227388
5511972227814
5511972227826
5511972227852
5511972228120
5511972228222
5511972228298
5511972228316
5511972228471
5511972228664
5511972228666
5511972228731
5511972228822
5511972228951
5511972228956
5511972229031
5511972229246
5511972229350
5511972229373
5511972229452
5511972229474
5511972229478
5511972229485
5511972229488
5511972229604
5511972229605
5511972229636
5511972229666
5511972229707
5511972229803
5511972229812
5511972229874
5511972229883
5511972229899
5511972229956
5511972229976
5511972229978
5511972229983
5511972230000
5511972230005
5511972230072
5511972230074
5511972230102
5511972230140
5511972230142
5511972230203
5511972230215
5511972230220
5511972230222
5511972230255
5511972230286
5511972230314
5511972230316
5511972230324
5511972230335
5511972230388
5511972230406
5511972230414
5511972230427
5511972230434
5511972230470
5511972230477
5511972230478
5511972230520
5511972230532
5511972230566
5511972230636
5511972230679
5511972230691
5511972230711
5511972230714
5511972230718
5511972230793
5511972230817
5511972230830
5511972230865
5511972230873
5511972230874
5511972230891
5511972230914
5511972230915
5511972230916
5511972230950
5511972230962
5511972230972
5511972230985
5511972231047
5511972231072
5511972231073
5511972231083
5511972231093
5511972231115
5511972231121
5511972231127
5511972231143
5511972231178
5511972231180
5511972231216
5511972231218
5511972231222
5511972231223
5511972231256
5511972231320
5511972231372
5511972231379
5511972231468
5511972231479
5511972231525
5511972231553
5511972231576
5511972231628
5511972231641
5511972231692
5511972231705
5511972231734
5511972231750
5511972231836
5511972231889
5511972231894
5511972231923
5511972231941
5511972231970
5511972231991
5511972231997
5511972232005
5511972232006
5511972232009
5511972232010
5511972232013
5511972232039
5511972232056
5511972232060
5511972232067
5511972232078
5511972232105
5511972232115
5511972232124
5511972232129
5511972232140
5511972232141
5511972232159
5511972232160
5511972232183
5511972232197
5511972232237
5511972232247
5511972232255
5511972232266
5511972232272
5511972232273
5511972232278
5511972232295
5511972232320
5511972232345
5511972232386
5511972232405
5511972232415
5511972232434
5511972232436
5511972232449
5511972232456
5511972232471
5511972232486
5511972232488
5511972232550
5511972232557
5511972232568
5511972232585
5511972232595
5511972232600
5511972232610
5511972232619
5511972232630
5511972232641
5511972232643
5511972232665
5511972232666
5511972232669
5511972232690
5511972232711
5511972232722
5511972232735
5511972232741
5511972232801
5511972232803
5511972232814
5511972232824
5511972232826
5511972232833
5511972232836
5511972232847
5511972232851
5511972232855
5511972232881
5511972232893
5511972232951
5511972232966
5511972232983
5511972232995
5511972232996
5511972233016
5511972233033
5511972233069
5511972233102
5511972233103
5511972233124
5511972233141
5511972233155
5511972233271
5511972233283
5511972233284
5511972233308
5511972233314
5511972233324
5511972233339
5511972233340
5511972233409
5511972233468
5511972233470
5511972233484
5511972233510
5511972233545
5511972233551
5511972233552
5511972233555
5511972233578
5511972233585
5511972233660
5511972233662
5511972233673
5511972233683
5511972233688
5511972233689
5511972233691
5511972233697
5511972233698
5511972233701
5511972233702
5511972233713
5511972233720
5511972233721
5511972233735
5511972233741
5511972233752
5511972233760
5511972233768
5511972233772
5511972233773
5511972233774
5511972233777
5511972233778
5511972233787
5511972233791
5511972233804
5511972233808
5511972233814
5511972233815
5511972233820
5511972233823
5511972233826
5511972233829
5511972233836
5511972233846
5511972233848
5511972233859
5511972233876
5511972233877
5511972233884
5511972233892
5511972233896
5511972233904
5511972233909
5511972233920
5511972233927
5511972233930
5511972233931
5511972233934
5511972233941
5511972233950
5511972233955
5511972233956
5511972233957
5511972233961
5511972233974
5511972233986
5511972233989
5511972233996
5511972233998
5511972233999
5511972234004
5511972234022
5511972234023
5511972234026
5511972234032
5511972234034
5511972234049
5511972234050
5511972234051
5511972234061
5511972234069
5511972234076
5511972234081
5511972234083
5511972234084
5511972234089
5511972234096
5511972234097
5511972234111
5511972234114
5511972234115
5511972234124
5511972234133
5511972234167
5511972234178
5511972234179
5511972234183
5511972234190
5511972234191
5511972234205
5511972234208
5511972234214
5511972234222
5511972234229
5511972234233
5511972234234
5511972234243
5511972234245
5511972234247
5511972234249
5511972234250
5511972234252
5511972234271
5511972234273
5511972234280
5511972234281
5511972234290
5511972234300
5511972234314
5511972234327
5511972234329
5511972234378
5511972234385
5511972234404
5511972234411
5511972234417
5511972234419
5511972234425
5511972234445
5511972234475
5511972234476
5511972234493
5511972234495
5511972234500
5511972234502
5511972234508
5511972234517
5511972234519
5511972234533
5511972234537
5511972234540
5511972234549
5511972234573
5511972234580
5511972234584
5511972234593
5511972234601
5511972234614
5511972234617
5511972234619
5511972234622
5511972234623
5511972234625
5511972234629
5511972234630
5511972234632
5511972234637
5511972234639
5511972234654
5511972234656
5511972234668
5511972234693
5511972234717
5511972234724
5511972234731
5511972234736
5511972234737
5511972234739
5511972234743
5511972234765
5511972234775
5511972234776
5511972234785
5511972234788
5511972234791
5511972234796
5511972234797
5511972234798
5511972234811
5511972234814
5511972234828
5511972234829
5511972234845
5511972234852
5511972234872
5511972234897
5511972234915
5511972234930
5511972234932
5511972234942
5511972234956
5511972234989
5511972234999
5511972235000
5511972235010
5511972235014
5511972235017
5511972235019
5511972235025
5511972235040
5511972235042
5511972235127
5511972235135
5511972235138
5511972235140
5511972235146
5511972235157
5511972235160
5511972235161
5511972235172
5511972235180
5511972235187
5511972235191
5511972235199
5511972235201
5511972235213
5511972235214
5511972235226
5511972235229
5511972235235
5511972235241
5511972235249
5511972235253
5511972235255
5511972235259
5511972235261
5511972235264
5511972235278
5511972235282
5511972235288
5511972235303
5511972235310
5511972235316
5511972235322
5511972235324
5511972235357
5511972235358
5511972235364
5511972235400
5511972235412
5511972235413
5511972235422
5511972235424
5511972235427
5511972235428
5511972235438
5511972235452
5511972235470
5511972235471
5511972235487
5511972235492
5511972235495
5511972235501
5511972235502
5511972235506
5511972235524
5511972235534
5511972235543
5511972235544
5511972235552
5511972235562
5511972235593
5511972235604
5511972235606
5511972235636
5511972235638
5511972235645
5511972235649
5511972235662
5511972235681
5511972235689
5511972235695
5511972235704
5511972235709
5511972235740
5511972235742
5511972235746
5511972235751
5511972235752
5511972235756
5511972235757
5511972235769
5511972235779
5511972235787
5511972235809
5511972235814
5511972235815
5511972235823
5511972235827
5511972235833
5511972235849
5511972235851
5511972235854
5511972235886
5511972235899
5511972235928
5511972235932
5511972235940
5511972235942
5511972235946
5511972235950
5511972235951
5511972235971
5511972235972
5511972235980
5511972236002
5511972236012
5511972236013
5511972236015
5511972236040
5511972236057
5511972236101
5511972236104
5511972236110
5511972236111
5511972236114
5511972236122
5511972236137
5511972236158
5511972236165
5511972236188
5511972236201
5511972236212
5511972236214
5511972236217
5511972236238
5511972236251
5511972236258
5511972236266
5511972236302
5511972236312
5511972236316
5511972236326
5511972236345
5511972236358
5511972236368
5511972236375
5511972236385
5511972236401
5511972236404
5511972236415
5511972236417
5511972236421
5511972236423
5511972236427
5511972236430
5511972236449
5511972236465
5511972236470
5511972236474
5511972236494
5511972236499
5511972236525
5511972236535
5511972236537
5511972236539
5511972236549
5511972236573
5511972236577
5511972236581
5511972236586
5511972236588
5511972236589
5511972236613
5511972236615
5511972236621
5511972236634
5511972236638
5511972236644
5511972236651
5511972236656
5511972236666
5511972236680
5511972236696
5511972236698
5511972236699
5511972236715
5511972236718
5511972236733
5511972236734
5511972236746
5511972236759
5511972236760
5511972236782
5511972236785
5511972236786
5511972236795
5511972236821
5511972236847
5511972236854
5511972236862
5511972236877
5511972236879
5511972236893
5511972236910
5511972236944
5511972236947
5511972236956
5511972236957
5511972236968
5511972236984
5511972237081
5511972237092
5511972237109
5511972237166
5511972237179
5511972237241
5511972237245
5511972237260
5511972237263
5511972237284
5511972237297
5511972237315
5511972237325
5511972237380
5511972237407
5511972237413
5511972237456
5511972237464
5511972237467
5511972237535
5511972237547
5511972237553
5511972237597
5511972237602
5511972237639
5511972237656
5511972237661
5511972237665
5511972237685
5511972237748
5511972237762
5511972237800
5511972237816
5511972237828
5511972237840
5511972237846
5511972237870
5511972237896
5511972237947
5511972237957
5511972237958
5511972237971
5511972237981
5511972237983
5511972238000
5511972238010
5511972238034
5511972238089
5511972238091
5511972238104
5511972238113
5511972238117
5511972238119
5511972238128
5511972238144
5511972238185
5511972238249
5511972238250
5511972238274
5511972238276
5511972238295
5511972238300
5511972238321
5511972238344
5511972238355
5511972238359
5511972238384
5511972238394
5511972238409
5511972238422
5511972238447
5511972238456
5511972238476
5511972238561
5511972238573
5511972238583
5511972238623
5511972238627
5511972238633
5511972238645
5511972238651
5511972238669
5511972238670
5511972238704
5511972238707
5511972238740
5511972238748
5511972238828
5511972238830
5511972238845
5511972238899
5511972238918
5511972238936
5511972238948
5511972238956
5511972238992
5511972239036
5511972239051
5511972239053
5511972239057
5511972239060
5511972239101
5511972239110
5511972239118
5511972239181
5511972239212
5511972239226
5511972239261
5511972239305
5511972239378
5511972239385
5511972239410
5511972239425
5511972239446
5511972239465
5511972239482
5511972239490
5511972239519
5511972239531
5511972239541
5511972239543
5511972239548
5511972239552
5511972239574
5511972239581
5511972239584
5511972239590
5511972239593
5511972239597
5511972239635
5511972239655
5511972239675
5511972239679
5511972239752
5511972239765
5511972239766
5511972239768
5511972239777
5511972239804
5511972239815
5511972239835
5511972239909
5511972239953
5511972239980
5511972239988
5511972240043
5511972240050
5511972240061
5511972240066
5511972240077
5511972240091
5511972240094
5511972240117
5511972240175
5511972240193
5511972240194
5511972240204
5511972240207
5511972240209
5511972240214
5511972240230
5511972240232
5511972240241
5511972240275
5511972240278
5511972240279
5511972240293
5511972240307
5511972240351
5511972240353
5511972240363
5511972240372
5511972240377
5511972240386
5511972240431
5511972240454
5511972240456
5511972240459
5511972240482
5511972240492
5511972240507
5511972240519
5511972240570
5511972240599
5511972240662
5511972240667
5511972240689
5511972240694
5511972240699
5511972240716
5511972240733
5511972240770
5511972240778
5511972240789
5511972240795
5511972240840
5511972240857
5511972240859
5511972240884
5511972240886
5511972240888
5511972240926
5511972240948
5511972240979
5511972240982
5511972240999
5511972241067
5511972241082
5511972241083
5511972241103
5511972241151
5511972241208
5511972241244
5511972241272
5511972241284
5511972241298
5511972241314
5511972241336
5511972241358
5511972241372
5511972241397
5511972241419
5511972241499
5511972241572
5511972241592
5511972241600
5511972241630
5511972241654
5511972241658
5511972241708
5511972241711
5511972241733
5511972241734
5511972241744
5511972241759
5511972241771
5511972241810
5511972241819
5511972241837
5511972241870
5511972241875
5511972241877
5511972241923
5511972241935
5511972241967
5511972241981
5511972241991
5511972242019
5511972242046
5511972242088
5511972242130
5511972242136
5511972242222
5511972242239
5511972242243
5511972242249
5511972242265
5511972242284
5511972242296
5511972242347
5511972242390
5511972242398
5511972242417
5511972242425
5511972242456
5511972242484
5511972242515
5511972242577
5511972242617
5511972242618
5511972242644
5511972242645
5511972242646
5511972242678
5511972242698
5511972242705
5511972242715
5511972242749
5511972242828
5511972242850
5511972242851
5511972242860
5511972242874
5511972242889
5511972242911
5511972242943
5511972242945
5511972242954
5511972243030
5511972243049
5511972243059
5511972243085
5511972243130
5511972243131
5511972243167
5511972243181
5511972243197
5511972243207
5511972243239
5511972243271
5511972243288
5511972243320
5511972243321
5511972243373
5511972243446
5511972243447
5511972243480
5511972243486
5511972243490
5511972243500
5511972243512
5511972243535
5511972243567
5511972243570
5511972243573
5511972243582
5511972243604
5511972243625
5511972243628
5511972243641
5511972243644
5511972243721
5511972243722
5511972243726
5511972243746
5511972243765
5511972243823
5511972243830
5511972243844
5511972243870
5511972243878
5511972243887
5511972243915
5511972243923
5511972243925
5511972243945
5511972244001
5511972244003
5511972244004
5511972244011
5511972244016
5511972244022
5511972244036
5511972244053
5511972244059
5511972244066
5511972244095
5511972244097
5511972244114
5511972244138
5511972244142
5511972244153
5511972244156
5511972244159
5511972244160
5511972244193
5511972244194
5511972244197
5511972244201
5511972244206
5511972244213
5511972244215
5511972244219
5511972244222
5511972244223
5511972244224
5511972244228
5511972244231
5511972244238
5511972244246
5511972244250
5511972244253
5511972244260
5511972244276
5511972244278
5511972244279
5511972244301
5511972244303
5511972244308
5511972244314
5511972244354
5511972244362
5511972244368
5511972244377
5511972244397
5511972244402
5511972244410
5511972244417
5511972244423
5511972244431
5511972244438
5511972244482
5511972244484
5511972244488
5511972244500
5511972244503
5511972244532
5511972244534
5511972244536
5511972244549
5511972244552
5511972244555
5511972244560
5511972244591
5511972244595
5511972244610
5511972244613
5511972244646
5511972244647
5511972244650
5511972244698
5511972244702
5511972244703
5511972244704
5511972244713
5511972244724
5511972244731
5511972244732
5511972244738
5511972244765
5511972244773
5511972244782
5511972244800
5511972244822
5511972244827
5511972244838
5511972244845
5511972244875
5511972244879
5511972244929
5511972244934
5511972244940
5511972244948
5511972244958
5511972244962
5511972244972
5511972244977
5511972244978
5511972244981
5511972244983
5511972244988
5511972245005
5511972245011
5511972245026
5511972245039
5511972245043
5511972245061
5511972245069
5511972245085
5511972245099
5511972245103
5511972245117
5511972245118
5511972245128
5511972245137
5511972245150
5511972245154
5511972245156
5511972245157
5511972245178
5511972245188
5511972245195
5511972245197
5511972245201
5511972245211
5511972245230
5511972245234
5511972245246
5511972245257
5511972245280
5511972245296
5511972245304
5511972245331
5511972245405
5511972245428
5511972245437
5511972245463
5511972245465
5511972245466
5511972245469
5511972245484
5511972245495
5511972245506
5511972245511
5511972245518
5511972245545
5511972245556
5511972245561
5511972245562
5511972245566
5511972245570
5511972245575
5511972245592
5511972245616
5511972245621
5511972245623
5511972245624
5511972245630
5511972245635
5511972245636
5511972245654
5511972245655
5511972245664
5511972245665
5511972245666
5511972245692
5511972245704
5511972245705
5511972245706
5511972245708
5511972245711
5511972245719
5511972245733
5511972245734
5511972245765
5511972245767
5511972245768
5511972245775
5511972245791
5511972245822
5511972245850
5511972245868
5511972245880
5511972245881
5511972245892
5511972245943
5511972245948
5511972245955
5511972245990
5511972246004
5511972246042
5511972246045
5511972246091
5511972246099
5511972246110
5511972246121
5511972246139
5511972246147
5511972246149
5511972246161
5511972246166
5511972246187
5511972246188
5511972246200
5511972246211
5511972246219
5511972246221
5511972246228
5511972246229
5511972246241
5511972246248
5511972246252
5511972246284
5511972246286
5511972246296
5511972246309
5511972246318
5511972246324
5511972246346
5511972246354
5511972246357
5511972246379
5511972246388
5511972246393
5511972246423
5511972246432
5511972246437
5511972246439
5511972246453
5511972246456
5511972246485
5511972246491
5511972246498
5511972246513
5511972246515
5511972246574
5511972246583
5511972246589
5511972246601
5511972246620
5511972246623
5511972246704
5511972246728
5511972246736
5511972246737
5511972246746
5511972246749
5511972246752
5511972246792
5511972246796
5511972246800
5511972246804
5511972246807
5511972246808
5511972246812
5511972246830
5511972246840
5511972246873
5511972246876
5511972246890
5511972246891
5511972246893
5511972246894
5511972246901
5511972246918
5511972246944
5511972246993
5511972247007
5511972247014
5511972247026
5511972247082
5511972247088
5511972247092
5511972247137
5511972247153
5511972247191
5511972247206
5511972247209
5511972247242
5511972247272
5511972247322
5511972247341
5511972247373
5511972247392
5511972247396
5511972247404
5511972247406
5511972247417
5511972247425
5511972247434
5511972247482
5511972247488
5511972247500
5511972247544
5511972247556
5511972247560
5511972247581
5511972247625
5511972247629
5511972247684
5511972247726
5511972247737
5511972247738
5511972247746
5511972247758
5511972247780
5511972247785
5511972247793
5511972247812
5511972247817
5511972247845
5511972247861
5511972247877
5511972247887
5511972247908
5511972247909
5511972247912
5511972247935
5511972247990
5511972247994
5511972248002
5511972248007
5511972248035
5511972248042
5511972248109
5511972248112
5511972248113
5511972248115
5511972248159
5511972248175
5511972248218
5511972248233
5511972248239
5511972248289
5511972248320
5511972248323
5511972248331
5511972248355
5511972248391
5511972248444
5511972248445
5511972248462
5511972248478
5511972248495
5511972248497
5511972248577
5511972248583
5511972248647
5511972248671
5511972248696
5511972248706
5511972248715
5511972248726
5511972248728
5511972248729
5511972248777
5511972248787
5511972248830
5511972248832
5511972248859
5511972248868
5511972248869
5511972248882
5511972248889
5511972248902
5511972248913
5511972248921
5511972248946
5511972248957
5511972248966
5511972248982
5511972249004
5511972249009
5511972249077
5511972249082
5511972249125
5511972249127
5511972249131
5511972249155
5511972249225
5511972249303
5511972249307
5511972249314
5511972249319
5511972249320
5511972249332
5511972249341
5511972249346
5511972249384
5511972249387
5511972249393
5511972249403
5511972249417
5511972249468
5511972249503
5511972249520
5511972249522
5511972249538
5511972249556
5511972249560
5511972249570
5511972249576
5511972249609
5511972249665
5511972249696
5511972249705
5511972249707
5511972249710
5511972249729
5511972249741
5511972249744
5511972249749
5511972249752
5511972249766
5511972249784
5511972249793
5511972249802
5511972249844
5511972249887
5511972249898
5511972249908
5511972249912
5511972249913
5511972249924
5511972249952
5511972249955
5511972249969
5511972249983
5511972249993
5511972249994
5511972250025
5511972250073
5511972250080
5511972250086
5511972250096
5511972250104
5511972250109
5511972250110
5511972250115
5511972250139
5511972250156
5511972250172
5511972250174
5511972250179
5511972250211
5511972250228
5511972250258
5511972250303
5511972250315
5511972250477
5511972250520
5511972250529
5511972250531
5511972250549
5511972250562
5511972250584
5511972250645
5511972250659
5511972250693
5511972250695
5511972250723
5511972250735
5511972250740
5511972250750
5511972250767
5511972250769
5511972250774
5511972250778
5511972250823
5511972250825
5511972250829
5511972250853
5511972250879
5511972250889
5511972250900
5511972250918
5511972250943
5511972250944
5511972250946
5511972250996
5511972251005
5511972251008
5511972251013
5511972251028
5511972251043
5511972251054
5511972251057
5511972251060
5511972251078
5511972251088
5511972251098
5511972251108
5511972251113
5511972251120
5511972251128
5511972251134
5511972251141
5511972251142
5511972251148
5511972251156
5511972251157
5511972251161
5511972251173
5511972251178
5511972251181
5511972251184
5511972251194
5511972251196
5511972251201
5511972251203
5511972251219
5511972251222
5511972251227
5511972251252
5511972251261
5511972251272
5511972251278
5511972251285
5511972251291
5511972251293
5511972251306
5511972251309
5511972251310
5511972251314
5511972251340
5511972251346
5511972251363
5511972251386
5511972251426
5511972251429
5511972251438
5511972251444
5511972251458
5511972251496
5511972251499
5511972251510
5511972251530
5511972251531
5511972251536
5511972251557
5511972251562
5511972251581
5511972251588
5511972251593
5511972251599
5511972251606
5511972251620
5511972251623
5511972251645
5511972251662
5511972251668
5511972251674
5511972251690
5511972251707
5511972251708
5511972251711
5511972251742
5511972251819
5511972251876
5511972251922
5511972251933
5511972251951
5511972251965
5511972251977
5511972252013
5511972252025
5511972252029
5511972252063
5511972252089
5511972252110
5511972252126
5511972252200
5511972252205
5511972252243
5511972252247
5511972252278
5511972252298
5511972252319
5511972252341
5511972252358
5511972252394
5511972252414
5511972252469
5511972252473
5511972252478
5511972252508
5511972252542
5511972252545
5511972252557
5511972252570
5511972252581
5511972252614
5511972252630
5511972252652
5511972252693
5511972252739
5511972252752
5511972252785
5511972252788
5511972252814
5511972252876
5511972252895
5511972252939
5511972253025
5511972253043
5511972253056
5511972253094
5511972253103
5511972253177
5511972253187
5511972253195
5511972253210
5511972253236
5511972253242
5511972253246
5511972253347
5511972253361
5511972253405
5511972253425
5511972253448
5511972253461
5511972253473
5511972253478
5511972253485
5511972253499
5511972253525
5511972253540
5511972253548
5511972253593
5511972253643
5511972253646
5511972253650
5511972253667
5511972253670
5511972253684
5511972253695
5511972253762
