5511997606425
5511997576954
5511997566806
5511997564123
5511997557818
5511997550883
5511997533418
5511997520475
5511997515137
5511997446612
5511997417850
5511997416768
5511997397309
5511997361221
5511997337258
5511997322316
5511997316080
5511997300561
5511997266276
5511997253959
5511997243250
5511997193388
5511997177523
5511997148770
5511997123434
5511997109913
5511997105694
5511997100869
5511997091052
5511997048744
5511997018509
5511997014546
5511997008635
5511997003294
5511996994782
5511996989479
5511996981323
5511996980479
5511996966096
5511996962018
5511996917437
5511996914427
5511996905208
5511996899875
5511996877190
5511996870456
5511996857815
5511996855870
5511996842051
5511996839736
5511996812742
5511996801402
5511996792545
5511996782010
5511996744058
5511996742193
5511996731220
5511996711273
5511996685186
5511996642172
5511996550773
5511996538934
5511996525771
5511996512567
5511996480000
5511996478662
5511996419590
5511996415280
5511996405477
5511996375898
5511996370043
5511996358898
5511996349872
5511996345361
5511996339503
5511996274025
5511996253249
5511996246508
5511996222532
5511996201004
5511996199111
5511996170643
5511996169043
5511996154160
5511996128923
5511996122565
5511996120537
5511996112758
5511996087779
5511996075401
5511996062465
5511996050722
5511996036215
5511996018283
5511995998558
5511995985766
5511995964143
5511995955615
5511995948663
5511995901054
5511995900407
5511995894764
5511995885780
5511995879841
5511995874406
5511995860861
5511995850807
5511995849884
5511995840986
5511995838515
5511995824156
5511995822685
5511995812713
5511995810010
5511995806647
5511995801571
5511995800436
5511995780817
5511995780376
5511995754879
5511995740949
5511995735531
5511995699867
5511995679162
5511995648727
5511995646199
5511995626692
5511995592919
5511995573939
5511995551889
5511995547806
5511995546857
5511995527985
5511995522915
5511995507988
5511995507019
5511995500375
5511995486251
5511995458008
5511995457078
5511995413768
5511995397612
5511995378807
5511995370100
5511995369014
5511995315029
5511995297649
5511995286800
5511995283037
5511995270823
5511995255055
5511995225738
5511995211479
5511995207767
5511995206880
5511995205949
5511995198504
5511995198264
5511995176223
5511995148708
5511995147529
5511995142372
5511995140370
5511995137196
5511995124284
5511995088958
5511995085652
5511995014852
5511995007688
5511994941747
5511994914328
5511994903722
5511994869013
5511994868871
5511994859404
5511994838664
5511994837774
5511994832332
5511994806160
5511994800041
5511994764007
5511994762880
5511994747507
5511994744821
5511994741138
5511994737965
5511994721854
5511994721640
5511994720875
5511994703311
5511994696755
5511994694764
5511994665311
5511994654740
5511994633924
5511994622079
5511994618367
5511994567748
5511994528060
5511994483514
5511994466884
5511994451713
5511994392170
5511994368392
5511994363674
5511994339393
5511994326751
5511994320151
5511994302937
5511994298584
5511994243315
5511994197090
5511994186787
5511994172593
5511994166690
5511994148215
5511994140264
5511994117557
5511994072723
5511994028714
5511993939522
5511993905516
5511993846417
5511993820170
5511993808926
5511993712889
5511993681118
5511993670313
5511993589434
5511993485326
5511993443405
5511993393439
5511993381718
5511993373452
5511993354588
5511993152527
5511993140024
5511993099759
5511993008727
5511993006651
5511992922196
5511992905669
5511992893690
5511992872510
5511992857987
5511992836574
5511992782852
5511992739527
5511992680825
5511992658363
5511992578667
5511992550616
5511992465047
5511992365566
5511992314571
5511992227898
5511992206044
5511992194806
5511992188351
5511992064845
5511992050835
5511992039466
5511992036565
5511992033497
5511992033093
5511992014206
5511991995652
5511991951627
5511991816275
5511991781411
5511991745296
5511991706151
5511991697051
5511991690743
5511991588338
5511991584308
5511991486375
5511991445224
5511991344422
5511991286720
5511991153126
5511991143980
5511991096938
5511991042550
5511991038135
5511991035981
5511990146965
5511990145453
5511990076806
5511990060018
5511989988553
5511989880665
5511989716767
5511989591175
5511989524918
5511989263983
5511989249256
5511989227239
5511989134221
5511989125188
5511989014472
5511988927436
5511988899181
5511988600172
5511988550233
5511988433523
5511988373867
5511988330100
5511988231535
5511988197143
5511988184916
5511988134132
5511988113445
5511988058857
5511988002727
5511987956534
5511987953117
5511987939939
5511987909817
5511987890737
5511987834454
5511987831729
5511987819594
5511987788818
5511987758041
5511987706096
5511987704426
5511987679857
5511987644094
5511987565058
5511987544221
5511987534676
5511987523856
5511987456184
5511987444403
5511987368244
5511987337971
5511987329118
5511987293316
5511987279942
5511987279477
5511987262378
5511987231488
5511987211135
5511987203386
5511987052644
5511987032711
5511986971830
5511986926837
5511986903433
5511986870527
5511986862636
5511986771939
5511986754236
5511986739996
5511986664372
5511986652095
5511986621910
5511986620422
5511986452937
5511986451112
5511986387749
5511986345779
5511986226246
5511986172391
5511986162355
5511986094683
5511985983660
5511985965673
5511985885791
5511985870676
5511985828977
5511985744962
5511985743140
5511985732708
5511985647281
5511985630848
5511985571980
5511985468430
5511985447436
5511985424111
5511985361920
5511985318022
5511985316414
5511985307277
5511985294046
5511985291211
5511985256143
5511985199110
5511985166989
5511985148728
5511985118047
5511985064105
5511984994360
5511984993928
5511984991583
5511984966262
5511984913800
5511984887751
5511984854815
5511984801175
5511984760143
5511984752387
5511984747753
5511984727685
5511984702604
5511984646037
5511984585672
5511984583578
5511984550068
5511984495454
5511984483033
5511984446814
5511984387763
5511984330614
5511984315780
5511984233697
5511984126615
5511984124756
5511984111463
5511983991875
5511983930366
5511983912358
5511983879215
5511983877306
5511983868832
5511983754354
5511983725754
5511983715600
5511983690636
5511983587967
5511983569003
5511983509976
5511983494542
5511983482389
5511983407946
5511983384862
5511983345362
5511983326766
5511983298611
5511983294943
5511983278700
5511983270334
5511983238770
5511983220765
5511983211373
5511983199297
5511983132276
5511983130643
5511983126460
5511983051393
5511983009475
5511983009064
5511983007051
5511982969044
5511982916090
5511982875428
5511982837899
5511982817404
5511982815271
5511982782782
5511982769238
5511982767696
5511982757304
5511982739722
5511982705591
5511982696407
5511982619502
5511982612746
5511982591903
5511982528544
5511982526344
5511982472242
5511982426745
5511982422900
5511982339723
5511982327178
5511982319149
5511982230480
5511982140897
5511982104399
5511982097789
5511982084090
5511982072042
5511982068412
5511982063171
5511982056311
5511982036537
5511981972088
5511981945313
5511981943727
5511981936534
5511981863104
5511981801240
5511981787883
5511981772605
5511981753941
5511981740690
5511981736326
5511981732415
5511981677535
5511981629686
5511981598244
5511981564558
5511981526276
5511981400299
5511981359217
5511981352134
5511981330127
5511981315664
5511981278056
5511981241964
5511981224986
5511981223361
5511981166511
5511981166489
5511981127672
5511981117745
5511981099062
5511981098606
5511981074865
5511981042961
5511981031687
5511981016710
5511980966104
5511980936026
5511980870029
5511980787808
5511980772543
5511980758296
5511980739255
5511980716511
5511980703428
5511980683684
5511980654320
5511980609666
5511980602190
5511980511260
5511980368010
5511980299108
5511980254350
5511980246725
5511980114279
5511979988604
5511979938137
5511979907041
5511979888115
5511979816151
5511979663328
5511979653696
5511979639314
5511979617315
5511979612302
5511978065145
5511978058207
5511978052679
5511977981145
5511977961822
5511977959726
5511977910795
5511977887388
5511977829178
5511977791049
5511977773735
5511977730232
5511977719811
5511977702740
5511977635594
5511977520944
5511977510492
5511977507617
5511977428921
5511977369045
5511977357517
5511977342927
5511977321630
5511977262007
5511977244858
5511977225868
5511977078987
5511977019553
5511976805963
5511976789876
5511976761166
5511976738880
5511976713270
5511976705473
5511976701114
5511976669981
5511976624106
5511976616265
5511976545726
5511976444467
5511976300332
5511976258566
5511976103382
5511976058205
5511975979898
5511975962631
5511975869712
5511975822832
5511975799075
5511975750549
5511975716892
5511975673205
5511975668376
5511975620737
5511975600158
5511975452266
5511975434920
5511975329076
5511975284473
5511975282400
5511975202529
5511975136011
5511975063644
5511975046369
5511974884063
5511974801336
5511974763585
5511974759818
5511974747751
5511974687816
5511974618040
5511974615614
5511974576903
5511974447828
5511974404067
5511974339546
5511974234800
5511974231477
5511974228200
5511974197183
5511974192694
5511974185436
5511974174757
5511974130475
5511974097305
5511974077414
5511973964942
5511973962274
5511973959932
5511973929489
5511973902620
5511973882847
5511973848644
5511973758934
5511973729538
5511973663442
5511973648687
5511973642980
5511973629906
5511973597442
5511973545035
5511973470821
5511973412496
5511973374355
5511973372332
5511973371821
5511973293604
5511973273331
5511973227638
5511973150016
5511973142218
5511973139340
5511973131205
5511973131106
5511973128995
5511973008055
5511972981854
5511972979877
5511972917537
5511972912891
5511972894183
5511972881911
5511972732371
5511972730437
5511972722896
5511972669167
5511972646366
5511972634054
5511972617066
5511972613830
5511972596559
5511972544847
5511972528402
5511972488042
5511972420668
5511972338502
5511972279986
5511972177472
5511972141050
5511972130813
5511972068911
5511972053947
5511972033049
5511971981612
5511971971289
5511971935895
5511971902923
5511971892717
5511971764660
5511971760743
5511971717701
5511971702134
5511971660474
5511971646859
5511971595586
5511971572714
5511971555500
5511971537565
5511971499968
5511971370664
5511971343831
5511971268853
5511971254280
5511971197856
5511971001741
5511970995964
5511970879787
5511970772007
5511970671600
5511970605269
5511970570169
5511970469982
5511970394086
5511970349723
5511970339950
5511970195336
5511970184092
5511970182184
5511970172277
5511969975768
5511969793142
5511969747562
5511969647286
5511969492634
5511969488902
5511969444336
5511969435914
5511969359977
5511969353003
5511969247466
5511969174831
5511969106234
5511969098001
5511969088797
5511968992306
5511968890482
5511968837754
5511968801440
5511968730020
5511968701216
5511968700572
5511968661753
5511968645701
5511968575978
5511968494610
5511968441382
5511968411968
5511968378917
5511968348320
5511968318820
5511968227152
5511968040077
5511967906782
5511967897584
5511967792288
5511967771604
5511967688719
5511967681605
5511967617838
5511967427632
5511967423008
5511967250872
5511967236686
5511967207094
5511967197973
5511967189388
5511967174490
5511967080939
5511967021858
5511966945817
5511966799802
5511966730749
5511966706330
5511966645960
5511966638810
5511966622405
5511966395004
5511966377951
5511966352884
5511966319241
5511966303982
5511966167867
5511966132303
5511966103699
5511966001974
5511965958421
5511965768550
5511965748259
5511965692005
5511965606617
5511965604239
5511965585883
5511965509053
5511965430265
5511965410523
5511965375487
5511965067606
5511965052360
5511964990084
5511964963614
5511964960695
5511964942926
5511964854183
5511964825072
5511964806864
5511964666988
5511964643074
5511964562064
5511964559951
5511964557819
5511964490357
5511964484637
5511964480232
5511964462440
5511964411115
5511964404856
5511964368853
5511964321754
5511964233618
5511964171015
5511964157125
5511964144384
5511964114060
5511964045902
5511963843965
5511963840273
5511963756363
5511963685323
5511963618816
5511963612841
5511963591829
5511963564287
5511963528484
5511963519017
5511963515164
5511963484966
5511963435953
5511963424170
5511963411976
5511963369556
5511963358815
5511963289125
5511963189882
5511963164012
5511963125510
5511963061059
5511963041803
5511963031864
5511962988915
5511962973576
5511962948196
5511962942519
5511962851117
5511962810796
5511962782120
5511962702623
5511962678464
5511962642054
5511962252724
5511962218166
5511962068793
5511962036709
5511961999074
5511961963187
5511961936035
5511961930194
5511961925607
5511961865030
5511961821674
5511961798035
5511961785755
5511961764690
5511961656065
5511961565819
5511961442529
5511961370441
5511961241658
5511961163499
5511961088053
5511961015251
5511961003610
5511960901264
5511960895341
5511960882078
5511960834271
5511960805113
5511960618866
5511960577086
5511960555407
5511960531644
5511960381318
5511960287389
5511960133819
5511960118517
5581981599537
5571982025859
5581993700930
5581991897026
5579999715757
5581991933460
5581996828972
5585998366298
5579998099009
5571982024902
5531987698882
5531983271858
5531992761925
5543988236608
5541999943165
5565992259618
5521970131061
5511982833200
5521964731824
5585996331881
5583993020028
5583981053230
5562998263112
5511995754858
5562999440806
5534991077737
5511943530101
5511949703087
5511981764624
5511987064400
5511972779440
5511940840961
5512981747906
5512997087673
5581998505053
5584999215473
5512981497673
5511947308166
5511977392567
5531984858989
5511989364184
5511996018810
5511981412844
5511979614222
5511971137000
5511953014692
5511964490045
5511984718888
5511996422410
5511992121603
5511984044466
5511999211775
5511981913863
5511995872520
5511941332083
5511951065400
5511981260347
5527997355292
5511920049794
5511920043589
5511930000850
5511930024426
5511930056835
5511930041182
5511930154220
5511947475156
5511947474872
5511947471711
5511930269852
5511947480240
5511947492628
5511947486887
5511947476156
5511947487966
5511947507332
5511947518814
5511947529405
5511947542588
5511947524734
5511947563097
5511947561633
5511947550861
5511947545769
5511947565019
5511947568214
5511947572177
5511947588799
5511947591863
5511947594830
5511947604475
5511947622300
5511947629179
5511947626710
5511947650793
5511947669928
5511947673860
5511947684545
5511947693389
5511947702687
5511947716552
5511947728177
5511947736715
5511947740936
5511947737964
5511947750008
5511947746171
5511947758739
5511947752659
5511998704836
5511998710922
5511998715585
5511998736377
5511998718704
5511998744097
5511998759835
5511998799259
5511998766779
5511998768169
5511998773389
5511998774455
5511998777287
5511998792255
5511998781631
5511998795086
5511998797914
5511998796241
5511998804223
5511998804495
5511998809834
5511998810604
5511998830011
5511998829168
5511998818980
5511998815178
5511998850678
5511998858727
5511998858964
5511998852482
5511998860022
5511998861866
5511998878580
5511998883277
5511998884175
5511998888727
5511998905703
5511998913029
5511998929867
5511998919040
5511998923348
5511998927982
5511998934571
5511998928161
5511998932588
5511998942645
5511998947601
5511998943233
5511998965999
5511998950343
5511998970125
5511998984416
5511998980768
5511998977890
5511998988709
5511998995014
5511998986106
5511998999082
5511999001229
5511999003931
5511999003667
5511999004920
5511999005955
5511999014459
5511999007858
5511999013827
5511999015581
5511999020415
5511999027378
5511999020987
5511999024656
5511999025714
5511999028722
5511999035007
5511999030403
5511999033300
5511999037983
5511999038958
5511999042752
5511999043515
5511999043171
5511999046002
5511999050094
5511999049180
5511999053171
5511999053536
5511999054319
5511999057207
5511999055994
5511999061570
5511999059083
5511999059434
5511999060125
5511999063785
5511999062176
5511999070582
5511999089250
5511999088725
5511999076006
5511999071264
5511999094404
5511999089803
5511999091414
5511999098556
5511999103277
5511999107939
5511999107717
5511999102058
5511999103116
5511999109010
5511999109752
5511999111375
5511999113633
5511999119133
5511999112880
5511999120742
5511999121310
5511999123117
5511999124111
5511999123179
5511999130505
5511999135784
5511999140911
5511999137242
5511999129408
5511999144901
5511999145884
5511999152903
5511999162560
5511999168081
5511999163975
5511999163272
5511999171739
5511999172821
5511999172206
5511999181239
5511999183113
5511999192992
5511999184250
5511999191587
5511999181841
5511999194408
5511999201087
5511999199825
5511999222329
5511999217317
5511999226658
5511999226911
5511999223441
5511999233815
5511999254859
5511999255776
5511999256828
5511999257317
5511999256108
5511999279248
5511999275511
5511999268616
5511999258654
5511999282999
5511999290505
5511999287008
5511999291872
5511999298388
5511999296844
5511999296060
5511999295657
5511999311933
5511999299304
5511999300713
5511999316698
5511999318639
5511999319397
5511999323838
5511999324864
5511999325160
5511999330860
5511999326567
5511999330791
5511999325478
5511999325162
5511999334095
5511999330939
5511999332503
5511999336248
5511999336698
5511999342108
5511999340738
5511999338660
5511999339328
5511999345741
5511999343270
5511999342622
5511999347362
5511999348459
5511999346796
5511999345763
5511999348410
5511999348661
5511999352488
5511999348462
5511999351042
5511999349654
5511999353370
5511999355557
5511999363315
5511999360344
5511999371528
5511999380606
5511999379450
5511999383032
5511999390507
5511999391907
5511999386320
5511999385262
5511999385908
5511999398501
5511999418214
5511999405928
5511999420011
5511999422919
5511999423045
5511999431397
5511999427955
5511999437177
5511999439287
5511999439800
5511999439892
5511999441144
5511999441686
5511999441184
5511999442121
5511999446931
5511999442508
5511999445428
5511999447298
5511999452211
5511999450008
5511999452070
5511999449744
5511999454443
5511999457511
5511999461757
5511999458868
5511999458303
5511999464351
5511999468710
5511999466601
5511999483147
5511999478514
5511999479247
5511999484256
5511999488609
5511999500440
5511999500561
5511999500663
5511999503656
5511999506170
5511999507190
5511999511580
5511999511550
5511999509130
5511999514694
5511999520292
5511999519945
5511999515018
5511999521507
5511999522182
5511999521747
5511999525624
5511999528778
5511999530313
5511999528506
5511999525758
5511999533270
5511999533122
5511999532948
5511999535396
5511999536669
5511999533646
5511999534955
5511999550969
5511999545759
5511999554341
5511999553987
5511999573759
5511999554366
5511999558727
5511999554501
5511999558000
5511999568516
5511999570479
5511999571975
5511999572793
5511999574361
5511999576310
5511999581582
5511999576656
5511999576815
5511999587836
5511999589880
5511999583296
5511999600704
5511999595000
5511999600266
5511999593693
5511999599609
5511999606050
5511999608400
5511999615401
5511999627067
5511999629106
5511999628772
5511999637341
5511999636360
5511999634451
5511999637670
5511999640049
5511999646285
5511999646569
5511999650446
5511999647464
5511999654569
5511999652285
5511999651904
5511999654800
5511999657064
5511999655808
5511999658071
5511999657888
5511999667818
5511999666662
5511999666001
5511999676943
5511999672894
5511999680524
5511999682058
5511999676710
5511999688523
5511999692768
5511999691735
5511999693339
5511999695477
5511999697060
5511999697709
5511999702103
5511999707003
5511999707004
5511999707941
5511999708845
5511999711384
5511999713135
5511999712005
5511999715290
5511999715748
5511999715932
5511999716579
5511999723525
5511999722929
5511999726477
5511999726561
5511999730933
5511999731223
5511999736295
5511999732366
5511999737218
5511999738389
5511999739466
5511999743189
5511999744624
5511999749834
5511999746294
5511999749585
5511999745834
5511999757638
5511999751430
5511999756444
5511999759947
5511999759754
5511999785666
5511999778006
5511999771552
5511999767581
5511999787299
5511999789447
5511999780505
5511999787252
5511999787900
5511999791212
5511999790279
5511999789898
5511999792828
5511999791802
5511999792021
5511999795723
5511999793971
5511999804495
5511999805742
5511999809934
5511999814431
5511999814881
5511999811059
5511999812021
5511999812763
5511999815676
5511999814140
5511999821751
5511999819843
5511999820108
5511999819970
5511999823482
5511999826212
5511999823874
5511999824906
5511999822221
5511999832094
5511999831678
5511999829263
5511999832471
5511999833614
5511999835229
5511999835268
5511999835442
5511999839594
5511999842146
5511999839700
5511999842844
5511999842543
5511999842926
5511999843349
5511999848126
5511999846444
5511999849322
5511999853748
5511999851300
5511999853623
5511999854894
5511999856636
5511999856635
5511999856482
5511999858033
5511999862976
5511999858220
5511999909281
5511999861233
5511999864423
5511999871249
5511999868035
5511999870222
5511999875797
5511999872628
5511999873583
5511999881041
5511999876311
5511999881979
5511999885901
5511999887002
5511999887596
5511999889296
5511999891979
5511999892835
5511999893157
5511999896114
5511999897244
5511999899639
5511999897855
5511999901796
5511999900366
5511999901445
5511999907076
5511999903363
5511999902530
5511999911854
5511999907343
5511999908474
5511999915584
5511999916001
5511999916491
5511999924104
5511999919030
5511999924994
5511999924201
5511999929687
5511999929565
5511999927633
5511999932656
5511999935323
5511999931866
5511999939931
5511999939098
5511999942906
5511999941305
5511999949476
5511999952456
5511999945433
5511999949901
5511999953851
5511999964809
5511999965677
5511999958727
5511999954000
5511999971549
5511999973982
5511999976567
5511999975721
5511999964848
5511999971141
5511999979514
5511999979977
5511999978050
5511999976270
5511999981906
5511999983693
5511999983571
5511999986653
5511999984809
5511999990109
5511999991210
5511999992962
5511999993731
5511999995131
5511999995544
5511999996798
5511999997021
5511999997085
5511999997432
5511999999999
5511999999988
551199966390
5512913494094
551298110583
5512928811287
5512930215554
5512938825226
5512939622419
5512974032902
5512974014172
5512974110223
5512974057304
5512974039106
5512974041750
5512974093037
5512974121018
5512981021452
5512978118278
5512978132926
5512978116849
5512978125010
5512978141466
5512978985575
5512978987369
5512981026816
5512981053759
5512981050359
5512981133327
5512981118614
5512981123167
5512981142350
5512981135481
5512981149726
5512981160855
5512981163815
5512981164600
5512981165330
5512981166565
5512981167528
5512981168121
5512981168350
5512981170232
5512981168690
5512981173610
5512981178906
5512981182230
5512981177283
5512981184547
5512981192435
5512981193346
5512981199343
5512981218950
5512981214705
5512981210086
5512981228086
5512981232317
5512981241288
5512981235569
5512981233560
5512981242051
5512981242391
5512981244206
5512981245642
5512981253895
5512981249657
5512981265664
5512981256519
5512981266004
5512981269699
5512981270844
5512981273799
5512981271796
5512981270838
5512981275220
5511947759891
5512981276538
5511947775299
5511947777299
5511947786797
5511947788831
5511947779626
5511947783244
5511947800058
5511947802748
5511947791911
5511947831017
5511947806361
5511947834718
5511947835309
5511947844466
5511947844592
5511947876498
5511947886752
5511947897515
5511947930344
5511947906003
5511947900592
5511947936591
5511947934373
5511947963886
5511947980918
5511948041212
5511947988349
5511947985227
5511948097998
5511948100043
5511948089991
5511948120835
5511948169754
5511948161274
5511948198514
5511948195552
5511948201416
5511948259621
5511948253062
5511948231413
5511948269447
5511948261425
5511948279025
5511948274460
5511948279912
5511948283698
5511948331481
5511948315479
5511948331979
5511948357012
5511948291461
5511948370877
5511948401520
5511948393633
5511948410659
5511948401968
5511948404195
5511948427142
5511948436109
5512981278359
5512981277407
5512981288384
5512981283479
5512981291056
5512981313863
5512981294017
5512981314571
5512981319140
5512981328179
5512981329821
5512981330519
5512981353598
5512981357925
5512981347356
5512981353984
5512981364880
5512981367745
5512981362058
5512981398569
5512981377580
5512981379212
5512981386380
5512981427905
5512981392942
5512981388571
5512981387199
5512981423538
5512981428998
5512981424166
5512981429836
5512981434075
5512981434329
5512981444347
5512981444279
5512981439788
5512981436129
5512981457000
5512981453164
5512981449993
5512981453400
5512981448060
5512981466993
5512981466813
5512981461179
5512981473171
5512981474215
5512981467380
5512981475926
5512981481117
5512981485607
5512981486808
5512981497370
5512981488193
5512981517880
5512981516924
5512981511858
5512981518878
5512981524204
5512981521288
5512981523725
5512981542945
5512981526217
5512981541819
5512981530023
5512981535330
5512981554491
5512981549320
5512981552400
5512981548586
5512981546288
5512981556537
5512981561580
5512981564482
5512981567273
5512981566432
5512981567752
5512981568353
5512981581963
5512981582032
5512981599480
5512981610308
5512981610003
5512981610619
5512981617161
5512981618698
5512981637022
5512981624621
5512981631320
5512981630315
5512981653253
5512981654683
5512981678447
5512981678881
5512981724088
5512981685875
5512981687898
5512981690099
5512981735787
5512981687372
5512981689921
5512981717799
5512981725474
5512981747232
5512981735303
5512981736690
5512981739502
5512981750677
5512981779522
5512981786566
5512981792440
5512981814959
5512981830550
5512981818193
5512981870870
5512981928555
5512981904648
5512981885416
5512981883435
5512981888684
5512981909422
5512981935637
5512981960960
5512981966830
5512982579055
5512981976471
5512982032836
5512982199090
5512982169724
5512982169257
5512982350616
5512982319047
5512982370910
5512982395775
5512982597010
5512982579735
5512982826550
5512982808323
5512982845213
5512982911390
5512982976768
5512982975771
5512983017877
5512983005024
5512983068807
5512988012076
5512987071563
5512988014352
5512988020652
5512988024196
5512988020352
5512988024606
5512988041955
5512988033755
5512988033773
5512988036984
5512988034080
5512988041236
5512988035922
5512988039173
5512988046466
5512988044390
5512988046160
5512988048886
5512988057946
5512988067242
5512988067282
5512988089476
5512988089863
5512988094458
5512988092562
5512988096417
5512988098716
5512988097594
5512988096418
5512988172582
5512988120010
5512988103766
5512988099747
5512988127946
5512988127945
5512988122450
5512988121568
5512988143067
5512988143066
5512988139424
5512988161435
5512988163745
5512988143349
5512988148485
5512988163998
5512988169162
5512988169194
5512988171070
5512988169672
5512988171322
5512988177645
5512988174057
5512988175411
5512988176958
5512988172614
5512988257876
5512988179811
5512988180441
5512988181752
5512988184643
5512988183549
5512988196626
5512988193007
5512988208673
5512988212519
5512988250461
5512988279171
5512988271403
5512988226634
5512988283070
5512988286975
5512988281568
5512988264650
5512988272730
5512988293280
5512988297329
5512988298813
5512988309052
5512988309053
5512988312388
5512988317601
5512988334245
5512988333735
5512988320428
5512988338138
5512988338873
5512988353545
5512988373009
5512988374036
5512988381624
5512988402818
5512988402695
5512988409291
5512988407072
5512988404825
5512988428918
5512988426773
5512988422399
5512988439326
5512988440924
5512988475567
5512988479248
5512988487939
5512988490743
5512988502637
5512988521428
5512988529913
5512988574278
5512988578613
5512988584330
5512988594102
5512988591615
5512988681305
5512988598325
5512988598327
5512988773186
5512988896558
5512988906110
5512988969889
5512991012853
5512991019171
5512991020928
5512991022026
5512991021704
5512991025347
5512991030812
5512991022583
5512991051571
5512991053640
5512991050007
5512991051509
5512991056252
5512991057907
5512991058480
5512991059018
5512991059235
5512991061646
5512991060650
5512991063918
5512991069074
5512991069188
5512991071476
5512991078290
5512991080854
5512991075527
5512991081237
5512991086696
5512991084982
5512991083613
5512991093343
5512991093163
5512991120286
5512991110826
5512991119944
5512991118292
5512991127575
5512991135206
5512991127928
5512991150173
5512991139100
5512991136135
5512991136035
5512991151884
5512991153800
5512991162710
5512991162831
5512991167079
5512991168306
5512991172963
5512991170126
5512991179512
5512991174360
5512991170823
5512991187671
5512991184122
5512991196519
5512991197586
