5571985568938
5571985541401
5571985358102
5571985355883
5571985323461
5571985305458
5571985298139
5571985283599
5571985282629
5571985278965
5571985276919
5571985258781
5571985257292
5571985171235
5571985170018
5571985158996
5571985153105
5571985138768
5571985127666
5571985054065
5571985040119
5571985013485
5571984556008
5571984360276
5571983967428
5571983676473
5571983654254
5571983614248
5571983559129
5571983547144
5571983474928
5571983472464
5571983461848
5571983441747
5571983384813
5571983366020
5571983352809
5571983334365
5571983292374
5571983200563
5571983040602
5571982947604
5571982929787
5571982908828
5571982877426
5571982833078
5571982804917
5571982791864
5571982780810
5571982760412
5571982706750
5571982688388
5571982630887
5571982603312
5571982559728
5571982544003
5571982423044
5571982350119
5571982299179
5571982228883
5571982171469
5571982129868
5571982120842
5571982097571
5571982091411
5571982087300
5571982028593
5571981996002
5571981988427
5571981957960
5571981878258
5571981866728
5571981812228
5571981806744
5571981728706
5571981721463
5571981691260
5571981607997
5571981607169
5571981606563
5571981452595
5571981403633
5571981402328
5571981298447
5571981292792
5571981268644
5571981268564
5571981184560
5571981014500
5571971368115
5569999828484
5569999689342
5569999624149
5569999604449
5569999582020
5569999435379
5569999431611
5569999430116
5569999363158
5569999302598
5569999266955
5569999237022
5569999231065
5569999231022
5569999229695
5569999195034
5569999116116
5569999076769
5569999050607
5569998471248
5569998469874
5569993877048
5569993847922
5569993833599
5569993830788
5569993761918
5569993731654
5569993710994
5569993690020
5569993646111
5569993617107
5569993610199
5569993566561
5569993556241
5569993541406
5569993538206
5569993535401
5569993442451
5569993374466
5569993343206
5569993300194
5569993277454
5569993241776
5569993212091
5569993177924
5569993132779
5569993073677
5569993064962
5569993035738
5569993033446
5569993033182
5569993030289
5569992972552
5569992972468
5569992921445
5569992907041
5569992884786
5569992882721
5569992863590
5569992825662
5569992809454
5569992807427
5569992791190
5569992779849
5569992685226
5569992676737
5569992631043
5569992621113
5569992598142
5569992558452
5569992503233
5569992479691
5569992479326
5569992467753
5569992452135
5569992382204
5569992382069
5569992346123
5569992344326
5569992328853
5569992314120
5569992299287
5569992287481
5569992272721
5569992246618
5569992227184
5569992197553
5569992192392
5569992191477
5569992175184
5569992115911
5569992111810
5569992087723
5569992056452
5569992040296
5569992037341
5569992030695
5569992021872
5569992016693
5569984987180
5569984919461
5569984917686
5569984886950
5569984824023
5569984743436
5569984714479
5569984698829
5569984683518
5569984680593
5569984675010
5569984636368
5569984599598
5569984569801
5569984544970
5569984544233
5569984466853
5569984430810
5569984426010
5569984391629
5569984336886
5569984319578
5569984315445
5569984292052
5569984286748
5569984214191
5569984170999
5569984133459
5569984122374
5569984100674
5569984082601
5569984048734
5569984042034
5569981664222
5569981534338
5569981380812
5569981348290
5569981263219
5569981116132
5569981045230
5568999950578
5568999947791
5568999943686
5568999911247
5568999870115
5568999853582
5568999852809
5568999836772
5568999824616
5568999820266
5568999797100
5568999786622
5568999781368
5568999756011
5568999698317
5568999698053
5568999656785
5568999655692
5568999614712
5568999610694
5568999524813
5568999514731
5568999485493
5568999484029
5568999443363
5568999423530
5568999420524
5568999397001
5568999379270
5568999378118
5568999376916
5568999348297
5568999278852
5568999256004
5568999240869
5568999214070
5568999194479
5568999193383
5568999184391
5568999181543
5568999165922
5568999141177
5568999137456
5568999103722
5568999102307
5568999101884
5568999060243
5568999056062
5568999051654
5568999032852
5568999009975
5568996024590
5568992838220
5568992838016
5568992452262
5568992184291
5568992145020
5568992087807
5568992029668
5568984279663
5568936111007
5568932371587
5568932285387
5568932265005
5568932248489
5568932246154
5568932241429
5568932213622
5567999983074
5567999981005
5567999979418
5567999973032
5567999960351
5567999946265
5567999938092
5567999893471
5567999864843
5567999856264
5567999852885
5567999843784
5567999841450
5567999841076
5567999814004
5567999795181
5567999780381
5567999753939
5567999735975
5567999696829
5567999651930
5567999640919
5567999639610
5567999590789
5567999588549
5567999579332
5567999550713
5567999541311
5567999516164
5567999510823
5567999493852
5567999485548
5567999474716
5567999467134
5567999450716
5567999424971
5567999421893
5567999403458
5567999399809
5567999392248
5567999390975
5567999382475
5567999368050
5567999345077
5567999336667
5567999334573
5567999333937
5567999310259
5567999302757
5567999282876
5567999272209
5567999249115
5567999235850
5567999233167
5567999228213
5567999188669
5567999182557
5567999165339
5567999112169
5567999110153
5567999105022
5567999057420
5567999057260
5567999029828
5567998978677
5567998944467
5567998905354
5567998889604
5567998823757
5567998821963
5567998806628
5567998802580
5567998762291
5567998671226
5567998605085
5567998597055
5567998575913
5567998574078
5567998574030
5567998553205
5567998497085
5567998491016
5567998485450
5567998476727
5567998465844
5567998457215
5567998439070
5567998437328
5567998435639
5567998427524
5567998419461
5567998348843
5567998340715
5567998307600
5567998238981
5567998229447
5567998223313
5567998161409
5567998157408
5567998140171
5567998125676
5567998118467
5567998118256
5567998086541
5567998082943
5567998065187
5567998041993
5567998027327
5567996995452
5567996964867
5567996933408
5567996929100
5567996909557
5567996893864
5567996858895
5567996813432
5567996769565
5567996765444
5567996764501
5567996691947
5567996677026
5567996650712
5567996641851
5567996568056
5567996506009
5567996480811
5567996451863
5567996444290
5567996358176
5567996337395
5567996316298
5567996289841
5567996288895
5567996280764
5567996278629
5567996243524
5567996242645
5567996212494
5567996191020
5567996178170
5567996144808
5567996116065
5567996041250
5567996031219
5567996024277
5567996015592
5567996009807
5567993464041
5567993371002
5567993364219
5567993337615
5567993325507
5567993252219
5567993086746
5567993061636
5567993060871
5567993027955
5567992981632
5567992979219
5567992943702
5567992925978
5567992909751
5567992908102
5567992907395
5567992905543
5567992885275
5567992871777
5567992859122
5567992855581
5567992852228
5567992833854
5567992831792
5567992823465
5567992816651
5567992806844
5567992734229
5567992721019
5567992631746
5567992627153
5567992618727
5567992593965
5567992589893
5567992587877
5567992585210
5567992563615
5567992511511
5567992503659
5567992480345
5567992479203
5567992471031
5567992468080
5567992427460
5567992411459
5567992367336
5567992328117
5567992327523
5567992305301
5567992292855
5567992287660
5567992248483
5567992229098
5567992225720
5567992217892
5567992217331
5567992216608
5567992211207
5567992197575
5567992180778
5567992172307
5567992168065
5567992157492
5567992143418
5567992078329
5567992070888
5567992067593
5567992055679
5567992046969
5567992038059
5567992027411
5567992007334
5567992006940
5567992004355
5567991956505
5567991848583
5567991830279
5567991815522
5567991769500
5567991766840
5567991752193
5567991724245
5567991711381
5567991698394
5567991693966
5567991685293
5567991679700
5567991677896
5567991651762
5567991640977
5567991619903
5567991618552
5567991609390
5567991596817
5567991584443
5567991583305
5567991576523
5567991553865
5567991492397
5567991420023
5567991401335
5567991358408
5567991345688
5567991334661
5567991333893
5567991322204
5567991318730
5567991282540
5567991272740
5567991271230
5567991270923
5567991261818
5567991251373
5567991250492
5567991248853
5567991245945
5567991239289
5567991232575
5567991217658
5567991166818
5567991141746
5567991083127
5567991069384
5567991065754
5567991056346
5567991053680
5567991046891
5567991032988
5567991026200
5567991007505
5567991003919
5567987231894
5567984780170
5567984684928
5567984572155
5567984547155
5567984497790
5567984485608
5567984454380
5567984155967
5567984032815
5567984021458
5567982161400
5567981869650
5567981832932
5567981823734
5567981755074
5567981688380
5567981626216
5567981565855
5567981484141
5567981385800
5567981381038
5567981193749
5567981169044
5567981165145
5567981126755
5567981108589
5567981056138
5567981050814
5567981002892
5567979847969
5566999994452
5566999974324
5566999973991
5566999973471
5566999965951
5566999960177
5566999949587
5566999924971
5566999860125
5566999853888
5566999816143
5566999797100
5566999796416
5566999777845
5566999749479
5566999744999
5566999741570
5566999737790
5566999735435
5566999735249
5566999715097
5566999684068
5566999635710
5566999629452
5566999618201
5566999564117
5566999558086
5566999551919
5566999544374
5566999534240
5566999515744
5566999510441
5566999496219
5566999449124
5566999447643
5566999446667
5566999426912
5566999399767
5566999388000
5566999383915
5566999354204
5566999344688
5566999332842
5566999301755
5566999276262
5566999270661
5566999251505
5566999251362
5566999205496
5566999184157
5566999166914
5566999158842
5566999141439
5566999131646
5566999120807
5566999077031
5566999066396
5566999064226
5566999022516
5566998433673
5566998400871
5566997264771
5566997258710
5566997255072
5566996976410
5566996942035
5566996932036
5566996919423
5566996878196
5566996874084
5566996868574
5566996866840
5566996808616
5566996747484
5566996746623
5566996742340
5566996738991
5566996726069
5566996720208
5566996684752
5566996649984
5566996631514
5566996620537
5566996603346
5566996562587
5566996559056
5566996538109
5566996532091
5566996507745
5566996492463
5566996490580
5566996484684
5566996465628
5566996446805
5566996445161
5566996430309
5566996420329
5566996418594
5566996415683
5566996414460
5566996407328
5566996378626
5566996375917
5566996372884
5566996354227
5566996311664
5566996305882
5566996302054
5566996283034
5566996271580
5566996259965
5566996219216
5566996208278
5566996207703
5566996196640
5566996185265
5566996184363
5566996165290
5566996164531
5566996129791
5566996124690
5566996116290
5566996061079
5566996054994
5566996032998
5566996023262
5566996008600
5566996004620
5566996003768
5566992497793
5566992447559
5566992437447
5566992432822
5566992417579
5566992351716
5566992241716
5566992219484
5566992046782
5566984673773
5566984596927
5566984571720
5566984516509
5566984478908
5566984475741
5566984342683
5566984323239
5566984308951
5566984307880
5566984282428
5566984250154
5566984226237
5566984206278
5566984199672
5566984141068
5566984084994
5566984007332
5566981470586
5566981453161
5566981346092
5566981309915
5566981096107
5566981052905
5565999976424
5565999974060
5565999961571
5565999961188
5565999954409
5565999947010
5565999924538
5565999923146
5565999905498
5565999884925
5565999849593
5565999832702
5565999816355
5565999780307
5565999763335
5565999749729
5565999733388
5565999692365
5565999682365
5565999682257
5565999669125
5565999660931
5565999638412
5565999626728
5565999622421
5565999620514
5565999615587
5565999593207
5565999587747
5565999575698
5565999570152
5565999510442
5565999497475
5565999488958
5565999488054
5565999463192
5565999456399
5565999415395
5565999414741
5565999351625
5565999345764
5565999312722
5565999311091
5565999286295
5565999273135
5565999263843
5565999253048
5565999247166
5565999246183
5565999229319
5565999229078
5565999224224
5565999222633
5565999153927
5565999141721
5565999130445
5565999129618
5565999120241
5565999115747
5565999103552
5565999091838
5565999000667
5565998477626
5565998403823
5565998182513
5565998115302
5565998101262
5565998092048
5565998069431
5565998052028
5565998043921
5565998037653
5565996883936
5565996855525
5565996855074
5565996854564
5565996767935
5565996741784
5565996672571
5565996672538
5565996650338
5565996610391
5565996506213
5565996481185
5565996475727
5565996418944
5565996402531
5565996378677
5565996375857
5565996359085
5565996310646
5565996271962
5565996266082
5565996210959
5565996201475
5565996192627
5565996180919
5565996147475
5565996107179
5565996066003
5565996057051
5565996055499
5565996030307
5565996018729
5565996016502
5565993392592
5565993351578
5565993345484
5565993273091
5565993197735
5565993164482
5565993157267
5565993145225
5565993124217
5565993116253
5565993061441
5565993007806
5565992972694
5565992968723
5565992964473
5565992960866
5565992951473
5565992941133
5565992934849
5565992932508
5565992921822
5565992892932
5565992890643
5565992890117
5565992845962
5565992841588
5565992839923
5565992838281
5565992825913
5565992798770
5565992790120
5565992789031
5565992781124
5565992772360
5565992752534
5565992736753
5565992728983
5565992717345
5565992716675
5565992700251
5565992688289
5565992680356
5565992666227
5565992641430
5565992635881
5565992635087
5565992627958
5565992610766
5565992573351
5565992557726
5565992538871
5565992522523
5565992521540
5565992521175
5565992507784
5565992503154
5565992498892
5565992496952
5565992482517
5565992480075
5565992475975
5565992472754
5565992431422
5565992426639
5565992401848
5565992399133
5565992372308
5565992333101
5565992332571
5565992323559
5565992321560
5565992317208
5565992300086
5565992298602
5565992262988
5565992236074
5565992229421
5565992209303
5565992195322
5565992143761
5565992132096
5565992080479
5565992058001
5565992019920
5565992012220
5565992008410
5565984799805
5565984780141
5565984779701
5565984672551
5565984667740
5565984661618
5565984437014
5565984289082
5565984188413
5565984060457
5565981752737
5565981231852
5565981192816
5565981145393
5565981117755
5565981117522
5565981054567
5565981044660
5565981034894
5565965368672
5564999998854
5564999994459
5564999983416
5564999865259
5564999841916
5564999777380
5564999755378
5564999647112
5564999576035
5564999539250
5564999491640
5564999486471
5564999434320
5564999343313
5564999318505
5564999279769
5564999269577
5564999227940
5564999222359
5564999220292
5564999211688
5564999200163
5564999111769
5564999098581
5564999093625
5564999010296
5564998479797
5564996958126
5564996673810
5564996658775
5564996656292
5564996640822
5564996640307
5564996640136
5564996627852
5564996624038
5564996601438
5564996589293
5564996587315
5564996552921
5564996532162
5564996484147
5564996462054
5564996426837
5564996276404
5564996242603
5564996182959
5564996177662
5564996069133
5564996049975
5564993266613
5564993157019
5564993090145
5564993089933
5564993075769
5564993073906
5564993019983
5564992991366
5564992935895
5564992907112
5564992887675
5564992881808
5564992819214
5564992778301
5564992770359
5564992755129
5564992704406
5564992701848
5564992689977
5564992657882
5564992654957
5564992634081
5564992618282
5564992589339
5564992561232
5564992545738
5564992510343
5564992476599
5564992392202
5564992372775
5564992336191
5564992280645
5564992254166
5564992233203
5564992224219
5564992198667
5564992185146
5564992171407
5564992136008
5564992132836
5564992102079
5564992012059
5564992002862
5564992001631
5564984458828
5564984428217
5564984349156
5564984088263
5564984078881
5564984028466
5564981710162
5564981703461
5564981679963
5564981630334
5564981471887
5564981433027
5564981394212
5564981365307
5564981248306
5564981207259
5564981196887
5564981192523
5564981154083
5564981151485
5564981102256
5564981082671
5564981020029
5563999951839
5563999911655
5563999780462
5563999447428
5563999323629
5563999293024
5563999270335
5563999270296
5563999224823
5563999137366
5563999112377
5563998500408
5563998487540
5563992905350
5563992866686
5563992829953
5563992811819
5563992797323
5563992788929
5563992756924
5563992740516
5563992729319
5563992726011
5563992717563
5563992667587
5563992602146
5563992568656
5563992566405
5563992544417
5563992540816
5563992464291
5563992430199
5563992424787
5563992424442
5563992373904
5563992360227
5563992306419
5563992248284
5563992236206
5563992200525
5563992170747
5563992158901
5563992139902
5563992139294
5563992127795
5563992112395
5563992090388
5563992053643
5563992028745
5563991136363
5563991118239
5563991099486
5563991035256
5563991007955
5563991001464
5563985120196
5563985115683
5563984991740
5563984946867
5563984927437
5563984925715
5563984901328
5563984886518
5563984880059
5563984727145
5563984681948
5563984648921
5563984634107
5563984619906
5563984595415
5563984550480
5563984497395
5563984468018
5563984461326
5563984442716
5563984378814
5563984352303
5563984321281
5563984238486
5563984234258
5563984219484
5563984181152
5563984168809
5563984156309
5563984135790
5563984046442
5563984044671
5563984036935
5563984028113
5563984016964
5563984010700
5563981382776
5563981302384
5563981175143
5563981170179
5563981157544
5563981151470
5563981094348
5563981090113
5563981084406
5563981082660
5563981057775
5563981022998
5563981001493
5562999912030
5562999900357
5562999745872
5562999720480
5562999660648
5562999647323
5562999562190
5562999531819
5562999523875
5562999510447
5562999459593
5562999414130
5562999412774
5562999288050
5562999274596
5562999266643
5562999256012
5562999233098
5562999232149
5562999228321
5562999202951
5562999179425
5562999112699
5562998610027
5562998604825
5562998556226
5562998541704
5562998523616
5562998521031
5562998489375
5562998468781
5562998431342
5562998413441
5562998397390
5562998374505
5562998339892
5562998207440
5562998177512
5562998174043
5562998142923
5562998141979
5562998138412
5562998133440
5562998108531
5562998058840
5562998042007
5562996911525
5562996825661
5562996770584
5562996714218
5562996706871
5562996669239
5562996551308
5562996535158
5562996516541
5562996512333
5562996461056
5562996377224
5562996196397
5562996039441
5562996001273
5562995579936
5562995566299
5562995469689
5562995469414
5562995234511
5562995186091
5562994996950
5562994958935
5562994927642
5562994893836
5562994883524
5562994883197
5562994839005
5562994798521
5562994792920
5562994767852
5562994660292
5562994577460
5562994544495
5562994512062
5562994465991
5562994463282
5562994435091
5562994434004
5562994379404
5562994358320
5562994348324
5562994347665
5562994330538
5562994209080
5562994197913
5562994186823
5562994162527
5562994157860
5562994126513
5562994084764
5562994082765
5562994067023
5562994044324
5562994022736
5562994001882
5562993995104
5562993933084
5562993931864
5562993888262
5562993853924
5562993834787
5562993767894
5562993765094
5562993711549
5562993697266
5562993676492
5562993665741
5562993580236
5562993550696
5562993531132
5562993493602
5562993465680
5562993454625
5562993381018
5562993350062
5562993279792
5562993232128
5562993217294
5562993204816
5562993173150
5562993167576
5562993135962
5562993129316
5562993035073
5562993006986
5562992958240
5562992852895
5562992817887
5562992771966
5562992751197
5562992675297
5562992666070
5562992648273
5562992622250
5562992540868
5562992426092
5562992424620
5562992418857
5562992407012
5562992378733
5562992355904
5562992249785
5562992226755
5562992127822
5562992125209
5562992102439
5562992062764
5562992027975
5562992015347
5562992006448
5562992001071
5562991985420
5562991982710
5562991792092
5562991728698
5562991711295
5562991699464
5562991691823
5562991570252
5562991566958
5562991494768
5562991456681
5562991450946
5562991435060
5562991427288
5562991405545
5562991398512
5562991373778
5562991278434
5562991137373
5562991120302
5562991083090
5562991078297
5562991059401
5562991032530
5562991005699
5562986440399
5562986291575
5562986274079
5562986221601
5562986184104
5562986001501
5562986000243
5562985891013
5562985885820
5562985851348
5562985832805
5562985825658
5562985817334
5562985780157
5562985750157
5562985742819
5562985675981
5562985650210
5562985625825
5562985580636
5562985560470
5562985522740
5562985517492
5562985390842
5562985312947
5562985288661
5562985251288
5562985239142
5562985210310
5562985146223
5562985123243
5562985049617
5562984967354
5562984951658
5562984946565
5562984837172
5562984789525
5562984750247
5562984703768
5562984626050
5562984590902
5562984577847
5562984564122
5562984560973
5562984546164
5562984534395
5562984526410
5562984520550
5562984472061
5562984461379
5562984346827
5562984265796
5562984254167
5562984237862
5562984157987
5562984144764
5562984100015
5562983149323
5562982868830
5562982856856
5562982696108
5562982584004
5562982564007
5562982507464
5562982483261
5562982329982
5562982247452
5562982154038
5562982091768
5562981864062
5562981856973
5562981810205
5562981809385
5562981603047
5562981574256
5562981565629
5562981525301
5562981499427
5562981414878
5562981414035
5562981404914
5562981394498
5562981341388
5562981303340
5562981256198
5562981218263
5562981212311
5562981182331
5562981146362
5562981116881
5562981103318
5562981044739
5562981034223
5562981009740
5562981001143
5561999989029
5561999987378
5561999971479
5561999966655
5561999958231
5561999954800
5561999953063
5561999936524
5561999907704
5561999894837
5561999892911
5561999881152
5561999783229
5561999780231
5561999773649
5561999772622
5561999770133
5561999745105
5561999687246
5561999682444
5561999656885
5561999642083
5561999598370
5561999584057
5561999564485
5561999511076
5561999489459
5561999488696
5561999485584
5561999483163
5561999466807
5561999405551
5561999400092
5561999395738
5561999385723
5561999382175
5561999371854
5561999354285
5561999341208
5561999325601
5561999324827
5561999321748
5561999312014
5561999297110
5561999292318
5561999284903
5561999281257
5561999280886
5561999274776
5561999273043
5561999267742
5561999256165
5561999244470
5561999239059
5561999221013
5561999178894
5561999163284
5561999155156
5561999149030
5561999122467
5561999108473
5561999089794
5561999069349
5561999047834
5561999038206
5561998753758
5561998735650
5561998706467
5561998701506
5561998701007
5561998665802
5561998665372
5561998647138
5561998579607
5561998564912
5561998448540
5561998446973
5561998439033
5561998429704
5561998406660
5561998402312
5561998378230
5561998356203
5561998340614
5561998334081
5561998332221
5561998302583
5561998288739
5561998274094
5561998263220
5561998239760
5561998236119
5561998228442
5561998205835
5561998200532
5561998199127
5561998189308
5561998188104
5561998186501
5561998183197
5561998176306
5561998148504
5561998146707
5561998141602
5561998133940
5561998076007
5561998070522
5561998054298
5561998052751
5561998041269
5561998010909
5561998004206
5561998001162
5561996999170
5561996927739
5561996918195
5561996869042
5561996868179
5561996867404
5561996757551
5561996736832
5561996688061
5561996659260
5561996619992
5561996584430
5561996561697
5561996544376
5561996519953
5561996505611
5561996475012
5561996444840
5561996432059
5561996400770
5561996399442
5561996398891
5561996391371
5561996376174
5561996370161
5561996335704
5561996316263
5561996292264
5561996289309
5561996244287
5561996132777
5561996097499
5561996087660
5561996080911
5561996036173
5561996023160
5561996013411
5561995996808
5561995989972
5561995987042
5561995965717
5561995965141
5561995964511
5561995959113
5561995958838
5561995942883
5561995923305
5561995892460
5561995836776
5561995833249
5561995808543
5561995803299
5561995803086
5561995700496
5561995696311
5561995677425
5561995658823
5561995651984
5561995646341
5561995601050
5561995578089
5561995516388
5561995426676
5561995419956
5561995411413
5561995371570
5561995366886
5561995337371
5561995336678
5561995322816
5561995288620
5561995272072
5561995200011
5561995191699
5561995138220
5561995124751
5561995086266
5561995054192
5561995015170
5561994388995
5561994379140
5561994328278
5561994327194
5561994298714
5561994263663
5561994143267
5561994140182
5561994126280
5561994007377
5561993952689
5561993932792
5561993887353
5561993853784
5561993797430
5561993766371
5561993754081
5561993748223
5561993675704
5561993661155
5561993630686
5561993621021
5561993616862
5561993616075
5561993594843
5561993587290
5561993566967
5561993563037
5561993539830
5561993532552
5561993518662
5561993492504
5561993491148
5561993472725
5561993458707
5561993456848
5561993455201
5561993376657
5561993350935
5561993336550
5561993327999
5561993249678
5561993249355
5561993215446
5561993189923
5561993159908
5561993138692
5561993104932
5561993102608
5561993045817
5561993039446
5561993029826
5561993001198
5561993000162
5561992987061
5561992985192
5561992972007
5561992949526
5561992943208
5561992935639
5561992935414
5561992829651
5561992797333
5561992786001
5561992783020
5561992756203
5561992737214
5561992705263
5561992686375
5561992668344
5561992645328
5561992643794
5561992640708
5561992631416
5561992595256
5561992576885
5561992552935
5561992472468
5561992464979
5561992456145
5561992454543
5561992444138
5561992438186
5561992423239
5561992413618
5561992376498
5561992374568
5561992373112
5561992367494
5561992296422
5561992293084
5561992288278
5561992283949
5561992268345
5561992265448
5561992218039
5561992200410
5561992181550
5561992180931
5561992179085
5561992164577
5561992161020
5561992151856
5561992148059
5561992145574
5561992111906
5561992102119
5561992093081
5561992042262
5561992011264
5561992009514
5561991990398
5561991980917
5561991975081
5561991931261
5561991905145
5561991875619
5561991866561
5561991841854
5561991790654
5561991758911
5561991725672
5561991724201
5561991702053
5561991700895
5561991668478
5561991652906
5561991651687
5561991645816
5561991644290
5561991644272
5561991642900
5561991641898
5561991640330
5561991601224
5561991531461
5561991523435
5561991490959
5561991469959
5561991464868
5561991450465
5561991443390
5561991433816
5561991406289
5561991403828
5561991402555
5561991382377
5561991367573
5561991367296
5561991345424
5561991307986
5561991300673
5561991288481
5561991267177
5561991218867
5561991217907
5561991143980
5561991107010
5561991088002
5561991070441
5561991041728
5561991040127
5561986834857
5561986831020
5561986786670
5561986654486
5561986594735
5561986544863
5561986523118
5561986522232
5561986510483
5561986471351
5561986352844
5561986346705
5561986340510
5561986317479
5561986289427
5561986217192
5561986216258
5561986210368
5561986089569
5561986039269
5561986018252
5561985990477
5561985971288
5561985948557
5561985899350
5561985865827
5561985864778
5561985829505
5561985827730
5561985800957
5561985718222
5561985696936
5561985696091
5561985695220
5561985659279
5561985647184
5561985633211
5561985609494
5561985569459
5561985569004
5561985563037
5561985554853
5561985554125
5561985549312
5561985542621
5561985542366
5561985518912
5561985489530
5561985458053
5561985437002
5561985412097
5561985411841
5561985398371
5561985393950
5561985393612
5561985377492
5561985312157
5561985289875
5561985287519
5561985263510
5561985248978
5561985217582
5561985185004
5561985144847
5561985120432
5561985072206
5561985039989
5561985002440
5561984999627
5561984967987
5561984948145
5561984927701
5561984916114
5561984861727
5561984849925
5561984812666
5561984774975
5561984740574
5561984731272
5561984729316
5561984674877
5561984664487
5561984649514
5561984568303
5561984474135
5561984472445
5561984435766
5561984434546
5561984428543
5561984428444
5561984413943
5561984384912
5561984367270
5561984341731
5561984306782
5561984306015
5561984266731
5561984249180
5561984218558
5561984201372
5561984150003
5561984115774
5561984104549
5561984041693
5561984039484
5561983850876
5561983696050
5561983468210
5561983422586
5561983373603
5561983373523
5561983332737
5561983308662
5561983283315
5561983199051
5561983194281
5561983187850
5561983104837
5561983103854
5561983076154
5561983072083
5561983050085
5561983049867
5561983045890
5561983016827
5561983001021
5561982975249
5561982951279
5561982946596
5561982913265
5561982903268
5561982883057
5561982879591
5561982864700
5561982831728
5561982776070
5561982771463
5561982745832
5561982691876
5561982678046
5561982657377
5561982620157
5561982594528
5561982585761
5561982564673
5561982563354
5561982559530
5561982499989
5561982499764
5561982495884
5561982486373
5561982468159
5561982462086
5561982458479
5561982422165
5561982399401
5561982379948
5561982346414
5561982341824
5561982300159
5561982285732
5561982258803
5561982257856
5561982254112
5561982241384
5561982210009
5561982179817
