5517996175527
5517996175559
5517996175623
5517996175681
5517996175703
5517996175704
5517996175714
5517996175716
5517996175720
5517996175944
5517996175959
5517996176032
5517996176038
5517996176044
5517996176055
5517996176066
5517996176090
5517996176179
5517996176185
5517996176201
5517996176207
5517996176220
5517996176226
5517996176238
5517996176262
5517996176287
5517996176322
5517996176323
5517996176331
5517996176341
5517996176342
5517996176346
5517996176371
5517996176399
5517996176449
5517996176450
5517996176518
5517996176592
5517996176671
5517996176785
5517996176786
5517996176809
5517996176812
5517996176827
5517996176842
5517996176874
5517996176899
5517996177008
5517996177039
5517996177053
5517996177083
5517996177115
5517996177196
5517996177217
5517996177275
5517996177302
5517996177347
5517996177461
5517996177556
5517996177576
5517996177595
5517996177609
5517996177634
5517996177690
5517996177716
5517996177720
5517996177723
5517996177724
5517996177725
5517996177747
5517996177835
5517996177868
5517996178083
5517996178104
5517996178156
5517996178172
5517996178210
5517996178343
5517996178363
5517996178368
5517996178397
5517996178549
5517996178570
5517996178641
5517996178645
5517996178678
5517996178691
5517996178698
5517996178853
5517996178856
5517996178957
5517996179034
5517996179083
5517996179100
5517996179205
5517996179231
5517996179277
5517996179292
5517996179385
5517996179440
5517996179534
5517996179538
5517996179638
5517996179639
5517996179643
5517996179714
5517996179740
5517996179781
5517996179915
5517996179924
5517996179939
5517996179971
5517996179986
5517996180027
5517996180446
5517996180710
5517996180803
5517996180822
5517996180983
5517996181012
5517996181025
5517996181097
5517996181168
5517996181192
5517996181208
5517996181214
5517996181321
5517996181323
5517996181340
5517996181446
5517996181506
5517996181522
5517996181658
5517996181667
5517996181695
5517996181765
5517996181773
5517996181866
5517996181898
5517996181901
5517996182074
5517996182093
5517996182228
5517996182286
5517996182305
5517996182323
5517996182407
5517996182408
5517996182442
5517996182462
5517996182482
5517996182660
5517996182754
5517996182934
5517996182941
5517996182999
5517996183010
5517996183097
5517996183325
5517996183372
5517996183398
5517996183410
5517996183412
5517996183438
5517996183858
5517996183882
5517996184075
5517996184168
5517996184186
5517996184194
5517996184306
5517996184314
5517996184322
5517996184354
5517996184400
5517996184410
5517996184450
5517996184454
5517996184510
5517996184514
5517996184553
5517996184616
5517996184667
5517996184813
5517996184868
5517996184874
5517996184918
5517996184928
5517996184979
5517996184990
5517996185055
5517996185092
5517996185120
5517996185201
5517996185217
5517996185218
5517996185220
5517996185285
5517996185293
5517996185349
5517996185407
5517996185483
5517996185650
5517996185651
5517996185701
5517996185783
5517996185856
5517996185878
5517996185913
5517996186005
5517996186015
5517996186045
5517996186082
5517996186169
5517996186212
5517996186244
5517996186268
5517996186288
5517996186459
5517996186475
5517996186500
5517996186516
5517996186580
5517996186620
5517996186709
5517996186748
5517996186765
5517996186766
5517996186878
5517996186981
5517996186998
5517996187002
5517996187020
5517996187170
5517996187180
5517996187324
5517996187359
5517996187362
5517996187403
5517996187430
5517996187452
5517996187542
5517996187564
5517996187566
5517996187625
5517996187689
5517996187691
5517996187707
5517996187727
5517996187736
5517996187799
5517996187807
5517996187834
5517996187897
5517996188004
5517996188046
5517996188090
5517996188098
5517996188147
5517996188173
5517996188259
5517996188266
5517996188271
5517996188284
5517996188418
5517996188459
5517996188474
5517996188535
5517996188562
5517996188656
5517996188663
5517996188745
5517996188788
5517996188792
5517996188909
5517996188961
5517996189032
5517996189096
5517996189098
5517996189200
5517996189262
5517996189342
5517996189407
5517996189423
5517996189436
5517996189476
5517996189591
5517996189773
5517996189811
5517996189897
5517996189980
5517996189985
5517996189990
5517996190081
5517996190087
5517996190092
5517996190124
5517996190141
5517996190277
5517996190312
5517996190422
5517996190504
5517996190525
5517996190529
5517996190530
5517996190534
5517996190545
5517996190778
5517996190861
5517996190873
5517996190878
5517996190941
5517996191007
5517996191017
5517996191023
5517996191082
5517996191086
5517996191119
5517996191207
5517996191316
5517996191387
5517996191408
5517996191409
5517996191413
5517996191422
5517996191427
5517996191559
5517996191574
5517996191620
5517996191624
5517996191634
5517996191732
5517996191756
5517996191766
5517996191793
5517996191832
5517996191846
5517996191898
5517996191909
5517996191911
5517996191932
5517996191943
5517996191981
5517996191983
5517996191984
5517996192006
5517996192030
5517996192064
5517996192143
5517996192157
5517996192378
5517996192394
5517996192404
5517996192423
5517996192439
5517996192445
5517996192471
5517996192528
5517996192572
5517996192692
5517996192825
5517996192826
5517996192841
5517996192868
5517996192880
5517996192999
5517996193000
5517996193076
5517996193102
5517996193149
5517996193235
5517996193274
5517996193288
5517996193298
5517996193355
5517996193365
5517996193393
5517996193454
5517996193533
5517996193555
5517996193591
5517996193598
5517996193641
5517996193712
5517996193721
5517996193785
5517996193810
5517996193858
5517996193937
5517996193944
5517996193965
5517996194036
5517996194076
5517996194078
5517996194096
5517996194100
5517996194103
5517996194134
5517996194180
5517996194182
5517996194199
5517996194298
5517996194310
5517996194312
5517996194396
5517996194427
5517996194524
5517996194598
5517996194641
5517996194677
5517996194755
5517996194882
5517996194883
5517996194921
5517996194966
5517996194996
5517996195073
5517996195296
5517996195323
5517996195352
5517996195374
5517996195377
5517996195478
5517996195515
5517996195525
5517996195722
5517996195912
5517996195929
5517996195937
5517996195959
5517996196092
5517996196128
5517996196154
5517996196163
5517996196229
5517996196274
5517996196277
5517996196280
5517996196321
5517996196332
5517996196369
5517996196373
5517996196431
5517996196512
5517996196529
5517996196537
5517996196566
5517996196603
5517996196664
5517996196701
5517996196704
5517996196747
5517996196773
5517996196779
5517996196849
5517996196939
5517996196954
5517996196970
5517996196975
5517996197044
5517996197083
5517996197084
5517996197094
5517996197104
5517996197157
5517996197227
5517996197327
5517996197370
5517996197373
5517996197415
5517996197440
5517996197454
5517996197464
5517996197523
5517996197528
5517996197535
5517996197578
5517996197615
5517996197653
5517996197690
5517996197699
5517996197755
5517996197789
5517996197840
5517996197893
5517996197930
5517996198002
5517996198078
5517996198097
5517996198146
5517996198149
5517996198218
5517996198219
5517996198224
5517996198228
5517996198230
5517996198272
5517996198330
5517996198446
5517996198492
5517996198514
5517996198529
5517996198550
5517996198635
5517996198809
5517996199087
5517996199131
5517996199158
5517996199171
5517996199221
5517996199240
5517996199257
5517996199264
5517996199279
5517996199357
5517996199369
5517996199392
5517996199452
5517996199520
5517996199599
5517996199639
5517996199671
5517996199694
5517996199734
5517996199801
5517996199864
5517996199877
5517996199923
5517996199924
5517996199990
5517996199993
5517996210007
5517996210025
5517996210032
5517996210041
5517996210044
5517996210045
5517996210111
5517996210122
5517996210123
5517996210156
5517996210168
5517996210171
5517996210173
5517996210184
5517996210191
5517996210207
5517996210215
5517996210216
5517996210238
5517996210247
5517996210248
5517996210255
5517996210279
5517996210280
5517996210291
5517996210295
5517996210300
5517996210315
5517996210321
5517996210328
5517996210332
5517996210379
5517996210385
5517996210388
5517996210392
5517996210403
5517996210404
5517996210409
5517996210432
5517996210436
5517996210458
5517996210472
5517996210474
5517996210477
5517996210479
5517996210480
5517996210481
5517996210482
5517996210504
5517996210509
5517996210515
5517996210523
5517996210525
5517996210557
5517996210568
5517996210620
5517996210677
5517996210687
5517996210701
5517996210709
5517996210719
5517996210754
5517996210756
5517996210781
5517996210787
5517996210841
5517996210857
5517996210869
5517996210894
5517996210902
5517996210910
5517996210912
5517996210913
5517996211002
5517996211012
5517996211021
5517996211028
5517996211046
5517996211063
5517996211090
5517996211095
5517996211101
5517996211106
5517996211107
5517996211111
5517996211117
5517996211121
5517996211126
5517996211142
5517996211149
5517996211154
5517996211173
5517996211176
5517996211181
5517996211194
5517996211204
5517996211210
5517996211212
5517996211235
5517996211236
5517996211237
5517996211241
5517996211254
5517996211258
5517996211259
5517996211265
5517996211274
5517996211282
5517996211284
5517996211285
5517996211303
5517996211315
5517996211322
5517996211324
5517996211349
5517996211372
5517996211400
5517996211420
5517996211444
5517996211445
5517996211459
5517996211465
5517996211469
5517996211481
5517996211498
5517996211520
5517996211525
5517996211539
5517996211541
5517996211554
5517996211583
5517996211594
5517996211627
5517996211635
5517996211640
5517996211643
5517996211658
5517996211663
5517996211666
5517996211669
5517996211678
5517996211683
5517996211694
5517996211696
5517996211704
5517996211705
5517996211728
5517996211737
5517996211739
5517996211752
5517996211753
5517996211754
5517996211755
5517996211774
5517996211776
5517996211810
5517996211822
5517996211828
5517996211833
5517996211845
5517996211847
5517996211852
5517996211864
5517996211874
5517996211895
5517996211898
5517996211907
5517996211908
5517996211929
5517996211936
5517996211945
5517996211950
5517996211990
5517996212002
5517996212007
5517996212010
5517996212012
5517996212024
5517996212044
5517996212046
5517996212047
5517996212070
5517996212093
5517996212111
5517996212112
5517996212118
5517996212126
5517996212127
5517996212134
5517996212139
5517996212142
5517996212165
5517996212186
5517996212193
5517996212198
5517996212206
5517996212210
5517996212260
5517996212266
5517996212279
5517996212290
5517996212317
5517996212325
5517996212345
5517996212363
5517996212368
5517996212377
5517996212378
5517996212383
5517996212411
5517996212415
5517996212418
5517996212436
5517996212471
5517996212506
5517996212517
5517996212541
5517996212552
5517996212616
5517996212622
5517996212637
5517996212664
5517996212675
5517996212677
5517996212718
5517996212740
5517996212744
5517996212747
5517996212757
5517996212765
5517996212767
5517996212780
5517996212782
5517996212803
5517996212814
5517996212815
5517996212833
5517996212866
5517996212880
5517996212885
5517996212906
5517996212924
5517996212933
5517996212940
5517996212943
5517996212948
5517996212951
5517996212999
5517996213003
5517996213067
5517996213068
5517996213074
5517996213083
5517996213085
5517996213095
5517996213097
5517996213104
5517996213106
5517996213119
5517996213125
5517996213131
5517996213152
5517996213184
5517996213200
5517996213201
5517996213226
5517996213276
5517996213346
5517996213353
5517996213357
5517996213371
5517996213372
5517996213415
5517996213425
5517996213465
5517996213481
5517996213489
5517996213495
5517996213555
5517996213569
5517996213575
5517996213596
5517996213807
5517996213836
5517996213893
5517996213919
5517996213923
5517996213938
5517996213953
5517996213958
5517996213976
5517996214042
5517996214069
5517996214112
5517996214121
5517996214149
5517996214199
5517996214208
5517996214211
5517996214238
5517996214239
5517996214296
5517996214308
5517996214310
5517996214318
5517996214370
5517996214473
5517996214572
5517996214573
5517996214580
5517996214623
5517996214651
5517996214655
5517996214677
5517996214689
5517996214725
5517996214748
5517996214793
5517996214972
5517996214978
5517996214984
5517996215009
5517996215025
5517996215056
5517996215157
5517996215172
5517996215200
5517996215279
5517996215309
5517996215316
5517996215321
5517996215331
5517996215332
5517996215354
5517996215368
5517996215390
5517996215393
5517996215398
5517996215419
5517996215509
5517996215517
5517996215520
5517996215532
5517996215545
5517996215578
5517996215579
5517996215580
5517996215610
5517996215622
5517996215631
5517996215639
5517996215642
5517996215657
5517996215685
5517996215693
5517996215729
5517996215736
5517996215740
5517996215763
5517996215766
5517996215797
5517996215803
5517996215817
5517996215823
5517996215849
5517996215889
5517996215905
5517996215936
5517996215939
5517996215946
5517996215956
5517996215986
5517996215991
5517996215994
5517996216003
5517996216006
5517996216049
5517996216132
5517996216171
5517996216191
5517996216194
5517996216229
5517996216282
5517996216360
5517996216418
5517996216451
5517996216512
5517996216529
5517996216530
5517996216580
5517996216581
5517996216616
5517996216652
5517996216658
5517996216674
5517996216686
5517996216709
5517996216725
5517996216764
5517996216788
5517996216809
5517996216831
5517996216838
5517996217095
5517996217130
5517996217138
5517996217157
5517996217185
5517996217216
5517996217234
5517996217275
5517996217319
5517996217325
5517996217377
5517996217400
5517996217405
5517996217409
5517996217423
5517996217428
5517996217484
5517996217503
5517996217555
5517996217590
5517996217591
5517996217669
5517996217675
5517996217687
5517996217732
5517996217823
5517996217905
5517996218030
5517996218107
5517996218235
5517996218283
5517996218329
5517996218365
5517996218369
5517996218451
5517996218455
5517996218474
5517996218477
5517996218487
5517996218503
5517996218522
5517996218530
5517996218531
5517996218532
5517996218534
5517996218537
5517996218544
5517996218545
5517996218565
5517996218566
5517996218578
5517996218581
5517996218592
5517996218602
5517996218606
5517996218611
5517996218620
5517996218621
5517996218703
5517996218783
5517996218928
5517996219005
5517996219009
5517996219020
5517996219034
5517996220021
5517996220030
5517996220042
5517996220050
5517996220077
5517996220092
5517996220102
5517996220127
5517996220161
5517996220162
5517996220165
5517996220168
5517996220318
5517996220337
5517996220360
5517996220445
5517996220446
5517996220485
5517996220490
5517996220517
5517996220518
5517996220528
5517996220568
5517996220620
5517996220637
5517996220659
5517996220724
5517996220767
5517996220857
5517996220909
5517996220910
5517996221040
5517996221053
5517996221061
5517996221111
5517996221112
5517996221126
5517996221155
5517996221177
5517996221207
5517996221211
5517996221218
5517996221220
5517996221242
5517996221287
5517996221342
5517996221350
5517996221364
5517996221395
5517996221438
5517996221457
5517996221469
5517996221537
5517996221544
5517996221560
5517996221568
5517996221575
5517996221583
5517996221645
5517996221651
5517996221774
5517996221776
5517996221782
5517996221805
5517996221828
5517996221916
5517996221928
5517996222002
5517996222160
5517996222219
5517996222231
5517996222243
5517996222393
5517996222400
5517996222413
5517996222423
5517996222467
5517996222474
5517996222483
5517996222520
5517996222578
5517996222606
5517996222668
5517996222692
5517996222804
5517996222817
5517996222828
5517996222831
5517996222858
5517996222862
5517996222876
5517996222906
5517996222933
5517996222986
5517996223002
5517996223012
5517996223052
5517996223061
5517996223069
5517996223071
5517996223072
5517996223073
5517996223085
5517996223088
5517996223112
5517996223122
5517996223173
5517996223186
5517996223236
5517996223270
5517996223366
5517996223376
5517996223385
5517996223411
5517996223413
5517996223428
5517996223449
5517996223469
5517996223472
5517996223501
5517996223622
5517996223660
5517996223675
5517996223682
5517996223790
5517996223799
5517996223813
5517996223831
5517996224008
5517996224103
5517996224121
5517996224195
5517996224215
5517996224216
5517996224230
5517996224265
5517996224292
5517996224298
5517996224327
5517996224334
5517996224376
5517996224378
5517996224401
5517996224406
5517996224436
5517996224464
5517996224493
5517996224676
5517996224689
5517996224708
5517996224731
5517996224737
5517996224741
5517996224746
5517996224761
5517996224781
5517996224848
5517996224886
5517996224894
5517996224948
5517996225013
5517996225191
5517996225216
5517996225240
5517996225305
5517996225321
5517996225400
5517996225412
5517996225514
5517996225543
5517996225574
5517996225595
5517996225833
5517996225861
5517996225873
5517996225875
5517996225881
5517996225882
5517996225978
5517996226004
5517996226038
5517996226050
5517996226106
5517996226129
5517996226162
5517996226182
5517996226273
5517996226299
5517996226375
5517996226508
5517996226511
5517996226516
5517996226553
5517996226642
5517996226684
5517996226769
5517996226771
5517996226793
5517996226800
5517996226833
5517996226889
5517996226917
5517996226927
5517996226933
5517996227092
5517996227107
5517996227121
5517996227229
5517996227301
5517996227304
5517996227328
5517996227352
5517996227355
5517996227430
5517996227478
5517996227575
5517996227606
5517996227676
5517996227713
5517996227725
5517996227732
5517996227775
5517996227816
5517996227828
5517996227847
5517996227862
5517996227868
5517996227909
5517996227927
5517996228142
5517996228210
5517996228214
5517996228302
5517996228375
5517996228430
5517996228463
5517996228476
5517996228519
5517996228550
5517996228612
5517996228666
5517996228681
5517996228778
5517996228813
5517996228833
5517996228881
5517996229052
5517996229058
5517996229097
5517996229111
5517996229140
5517996229183
5517996229186
5517996229231
5517996229235
5517996229254
5517996229316
5517996229375
5517996229379
5517996229398
5517996229409
5517996229467
5517996229486
5517996229495
5517996229504
5517996229512
5517996229540
5517996229580
5517996229739
5517996229800
5517996229903
5517996229944
5517996229946
5517996229978
5517996230032
5517996230066
5517996230078
5517996230099
5517996230122
5517996230164
5517996230229
5517996230289
5517996230297
5517996230483
5517996230556
5517996230625
5517996230710
5517996230777
5517996230800
5517996230811
5517996230888
5517996230938
5517996230939
5517996231036
5517996231041
5517996231057
5517996231227
5517996231232
5517996231253
5517996231290
5517996231347
5517996231359
5517996231429
5517996231442
5517996231457
5517996231562
5517996231611
5517996231669
5517996231715
5517996231851
5517996231901
5517996232012
5517996232071
5517996232302
5517996232375
5517996232403
5517996232461
5517996232712
5517996232717
5517996232810
5517996232839
5517996232972
5517996232973
5517996232994
5517996233104
5517996233138
5517996233195
5517996233205
5517996233220
5517996233233
5517996233302
5517996233603
5517996233643
5517996233712
5517996233720
5517996233757
5517996233866
5517996233975
5517996233982
5517996233985
5517996234145
5517996234151
5517996234154
5517996234198
5517996234224
5517996234454
5517996234612
5517996234645
5517996234666
5517996234790
5517996234801
5517996234874
5517996234884
5517996234933
5517996234950
5517996234966
5517996235067
5517996235098
5517996235120
5517996235219
5517996235238
5517996235256
5517996235309
5517996235312
5517996235315
5517996235318
5517996235422
5517996235550
5517996235717
5517996235756
5517996235769
5517996235794
5517996235940
5517996236135
5517996236151
5517996236181
5517996236225
5517996236312
5517996236451
5517996236455
5517996236619
5517996236638
5517996236655
5517996236660
5517996236680
5517996236682
5517996236686
5517996236773
5517996236800
5517996236928
5517996236973
5517996237009
5517996237210
5517996237232
5517996237234
5517996237369
5517996237456
5517996237575
5517996237589
5517996237603
5517996237611
5517996237620
5517996237707
5517996237762
5517996237822
5517996237905
5517996238014
5517996238015
5517996238104
5517996238195
5517996238243
5517996238266
5517996238302
5517996238434
5517996238441
5517996238608
5517996238636
5517996238763
5517996238870
5517996238927
5517996239012
5517996239036
5517996239037
5517996239097
5517996239107
5517996239114
5517996239151
5517996239153
5517996239281
5517996239293
5517996239348
5517996239423
5517996239463
5517996239511
5517996239618
5517996239621
5517996239627
5517996239687
5517996239737
5517996239739
5517996239787
5517996239883
5517996239968
5517996239971
5517996239991
5517996240062
5517996240064
5517996240074
5517996240075
5517996240081
5517996240120
5517996240157
5517996240188
5517996240205
5517996240232
5517996240244
5517996240277
5517996240303
5517996240351
5517996240406
5517996240432
5517996240434
5517996240437
5517996240567
5517996240610
5517996240623
5517996240692
5517996240724
5517996240898
5517996241030
5517996241090
5517996241098
5517996241115
5517996241121
5517996241122
5517996241123
5517996241127
5517996241137
5517996241140
5517996241184
5517996241198
5517996241320
5517996241370
5517996241540
5517996241610
5517996241637
5517996241679
5517996241683
5517996241743
5517996241758
5517996241811
5517996241862
5517996241920
5517996241963
5517996242015
5517996242098
5517996242121
5517996242224
5517996242315
5517996242438
5517996242458
5517996242475
5517996242512
5517996242518
5517996242520
5517996242561
5517996242800
5517996242854
5517996242858
5517996242864
5517996242865
5517996242866
5517996242870
5517996242928
5517996242930
5517996242941
5517996243033
5517996243086
5517996243095
5517996243195
5517996243359
5517996243363
5517996243364
5517996243380
5517996243460
5517996243606
5517996243608
5517996243671
5517996243688
5517996243693
5517996243699
5517996243730
5517996243838
5517996243917
5517996243938
5517996243969
5517996244027
5517996244049
5517996244063
5517996244316
5517996244639
5517996244666
5517996244712
5517996244919
5517996244952
5517996245026
5517996245050
5517996245065
5517996245074
5517996245196
5517996245268
5517996245346
5517996245446
5517996245572
5517996245595
5517996245604
5517996245618
5517996245628
5517996245632
5517996245649
5517996245680
5517996245702
5517996245730
5517996245763
5517996245778
5517996245903
5517996245967
5517996246003
5517996246080
5517996246145
5517996246205
5517996246215
5517996246266
5517996246327
5517996246383
5517996246403
5517996246408
5517996246442
5517996246490
5517996246495
5517996246518
5517996246535
5517996246859
5517996247148
5517996247213
5517996247238
5517996247271
5517996247290
5517996247429
5517996247441
5517996247454
5517996247461
5517996247576
5517996247606
5517996247641
5517996247682
5517996247725
5517996247733
5517996247756
5517996247777
5517996247803
5517996247883
5517996247886
5517996248079
5517996248263
5517996248280
5517996248307
5517996248323
5517996248324
5517996248488
5517996248564
5517996248579
5517996248848
5517996248912
5517996248933
5517996248972
5517996249042
5517996249221
5517996249243
5517996249472
5517996249527
5517996249571
5517996249597
5517996249715
5517996249757
5517996249783
5517996249818
5517996249855
5517996249970
5517996250118
5517996250256
5517996250278
5517996250362
5517996250384
5517996250452
5517996250628
5517996250644
5517996250760
5517996250781
5517996250831
5517996251078
5517996251103
5517996251178
5517996251253
5517996251254
5517996251271
5517996251325
5517996251332
5517996251368
5517996251373
5517996251374
5517996251386
5517996251399
5517996251401
5517996251434
5517996251439
5517996251444
5517996251447
5517996251476
5517996251495
5517996251509
5517996251600
5517996251614
5517996251733
5517996251914
5517996251930
5517996251956
5517996251958
5517996251975
5517996251981
5517996252051
5517996252089
5517996252098
5517996252112
5517996252124
5517996252142
5517996252174
5517996252274
5517996252361
5517996252386
5517996252396
5517996252419
5517996252427
5517996252436
5517996252439
5517996252451
5517996252459
5517996252461
5517996252475
5517996252490
5517996252492
5517996252506
5517996252512
5517996252525
5517996252529
5517996252531
5517996252547
5517996252615
5517996252675
5517996252715
5517996252789
5517996252852
5517996252930
5517996252949
5517996252979
5517996253051
5517996253065
5517996253096
5517996253204
5517996253208
5517996253267
5517996253276
5517996253329
5517996253344
5517996253346
5517996253349
5517996253373
5517996253418
5517996253443
5517996253538
5517996253588
5517996253658
5517996253666
5517996253705
5517996253757
5517996253773
5517996253783
5517996253873
5517996253937
5517996253987
5517996253990
5517996254130
5517996254131
5517996254191
5517996254215
5517996254216
5517996254298
5517996254301
5517996254377
5517996254425
5517996254428
5517996254440
5517996254470
5517996254591
5517996254658
5517996254696
5517996254722
5517996254802
5517996254814
5517996254832
5517996254855
5517996254856
5517996254875
5517996254882
5517996254884
5517996254888
5517996255010
5517996255065
5517996255091
5517996255150
5517996255169
5517996255220
5517996255302
5517996255318
5517996255328
5517996255339
5517996255366
5517996255367
5517996255441
5517996255443
5517996255538
5517996255559
5517996255611
5517996255709
5517996255746
5517996255757
5517996255959
5517996255964
5517996256002
5517996256004
5517996256016
5517996256018
5517996256038
5517996256046
5517996256054
5517996256129
5517996256131
5517996256142
5517996256167
5517996256178
5517996256323
5517996256350
5517996256366
5517996256371
5517996256393
5517996256399
5517996256516
5517996256710
5517996256729
5517996256779
5517996256789
5517996256797
5517996256819
5517996256899
5517996257078
5517996257100
5517996257121
5517996257196
5517996257216
5517996257455
5517996257467
5517996257521
5517996257548
5517996257582
5517996257585
5517996257621
5517996257626
5517996257649
5517996257673
5517996257679
5517996257754
5517996257764
5517996257943
5517996258110
5517996258216
5517996258550
5517996258568
5517996258598
5517996258604
5517996258605
5517996258702
5517996258800
5517996258867
5517996258878
5517996258900
5517996259107
5517996259145
5517996259154
5517996259183
5517996259236
5517996259298
5517996259300
5517996259332
5517996259374
5517996259395
5517996259427
5517996259432
5517996259452
5517996259493
5517996259531
5517996259544
5517996259545
5517996259629
5517996259660
5517996259741
5517996259775
5517996259839
5517996259851
5517996259864
5517996259865
5517996259886
5517996259896
5517996259902
5517996260150
5517996260162
5517996260196
5517996260321
5517996260331
5517996260433
5517996260509
5517996260544
5517996260619
5517996260703
5517996260865
5517996260915
5517996260917
5517996260932
5517996260990
5517996261017
5517996261022
5517996261023
5517996261036
5517996261103
5517996261129
5517996261149
5517996261173
5517996261212
5517996261267
5517996261278
5517996261305
5517996261539
5517996261541
5517996261607
5517996261719
5517996261729
5517996261790
5517996261825
5517996261906
5517996261909
5517996261935
5517996261939
5517996261962
5517996262019
5517996262036
5517996262089
5517996262116
5517996262119
5517996262129
5517996262147
5517996262237
5517996262290
5517996262370
5517996262504
5517996262605
5517996262646
5517996262668
5517996262679
5517996262711
5517996262728
5517996262900
5517996262949
5517996262974
5517996262985
5517996263026
5517996263034
5517996263075
5517996263076
5517996263115
5517996263175
5517996263206
5517996263250
5517996263440
5517996263644
5517996263662
5517996263679
5517996263720
5517996263731
5517996263776
5517996263789
5517996263848
5517996263849
5517996263857
5517996263872
5517996263895
5517996263968
5517996264078
5517996264177
5517996264181
5517996264188
5517996264243
5517996264248
5517996264255
5517996264303
5517996264373
5517996264431
5517996264449
5517996264477
5517996264515
5517996264522
5517996264625
5517996264630
5517996264674
5517996264706
5517996264712
5517996264801
5517996264802
5517996264814
5517996264841
5517996264884
5517996264922
5517996264935
5517996264942
5517996265035
5517996265037
5517996265197
5517996265210
5517996265240
5517996265283
5517996265287
5517996265578
5517996265676
5517996265699
5517996265761
5517996265969
5517996266032
5517996266153
5517996266155
5517996266161
5517996266219
5517996266396
5517996266407
5517996266522
5517996266614
5517996266697
5517996266705
5517996266735
5517996266742
5517996266776
5517996266805
5517996266807
5517996266814
