5517996094942
5517996095022
5517996095123
5517996095159
5517996095162
5517996095172
5517996095215
5517996095240
5517996095273
5517996095342
5517996095358
5517996095365
5517996095377
5517996095430
5517996095477
5517996095525
5517996095609
5517996095663
5517996095672
5517996095712
5517996095758
5517996095759
5517996095803
5517996095845
5517996095891
5517996095919
5517996095935
5517996095982
5517996096010
5517996096112
5517996096114
5517996096155
5517996096316
5517996096322
5517996096344
5517996096421
5517996096450
5517996096501
5517996096507
5517996096545
5517996096814
5517996096870
5517996096883
5517996096954
5517996096957
5517996096985
5517996097009
5517996097025
5517996097058
5517996097066
5517996097111
5517996097137
5517996097202
5517996097298
5517996097393
5517996097445
5517996097511
5517996097540
5517996097554
5517996097595
5517996097614
5517996097628
5517996097647
5517996097675
5517996097707
5517996097722
5517996097736
5517996097803
5517996097810
5517996097872
5517996097898
5517996097902
5517996097927
5517996097964
5517996098013
5517996098108
5517996098170
5517996098201
5517996098350
5517996098435
5517996098507
5517996098621
5517996098630
5517996098705
5517996098747
5517996098789
5517996098840
5517996098864
5517996098910
5517996099005
5517996099036
5517996099054
5517996099106
5517996099307
5517996099312
5517996099332
5517996099357
5517996099399
5517996099402
5517996099422
5517996099481
5517996099529
5517996099557
5517996099656
5517996099690
5517996099710
5517996099718
5517996099746
5517996099809
5517996099833
5517996099844
5517996099848
5517996099868
5517996099916
5517996099937
5517996099953
5517996099978
5517996110061
5517996110075
5517996110162
5517996110211
5517996110233
5517996110243
5517996110272
5517996110285
5517996110291
5517996110319
5517996110322
5517996110349
5517996110402
5517996110440
5517996110455
5517996110509
5517996110516
5517996110548
5517996110555
5517996110560
5517996110571
5517996110636
5517996110667
5517996110680
5517996110730
5517996110741
5517996110828
5517996110864
5517996110972
5517996111104
5517996111133
5517996111184
5517996111225
5517996111337
5517996111400
5517996111410
5517996111439
5517996111566
5517996111572
5517996111605
5517996111634
5517996111676
5517996111743
5517996111771
5517996111784
5517996111989
5517996112253
5517996112269
5517996112315
5517996112339
5517996112359
5517996112395
5517996112412
5517996112424
5517996112568
5517996112578
5517996112674
5517996112686
5517996112705
5517996112735
5517996112762
5517996112789
5517996112801
5517996112810
5517996112837
5517996112882
5517996112921
5517996113013
5517996113020
5517996113096
5517996113126
5517996113140
5517996113282
5517996113292
5517996113306
5517996113309
5517996113312
5517996113380
5517996113383
5517996113432
5517996113463
5517996113470
5517996113480
5517996113594
5517996113599
5517996113688
5517996113698
5517996113753
5517996113767
5517996113790
5517996113804
5517996113869
5517996113888
5517996113995
5517996114013
5517996114030
5517996114039
5517996114050
5517996114056
5517996114094
5517996114126
5517996114148
5517996114171
5517996114237
5517996114268
5517996114277
5517996114282
5517996114287
5517996114319
5517996114323
5517996114361
5517996114453
5517996114454
5517996114464
5517996114474
5517996114497
5517996114502
5517996114607
5517996114675
5517996114681
5517996114691
5517996114713
5517996114724
5517996114790
5517996114808
5517996114820
5517996114859
5517996114875
5517996114899
5517996114926
5517996114944
5517996115017
5517996115061
5517996115074
5517996115093
5517996115110
5517996115196
5517996115218
5517996115221
5517996115289
5517996115479
5517996115518
5517996115520
5517996115524
5517996115560
5517996115562
5517996115623
5517996115674
5517996115682
5517996115701
5517996115703
5517996115780
5517996115783
5517996115841
5517996115864
5517996115989
5517996115994
5517996116007
5517996116030
5517996116041
5517996116097
5517996116116
5517996116132
5517996116143
5517996116200
5517996116220
5517996116233
5517996116266
5517996116273
5517996116287
5517996116303
5517996116340
5517996116358
5517996116363
5517996116367
5517996116372
5517996116385
5517996116459
5517996116473
5517996116475
5517996116480
5517996116492
5517996116542
5517996116663
5517996116674
5517996116863
5517996116943
5517996116987
5517996116988
5517996116993
5517996117006
5517996117137
5517996117156
5517996117202
5517996117210
5517996117525
5517996117581
5517996117622
5517996117683
5517996117709
5517996117720
5517996117721
5517996117731
5517996117809
5517996117864
5517996117899
5517996117910
5517996117947
5517996117962
5517996117994
5517996117999
5517996118037
5517996118065
5517996118159
5517996118235
5517996118236
5517996118289
5517996118307
5517996118338
5517996118434
5517996118463
5517996118487
5517996118511
5517996118542
5517996118583
5517996118668
5517996118799
5517996118811
5517996118828
5517996118893
5517996118960
5517996118998
5517996120007
5517996120010
5517996120022
5517996120044
5517996120117
5517996120123
5517996120137
5517996120162
5517996120165
5517996120184
5517996120192
5517996120208
5517996120252
5517996120255
5517996120276
5517996120278
5517996120280
5517996120310
5517996120314
5517996120320
5517996120372
5517996120389
5517996120417
5517996120427
5517996120451
5517996120455
5517996120483
5517996120505
5517996120525
5517996120540
5517996120541
5517996120552
5517996120572
5517996120573
5517996120585
5517996120607
5517996120674
5517996120675
5517996120705
5517996120707
5517996120714
5517996120747
5517996120774
5517996120779
5517996120789
5517996120796
5517996120803
5517996120871
5517996120878
5517996120879
5517996120899
5517996120985
5517996120996
5517996121015
5517996121020
5517996121039
5517996121041
5517996121050
5517996121055
5517996121082
5517996121083
5517996121096
5517996121103
5517996121105
5517996121124
5517996121147
5517996121176
5517996121224
5517996121347
5517996121349
5517996121350
5517996121359
5517996121364
5517996121395
5517996121452
5517996121457
5517996121463
5517996121474
5517996121515
5517996121532
5517996121560
5517996121585
5517996121591
5517996121696
5517996121700
5517996121712
5517996121715
5517996121718
5517996121733
5517996121737
5517996121757
5517996121780
5517996121904
5517996121972
5517996121991
5517996122019
5517996122088
5517996122127
5517996122141
5517996122204
5517996122223
5517996122264
5517996122278
5517996122312
5517996122314
5517996122388
5517996122394
5517996122403
5517996122456
5517996122458
5517996122472
5517996122476
5517996122477
5517996122483
5517996122491
5517996122492
5517996122494
5517996122507
5517996122508
5517996122511
5517996122633
5517996122637
5517996122715
5517996122733
5517996122736
5517996122743
5517996122745
5517996122746
5517996122771
5517996122777
5517996122785
5517996122794
5517996122796
5517996122809
5517996122871
5517996122872
5517996122881
5517996122886
5517996122887
5517996122891
5517996122896
5517996122907
5517996122933
5517996123038
5517996123105
5517996123122
5517996123137
5517996123244
5517996123372
5517996123382
5517996123388
5517996123399
5517996123440
5517996123449
5517996123457
5517996123465
5517996123479
5517996123528
5517996123580
5517996123587
5517996123655
5517996123662
5517996123727
5517996123784
5517996123813
5517996123818
5517996123848
5517996123899
5517996123961
5517996123987
5517996124060
5517996124074
5517996124131
5517996124141
5517996124155
5517996124166
5517996124180
5517996124216
5517996124237
5517996124244
5517996124259
5517996124263
5517996124278
5517996124364
5517996124405
5517996124423
5517996124437
5517996124466
5517996124481
5517996124495
5517996124522
5517996124558
5517996124578
5517996124601
5517996124615
5517996124620
5517996124633
5517996124639
5517996124645
5517996124664
5517996124701
5517996124702
5517996124721
5517996124754
5517996124830
5517996124834
5517996124843
5517996124861
5517996124882
5517996124905
5517996124954
5517996125151
5517996125155
5517996125163
5517996125165
5517996125166
5517996125167
5517996125168
5517996125182
5517996125192
5517996125193
5517996125263
5517996125335
5517996125360
5517996125405
5517996125421
5517996125432
5517996125444
5517996125480
5517996125515
5517996125517
5517996125522
5517996125543
5517996125546
5517996125578
5517996125640
5517996125651
5517996125653
5517996125665
5517996125731
5517996125735
5517996125753
5517996125776
5517996125850
5517996125907
5517996125923
5517996125969
5517996126059
5517996126080
5517996126086
5517996126092
5517996126120
5517996126123
5517996126205
5517996126291
5517996126298
5517996126301
5517996126338
5517996126364
5517996126455
5517996126462
5517996126464
5517996126513
5517996126520
5517996126578
5517996126589
5517996126590
5517996126599
5517996126641
5517996126644
5517996126652
5517996126669
5517996126677
5517996126691
5517996126721
5517996126744
5517996126793
5517996126818
5517996126838
5517996126864
5517996126873
5517996126878
5517996126931
5517996126932
5517996126938
5517996126940
5517996127046
5517996127090
5517996127171
5517996127184
5517996127187
5517996127368
5517996127396
5517996127480
5517996127536
5517996127562
5517996127578
5517996127597
5517996127615
5517996127670
5517996127701
5517996127733
5517996127765
5517996127790
5517996127798
5517996127804
5517996127830
5517996127835
5517996127841
5517996127858
5517996127888
5517996127917
5517996127925
5517996127928
5517996127967
5517996127973
5517996127983
5517996127991
5517996128117
5517996128145
5517996128147
5517996128189
5517996128196
5517996128219
5517996128281
5517996128331
5517996128349
5517996128365
5517996128381
5517996128393
5517996128402
5517996128415
5517996128491
5517996128508
5517996128533
5517996128561
5517996128622
5517996128628
5517996128665
5517996128701
5517996128756
5517996128809
5517996128882
5517996128929
5517996128970
5517996128989
5517996128998
5517996129005
5517996129006
5517996129007
5517996129048
5517996129115
5517996129308
5517996129366
5517996129368
5517996129448
5517996129488
5517996129546
5517996129561
5517996129604
5517996129637
5517996129661
5517996129668
5517996129670
5517996129675
5517996129718
5517996129948
5517996130002
5517996130054
5517996130057
5517996130082
5517996130086
5517996130171
5517996130180
5517996130190
5517996130194
5517996130210
5517996130245
5517996130356
5517996130381
5517996130402
5517996130520
5517996130542
5517996130545
5517996130564
5517996130567
5517996130570
5517996130603
5517996130609
5517996130665
5517996130676
5517996130687
5517996130714
5517996130726
5517996130803
5517996130888
5517996131007
5517996131025
5517996131029
5517996131118
5517996131251
5517996131254
5517996131477
5517996131517
5517996131540
5517996131593
5517996131697
5517996131722
5517996131779
5517996131794
5517996131829
5517996131847
5517996131858
5517996131869
5517996131871
5517996131872
5517996131878
5517996131893
5517996131918
5517996131982
5517996132015
5517996132017
5517996132060
5517996132069
5517996132070
5517996132072
5517996132115
5517996132144
5517996132147
5517996132164
5517996132193
5517996132194
5517996132205
5517996132231
5517996132298
5517996132488
5517996132520
5517996132540
5517996132588
5517996132684
5517996132693
5517996132705
5517996132749
5517996132787
5517996132800
5517996132805
5517996132818
5517996132828
5517996132869
5517996132886
5517996132888
5517996132977
5517996132978
5517996133005
5517996133013
5517996133069
5517996133118
5517996133122
5517996133135
5517996133143
5517996133146
5517996133150
5517996133152
5517996133183
5517996133206
5517996133230
5517996133233
5517996133242
5517996133255
5517996133279
5517996133280
5517996133297
5517996133321
5517996133334
5517996133347
5517996133354
5517996133358
5517996133364
5517996133371
5517996133372
5517996133377
5517996133426
5517996133462
5517996133485
5517996133489
5517996133501
5517996133502
5517996133544
5517996133552
5517996133687
5517996133727
5517996133728
5517996133755
5517996133814
5517996133831
5517996133836
5517996133945
5517996133954
5517996134032
5517996134084
5517996134129
5517996134177
5517996134276
5517996134326
5517996134369
5517996134439
5517996134486
5517996134512
5517996134586
5517996134614
5517996134642
5517996134656
5517996134667
5517996134698
5517996134712
5517996134728
5517996134800
5517996134876
5517996134949
5517996134992
5517996135020
5517996135106
5517996135137
5517996135151
5517996135158
5517996135167
5517996135179
5517996135203
5517996135243
5517996135249
5517996135320
5517996135362
5517996135363
5517996135387
5517996135455
5517996135518
5517996135541
5517996135581
5517996135587
5517996135671
5517996135705
5517996135790
5517996135820
5517996135836
5517996135839
5517996135846
5517996135852
5517996135876
5517996135920
5517996135960
5517996135961
5517996135982
5517996135994
5517996136067
5517996136097
5517996136111
5517996136149
5517996136150
5517996136202
5517996136206
5517996136212
5517996136225
5517996136270
5517996136271
5517996136273
5517996136290
5517996136328
5517996136342
5517996136346
5517996136373
5517996136420
5517996136440
5517996136466
5517996136504
5517996136521
5517996136526
5517996136551
5517996136558
5517996136675
5517996136738
5517996136810
5517996136811
5517996136859
5517996137082
5517996137162
5517996137176
5517996137221
5517996137262
5517996137266
5517996137281
5517996137287
5517996137293
5517996137303
5517996137319
5517996137330
5517996137372
5517996137410
5517996137447
5517996137539
5517996137547
5517996137555
5517996137557
5517996137581
5517996137596
5517996137636
5517996137637
5517996137641
5517996137663
5517996137667
5517996137680
5517996137744
5517996137745
5517996137746
5517996137752
5517996137772
5517996137781
5517996137782
5517996137812
5517996137814
5517996137816
5517996137837
5517996137943
5517996137947
5517996137964
5517996137973
5517996138028
5517996138069
5517996138079
5517996138123
5517996138137
5517996138147
5517996138167
5517996138172
5517996138205
5517996138272
5517996138412
5517996138478
5517996138490
5517996138501
5517996138505
5517996138510
5517996138561
5517996138568
5517996138595
5517996138666
5517996138748
5517996138813
5517996138824
5517996138825
5517996138852
5517996138869
5517996138909
5517996138940
5517996139025
5517996139038
5517996139107
5517996139117
5517996139121
5517996139160
5517996139223
5517996139270
5517996139276
5517996139307
5517996139318
5517996139328
5517996139337
5517996139377
5517996139393
5517996139413
5517996139529
5517996139532
5517996139554
5517996139768
5517996139824
5517996139889
5517996139932
5517996139940
5517996139957
5517996140042
5517996140043
5517996140057
5517996140074
5517996140076
5517996140081
5517996140161
5517996140232
5517996140247
5517996140255
5517996140268
5517996140485
5517996140492
5517996140518
5517996140519
5517996140603
5517996140659
5517996140676
5517996140685
5517996140688
5517996140694
5517996140710
5517996140711
5517996140734
5517996140906
5517996140953
5517996140955
5517996140960
5517996140974
5517996140993
5517996141020
5517996141139
5517996141157
5517996141203
5517996141277
5517996141283
5517996141288
5517996141291
5517996141316
5517996141337
5517996141464
5517996141466
5517996141511
5517996141566
5517996141571
5517996141575
5517996141588
5517996141751
5517996141755
5517996141757
5517996141813
5517996141869
5517996141886
5517996141969
5517996141979
5517996142066
5517996142078
5517996142099
5517996142102
5517996142175
5517996142417
5517996142455
5517996142661
5517996142667
5517996142838
5517996142941
5517996143050
5517996143053
5517996143104
5517996143112
5517996143159
5517996143168
5517996143173
5517996143259
5517996143268
5517996143282
5517996143298
5517996143306
5517996143316
5517996143324
5517996143337
5517996143338
5517996143342
5517996143360
5517996143363
5517996143412
5517996143413
5517996143427
5517996143441
5517996143447
5517996143454
5517996143456
5517996143457
5517996143460
5517996143461
5517996143476
5517996143483
5517996143500
5517996143637
5517996143641
5517996143646
5517996143675
5517996143711
5517996143740
5517996143768
5517996143784
5517996143790
5517996143824
5517996143838
5517996143919
5517996143933
5517996143942
5517996143947
5517996143961
5517996144006
5517996144025
5517996144059
5517996144079
5517996144166
5517996144188
5517996144252
5517996144359
5517996144399
5517996144453
5517996144517
5517996144575
5517996144618
5517996144709
5517996144726
5517996144759
5517996144806
5517996144857
5517996144898
5517996144915
5517996145029
5517996145069
5517996145092
5517996145196
5517996145232
5517996145251
5517996145252
5517996145364
5517996145389
5517996145395
5517996145414
5517996145516
5517996145528
5517996145540
5517996145571
5517996145618
5517996145694
5517996145727
5517996145774
5517996145785
5517996145822
5517996145834
5517996145841
5517996145897
5517996145900
5517996145918
5517996145961
5517996146007
5517996146065
5517996146246
5517996146255
5517996146288
5517996146343
5517996146373
5517996146378
5517996146462
5517996146524
5517996146529
5517996146536
5517996146548
5517996146554
5517996146555
5517996146563
5517996146656
5517996146749
5517996146753
5517996146811
5517996146874
5517996146999
5517996147020
5517996147039
5517996147084
5517996147109
5517996147137
5517996147146
5517996147181
5517996147251
5517996147260
5517996147289
5517996147299
5517996147310
5517996147338
5517996147340
5517996147394
5517996147429
5517996147432
5517996147492
5517996147546
5517996147588
5517996147683
5517996147817
5517996147822
5517996147916
5517996148051
5517996148158
5517996148245
5517996148260
5517996148353
5517996148356
5517996148438
5517996148543
5517996148614
5517996148657
5517996148666
5517996148791
5517996148793
5517996148824
5517996148850
5517996149063
5517996149085
5517996149237
5517996149250
5517996149259
5517996149384
5517996149413
5517996149566
5517996149628
5517996149704
5517996149715
5517996149727
5517996149737
5517996149753
5517996149774
5517996149808
5517996149809
5517996149825
5517996149834
5517996149851
5517996149852
5517996149861
5517996149862
5517996149879
5517996149881
5517996149886
5517996149903
5517996149907
5517996149921
5517996149924
5517996149929
5517996149934
5517996149950
5517996149992
5517996150024
5517996150081
5517996150108
5517996150178
5517996150182
5517996150186
5517996150228
5517996150253
5517996150351
5517996150366
5517996150416
5517996150422
5517996150486
5517996150498
5517996150650
5517996150679
5517996150695
5517996150744
5517996150845
5517996150862
5517996150919
5517996150964
5517996151034
5517996151049
5517996151214
5517996151258
5517996151268
5517996151284
5517996151356
5517996151495
5517996151528
5517996151586
5517996151617
5517996151663
5517996151718
5517996151779
5517996151866
5517996151924
5517996151925
5517996151946
5517996151978
5517996152052
5517996152094
5517996152126
5517996152187
5517996152291
5517996152307
5517996152324
5517996152330
5517996152359
5517996152469
5517996152478
5517996152479
5517996152553
5517996152567
5517996152587
5517996152617
5517996152629
5517996152630
5517996152648
5517996152695
5517996152712
5517996152715
5517996152801
5517996152845
5517996152923
5517996152924
5517996152943
5517996152995
5517996152999
5517996153031
5517996153050
5517996153069
5517996153089
5517996153093
5517996153108
5517996153110
5517996153123
5517996153129
5517996153169
5517996153180
5517996153190
5517996153191
5517996153271
5517996153276
5517996153385
5517996153423
5517996153442
5517996153456
5517996153474
5517996153485
5517996153494
5517996153497
5517996153519
5517996153527
5517996153529
5517996153542
5517996153570
5517996153574
5517996153581
5517996153603
5517996153606
5517996153652
5517996153662
5517996153688
5517996154024
5517996154052
5517996154056
5517996154068
5517996154105
5517996154167
5517996154210
5517996154288
5517996154289
5517996154305
5517996154342
5517996154374
5517996154377
5517996154392
5517996154414
5517996154458
5517996154462
5517996154603
5517996154640
5517996154711
5517996154766
5517996154813
5517996154831
5517996154841
5517996154844
5517996154846
5517996154856
5517996154859
5517996154865
5517996154911
5517996154950
5517996154969
5517996154973
5517996154974
5517996154989
5517996155011
5517996155015
5517996155016
5517996155021
5517996155025
5517996155061
5517996155068
5517996155069
5517996155106
5517996155116
5517996155124
5517996155145
5517996155155
5517996155193
5517996155195
5517996155197
5517996155206
5517996155210
5517996155251
5517996155259
5517996155270
5517996155320
5517996155331
5517996155332
5517996155346
5517996155382
5517996155391
5517996155393
5517996155411
5517996155443
5517996155473
5517996155477
5517996155480
5517996155489
5517996155491
5517996155494
5517996155498
5517996155547
5517996155587
5517996155629
5517996155646
5517996155652
5517996155662
5517996155678
5517996155693
5517996155697
5517996155709
5517996155716
5517996155718
5517996155735
5517996155751
5517996155807
5517996155834
5517996155869
5517996155971
5517996155974
5517996156009
5517996156013
5517996156019
5517996156021
5517996156028
5517996156065
5517996156076
5517996156085
5517996156153
5517996156189
5517996156210
5517996156254
5517996156276
5517996156310
5517996156344
5517996156392
5517996156395
5517996156396
5517996156421
5517996156519
5517996156523
5517996156536
5517996156624
5517996156644
5517996156675
5517996156725
5517996156892
5517996156897
5517996156899
5517996156944
5517996156989
5517996157020
5517996157088
5517996157220
5517996157326
5517996157343
5517996157347
5517996157348
5517996157368
5517996157408
5517996157448
5517996157515
5517996157538
5517996157539
5517996157552
5517996157628
5517996157703
5517996157707
5517996157759
5517996157801
5517996157812
5517996157824
5517996157835
5517996157858
5517996157902
5517996157929
5517996157944
5517996158103
5517996158112
5517996158183
5517996158293
5517996158324
5517996158346
5517996158347
5517996158356
5517996158380
5517996158387
5517996158418
5517996158422
5517996158431
5517996158511
5517996158566
5517996158583
5517996158726
5517996159714
5517996160012
5517996160017
5517996160034
5517996160087
5517996160089
5517996160107
5517996160108
5517996160113
5517996160126
5517996160179
5517996160197
5517996160214
5517996160215
5517996160218
5517996160221
5517996160223
5517996160231
5517996160300
5517996160358
5517996160380
5517996160381
5517996160384
5517996160395
5517996160454
5517996160462
5517996160556
5517996160581
5517996160590
5517996160641
5517996160735
5517996160778
5517996160815
5517996160922
5517996160977
5517996161036
5517996161042
5517996161054
5517996161058
5517996161106
5517996161173
5517996161212
5517996161345
5517996161454
5517996161469
5517996161519
5517996161597
5517996161620
5517996161715
5517996161735
5517996161774
5517996161807
5517996161820
5517996161903
5517996161912
5517996162042
5517996162058
5517996162090
5517996162097
5517996162102
5517996162153
5517996162179
5517996162202
5517996162284
5517996162302
5517996162356
5517996162357
5517996162390
5517996162393
5517996162402
5517996162406
5517996162427
5517996162435
5517996162441
5517996162443
5517996162466
5517996162504
5517996162529
5517996162541
5517996162559
5517996162591
5517996162664
5517996162705
5517996162749
5517996162762
5517996162793
5517996162801
5517996162833
5517996162838
5517996162851
5517996162860
5517996162914
5517996162988
5517996162992
5517996163013
5517996163030
5517996163082
5517996163142
5517996163251
5517996163298
5517996163311
5517996163343
5517996163403
5517996163405
5517996163419
5517996163444
5517996163462
5517996163465
5517996163513
5517996163559
5517996163580
5517996163644
5517996163693
5517996163803
5517996163822
5517996163824
5517996164021
5517996164028
5517996164054
5517996164076
5517996164139
5517996164214
5517996164246
5517996164269
5517996164298
5517996164367
5517996164405
5517996164413
5517996164434
5517996164497
5517996164514
5517996164534
5517996164562
5517996164569
5517996164583
5517996164616
5517996164689
5517996164711
5517996164715
5517996164728
5517996164737
5517996164755
5517996164783
5517996164796
5517996164819
5517996164897
5517996164989
5517996165005
5517996165033
5517996165072
5517996165126
5517996165210
5517996165272
5517996165310
5517996165411
5517996165483
5517996165694
5517996165761
5517996165800
5517996165823
5517996165826
5517996165855
5517996165888
5517996165943
5517996165945
5517996165954
5517996166031
5517996166180
5517996166184
5517996166190
5517996166192
5517996166278
5517996166280
5517996166281
5517996166342
5517996166355
5517996166365
5517996166380
5517996166418
5517996166420
5517996166492
5517996166499
5517996166502
5517996166514
5517996166529
5517996166534
5517996166590
5517996166612
5517996166616
5517996166620
5517996166649
5517996166654
5517996166655
5517996166688
5517996166703
5517996166723
5517996166733
5517996166735
5517996166736
5517996166738
5517996166778
5517996166816
5517996166827
5517996166958
5517996166982
5517996166983
5517996166987
5517996166989
5517996167004
5517996167008
5517996167022
5517996167060
5517996167083
5517996167117
5517996167119
5517996167218
5517996167282
5517996167283
5517996167284
5517996167308
5517996167330
5517996167341
5517996167355
5517996167393
5517996167464
5517996167904
5517996167938
5517996168034
5517996168054
5517996168140
5517996168174
5517996168188
5517996168208
5517996168272
5517996168306
5517996168312
5517996168404
5517996168430
5517996168500
5517996168528
5517996168575
5517996168805
5517996168833
5517996168843
5517996168855
5517996168863
5517996168872
5517996168876
5517996168939
5517996168987
5517996169003
5517996169108
5517996169191
5517996169272
5517996169312
5517996169403
5517996169406
5517996169426
5517996169428
5517996169462
5517996169545
5517996169570
5517996169583
5517996169657
5517996169662
5517996169695
5517996169713
5517996169840
5517996169909
5517996169943
5517996169951
5517996169969
5517996169972
5517996170011
5517996170031
5517996170036
5517996170042
5517996170102
5517996170116
5517996170122
5517996170147
5517996170158
5517996170198
5517996170212
5517996170213
5517996170238
5517996170251
5517996170254
5517996170307
5517996170309
5517996170319
5517996170366
5517996170391
5517996170392
5517996170415
5517996170428
5517996170449
5517996170472
5517996170486
5517996170501
5517996170532
5517996170544
5517996170548
5517996170580
5517996170584
5517996170587
5517996170631
5517996170638
5517996170641
5517996170675
5517996170694
5517996170698
5517996170699
5517996170706
5517996170768
5517996170806
5517996170845
5517996170884
5517996170905
5517996170944
5517996170959
5517996170982
5517996171005
5517996171015
5517996171020
5517996171058
5517996171059
5517996171110
5517996171124
5517996171156
5517996171161
5517996171205
5517996171352
5517996171380
5517996171422
5517996171514
5517996171544
5517996171548
5517996171552
5517996171593
5517996171790
5517996171794
5517996171829
5517996171835
5517996171843
5517996171967
5517996171975
5517996172108
5517996172132
5517996172154
5517996172175
5517996172196
5517996172272
5517996172286
5517996172400
5517996172409
5517996172423
5517996172446
5517996172507
5517996172515
5517996172609
5517996172642
5517996172697
5517996172782
5517996172804
5517996172812
5517996172814
5517996172822
5517996172824
5517996172828
5517996172859
5517996172911
5517996172921
5517996172983
5517996172997
5517996173017
5517996173063
5517996173094
5517996173121
5517996173122
5517996173123
5517996173146
5517996173153
5517996173183
5517996173286
5517996173362
5517996173366
5517996173369
5517996173461
5517996173462
5517996173471
5517996173518
5517996173561
5517996173577
5517996173635
5517996173669
5517996173716
5517996173721
5517996173775
5517996173799
5517996173840
5517996173880
5517996173889
5517996173894
5517996173907
5517996173924
5517996174110
5517996174128
5517996174135
5517996174140
5517996174160
5517996174183
5517996174281
5517996174312
5517996174350
5517996174422
5517996174427
5517996174433
5517996174486
5517996174607
5517996174611
5517996174650
5517996174694
5517996174732
5517996174743
5517996174797
5517996174812
5517996174855
5517996174896
5517996174942
5517996174956
5517996175051
5517996175072
5517996175103
5517996175135
5517996175239
5517996175252
5517996175259
5517996175262
5517996175268
5517996175352
5517996175357
5517996175410
5517996175448
5517996175470
5517996175475
5517996175526
