Benefício;nome;CPF;Celular
1003032408;JOSE;29054176687;5527999442080
1003177864;ELIENE;48035874772;5527995801955
1003202583;JULIO;18997899600;5533999411051
1003259780;ARMINDO;48872733715;5527998411657
1003370176;WALDEMIRO;57958203772;5527988920155
1003801002;BOAVENTURA;38807769700;5527999181923
1003825831;SERGIO;57451702715;5527999632961
1005112310;CLEIDE;05359124806;5517997777904
1005718536;ANTONIO;25116150615;5531989799738
1005812826;VALTER;24168327604;5531983469540
1005953225;ELCIO;19074301649;5531997844175
1007243420;ROBERTO;28528514668;5532988280241
1007588192;ANTONIO;06098371253;5591996320370
1008937034;JOSE;21556431953;5545984078646
1009111172;ELIZABETH;85692247453;5581988431164
1010384527;NILDA;40924823704;5521972547772
1010417751;FREDERICO;35149590720;5521984669166
1012411700;GECEI;29936144015;5551999721877
1014619472;OLIVIO;43245927991;5548988085497
1015167087;ANTONIO;08786849808;5511991993617
1015262578;JUSSARA;08719958838;5511996003367
1015430756;MARIA;15080417846;5511976304787
1015471142;ZENILDA;19186127810;5516993163390
1015769354;OSMAR;02053645865;5516996173461
1015907323;AMAURI;79837840820;5514998849525
1016422358;CARLOS;66727987815;5519991465823
1016788832;LUIZ;81073372804;5511965903795
1016839267;ANA;00850440831;5511998246260
1017979917;KARLA;38595435120;5561999949198
1019095358;BEATRIZ;65837100059;5511993090990
1019115944;ANDREIA;11348779861;5511973906531
1019216066;JOAO;78340578804;5513996393528
1019217607;JOSE;78230829853;5513988803531
1019696807;ROSEMARY;24852335869;5513988108885
1020012886;MARIA;80882188887;5511991878371
1020103784;PAULO;08606390534;5571999593510
1020808010;FLAUSINO;77302664820;5516999637963
1020956124;ROGERIO;73296740872;5513988507505
1021491117;VERA;73594156087;5551986444021
1021516608;NILO;28250311000;5551999761058
1021534584;MARCO;25564862015;5551995068272
1022321339;VALERIA;81883498791;5521988748971
1022490858;TEODOZIO;77486889820;5511999332694
1022717275;NADIR;49531425000;5551985244015
1023152590;WALTER;72417242834;5511998474100
1023393180;REGINALDO;09830235491;5583986136217
1024138973;SOLANGE;57299242915;5547984711872
1025715389;EDUARDO;03915531863;5511973014907
1025832083;AIRTON;73187097804;5513992038634
1025867375;JESUITA;52384241168;5561996659501
1025890857;WAGNER;76377687834;5535999118598
1026374984;VIRGINIA;69246696891;5511942851907
1026538146;EVERALDO;86149172872;5517991285913
1027100640;ANTONIA;26977428830;5511998806497
1027833907;JORGE;29145724687;5531995455605
1028029800;REGINA;66299853700;5521993168725
1028435654;JOSE;67614043804;5511999915696
1028690123;LUIZ;77603826853;5519993043393
1029329947;JORGE;41156161720;5522999829957
1029337281;MARIA;67161316715;5521992017810
1029351632;MARIA;01240832699;5531986427501
1029379413;MAURO;39391558704;5524999831988
1029384042;LUIZ;39367304749;5524998192240
1030259884;ANILDO;22329013000;5551996551635
1030474270;JORGE;22371001104;5561991921541
1030970260;JOSE;72131845804;5519999869399
1030975270;SEBASTIAO;72150300834;5519991224733
1031479268;AURINO;37237357700;5575983269929
1031697460;SADI;22260706053;5551985438641
1031884057;TEREZA;43698417553;5573988115586
1032627651;LUZIA;21416599819;5519999920913
1032971409;ENESI;50627260004;5555999669529
1033636670;ALAIDE;07254882800;5574981205188
1034643530;ITAMAR;44200730987;5547992136951
1035344154;JOSE;00491341830;5519993830116
1035839048;JOSE;52137651734;5593999782814
1036605601;CLAUDIO;81900694891;5511967691161
1037091865;ADEIR;46181580778;5521966027609
1037180477;ALCEU;33924333068;5551993211894
1037344909;CARLOS;72407018834;5519997824621
1037853170;JORGE;74160680704;5521986524916
1037854486;GUSTAVO;54405688753;5521993250488
1037854486;GUSTAVO;54405688753;5521993250488
1037857329;MONICA;84196580734;5521998948883
1038466579;ELIAS;20579586634;5531999437950
1038474857;SILVIO;49024450691;5531988625334
1039159807;ANTONIO;33730385615;5531989224724
1039178763;SONIA;55663222634;5534999471229
1039847819;SERGIO;18131328600;5531999876963
1039924473;MARIA;56099576215;5591985566785
1040215383;AMERICA;27875597862;5586988813456
1040234329;LUIS;01595267875;5567998204272
1040319146;JOSE;73806587868;5512988777577
1040557136;CYRANA;21763844668;5531995948628
1040649901;JOSE;19246757653;5535998140079
1040880930;ELCIO;00722376863;5514991510666
1041317040;VILMAR;28301064072;5551984526794
1041596020;JOAQUIM;52995844820;5511947913259
1042700165;HENRIQUE;19849834668;5531997970295
1043117188;ROSANE;29989450072;5551998962016
1043820601;MARIA;23718978920;5569984369526
1043961221;RONALDO;47032189768;5521990218101
1043966851;AUREA;68363990787;5573981684173
1045427982;PAULO;45373841749;5522997504730
1046611752;IVO;15899683104;5594984222715
1047404785;SELMA;26455927087;5551982005293
1047613910;SUELI;14699451187;5567991994570
1047952910;JORDAO;27992136004;5551910261504
1048616166;CERGUE;28917251668;5534988595202
1048643465;BENEDITO;08828890282;5593991028186
1049443605;JOSE;08291080259;5591991776453
1050167861;VALTER;88331296834;5513991450277
1050346995;JOSE;21723575615;5531989429937
1050582729;LUZIA;01187932760;5521976829159
1050600778;ELIANE;81361769734;5521994765215
1050661033;FRANCISCO;08628262415;5584988380933
1050978070;CARLOS;69124469815;5511993605444
1051523033;MARIA;49716018720;5524999640054
1052253706;IRENE;39243702904;5542991257812
1052508747;ROZARIA;94795738815;5516999610671
1052933685;MAURIA;03107115410;5581988617362
1052987904;MARCOS;37194682753;5521996664537
1053504567;DALVANIRA;17544307832;5516993885723
1054450401;ERENICE;05363200716;5521986311924
1054464534;MIRIAM;54472938715;5521991881220
1054535598;HELIO;10800590325;5585988288264
1054614170;ROSILDA;56393822600;5534988756206
1055657824;CANDIDO;39934152720;5521999569698
1056615319;FLORACI;19638425881;5516991818889
1057074621;MARIA;03673917838;5511969464835
1057203138;JOSE;60580585891;5511974552151
1057514133;MARCOS;32740514700;5524988262896
1058103439;JOSE;02041046880;5516992320754
1058743012;LUCIENE;26542273832;5513988761323
1058772845;PEDRO;73796530834;5512992175972
1059114450;FRANCISCO;13979663515;5575988173770
1059381157;PEDRO;42718988991;5546984003491
1059514858;JOSE;39395529768;5524988821543
1059561678;ILSE;21280100044;5551999899479
1059820932;GILBERTO;78386438800;5513991414044
1059847555;JOSE;75234122891;5515997166029
1060236246;ELISABETE;31217290044;5554999003303
1060252250;GILBERTO;19141181034;5553984365228
1061033845;HELVIO;81963335872;5519997040896
1061058350;ADALBERTO;00937194859;5511998638156
1061731429;MARILINE;38020300449;5583988135335
1061731429;MARILINE;38020300449;5583988135335
1061810060;ROSA;43412866768;5583993721143
1062272517;JOSUE;11300309890;5511980535794
1062416055;SILVIO;74003089804;5512997870701
1062646301;MAUSILIO;77422937815;5519971091551
1063148658;ELIANE;01684567882;5519996716188
1063244118;CARLOS;67797784868;5511993716411
1063399103;CLEBER;20743475615;5531991680603
1063399499;EDIDIO;24346985653;5531985970911
1063835701;AZIEL;89008278804;5515991627435
1064782938;JORGE;24457817015;5555984538730
1065323856;MARLENE;13534947053;5551986213126
1065514910;CARLOS;17502543520;5571982127436
1066058579;MARIA;81948433753;5521987015043
1066071249;BENEDITO;62214179704;5521998136359
1066751207;IVONIR;44346840949;5564996583997
1067336459;DARIO;10214658449;5581989897103
1068408631;ZILDA;02125864754;5524910161005
1068471112;JOSE;26618486068;5551985096007
1068711210;FERNANDO;77184440820;5588993753937
1068876740;CICERA;12183058862;5512996229460
1068894005;FERNANDO;78798337815;5512991718982
1068896180;ALBERTO;64868990853;5515997008227
1069175355;JOSE;47120169734;5527999962816
1069187027;REJANE;33283877572;5521992252502
1069369370;LUIZ;98482270834;5511948605470
1069605007;ROGERIO;24658634600;5531997594189
1069713101;ROSINEIDE;25223283449;5583986189063
1069924722;DENISE;09039318859;5511999353557
1070022567;VALDEMAR;84098996804;5511964192452
1070275139;MARCIA;47066768604;5531999360355
1070517310;ANTONIO;79740561853;5514998116520
1070638908;ANTONIO;29582318600;5531999670299
1072545311;ETIENE;73354341815;5513996383758
1072812204;LAZARO;74796569804;5531988602816
1073152380;MIGUEL;00313316880;5514988348512
1073568420;JOSE;88020045872;5577999989688
1074010938;ERENILDE;36098221553;5511967774901
1074740758;FLAVIO;19444745015;5555999391832
1075296096;VERA;63643472668;5531988791408
1075381905;LUIZ;22211454615;5531985149893
1075600950;CACILDA;30652812791;5521996026307
1075797699;FRANCISCO;76363988853;5511994170698
1076848475;ARNALDO;13133438620;5534991573105
1077323066;EUFRASIO;03368225880;5511967312074
1079301256;MARIA;39033813904;5531999783179
1079548642;NILSON;35343400787;5527999726015
1079593737;JORGE;49865641704;5524999861273
1080145998;FERNANDO;39069923734;5521967427387
1080431613;BARBARA;01323238506;5571987700701
1081663500;ZELIA;65792580715;5524999110203
1081826778;ANGELA;00059802910;5547999977916
1081904469;JOAO;76279804887;5511931476517
1082155672;MARCOS;65896629834;5513991550082
1082166062;MARISA;78192102815;5513997827226
1082253895;MARCELO;64883230830;5511974302902
1082317923;SANDRA;38930978215;5569999792468
1082421933;ANTONIO;19987528104;5519988415785
1082495880;BENEDITO;97956716853;5511975992495
1082878488;CELIA;05402675899;5511997899356
1083628892;MARIA;26968816857;5511989968077
1083847993;JORGE;45951110700;5521974800483
1083853020;IRIS;01235147703;5522988113413
1084096398;IVAIR;27421341668;5531971276820
1084684370;PEDRO;87879115820;5511962059260
1084781597;CARLOS;01571511822;5514991580362
1084791363;MANOEL;96910054849;5519999081391
1086620744;IVANILDO;12698148420;5581981148469
1087364962;JOSE;96636548800;5519993687431
1087421583;SIRLENE;24612381890;5511994718331
1088632898;VALDIR;11502029391;5588992784217
1089316779;VERONICA;87962616504;5571910082277
1090167064;MARIA;76749843115;5565999982719
1090296638;SEBASTIAO;19026919620;5527997399177
1090298231;CRISTOVAM;20536216649;5531987227434
1090299432;HELIO;29966817620;5531988228255
1090364994;RODOVI;23223472053;5554999113120
1091532467;LEONILDA;05800658803;5515997230467
1091937793;AUGUSTA;64362698515;5571981665275
1092473200;JOSE;97161500834;5513997830568
1093015761;PEDRO;92409202853;5514997084888
1093302329;MARLI;28713567268;5591991540645
1094400910;MARIA;24921146861;5511980786425
1094421500;ANA;76005879804;5511982687778
1094785668;AMANDIO;31719082715;5521998307536
1094994356;SERGIO;85797782804;5511997312002
1095765431;EUDES;00360674828;5588993625457
1096494466;JOSE;73297410868;5513991884679
1096843258;FRANCISCO;05885531315;5521991048124
1097572002;ELIZETE;54894735687;5531985028340
1099254105;TANIA;25698940606;5535999440721
1099571160;TADEU;61357480768;5524999868170
1099573596;ROBERTO;49782550744;5524998553488
1100459429;ANTONIO;93036256849;5519997840105
1102138409;JOAO;24284904000;5553999778815
1102247518;MARCOS;10253279852;5517988290703
1102326272;JORGE;91746833815;5512991836376
1102523248;ALOISIO;47870788791;5527999637695
1102893860;ANILTON;03547332818;5511975455066
1104207238;JOSE;29900425049;5551999085319
1104799283;LUIZ;43253253600;5535999457164
1105404878;LUIZ;98879529820;5511946353251
1105529972;APARECIDO;86535102815;5511971245209
1106960782;ALCEU;38990385091;5554999565762
1108177473;EDIVALDO;54636248791;5521910943303
1108417342;NANCY;21449610854;5511985413859
1108947198;MARIA;30350762864;5511972047152
1109389040;VERA;51078686734;5524988645508
1110922695;MARTA;80493750053;5548984973341
1113246496;HAMILTON;28068769900;5543984732050
1114099829;MARIO;01598949802;5511973807735
1114691647;ELINE;09877533553;5571988661836
1116311205;GENIVALDO;00424028832;5511961492739
1116564332;JOAO;30364507691;5531997967820
1116902971;TERESINHA;26910544897;5511997755068
1116930924;JOSE;11618175572;5575988615716
1116931793;JOSE;09520899553;5575988660904
1117915732;HELIO;02072854890;5515988175230
1118416411;MAGLIA;22857818068;5551985277958
1118682596;SIMONE;55978711100;5561992094861
1120206437;EUCLIDES;59971282887;5511965611736
1120671326;SEBASTIAO;21472173600;5535999000477
1120997310;ELIZET;85887870672;5533988722673
1121133425;AGENOR;19634927491;5581991664776
1121175497;ROSANE;49187392704;5521990829782
1121429995;ADELINO;01519139861;5511998844830
1122346988;EUGENIO;24316393634;5531986576740
1124246190;JOSEMIR;24010723653;5534999572833
1124946737;ADAIR;21767017987;5547999417753
1125389440;ANA;48959286672;5535984760487
1125768107;JOSE;92371426849;5519998559076
1126092964;AILTON;23205350987;5541910191513
1127068889;JOSE;46178937768;5521996088334
1127566480;WALKIRIA;03394150883;5515997941841
1127595625;SILVIO;04348274878;5511983417769
1129195217;SUELI;08402617808;5511993832365
1130206820;IVONE;17788765015;5551993315251
1130792118;MARIA;28615166072;5551999559324
1131456430;MARIA;06601184837;5511979732484
1132585357;ANA;04856464809;5516997836438
1135248556;MARIO;03807289828;5511996151516
1135677058;JOAO;22981217020;5553991751098
1135691611;ALFREDO;29432448991;5547984543362
1137836072;LEONI;40001946900;5541984434156
1138851792;LUZITANA;38852853049;5553999487324
1139609812;ARY;51896052800;5512997732317
1141837355;MARIA;09468556840;5514996649309
1142232791;MARIA;05715598249;5591999123540
1143281753;MARIA;90577264591;5571986402219
1143729428;PEDRO;10279075472;5581991360133
1144595620;MAURI;36846880968;5511972366630
1144752164;VERA;22154861806;5531983673965
1145670510;MARIA;14127130482;5583988146700
1147339268;JOSE;02436380864;5511971271446
1147442336;ANTONIO;80795846800;5511995568563
1150967371;FLAVIA;18809426827;5519995022172
1151343533;MARIA;07354940453;5581986454576
1151784742;ROGERIO;20844859672;5532999494246
1152113779;SILVANA;03808699850;5511946262752
1152328619;MARCOS;86068903753;5527996459984
1153740955;MANOEL;11727780191;5561993465070
1153793323;MARIA;52572242591;5577998044340
1154446058;ANTONIO;00891342818;5511965240687
1154469805;NEWTON;29710871153;5561992561109
1155051910;JOSE;85014605834;5519998955092
1156549946;RUBENS;44215991900;5547991326510
1156759401;MARIA;11231757809;5515991323644
1158248978;MARLENE;25726743865;5511999211295
1160665114;HOZAIR;02824395443;5584981351561
1161195618;SILVIA;56369964549;5575999733568
1161850500;MARIA;30938570668;5519987807645
1162412051;MAURO;29987377653;5531991430913
1163350980;SEVERINA;11950429814;5511965846408
1163737841;CATIA;04767577705;5521910341757
1164541541;ANA;62951122853;5511963815306
1164770761;ISABEL;15908461504;5571988045235
1165023498;RAIMUNDO;24445738620;5531982607981
1165475747;ITAMAR;44407220759;5521988213832
1165575598;CLAUDIO;25925970004;5553984432141
1165587880;ROMEU;21899460004;5553984749030
1168281951;BENEDITO;93107781800;5515991035911
1170240280;DARCI;11675004153;5561986242797
1170970424;COZUE;83142282815;5541991123874
1171686223;MAGDA;01252146779;5585985441560
1171854053;GEZONITA;12556384867;5519991319358
1173464759;FRANCISCA;12964619808;5562995574386
1174032127;WALDIR;38108640725;5524988364870
1174348400;MARIA;34277536204;5592992223357
1177166329;MARIA;24594857000;5555996300022
1177849132;ANA;78943523734;5538988294390
1179110223;LARRY;49892126734;5524999459698
1179981577;JAIR;00174956878;5511972150713
1180255817;MARIA;84901608649;5566999869796
1181180322;LEILA;00409978809;5511992773499
1182151580;PENHA;99607620763;5527999426517
1182783322;MARIA;66282675472;5582988599582
1183276327;TALITA;92413935053;5551992824857
1184168285;PAULO;88335852715;5521996831335
1184541849;VANCLIUDA;19447602886;5573981421479
1185333085;ALDA;05132340806;5518996767074
1185950165;NELSON;42091829900;5547991638462
1186637371;HELOISA;52817725620;5537988556700
1187762714;LUCIENE;43419224672;5534988632563
1188089347;LUIZ;21999503015;5551997113823
1188311325;VALMIR;01031918876;5538999938528
1188943712;JACQUELINE;08524261862;5516992760642
1190381645;NAIR;93250134791;5521991421857
1190906616;DULCELE;15459918120;5562992712371
1193082894;GUILHERME;07314462836;5511994227837
1193161611;MEMPHIS;04731619823;5511971097024
1193490097;RICARDO;17653380697;5531987368537
1193822499;MARIA;03880146870;5511943119524
1193856903;RAQUEL;15425404883;5511973958723
1193866232;ELIANA;00598908862;5562995549524
1193888970;FRANCIMAR;85743070172;5561986247810
1195650008;LIBERINA;03510142845;5511972951300
1197145696;ROSA;13997073880;5511979719373
1197557960;MARILMAR;15646501890;5511974430520
1199269481;IONE;00662270894;5511998531193
1200082360;LUIZ;96328142820;5519993396323
1200838987;ROSENALVA;14307256808;5519995616253
1202309760;JOSE;34765182720;5521989534329
1202496072;LAURA;01837126844;5511989043164
1203459650;TERESINHA;60154934453;5583986461846
1204291028;CATIA;47628464734;5521998992105
1205592080;ADEVANIR;65466284734;5524999304363
1207648962;IRACEMA;01072924838;5584987793185
1207673185;ANTONIO;70615616887;5517997292399
1207908875;SONIA;16821491100;5562985581424
1208198197;CARMEN;48383180730;5521991415758
1210203291;RUBENS;63273209887;5511997098369
1212127690;LUCIA;32294131991;5541992552327
1213236891;MARIA;31689573805;5511967410566
1213551690;ALMIR;33277915700;5527997046716
1214087342;ESMERALDA;28576759845;5511971463865
1215805648;CINTIA;72057580920;5547992000442
1216713399;ILMA;99053500120;5565999947141
1217251690;JOAO;57477132649;5535999743779
1217380326;FRANCISCO;17419352372;5585988959837
1217723347;ROSA;17477727472;5581988230026
1217746843;MARCOS;32793219487;5581986751148
1218471279;JESSE;33616400678;5531987648334
1219505754;MARLETE;44423730006;5595999022414
1219798131;HILTON;03155146800;5532988653063
1220981785;JUCELIA;59621788749;5521993582727
1220989476;ALEXANDRE;39774031768;5521986424879
1223453240;VANDA;10306990890;5511966716416
1223621623;IGOR;94778450515;5571986778206
1225183380;IVETE;93305362987;5549985054653
1226362491;SALVADOR;36543675772;5524988275010
1226447071;ELISABETE;27599693807;5519999590524
1226956243;TANIA;67608221704;5521995185596
1227353496;OSWALDO;00962330876;5511997026772
1227507248;LUIZ;01646520866;5511999256698
1227661581;NEIDE;66509920620;5533988539811
1227696555;NEWTON;45633517687;5531996260769
1229017043;FRANCISCO;69417954768;5524999526033
1229831026;ROSANA;93283598720;5521975976442
1230568708;VANDERLEI;28682912600;5535999246983
1230870021;CARMEM;31277098700;5521994318193
1231734857;EMILEYDE;26282994888;5515996163506
1232872668;JOSE;36601225720;5524992400898
1233301982;NEUSA;02301513882;5511945840997
1233908526;ELISNEIDE;78819920182;5562999635891
1235040426;DACRE;82545952168;5562994180440
1236187684;MARIA;39099067704;5522999965907
1236400302;VERA;69720770449;5582988552810
1239516344;EUDES;19151233134;5591991123225
1239555978;WAGNER;02006752901;5569984750870
1240222286;LUIZ;33242860004;5594999731004
1240645195;JOANA;01257062867;5511992871055
1240878653;ALCIDES;89080505820;5515996975935
1241324988;MOISEZ;58714987791;5521987487512
1241444690;MARLEI;67520561020;5555999782625
1242367010;LOURIVAL;16697482869;5511988388097
1243401769;MARCIA;02959286626;5537999475226
1244029243;ANA;08450680832;5513997161581
1244884810;MARIA;08910892765;5521910420870
1245009874;TEREZINHA;51155214900;5548984465349
1245252116;NILCEIA;17717143879;5511991197727
1245975207;MARCIA;11197832831;5511998820453
1246726006;ANTONIO;92780601868;5521997504923
1247371287;ONDINA;29222941888;5513996722382
1248424406;ROSE;09050626718;5521988134208
1248724426;DANIELA;16142387822;5511962786555
1249548230;SALETE;61208922904;5547910035355
1249597436;MARIA;00320071839;5513991171742
1249597495;DEBORA;30673503836;5511952656275
1249626983;LEONICE;07994841805;5511965663649
1249820917;JOSENIRA;43370365200;5568999314122
1250199546;RENATO;18674798934;5562984016499
1253534877;JOSE;35030380949;5547984818489
1254183563;LUZINETE;04679405848;5513988594304
1255412906;DELTON;29738113253;5594991789374
1255765051;NEUSA;11823892876;5511946662603
1255803832;JOSE;12251192867;5515997123070
1258282647;IVANI;04115792825;5516997299997
1258474090;DAISY;43778771787;5521996939487
1258474694;TEREZINHA;36297593787;5521997783774
1258579879;RICARDO;12079774115;5561999799392
1261156908;MARLECI;55570542000;5551994167270
1261382762;CLAUDIO;00953847829;5511968616417
1263394512;VANIA;87326779791;5521984639507
1265132876;ADAO;24479756000;5555996263693
1266061735;ISALDETE;33493768869;5511957334550
1268213745;STEFANY;34852588813;5518991133169
1268589389;JOSE;37399330620;5531985541077
1270027694;GIZEUDA;25771695823;5511995222576
1270686175;ARLETE;83168206768;5521988514282
1270999939;ILZA;33830898860;5519995316312
1271010566;APARECIDA;11055813810;5519995891515
1272438977;JORGE;37914766968;5548984879305
1274896000;MIRNA;12369900130;5562999468884
1275889988;INES;54554225968;5549984058039
1275959218;JOEL;00545683823;5518991638861
1277149450;DAMIAO;96985585868;5515996856262
1277187271;CARLOS;08494318837;5512991281015
1278097314;DIRLENE;42044073072;5567996748368
1278912573;ANA;03873545810;5519996317317
1279884018;JOSEFA;49008455315;5511989242715
1280313282;VERA;09201395825;5511997341956
1280546945;MARIA;00495159506;5574999802270
1280949772;LUCIMAR;24541800900;5548910085308
1281082144;DONIZETTI;76538710891;5511989223587
1283141776;JAIR;38463059600;5538999548234
1283861450;ELAINE;09321897844;5585992288561
1284002613;MARLENE;17358884191;5567999443081
1284218802;JOSE;26887568691;5531997981299
1284246970;WEDER;06160757660;5533987631970
1284294932;MARIA;89427106468;5575988786222
1284502756;TANIA;05794287616;5531987013603
1285346383;WANDERLEI;82297193815;5519996567867
1286399723;BERENICE;25055410000;5551991323008
1290401095;JOSE;30359368468;5587991999768
1290907495;ZENEIDE;02392229465;5581988363015
1291045390;EDSON;29448492049;5551994422175
1291162698;PAULO;89240740830;5511995196630
1291603880;CLAUDIA;29703760678;5531999850658
1292159640;MARIA;77510461804;5519988122413
1292772376;LUIS;53120558753;5521999147879
1294302504;SOLANGE;06607904831;5511992544371
1294377822;MARLUCIA;14711920838;5511968603615
1295058267;PAULO;10214917134;5561999776564
1297028160;AZIZA;27476500814;5513997339914
1297106692;ROSANE;22361081172;5561991504130
1298250444;VILMA;39925307791;5521986670243
1298869037;MARIA;93801254968;5541988129002
1299622990;VERANITA;36897981915;5542991346772
1299976651;JULIANA;35487506809;5518998155609
1303179854;MARIA;09740064833;5518996040404
1304165210;VILMA;83749020868;5511992213481
1304397707;ELIANE;12694651801;5515996473247
1304475503;DAYSE;13415999220;5592984603606
1305760422;LEONEL;55054919015;5551986532589
1305873944;PEDRO;02864315807;5511981282089
1307665524;WILSON;23628227615;5532910074849
1307833281;MIRTIS;84373806853;5511999607625
1308571353;HILDA;03601260905;5547996043748
1309751800;MARIA;87168782800;5511997242249
1309781181;ELIANA;79191096804;5514997974463
1310681837;ROSANGELA;09610096832;5514991287127
1311290360;ANGELA;26478540847;5513997514782
1313172216;HERMELINDA;78729564972;5531997954721
1313176904;JANETE;85637700800;5511996236302
1313179237;JOSE;95327819868;5511962820073
1314821315;LIGIA;02075223750;5521998099116
1315698037;NILCE;80347010920;5541987786189
1316299365;ELMIRA;01133046843;5534998181956
1316464609;LUCILENE;03698054450;5581985412455
1316548276;LUCIMAR;07801023714;5522988151925
1317463320;MARIA;48240800459;5581988532406
1317611168;ANISIO;28921062068;5551999924195
1318706782;ROSANA;04957811857;5512996111721
1318936273;WALSELISLEY;19357788620;5532988881771
1319638241;MARIA;20302894268;5592992842212
1320651930;ELIVANILDO;13605611885;5511969540137
1320799679;HERMINIA;04292772886;5511995921939
1321536230;CIRLEIA;46464751700;5521966615543
1321606254;FERMINA;46071440963;5549988022802
1321701443;MARGARETE;07456202800;5511964146613
1322326450;VALDIR;03432283865;5515991599977
1322480726;ANTONIO;44134487668;5535988079271
1322805510;MAGDA;03229302605;5531988295305
1323405833;NADIR;00535086881;5512991568244
1323433225;MARIA;08938954404;5581991961487
1323911518;LIA;65592352700;5522999182982
1324002694;LUCILIA;21984670034;5551992841436
1324067907;DANIELA;29353608856;5511955209367
1324682369;HILDETE;19816332515;5575982874931
1325449412;CLAUDETE;29433517504;5575988250390
1326338991;ANTONIA;44721587104;5567999150935
1327680790;SEBASTIAO;33547424615;5531989111259
1327944801;NEUZA;89807855691;5531997719208
1329067816;ELIANE;05779167699;5533988335221
1329331840;MARIA;46181849220;5594991576239
1330476678;JOSE;24623482472;5581991123142
1331075499;JANETE;43965687700;5521989001512
1331138938;GLAUCIA;38393646715;5521999774941
1331689446;DAISE;78433185772;5521999570758
1331805624;ELIANE;08667171700;5569993803978
1331978715;GENESIO;44657463772;5524992702106
1332028850;SILMA;07528033790;5524999453052
1332150311;MOISES;65754140797;5524999488417
1332419418;NORA;34610901072;5551999745981
1332427356;GISLAINE;48896128072;5551997584992
1332640564;MARIA;28608984091;5551998421686
1332646864;LISABETE;63554291072;5554999526830
1333051805;CATIA;66355095004;5554981324053
1333496076;VILSON;25230131934;5548996706884
1333893121;JAIR;47249285904;5548988136982
1334045299;ZENAIDE;07474612879;5511971286432
1334443189;MARIA;07618994803;5511986900007
1334570059;OSVALDINO;01099049822;5517992043341
1334595850;ROSA;26402354864;5511997877789
1334658894;MARIA;13182805835;5518997337280
1334962160;MARIA;02470732883;5519997521351
1335022853;EDNA;30660933870;5582993047090
1335300489;MARIA;19170837856;5519987816695
1335430854;LINDINALVA;33910430597;5516991268663
1335472921;ESTEVAO;01638107882;5519995781901
1335632252;SUELI;73194310844;5513988737512
1335661864;JOAO;78317452891;5513991593187
1335675237;MARIA;06225689818;5513991215795
1335679356;NELSON;90743873815;5513996492687
1335750352;EDMILSON;05138173871;5511992085519
1335750700;MARIA;14185074824;5511967228223
1335857009;ANTONIO;01622770838;5519993755802
1336006762;VALMA;07054234847;5517997916262
1336041070;CRISTIANE;07248124826;5512988336110
1336517252;FLORIZA;65267907715;5561999092417
1337503964;NOELI;32721056034;5554991737254
1337553295;ROSELI;79624111987;5548996449380
1337749467;VALDIRIA;12603970500;5571982402315
1337784718;IVONETE;46024751591;5571986066235
1338451763;RENATO;67106390887;5511980541730
1339461657;JOSE;78781116853;5535998971583
1339637771;MARIA;03820543856;5511985993355
1339846524;GERONIMO;28602943687;5535999723151
1340826930;ANTONIO;83033858872;5512996239765
1341437130;MARILIA;45830142791;5521996850092
1341521840;JOSE;44356471091;5553991212085
1341737443;RELTER;26158183415;5575999692694
1341791634;LIGIA;37765574515;5571987828441
1342370047;ROSILENE;17396330831;5514996756436
1343142536;MARIA;11183327846;5511961604768
1343546513;ZENAIDE;30010306668;5537988408549
1343811292;VALERIA;02113536714;5524993282280
1343847289;ISABEL;45211388020;5551986597438
1344070865;CRISTIANO;05053792879;5515988128279
1344260222;ZENAIDE;93396074149;5562996992553
1344324956;ELIANE;24579955668;5531988662846
1344879559;IGNEZ;02128637899;5511975780887
1345088610;CARLOS;17579732653;5537999364249
1346087927;MARINEZ;81021836834;5584910011777
1346196858;NILTON;82629927849;5514998304355
1346757213;JORGE;49424955715;5521986693496
1346837675;ANA;52574474015;5551986916752
1346904470;PEDRO;69269068820;5535988343360
1347318159;ANTONIO;24894060515;5592994523569
1347318990;SERGIO;07506066572;5571992435249
1347555495;JOSE;07005431553;5573988374339
1348197215;LUZ;20475438191;5567996172860
1348801902;ANTONIO;10931058104;5566992161253
1348857118;YARA;24798169668;5531999686783
1349280418;EDMILSON;52163989615;5531998926841
1349464381;PEDRO;21649081634;5531988768349
1349467194;JOSE;38510740682;5531989607527
1350500833;JOSE;14968924453;5581997347886
1350994585;RITA;98520148700;5521993093421
1351639010;JOZENIA;22579974091;5551985963096
1351843599;IARA;36906247034;5551994340913
1352157850;CRISTA;03967480828;5547991222310
1352577280;ELIANA;75569361804;5511962880752
1352634403;MARIA;07512990812;5511957777079
1352954181;JOSE;00488990890;5519997625431
1353432057;MANOEL;91274192820;5517996163010
1353544491;MAURI;02077146818;5515997336580
1353545200;PEDRO;02120544816;5515997422385
1354182453;IRZA;95435468604;5531999189391
1354446655;EZEQUIAS;36905488704;5521999327615
1354621120;NILSON;98902423891;5513996680477
1355426852;MARIA;32652274805;5511984430969
1356051704;GILBERTO;59231610449;5581987148091
1356341745;PHYLLIS;85725153800;5511994359295
1356466203;EDIMAR;73103349734;5522992731945
1356603570;ALVINA;29313713861;5567998922626
1356618356;ADELIA;07673090732;5527997466848
1356676003;ALTAMIRO;20213395649;5531985570356
1356685789;DIMAS;37044001653;5531988566834
1356918031;MARIA;67775284072;5555984124833
1357067965;SILVIA;37183869504;5571987100958
1357502904;ELIZABETH;81541244753;5521997163761
1357617388;TANIZE;47530740059;5553997125191
1357699481;FATIMA;24887937873;5511972469923
1357856650;GICELMA;07280512810;5511971498532
1357858253;ODECIO;74961640891;5511942470262
1358944633;ANTONIA;69608806704;5521981417099
1359080861;IVANI;12315640830;5511997838593
1359610445;SILVIA;17198501869;5519999567349
1360302457;ELENICE;06021390660;5537999034323
1360709883;VANDA;03801387860;5519993024579
1361309773;NORMEIDE;41081161515;5571996068033
1361746936;VANDERLEI;05485853854;5514996806055
1362358549;CARLOS;77476727720;5522998918267
1362507099;DULCE;28729888824;5511988136522
1362551420;LEDA;31414175809;5573981465591
1362575264;EDMILSON;03396586816;5518997197398
1362942631;NAZARENO;35020075604;5537988328216
1363296210;ABEL;22968695487;5584981690869
1363583783;ANA;00542346893;5512996003151
1363646777;MARIA;11507349572;5571982263813
1363849937;JOSE;19640226653;5531999438473
1364243773;JOAO;21744750068;5551984218751
1364383753;ROBERTO;00484392824;5519998555698
1364990153;STELA;31343767091;5551992331868
1365506140;JAIME;37790366904;5548991612007
1365912504;DERCY;57061696087;5551991542758
1365923441;ANTONIA;17002834053;5551994027878
1366264328;SELMA;81940769191;5566999538659
1366316972;ILZA;51158264615;5534988103140
1366317162;GASPAR;16113659615;5534999591496
1366570020;MARIA;04563380474;5584987093798
1366642420;PEDRO;35343753949;5549991959658
1366668259;MARILEDA;10693547839;5511975887804
1368110204;KATIA;03037417757;5521988459997
1368369160;ANA;00087498847;5564984551557
1368807205;JOSE;14693640425;5581992874543
1369475222;LUIZ;21344760600;5535997303775
1369838660;SEBASTIAO;02203817801;5511991843272
1369906215;EDNA;03103149840;5515991210742
1370791418;OSCAR;78708141800;5517997940582
1371527811;JOSE;23054611515;5575998412252
1371904933;MARILIA;89770293687;5538999628745
1372479578;MARCIA;89713206053;5573988046851
1372825158;CENILDA;00648637786;5521989184319
1374009820;MANOEL;22461744491;5513988786608
1374453371;TEREZA;48353884704;5521986688884
1374510855;FRANCISCO;36607401015;5553999773532
1374736055;ALPHA;23241543587;5571986666391
1377210518;GENTIL;93807546804;5583986499495
1377284490;ROGERIO;16527842848;5511973135292
1377538084;JOAO;26836530697;5531986714925
1378324959;NEIRE;03377317643;5531996793858
1378525504;MARIA;06926545855;5516996033641
1378973159;IVONE;64499588987;5541984570182
1379280254;MARIA;16472010803;5574988160155
1379515022;IRANI;19053290168;5562984840580
1379617232;LUZIA;09216440600;5574999213195
1379997132;JORGE;02550931874;5513997100509
1379997795;DENISE;76861996734;5513996896997
1380485204;JOAQUINA;91793661987;5543991236038
1380509359;MARTA;93469772487;5581982641886
1380590954;NEUZA;90281489734;5522999414641
1380878567;VILMA;51221241591;5571999463658
1380882688;IVONETE;15913252500;5571988086960
1381448760;MARIA;04827135851;5513996701007
1381461112;ANGELA;01990148840;5516988154838
1381510989;ELIANA;22011330858;5512997843715
1382363858;MARIA;30026423120;5562985502252
1382384936;ELZA;52992926191;5564910042420
1382428534;EVA;87265133668;5531971337150
1383030364;URLEI;02464273880;5519996671030
1383033843;NELSON;01212137817;5519993335936
1383328525;REGINA;90095081704;5521989633026
1383406518;VULMARIO;37909355653;5512997036170
1383718641;WALDEMIRO;26376326749;5521984597508
1384034584;GERALDO;07226825651;5535984434880
1384053635;VANIA;25820788249;5591999248710
1385233300;MARINALVA;51954516487;5581987449607
1385335480;JOSE;15060640353;5511974567758
1385735314;EDUARDO;27719316991;5543984312654
1385848895;JOSE;51396602704;5521996728734
1386249855;ELIANA;66383161687;5531988803773
1386488221;FRANCISCO;01971404918;5594984176216
1387079414;LAURO;16430689620;5537991148470
1387149870;MARIA;08565325253;5591988473704
1387565084;APARECIDA;19206927892;5519997501973
1387616720;GILVANETE;77451937453;5511941532043
1388058380;OLGA;20993633668;5532999710505
1389299837;MAGALI;73775177787;5521999070549
1389304830;SANDRA;77250192787;5522988271274
1389947936;APARECIDA;06966771805;5519993984784
1390006635;MARILENE;27420612234;5592991481001
1390262313;MARIA;41223098672;5535999316330
1390391970;LECI;70800073720;5521993501491
1390782872;SONIA;22182547860;5514998364227
1390995906;CLEVER;50583310630;5531987563986
1391394272;ROZALVA;09624443831;5514997002924
1391411550;ANGELA;28669950820;5519987355668
1392334311;ANTONIO;14013223520;5571999362619
1392928254;ARNO;38412284968;5547910080012
1392933541;ROSANA;00671804855;5511974902121
1393179093;LENIR;08433450638;5531989877851
1393359768;IVANILDA;59192151434;5516997375460
1394004483;ANA;04037307839;5516996064674
1394020071;MARIA;03733379810;5512997750262
1394584587;JOSE;23705906020;5551999120201
1395385979;VALCIR;31064736068;5547984163096
1395506091;ISABEL;08152526843;5516994146596
1396961540;MARCELO;38437740649;5532988767557
1397418351;DALVA;17160073134;5561999788337
1398859645;REGINA;41209311704;552134908099
1399212289;RESTILDE;05481928809;5519992660502
1399404242;ROSANA;03134936690;553135422107
1399542483;ABELARDO;10401431487;5519997411840
1399696901;TERESA;30976405687;5535988444303
1399856020;GERALDO;00871574896;5589988139984
1400268386;MARTA;38429942904;5547991588457
1400275404;JAIR;76021831853;5519971312650
1400566034;FRANCISCO;26492016572;5521976845937
1400566921;DINA;32971087700;5521998865003
1401363382;IZILDINHA;63200546204;5594991744211
1401415706;FRANCISCA;17647967487;5583991922482
1401454906;MARLENE;20113820925;5541984011638
1402004165;CHRISTINA;66598001820;5511979970049
1402234322;CLAUDIO;91882664868;5511999982535
1402275819;NAIR;05351981831;5515997518815
1402627812;LIVIA;65952715753;5567996454859
1402927425;DIVINO;43350259120;5564999088833
1403267690;LUCIANA;12150462869;5517991963304
1403530286;CARLOS;26165139604;5532988318066
1404057088;ELAINE;99185970891;5511991759169
1404122092;MARIA;53943295591;5571988633132
1405313797;DIORLANDA;58635041453;5583991142994
1405400770;ADRIANA;69129886015;5553984263595
1405402218;VALDA;57955867068;5551984054115
1406637154;ALTOMIR;45437750749;5531997010159
1407519554;LUCIA;39903214715;5521996261866
1407712656;KENIO;03209885460;5512982269541
1408377214;LUDMILLA;67378498734;5521995933184
1408713613;RAIMUNDO;66025745668;5531996904368
1408748050;OSANA;06374876644;5531989410243
1409174627;TANIA;05003391803;5519997981828
1409326907;ANISIA;19958544172;5562999771595
1409402085;REGINA;67553079634;5531996308986
1409682649;MARIA;28563204572;5571987977018
1409968640;NICE;61781070210;5591992387210
1409968640;NICE;61781070210;5591992387210
1410174589;HELIO;35798149749;5521996706068
1410409357;MARCIO;25383825649;5531991099645
1410716438;SEBASTIAO;70717249700;5524998173345
1411108873;ANTONIETA;20037554468;5584987384135
1411128181;ELAINE;25266330015;5551993568092
1411237320;GAUSS;77462777800;5519993145205
1411294413;SANDRA;05870079829;5511992979799
1411306020;MAURO;72558199820;5512996001706
1411319173;MARIA;10964144816;5512992542440
1411617352;ALBERTO;18864880534;5571988004997
1412168462;NANCI;04292149879;5511996362242
1412508727;ROLDAO;09617710463;5531987772369
1412638205;SOLANGE;69272824400;5581985528709
1412711255;MARIA;24220779434;5584991799301
1412720912;MANOEL;29164273091;5551999573046
1412818432;MONICA;04837219802;5511991466076
1413449740;MARIA;41600550797;5524988599085
1413528284;MARCIA;61296856968;5547991782027
1413638225;SOLANGE;85942162891;5511994051222
1413641889;EUNICE;19224534805;5511972309818
1414106855;ORLANDO;30515572691;5571986977632
1414393935;ANTONIO;35062363420;5584988678158
1414459634;EDNA;03822489883;5517991878278
1414620079;VALDINEIA;02902440642;5531987518652
1415173564;JOSE;36162612791;5581988657086
1415294167;VILMA;83749020868;5511992213481
1415672617;MARIA;37380761404;5583981253028
1415856564;ADEMIR;67262546872;5511969773035
1416080632;MARIA;57805776768;5527997314359
1416338761;JOSE;47459123749;5521989223543
1416407739;GILMAR;03380046965;5548988091855
1417091611;MARIA;08974369893;5511998621133
1417680781;JAIR;68864884815;5511999456883
1418299666;MANUEL;00599138866;5511962183615
1419403297;EDNA;15558004835;5582988593985
1419408370;MARIA;12417839857;5518997283439
1419562697;LEDA;05950597320;5585985380107
1419905853;RICARDO;00995512760;5521982232896
1419906892;SERGIO;43932975715;5521989928929
1420045994;MARILDA;97112526868;5513997815074
1420047059;APARECIDA;21327047837;5513997401210
1420103226;SIRLEY;42090687215;5569999387203
1420312186;NAIR;14103647809;5567999885973
1420489680;SUELI;72164751604;5531986847684
1420902773;JOSE;68100990778;5524998720120
1421122240;HIDEO;69638764872;5511971235944
1421147839;SILVIA;04831917877;5511976480229
1421196333;MARLI;05359477806;5519987116533
1421225724;MARLENE;12119201862;5513988706617
1421501985;ROSIMARA;57746176704;5528999119660
1421621042;ELVIRA;36296929668;5531996360216
1421935640;WALDIR;85598658887;5511991051073
1421951557;THEREZINHA;70650616804;5518997830398
1422325234;MARIA;30781930634;5531985840415
1422703611;SEBASTIAO;76195031887;5511960377681
1422706050;ADI;81161646868;5519997408754
1422771226;MARIA;01914020871;5512997813476
1422921538;HAMILTON;73360627768;5524998781247
1423139574;WILSON;20821794949;5511997645242
1423267840;MARIA;61055930744;5531994998795
1423606962;SANDRA;06165292879;5517997779917
1423811019;SUZANA;35659670644;5531996753665
1423968350;ANTONIO;00621297836;5581986183516
1424300859;ADOLFO;96273410887;5511996618562
1424417454;SILVANA;19720300515;5571984733030
1425078688;VERA;66554683615;5531989351471
1425387729;MARCOS;47075872672;5538999125150
1425693587;LUIS;09941179816;5583987068433
1426338918;URBANO;36482811787;5527988553704
1426684638;DIVA;34842551968;5541991763112
1427137096;HELENA;78253217668;5531980157361
1427379120;CUSTODIO;77919939887;5518998038379
1427393939;CEZAR;04034621850;5517991917001
1427412194;LUIZ;01955329885;5512997855795
1427415738;ORLANDO;83080279891;5512997545576
1428082686;MARIA;69153914449;5583986646426
1428546968;EVA;02985419719;5521984836585
1428800139;SANDRA;83839364868;5511972763911
1428842974;SERGIO;06761772800;5519996283992
1428906034;EZILDA;01871403839;5517991239869
1429084224;MARIA;24064912187;5565999783940
1429097938;MARTA;27654818653;5531999305511
1429287737;ALEXANDRE;58785906700;552137182288
1429323040;ROSANE;38008696087;5553984759234
1429468081;LEILA;13883046272;5527996469424
1429719556;PAULO;75206056715;5524988034920
1429719963;ADILSON;73751499768;5524999686896
1430031570;WILSON;95168273815;5511998022576
1430595962;JACKSON;01235167810;5515996628753
1430596713;LUIZ;70195757815;5511945001551
1431140080;HAROLDO;59162708791;5521992152514
1431287196;ALINE;73313718868;5513991941916
1431295687;JOAO;64989917804;5517991809171
1431296578;RICARDO;02883987858;5511993513717
1431297590;JORGE;03937643893;5511992786271
1431765500;JOSE;32663480797;5521985850655
1431832461;MARIA;03724519850;5518998151247
1432086496;JOSE;19759320134;5562984507781
1432318940;ANTONIO;19339330625;5537999972913
1432681092;NELSON;09031979287;5568984186933
1432734897;ERENIDE;84041935504;5571981050840
1433315936;JOSE;77929837815;5518997185776
1433648927;JOSE;24350613404;5581986998594
1433740424;CARLOS;41577779720;5524999828755
1433799240;NEUZA;28685088801;5575988623654
1434406404;JOAO;03211024875;5511941037939
1434599466;MARIA;16089375420;5583988627469
1434660157;MANOEL;57929211720;5527998187383
1434802504;ANTONIO;70810222868;5518997054451
1435412246;MAGDA;34635297004;5551992739179
1436410832;MARIA;29482658604;5531995225543
1436760140;ANA;30630665915;5541991388399
1437213003;ANTONIO;87891727872;5511971671954
1437260613;ALICE;35941560877;5516992751356
1437560110;IVO;40441504949;5541987363867
1437566321;JORGE;34857230968;5541991172517
1437571414;JOAO;20179731904;5541996761230
1437840776;ANTONIO;97417432891;5511989667126
1438274049;ONILDO;45422834968;5547991339536
1438306102;CLELIA;01588321835;5519996732177
1438320393;VALDEMIR;84226439872;5511976776538
1438345515;JOAO;02618886844;5512991691884
1438346490;MARCIO;02618984854;5512997770740
1438752226;APARECIDA;01727157842;5519994381752
1438774246;NEREU;02017397806;5511997467980
1439014652;SELMA;22620800463;5583987446217
1439078464;ANTONIO;36241377949;5543988260303
1439286350;LUIZINHO;47793783972;5549989150547
1439671475;GILBERTO;22765220549;5571988480572
1439782455;HORALICIA;13261371404;5593992392280
1440008954;AUDENI;06103259819;5511988724126
1440245093;SINESIO;18950205491;5581983627238
1440247436;ALAIDE;59485779453;5581984854309
1440768150;ROSAURA;50794744753;5524999388580
1440824506;LUIZ;37988263072;5553991252179
1440856572;ADILSON;49042815949;5548991070714
1441093858;CERLY;00153049731;5527997942680
1441507601;SERGIO;20920075053;5553999224088
1441570273;ANA;51809940044;5554999230056
1441638862;JAIR;89881290830;5535997284880
1441791997;IRAIDES;21819270149;5564999628525
1442196430;CLOVIS;22659870004;5555984090425
1442494619;ANA;92625126604;5531999665092
1442658964;LUIZ;76630099834;5517991750286
1442704486;ELISEU;00480455864;5514997915724
1442711920;JOSE;62460129815;5511967169188
1443135094;MARIA;26183820644;5531988427034
1443296047;JOANA;21329630459;5581985867702
1443409798;VALDIR;00331700883;5584988889957
1443766230;CRISTIANE;04408316601;5538998024125
1444267326;LENOIR;64260216953;5548988417531
1444713628;JOSE;78762316834;5512988095548
1444853144;ENEUDA;56570759191;5562994891710
1445123573;NAIR;61920460004;5554999996867
1445320093;EDSON;18438970672;5535998585772
1445463854;ZENILDA;73948608504;5577981551951
1445468473;VALDIR;07257249865;5511946464723
1445774370;TEREZINHA;38546957991;5547984655759
1445901983;MARIA;36712230578;5574999718975
1446201365;VALDO;62586394968;5549991784760
1446219264;RENATO;37566288920;5548984864867
1446283353;MARIA;08861076874;5514996942266
1446505690;SELVALINA;05061967631;5531985866506
1446529417;BENEDITA;45010773600;5535997109217
1446556643;CLEONICE;71377808491;5511962223038
1446707684;JAQUELINE;71479473049;5551995664066
1446779324;THEREZINHA;24782465890;5511974849940
1446897289;PESSE;33216843734;5524998576172
1446962609;LUIZ;64442080844;5515988248951
1447540325;MARLENE;11963970829;5514997512973
1447707556;EDELCIO;27373975615;5534988110817
1448001355;VERA;88715795004;5553991515384
1448342276;DAYSE;61733440763;5521994374457
1448499353;VIRGINIA;15005697802;5512991635037
1448499850;DARCI;10972878823;5512992404915
1448691734;LUIZ;30018382649;5531988412317
1449049122;ROSANE;95611070825;5511974798246
1449063540;APARECIDA;02968998870;5511967208091
1449126836;SONIA;12719270806;5511942133356
1449415269;SANDRA;16180380104;5562981357472
1449600929;MARIA;66321751715;5521997238081
1449709645;JOAO;31083226053;5566984323406
1449772010;JORGINO;06596829820;5511942001690
1450244316;DAVID;35484632668;5531989740005
1450535884;EVANEUSA;13424044830;5513988775851
1450539545;MOACIR;05815837873;5513996098567
1450889333;RAFAEL;54308739934;5547984474073
1450936471;GERALDO;71496777891;5519991072001
1451070770;JAIR;16844343515;5577999670694
1451174737;MARGARETH;98562762768;5527988059764
1451591885;JOSE;02464262846;5519992132827
1451633359;MARIA;05455959832;5511961359641
1451961852;JOSE;47280875653;5573988944173
1451963979;COSME;68741197704;5527988592651
1452273186;VERA;77284984015;5551995577488
1452434368;JOSE;44655797568;5571999552909
1452574879;IVANIL;79238548668;5531998615449
1452578491;MAURO;44825412653;5531996285617
1452751673;SETEMBRINO;27468739072;5551997457606
1452853093;CIBELE;20506590836;5511965639266
1453003190;VANIA;79636985634;5534999518877
1453007501;LUZIA;38718456634;5533999121594
1453278238;REDEMAR;07290382897;5511971851074
1453453137;IVONE;42220912604;5531996790109
1453790400;FRANCISLENO;01275916805;5511999932963
1454074733;MARCUS;20287160459;5583987052882
1454508040;MARIA;03383088812;5514996221802
1454667041;MARIA;08590260780;5527997861018
1454776169;HELAN;47348356753;5522988571073
1454779206;MANOEL;50158244753;5522997976543
1455159970;MARILENE;17960720444;5581987827279
1455340682;EDNA;08490072833;5562995585921
1455380617;CELIA;03784600808;5511995621713
1455633531;CELSO;37417770720;5521996890519
1455636514;ANTONIO;35299819749;5521996942807
1455711370;MARTA;01602997802;5511999152202
1456364208;JOSE;04903837858;5514997417672
1456379477;CLAUDIO;00446751863;5544910026136
1456379990;MARIA;02375033523;5577988625380
1456425339;AMANDA;31011639866;5511945826451
1456645347;GERALDO;76851176653;5522992710741
1456833526;MARIA;08046796816;5513996450952
1457293061;MARIA;19944357049;5551992853532
1457331737;JAIRO;40359824072;5551997820847
1457412567;CECILIA;90778685934;5547992631139
1457943546;RAIMUNDO;25122959587;5574988433367
1457957563;RAQUEL;02168171700;5521984426669
1458007666;LIANI;28805771015;5551991681533
1458112885;ALDEMI;59213264887;5518996660513
1458139716;ANTONIO;00185939848;5519992544221
1458420601;FLAVIO;06622827877;5519992098444
1458424364;LAIRTO;11552717852;5519999248335
1458669731;JOSE;53746481953;5543984344980
1458752957;MAYSE;00658468936;5548991686698
1458788145;ARLINDO;93052456849;5516997768080
1459248535;MARLI;31998429091;5551981379000
1459347940;GENI;07760079800;5519997982242
1459350348;LUIS;06463573876;5511966693874
1459366589;OMERINO;07732040597;5579999600702
1459379192;LEILA;15535391840;5511998879112
1459381030;JOAO;93348894891;5511993755680
1459754554;ANTONIEL;01115945882;5511961115989
1459756891;ANA;66325340825;5511999277424
1460056920;SAMUEL;29315891449;5584988884353
1460172920;DONIZETTI;05110628858;5511946877588
1460532403;JOEL;28175620030;5551998791630
1460680356;ELENILDE;73053163853;5584991525056
1460702058;ROSINEI;02861207809;5517991619277
1460776310;VANILDA;20660243504;5577999782366
1461026617;MARIA;77964985604;5535998382767
1461110634;SOLINEIA;86794787920;5541984420860
1461247826;PAULO;41599810034;5551993921765
1462234191;LUIZ;96743263834;5519993878647
1462346437;CICERO;11099038472;5582991651276
1462728178;PETRUCIA;78022517887;5511961843372
1463127879;UILMA;29032784668;5531986622750
1463128867;ARI;34885285615;5531987326824
1463135936;GERALDO;38721295620;5531997169730
1463493662;LEILA;07605699751;5521994827750
1463510591;ROSELANE;44453566700;5521984660936
1464215259;PEDROLINA;47745649900;5549988497726
1464408987;MARCO;82770980815;5514997914831
1464441020;ROSELI;64211479849;5511991860396
1464543507;CAETANO;14605155520;5573999233730
1464578661;ANTONIO;05855756300;5585989243210
1464595582;ORLY;61600210791;5527996206791
1464891980;RITA;01190309858;5511992159615
1464897449;LAURO;00930650867;5588988419541
1464947276;VERONICA;10252978811;5519991327486
1465052094;PETER;21010560620;5532999616501
1465409901;LUIZ;42162300753;5521992391634
1465418900;FATIMA;83314890710;5521984682707
1465612740;CICERO;85727954800;5512988121064
1465868060;GERALDO;38749360663;5533988245439
1465879800;JOAO;06498836830;5531995951195
1466348701;VERONIR;65042743634;5561992174736
1466600460;TEREZA;77911903700;5521999648992
1466646206;AURELIA;03234323950;5549910036089
1466657011;MARIA;69628521853;5511963901557
1467018993;MARIA;91496012704;5521967544738
1467137313;VICENTE;70574340815;5514996151938
1467626543;HERTA;50530917068;5551999865611
1467702770;CLEIDE;09977343888;5511980150080
1468134547;LUCIO;26109921491;5584994514760
1468192920;LOURDE;75657392868;5511994984461
1468429350;SIMONE;79170552649;5531985321602
1468430090;JOSE;50285319604;5531988084645
1468430413;LAURINDA;18843522604;5531988853131
1468504603;DEOCLIDES;02795599848;5519996376010
1469020278;MARIA;24496162415;5581986662204
1469076826;ELIANE;08201055705;5521964333975
1469083121;ANGELO;30689996772;5521996375699
1469134737;MOACIR;23103051034;5555999635881
1469220005;ROSELI;79155219853;5511991571461
1469385608;CARLOS;28095910082;5567999731612
1469392264;JORGE;34289976700;5527999885364
1469458699;PAULINA;54227755620;5531989727263
1469864930;SILVANA;18099292880;5516999610613
1469881885;ZILDA;05132245803;5511970971947
1470294351;EDJANE;66737052487;5511990074161
1470294564;SERAFIM;85678279815;5511971208659
1470325265;MARIA;53139275404;5582987651950
1470413334;LUCIENE;43862683168;5562994715631
1470494164;MARIA;03377302964;5541999491026
1470628241;VERA;18205399468;5521993907387
1470777611;PATRICIA;21494470888;5511962064673
1470824393;ANISIO;00866802851;5566999788068
1471060214;JUCELIA;06381163682;5531997099938
1471453941;ALEXANDRE;07109516806;5571981450620
1471915503;JULIO;85366293804;5511945739999
1472014135;ADEVAIR;84932791887;5512996296931
1472393322;ADRIANA;15395986839;5511999407304
1472398120;MARIA;14243656860;5511993682804
1472662749;NAELIA;41263448453;5521988357061
1472740553;FATIMA;15318521819;5511964470888
1472750443;MARIA;10054008816;5511963080173
1472753892;ROSELI;08685131804;5511985003863
1472904149;EUGENIO;23442840953;5575981230108
1473013639;CLAUDIO;01514559889;5514997305709
1473457928;ISMAEL;89731239715;5527996156899
1473500025;GERSON;27475239691;5531999512987
1473706987;MARCOS;20620306068;5521988271611
1473933258;EDMILSON;57942765768;5527996041863
1474144192;ILVA;09398403757;5521985537917
1474200033;ANTONIO;20187726000;5555999421143
1474221928;MARISA;81507631804;5511976062519
1474282781;JOSE;85262536891;5516993072427
1474428042;CLAIRE;01937432998;5535988781807
1474576076;CELIA;82831270715;5521989118060
1474658684;IVANIZE;84570911820;5511998090157
1474673276;FRANCISCO;00110651847;5511996576204
1474774374;ESDRAS;07807414120;5519988323303
1475003495;MANACES;14694832387;5574999971772
1475086820;VANDERLEY;28259823772;5528999615900
1475397370;JOSE;34912320072;5555999959406
1475466150;CARLOS;90291662820;5511980842077
1475479619;FRANCINA;01269578863;5511974635490
1475541497;ROBERTO;00335020801;5513991645734
1475570691;IRENE;34974504991;5515998589424
1476316837;ELIZAMA;46662987468;5584992015159
1476743972;REGINA;05351970716;5522999179918
1476867876;SILVANA;05027050860;5511995566644
1476918667;APARECIDO;02043397826;5516992361599
1476957336;NILSON;95950036891;5514996691910
1476972882;DALVA;15275174896;5513997297016
1477188018;GERSON;37708864704;5527999643660
1477284157;ANA;11692345850;5535999017198
1477366692;EDILEUZA;48859184568;5575988389371
1477437387;EXPEDITO;44439482791;5522999958864
1477443476;ROSANGELA;00758912714;5524999182726
1477658405;SILVERIO;87263360810;5527988774869
1477660566;NELSON;08006194807;5511974149631
1477661554;RAIMUNDO;04641269831;5511975373019
1477887390;MARIA;00797394826;5591988536352
1478027395;MARIA;39005569700;5521998043878
1478057766;LUCIA;28927630963;5548996190547
1478145363;DERVILE;99170760853;5511993232721
1478391453;OLANDIR;13142747168;5564996524293
1478776959;ISRAEL;80991491815;5511973891261
1478801465;JAIR;79120601891;5511999460469
1478989413;LUIZ;04963229315;5585986142598
1479055333;NELCI;20320515672;5531999773176
1479221560;EVA;05892702812;5516997042108
1479259869;GESSILDA;00126935882;5511973808309
1479450909;ALCEBIADES;10151370400;5581994006669
1479518015;JONI;26111691015;5555999342704
1479588170;JOSE;09622098215;5569999276761
1479735903;DIOLINA;12759043860;5511976168731
1479739437;JOAO;01202244882;5511999008397
1479768607;MARIA;08984770850;5573999817285
1479883058;PAULO;33932018915;5541988477851
1480102587;JOSE;24056189587;5575999467928
1480721007;JOSE;43435718749;5521985225364
1480724197;FLAVIO;82359512749;5521989190957
1481612007;RUBILAR;20025769049;5553910027594
1481649040;PEDRO;59734795872;5511994342829
1481656730;MARIA;09937388856;5515991171923
1482289293;MARIA;95645900782;5583988925684
1482366026;JOSE;31774687453;5581989490931
1482440722;CELIO;41250869749;5521993171165
1482631439;JOSELIA;26123997807;5511999823401
1482632966;ANITA;01241164851;5511998413260
1482672259;JOSE;78266572887;5513997894876
1483107733;MARIO;20460317091;5554999353081
1483223997;BONIFACIO;22813799300;5589988140718
1483372038;JULIA;37171372634;5535999895919
1483490529;CARLA;83619291772;5521994237223
1483657695;LUIZA;01938812840;5512991469691
1483894700;MARIA;56291094991;5541992826341
1484100040;JOAO;01149981830;5511964753772
1484189962;WANDERLEA;33420253877;5511991511901
1484196756;MARIA;20547041802;5517997361420
1484373542;MARIA;79545246987;5543984990845
1484635865;ANTONIA;06866094682;5538999538496
1484841767;PAULO;91566940753;5524999666229
1484844413;VICENTE;61968374787;5524988218607
1484849555;FRANCISCO;53768566404;5584988881694
1484960090;JOSE;96970219887;5511962905833
1485324146;GIOVANNI;39343936753;5524988276235
1485382057;MARLUCIO;69637008772;5524910007744
1485397690;JOAO;00158535863;5584986379415
1486031096;RONI;44313381015;5551995755237
1486333700;JOSE;17709725600;5531988477464
1487179437;MARIA;71471219704;5524988194038
1487396381;ANTONIO;00929961838;5541984566710
1487578129;RICARDO;31887090053;5551992964778
1487681655;JOSE;80712126872;5514998071770
1488186925;WILSON;86127349834;5511999490807
1488482826;MARIA;06118810206;5591999636119
1488682515;NEUZA;80918727634;5533988965525
1488719524;JAIR;03062754818;5511999577304
1488734256;JANETE;05634867835;5511989383733
1489171433;SERGIO;05774442802;5518996553108
1489593443;NILVA;61772534072;5551986128969
1489695220;PEDRO;77310489853;5519997928473
1490282669;MARIA;00393257843;5519993547266
1490704016;MANOEL;01282318829;5511967704882
1490748188;SEBASTIAO;24264210968;5511965525928
1490941956;FATIMA;46519165620;5531999754340
1491050206;RICARDO;14689758468;5581989442061
1491183346;BERNADETE;37605402015;5551996982915
1491208934;SOLANGE;07638139828;5511991770915
1491223127;NATAL;01253300810;5511994708662
1491715569;OCIELE;76605523768;5522999213335
1491881230;PERCILIO;00330288857;5516981135688
1491923595;ISMAEL;41316630668;5512991534830
1492253941;JANIO;22234586020;5551996221727
1492256401;LUIS;45887683015;5554991076659
1492401274;HELENICE;14636948572;5512988393863
1492781492;JOSE;86410733887;5516997054839
1492787415;ALMIR;56799209720;5522996189600
1492827085;DOUGLAS;04271163848;5511999914462
1493781631;NORMALETE;52886387720;5521991770018
1493955818;JOAO;82408025834;5519998664510
1493959996;CLEDMAR;82408173868;5519981545496
1494004094;ROSI;17721917875;5515988146132
1494743385;GERSON;32794800949;5541988290181
1494951603;MARIO;66205085887;5511991693188
1495405041;FRANCISCO;56898193791;5524998490408
1495405920;WILTON;49847899720;5524999556405
1495463904;IONE;57552649968;5549988104697
1496396313;MARIA;03856451803;5581987160303
1496451772;MARIA;10762990406;5584988338655
1496557350;EDIS;09880122860;5516992778464
1497186037;FRANCISCO;47282070725;5527999732728
1497217676;VANIA;38446812649;5531975121794
1497788410;MARIA;06675480847;5511973883033
1497793936;MANOEL;22579095420;5583991476655
1497822510;ANDRE;07574433895;5516997810498
1497950837;UDALRICO;12438960515;5575998269596
1498065918;JOSE;34918213987;5543991906012
1498289808;OLIRIO;33619646015;5551984403611
1498371954;JOSE;98799894815;5516993445937
1498646627;JANE;28508785020;5511998914613
1498709165;ARLINDO;66541930830;5535999076887
1498748152;MARCIA;00700774874;5511994141796
1499316922;WAGNO;87925206772;5524999149355
1499587640;VANESSA;40745473687;5531998083995
1499604111;CONCEICAO;03605810640;5531984569034
1499713506;ROMILDA;90318161753;5521992820416
1500202719;JANINE;60670932787;5521999780450
1500324644;PAULO;07803322883;5511989305586
1500498626;ADAIR;23382139634;553137742591
1500794616;FILOMENA;10250156814;5511998696976
1501232123;SERGIO;17588960787;5584987775519
1501408671;FABIA;14419741805;5512997076227
1501458318;LAUSALINA;06169104520;5571988687368
1501690903;AYRTON;71390081672;5531999059454
1501779777;VIRKA;62180266987;5541999846092
1501930890;VALDIR;33258651000;5551991449143
1502111940;MARIA;97090972887;5518996084984
1502180380;MARIA;18522394172;5561998814647
1502433483;ORIEL;02867495806;5544991478094
1502746210;VILTON;30810221691;5531985287311
1502818008;LIA;50075047772;5521986849326
1502876016;APARECIDA;13907118898;5515997746312
1503324467;ROSA;02221874846;5511996282373
1503394350;ERICA;11255484870;5511996308913
1504029280;ADILES;40283968087;5551997144755
1504062270;LAURI;25318470068;5553991349628
1504082220;TARCILA;84830204915;5547984698498
1504208983;VALDEMIR;03921640865;5519991670270
1504263402;PAULA;06973706827;5518998252938
1504284450;SILMAR;03574330847;5516993100301
1504329438;JOSE;23711507620;5512997281699
1504335268;VILMAR;49769740730;5524998275333
1504668615;JOSE;89793544872;5511968746134
1504961622;EUGENIA;00534214851;5535988555988
1505678517;ANA;01151502774;5521990601049
1505817770;IVAN;01165715864;5511996567664
1505851367;MARIA;42164417852;5511968024411
1505897960;SANDRA;82012466834;5519994172493
1505929625;KASUO;94649022800;5511963399877
1505961804;YONE;10968416810;5512988525881
1505963165;JOSE;97848298868;5512996042761
1506008159;NEIDE;96016086991;5549988612996
1506012989;MANOEL;11240008520;5571997120856
1506306265;SEBASTIAO;04547594287;5591988044381
1506335451;CLIVEA;25161075449;5583988864228
1506528802;JORGE;39594416734;5524992703254
1506667756;GERALDA;15601772843;5511968701059
1506671710;ROGERIA;17624078848;5573988571032
1506685037;ODAIR;04764192802;5516988460718
1508212926;DINAMAR;03003661671;5531989156941
1508386835;LUIS;24925225049;5551997161600
1508507462;DALILA;16146044873;5511997426069
1508596643;GRACILENE;74019660263;5597999025842
1508615966;MARLENE;17777615572;5571987300134
1508682604;GENTIL;10127070591;5577999681612
1508917474;ANTONIO;06949576234;5591985075489
1509329290;PATRICIA;32347484893;5511988243313
1509370720;VERA;00861023897;5511974914470
1509378291;CECILIA;04879613827;5511998546242
1509874400;GEISA;67263429772;5521999557127
1509991139;EDUARDO;00355894858;5583994207311
1510196886;JOSEMAR;09333312315;5588992234099
1510409677;MARIA;13975137568;5581986000592
1510487813;JOSE;37280953700;5522992263789
1510661481;MARIA;07693312897;5511997462889
1510685070;CECILIA;17163679807;5519989032398
1510718190;LUIZ;00233007873;5511943151091
1510774952;MARIA;29542698801;5513997553200
1511080121;GERALDO;25677055620;5531999871477
1511296639;MARIA;00318669722;5524992626982
1511420224;JOAQUIM;98968378800;5511996209228
1511476408;CELSO;02957659840;5519993212403
1511654900;JANDIRA;33778493000;5551993646195
1511673122;SILVIA;04831917877;5511976480229
1511674978;CLEUSA;03231005892;5511998088345
1511690027;IVANI;20263955869;5517997512655
1511748696;JORGE;04885732204;5591999690747
1511824520;MARIA;97004251853;5518997008854
1512355809;FRANCISCA;22347224115;5561999895484
1512766221;RUBENS;76156150706;5547991895858
1512840804;MARY;39381313814;5511996723738
1513015882;JOSE;24104590649;5538999725493
1513303764;GENIVALDO;31897550600;5531999124822
1513379230;MARIA;00344812731;5521989392975
1513444635;ROSEMEIRE;13609615850;5511969842962
1513605361;ORLANDO;45073643704;5527992246381
1513663400;ELIELZA;69058954749;5532991187739
1513917975;PEDRO;35646128072;5555999641714
1514064836;ANTONIO;04458577816;5511963931459
1514321413;PAULO;57151911653;5531987151830
1514527798;GISELE;72503050778;5521966293499
1514542398;ANTONIO;43867090700;5521994413603
1514679660;TARCISIO;96696290800;5519989809215
1514736591;ALDA;38752832104;5562999196277
1515305861;JOSE;68787693887;5569993248826
1515951666;CLAUDIO;77344669749;5524999928732
1515951992;MAURI;75824302715;5524992476113
1516129692;DENISE;56951361720;5522997724677
1516189784;CLEBER;40444866892;5511976262053
1516479960;MARIA;46852719472;5583988356629
1516586554;ROBERTO;49802720704;5524988449300
1516786081;JOSE;03445818886;5512988310480
1517335245;MARIA;08301596813;5511962533535
1517409427;ANTONIO;03503389814;5515991173239
1517493290;MARIA;16107810234;5592993434004
1517566433;TERESA;11052120334;5585996030965
1517951507;HAMILTON;34810013715;5522988025675
1518128960;MARCIA;11074063821;5518997681500
1518235813;ANTONIO;22877924491;5582993119782
1518418420;FABIO;31626548668;5531993316677
1518461988;JOSE;44206798672;5531997892682
1518464588;SILVIO;46639624672;5531989486648
1518764620;LUIZ;65292375853;5511969444611
1519215212;JOSE;50544861949;5543984340518
1519523120;EDISON;01920003819;5512992105582
1520079459;SORAYA;52058794915;5548988238026
1520241280;MARIA;01897910800;5517997825862
1520663398;MARIA;12817970497;5571981219434
1520927174;GENI;84241152872;5511973128374
1520975543;TANIA;77988698834;5518991282199
1521025409;PAULO;03714025812;5511944614467
1521314125;ANTONIO;08705232287;5591984697897
1521416190;GEUSA;65950917715;5521910571998
1521484268;ANDREA;02792942711;5524998551910
1521499370;ERNANI;21553068068;5551984840447
1521537930;NORBERTO;04433790842;5511975824855
1521726091;MARIA;30965349420;5582987139947
1522145254;ANTONIO;01544143877;5514998453601
1522315001;ILSON;29766532087;5551992051146
1522371165;ARLINDO;43915760900;5549988570767
1522458678;JOSE;62638874868;5511972485828
1522489077;LUIZ;11064447104;5516991169128
1522558818;BENEDITA;20991457846;5512991660598
1522641626;JOAO;10969144504;5577988044513
1523059246;MARINA;17000868805;5519994753151
1523071670;VALDEVINO;01064090850;5511966676162
1523130730;ZULEIDE;30639920896;5512997754826
1523413198;NIVALDO;79812449868;5541995470371
1523465392;LUCIANO;17202108453;5581986540065
1523571613;JOSE;13847350544;5579999019295
1524011140;LUIS;38760223634;5531997935881
1524108895;SANDRA;02292612488;5581988403742
1524249847;MARIA;76163890825;5511992284843
1524346923;JOSE;05131348838;5567996984168
1524598345;SEBASTIAO;29055318604;5531997812210
1525443680;JANIO;38769360715;5521976821664
1525524809;ALDENICE;94756341853;5511998216398
1525604667;RICHARD;04900483826;5519995946161
1525611671;JAIRO;92386130878;5514996771194
1525621138;INES;00911245812;5511989035232
1526306830;MARIA;09391454801;5512988899867
1526350561;PEDRO;16392957472;5582988324968
1526848284;AURENIR;07738416793;5521987598907
1527106222;JARIO;07078693825;5579981399551
1527109078;MOACIR;86632574815;5519998499934
1527864550;CLEOMAR;83854304749;5527999328336
1528108660;AIRTON;26624834072;5551997297897
1528217672;MAGALI;24619646881;5519998159672
1528245447;GISLENE;28731160808;5511992813877
1528261710;PEDRO;08098327809;5512996620876
1528267483;MARIA;17967910168;5561999723066
1528363830;HELIANE;52314057600;5535910036125
1528443966;EZILDA;08660878850;5511989968482
1528895476;TANIA;32328753000;5555999709447
1528900348;EDILSE;44485905004;5555999547563
1528940935;LUCINEIDE;16417310876;5511967527627
1529012039;LOURDES;91675499853;5511961687861
1529039522;SILVERIA;32404956949;5517997092007
1529044380;LUIZ;02948390893;5511999514024
1529131194;PAULO;33733333500;5574999445803
1529237065;ROSANGELA;65285425115;5567999656700
1529241550;JOAO;27313433115;5567999427818
1529246625;DAMEAO;47185210763;5527996327707
1529492553;MARIZA;21515085449;5581987689983
1529659164;RENATO;40748936068;5554999957617
1529757654;LUCIANA;28079397830;5511962295113
1530221738;AMAURY;18939511468;5581988565434
1530288620;SONIA;71572147768;5521996458236
1530327030;ANA;02795549743;5524998270245
1530741251;ALCIONE;07103715785;5521985765131
1530813937;LUCIANA;28532952810;5515997149314
1531055300;ROBERTO;00582338816;5511995140009
1531295930;ENILMA;80685854191;5565992455765
1531346151;ROBSON;56611277668;5531988573557
1531507406;ADRIANO;39215377034;5551999661423
1531698317;APARECIDO;72229993887;5519996614132
1532040099;NEUZA;09247967740;5521976470124
1532089152;LUIZ;28706366015;5551999673562
1532247475;LUISA;05568433470;5582988281193
1532322116;REGINA;00319874869;5527999712288
1532579524;MARIA;70602808715;5521987330633
1532669205;ROSANGELA;03649256800;5511988050951
1532722149;SEVERINA;08829762814;5511972458706
1532791965;LIBIA;18195717500;5569984854445
1533197722;NEUZA;04121588762;5522997446159
1533325313;JOSE;85086592887;5514997993258
1533415495;VANI;10608375870;5515997051858
1533448628;VERALICIO;14571943172;5561998536083
1533469552;ELLEM;14661241215;5592999871322
1533667893;CARLOS;10649514572;5571981964730
1533750758;ALVARO;60655216715;5527999635857
1533880643;CALIXTO;14205777272;5591999859429
1533895659;LUZIA;03112034422;5583988178789
1534018759;ODINEIDE;76039161787;5521985479408
1534184357;CECILIO;01357338805;5587988545096
1534272876;ROSANGELA;09095882870;5511985435799
1534817538;WANDER;32825315915;5543984480710
1535092596;ROSANIA;23212667672;5531998612604
1535488708;ELSON;02317399820;5583994150267
1536177927;MARIA;02158121823;5511996366381
1536187167;CELSO;93300727804;5511999905536
1536282526;NIVALDO;89525060810;5511982374177
1536295873;EDMUNDO;11428677810;5519995436607
1536538016;JOAO;78235260778;5528999781668
1537003396;PAULA;01127718827;5511982187018
1537166163;MAURO;01704458870;5519989077174
1537340660;ALZENIR;04357696771;5569993851328
1537520234;VALDINEA;05819201710;5522997766336
1537525236;SANDRA;73979449734;5522998524437
1537737560;RITA;64735320563;5571988433110
1538195884;MARIA;65446267753;5524988172566
1538407393;ANDRE;01043482830;5519996459000
1538636708;EUSTAQUIO;44560400687;5531984006267
1538879619;FRANCISCO;01729336841;5519992918175
1538910648;APARECIDA;78274699815;5513992076133
1539525764;KELLY;09150178733;5522998672969
1539597668;JOSE;34457321087;5554999612197
1539677548;NELI;62533223972;5548991171269
1539818044;MARLENE;21463619804;5519997531153
1540374464;ANTONIO;00975669850;5511965178532
1540561027;WILSON;04826578806;5519988735024
1541039685;CARLOS;08002989856;5511997249669
1541223940;REGINA;59682213720;5528999990358
1541225322;SANDRA;08535675736;5527997356672
1541543626;LUIS;27721450004;5551999506287
1541634940;SUELI;93158904853;5514998753405
1541696503;OSVALDO;01594131848;5519996762618
1542148682;RODRIGO;11482084708;5521975261155
1542408544;JOSE;39701298934;5511975496269
1542422040;ANTONIA;23715880406;5511995813936
1542617208;FRANCISCA;30079551300;5585985220145
1542770332;CARLOS;31705332900;5541987199003
1542881550;SEBASTIAO;58655883700;5521993766034
1543998825;RENUSA;74956515634;5535998351600
1544005196;ELIAS;19684894104;5562992654945
1544209905;EDENISE;16525540410;5581985500158
1544275002;BERNADETE;02278966456;5521986245352
1544538810;JOAO;82696691800;5514996610311
1544545190;MARIA;82731985887;5514997190855
1544583556;ADEMIR;92818005868;5511999997527
1544637117;ANTONIO;78674760830;5517996277120
1544650385;GILBERTO;95324186872;5517992021787
1545142057;MARIA;00626547806;5511970514312
1545601450;LUCIANA;04834734994;5541987780623
1545770937;EDMILSON;78285321720;5524999574020
1545912740;MARIA;06016961825;5511996386768
1545955953;EVA;16055331810;5511957294678
1546122203;LUIZ;20357893620;5511992084664
1546533653;JOSE;10188452168;5561999853999
1546759384;MARIA;05636074670;5531989432917
1546937878;CLAUDIO;30834716968;5551999772919
1547039024;ANTONIO;59061766834;5517997230354
1547064142;ODILA;98355546849;5514998966890
1547081039;CARLOS;26617729870;5519987308257
1547173766;MARIA;31280060832;5517992585686
1547279890;MARIA;04707261809;5527998004994
1547369539;AFONSO;26460696691;5531998595032
1547460625;JOAO;13376535191;5544998545229
1547575112;MARIA;29376793072;5551986112393
1547662694;MARIA;02509336835;5519999624343
1548007126;IRENE;32578300097;5551996910568
1548116057;CARLOS;24978124620;5561999735189
1548285940;MARIO;35984775972;5541988783224
1548418460;CRISTINA;02294294831;5584991724024
1548811669;ADEMIR;08734052690;5532984737292
1548953021;JUNIA;08202898846;5581989628162
1549065464;ADRIANA;12416137883;5511997070043
1549389871;VAEL;00485067889;5511932450594
1549589293;MARIANE;79700390730;5524999112331
1549655490;LUCIA;17012154896;5511980950487
1549747379;SANDRA;20610193821;5581984416932
1549767477;ANA;84649852820;5516992612876
1549908216;ARMANDO;87554640844;5585987421880
1549937216;FRANCISCO;13007173191;5562991929198
1550344533;JOSE;04333981832;5519991797345
1550552756;JOSE;49986104734;5528999767686
1550608948;REGINA;65073347668;5532988565487
1550813711;LEOMAR;38836696953;5547984267461
1550889882;ELIANA;04537143827;5511968459639
1551271254;NELSON;00419611886;5511972651145
1551814525;SOLANGE;55056512753;5521999889583
1552004250;MARIA;24026956920;5511992394990
1552032350;JUREMA;90285778820;5511993839101
1552054761;MARIA;02258667810;5511998526941
1552098840;ANA;00729750833;5511982093397
1552242258;SILVIA;37786385568;5575981856739
1552370108;SILVIA;85371858687;5534998328921
1552574587;JOSE;69358036753;5521998967232
1552611911;MARIA;31855552876;5519986033256
1553266568;WALDINEI;05746591882;5519997168597
1553701884;NAZIRA;41841280763;5527999810525
1553704620;FRANCISCO;65242297700;5527988828590
1553735592;LUIS;01145633226;5591999696866
1553872344;APOLONIO;22504788487;5581986878070
1554013558;ROSA;89677730800;5511994771207
1554121130;ANTONIO;00021475806;5512997089046
1554152612;EDJA;07392257404;5582993187097
1554392389;DUCELINA;16816501268;5591988078975
1554566263;RONALDO;33279020549;5571986080018
1554760914;MARIA;14109203724;5521910647350
1555180024;JOANA;76161900653;5534988257031
1555180822;JOSE;36109380644;5516997192595
1555516723;MARIA;04724272880;5514996178293
1555547262;JOEL;98723880830;5519971311876
1555597243;GILBERTO;01351198807;5571982807893
1556051902;JUSTINO;14330440130;5567998182032
1556168303;ELIANA;05587323803;553534911467
1556258990;MARIA;01620873737;5521974602793
1556264825;GALDINO;51370603720;5521988599510
1556504575;LUCIENE;06071467616;5538999870702
1556987363;IZABEL;69610231772;5521999366416
1557012706;TANIA;31330819004;5551991689429
1557257857;FLAVIA;17259508809;5515996602998
1557326263;IARA;98896113504;5575998669267
1557786655;PEDRO;00121602885;5515996885824
1557828552;JORGE;05619643867;5511944954257
1557902418;JUAREZ;12272095844;5511989155325
1558000299;JOSE;20072180382;5511988382026
1558010642;SHIRLEY;03997528896;5515991825326
1558035491;ADNISIA;17798310568;5571981673266
1558208965;DEIVI;90909453934;5548988492709
1558404802;ROBERTO;61380539900;5547991998166
1558430862;SILVIA;05387873842;5511973854344
1558432229;RITA;31599895854;5511998996840
1558444200;JULIO;09518509549;5582988740561
1558699667;FRANCISCA;43852734304;5588992020560
1558747211;JOAO;11124113134;5565999870888
1559152149;ANTONIA;29005049880;5514996060922
1559200895;JANETE;06080473844;5513991520207
1559518771;PEDRO;45203679720;5521985007771
1559564439;SERGIO;84615788800;5531987470060
1559564536;SERGIO;93297653868;5519997626371
1559583832;LUSIETE;58935410497;5511973077723
1559821580;JOSE;95034790700;5524992610939
1559851365;JOSE;01441307850;5511995833456
1560072250;JORGE;38787865653;5537999599409
1560079670;CATARINA;74292544204;5591987377778
1560086138;RAIMUNDO;03397190282;5593988050699
1560200887;CLAUDIO;31063322715;5521984682822
1560634593;MAGALI;04984797819;5519996786651
1560875990;ELIAS;56883773720;5524999462002
1560989022;JOSE;00214340856;5511995691890
1561005000;ELSA;09577910890;5519998837644
1561338874;HERBERT;01726086860;5512988038044
1561738945;NEIVA;40129225053;5551998308309
1561848392;SILVIO;05634382823;5511996630926
1561952084;ADRIANA;07422630884;5517992305406
1562474895;GERSON;04910068880;5584991733357
1562565971;RISELDA;42388619491;5583988342559
1562795713;SANTINA;71231323949;5547989011777
1562840891;LEODI;42344808949;5551995350574
1562933733;EDGAR;49362399504;5574999733787
1563210247;UMBERTO;22281177149;5573998338473
1563512456;JOSE;67521622804;5511982392668
1563962400;ZULEIKA;30902630687;5533999956791
1564251125;FATIMA;45762112772;5522992161548
1564293898;FERNANDO;19603231053;5553999101207
1564404711;MARIA;02170920803;5511999160779
1564567998;SOLANGE;03295234817;5511953037642
1564569117;JOSE;03139351810;5511995703996
1564875480;MARIA;14704872840;5521992113292
1564999243;CANDIDO;00985268808;5511998984769
1565025293;MARCOS;42703271620;5513988484838
1565329659;SONIA;27649164004;5547910143232
1565359523;FERNANDO;01598458825;5511971576243
1565375138;IVONE;11849585806;5519971563726
1565698786;OSMEDIR;02115831896;5515997745314
1565827454;JOSE;87487012891;5517991454449
1565910564;LINA;03931359859;5511999756163
1566005199;JACI;09146320865;5511991384166
1566005199;JACI;09146320865;5511991384166
1566044054;LUIS;13151312500;5571986907930
1566273797;JOSE;04302541806;5511962115651
1566279396;REGIA;05208761807;5537984078412
1566609230;MARIA;35838159120;5585989175247
1566610084;MARIA;13629093353;5585999992012
1566611854;MARIA;57435146315;5588992148163
1566688784;EDUARDO;65815572772;5527997501947
1566867123;MARTA;72315512620;5532988977786
1567234035;EDINA;00728927810;5511999578889
1567323330;SERGIO;00471226840;5514997894961
1567341010;MARIA;07688397855;5511999808593
1567342644;JOAO;90032888872;5511999290351
1567682470;FRANCISCO;22326642449;5581984124858
1567863504;LUIZ;03378783826;5518991991276
1567877980;MARIA;03335795857;5518997752179
1568088059;GUILHERME;42809266620;5531999449447
1568117733;RENATO;39712710653;5535997055545
1568231676;ROGERIO;46036849753;5522999716580
1568398414;MARIA;27175803877;5513988027258
1568435166;WILSON;15220362100;5561996542574
1568498842;ALMERINDA;29449448515;5571986757521
1568787143;SARA;01232867780;5521986808798
1568806008;HELENA;00413170764;5521968792125
1568927310;MANOEL;10389903191;5511998860959
1568932216;JOSE;91713226804;5511971923936
1569351225;EDIMARCO;66434599668;5535988512840
1569358530;ANDREA;67582044649;5535991314574
1569518669;SILVIA;67237347772;5521989573566
1569598549;ADECIR;28987098087;5554999465783
1569658053;CARLOS;20722729049;5553984040265
1569785721;JOSE;54352525715;5521988478038
1569928859;JOSE;94744629849;5511967065552
1570439548;PAULO;59818824768;5541984039958
1570507675;JOSE;31711847020;5554996121069
1570531916;ANTONIO;00777051818;5511965276215
1570544910;MARCUS;01432700871;5511981558983
1570639881;SILVIA;24851973500;5571996321844
1570689110;ROSA;23188472315;5585981882008
1570800925;JOAO;27688941687;5531971145708
1570855185;PAULO;29017785691;5531999162061
1570992700;MARIA;00833726951;5544984433636
1571160504;CASSILINA;00415134102;5587991116620
1571294780;JACINTO;64371298753;5521989249488
1571709166;DERLI;31695531000;5551999528811
1571818291;LAERCIO;03877947867;5519997373456
1571896829;ANTONIO;54042593887;5571999872485
1572012878;ADAO;13211480110;5564996141048
1572150839;ELIEL;18032850449;5581983148150
1572154117;MARIA;63052377434;5581986149844
1572783203;ZENI;80493599720;5521986054420
1572796267;ANTONIO;45951454468;5584987582749
1572809962;ELTON;01938093976;5551984087008
1572937120;ABIUD;01733995846;5519998450099
1573088142;IANDE;43314767587;5577998403307
1573192802;RAMON;74146017653;5531996518910
1573484765;MARIA;00153439017;5553991032084
1573755327;ERMENIA;80006043372;5585985197858
1573862417;MYRIAM;45659427634;5531999554782
1573866331;JOAQUIM;25048686691;5531986955791
1573890402;LUCAS;48899399620;5531984738480
1574132420;TAILOR;38711907053;5551991463830
1574307425;ACACIO;86587307868;5519998959951
1574580822;DOMINGOS;35213167500;5575999200747
1574889092;DAYSE;13915363472;5583993938969
1575082265;ROBERTO;54974690787;5521988460651
1575248210;REGIANNE;17330851817;5511992345614
1575272579;JOSE;95802380810;5567992998426
1575314409;VICENTE;93488734820;5511961072058
1575422104;ELI;08330778568;5577998661634
1575625960;ALMIR;66955459872;5527998713213
1575857011;ADELMO;56949693672;5511996506546
1575887018;APARECIDA;14789042839;5514996095494
1576540860;MONICA;52486508600;5531996629440
1576912970;JORGE;37579924072;5548991573883
1576957591;EDNA;02903387869;5511993095343
1576958547;FLAVIO;01064182895;5511996054175
1577046738;ALDO;03748829833;5519981250197
1577053696;MARCIA;13592847880;5511997820307
1577603548;AMARO;50142828734;5522992560337
1577711162;GENILSON;15018989149;5561996641989
1577739750;LUIZ;89633849853;5581973139170
1577746390;EDINALVA;29430917587;5571999292045
1578058438;SALETE;78121035953;5541991685956
1578124392;NILO;51181940753;5521991440603
1578239521;ANTONIO;03056786800;5511973003829
1578314230;CESAR;87321734820;5535999420391
1578379234;MAURO;09716768877;5511941928262
1578449453;WILLIAM;08559627120;5561999869925
1578547218;JOSE;17023416315;5585989466120
1578841400;LUIZ;23872233491;5587992534852
1579076294;GILBERTO;04043932847;5519992726725
1579193290;FRANCISCO;09100326534;5571986232558
1579195218;ADILSON;27155951587;5571992385243
1579220018;FRANCISCA;52003574387;5588994294793
1579321361;EVANDRO;52871452687;5531997865543
1579530866;LOURIVAL;05549582287;5521988013299
1579560919;MARINA;05420194775;5524998232666
1579667985;ANGELA;01040509851;5513996168920
1579810419;EDIVAL;04118723204;5592991540015
1579849412;ANTONIO;27297713600;5571999338701
1580129444;EDUARDO;04110509823;5531988663679
1580370095;FRANCISCO;54422450700;5521997420969
1580399204;EUNICE;77353587920;5521997800566
1580650705;RICIERI;03362960880;5519997758013
1580684472;KELLEN;27220515839;5515991075016
1580841560;HERMENEGILDO;11620196115;5585987988487
1580884625;IRIS;97780472787;5527996105163
1581224092;ALFREDO;49209027787;5521910229689
1581543899;VANI;16125335828;5511996690193
1581577475;JOSE;11637420153;5561984605700
1581813276;MARIA;08082958707;5521985878100
1581859497;RONALDO;21568685068;5554997062025
1581906452;AMADEU;97239666891;5513991277299
1582063432;MARIO;34303340634;5531996980560
1582186470;LUIZ;31732453004;5551997872118
1582278420;EUCLIDES;90420420878;5511992386780
1582323531;ANTONIO;00219962880;5519997812283
1582357630;PAULO;05128036847;5511992294600
1582364130;FERNANDA;06583587661;5517991390941
1582502797;MIGUEL;09104038568;5573988226776
1582598409;HERCULES;52698483768;5527999728344
1582610824;OSVALDINO;22775315100;5562984011235
1582669071;IVONE;00520663128;5565999477353
1582707356;SANDERLI;54705720644;5535999710104
1583101389;JOAQUIM;00438617843;5535999577014
1583206482;MARLETE;57162735215;5595988023347
1583351806;JOAO;02280577879;5511969348778
1583377171;NEUSA;02597514803;5512988236645
1583546453;BRUNO;00511193742;5527996940949
1583553514;CLAUDETE;76151867734;5527999312789
1583670499;MARIA;13814923120;5566999867599
1583963879;DENISE;82004358734;5521987344389
1584262394;RITA;20514535865;5511999588505
1584372963;SERGIO;37197789915;5514991974884
1584995430;SERGIO;49238884749;5521984061782
1585010666;JOSE;56318456791;5521984205605
1585129264;FRANCISCO;04464502865;5511950406698
1585211629;GUARACI;06322517864;5511999968123
1585213451;SANDRA;09713191897;5511972466609
1585381346;EURICO;09514040163;5564996557065
1585556642;PATRICIA;93525443900;5543999824880
1585968991;FERNANDO;55959172704;5527999860066
1586034364;CHIARA;68882475115;5566996323958
1586475743;MARLENE;24786162892;5513996091021
1586528731;GERVASIO;21426597134;5561999214207
1586908208;GERALDO;35951265649;5531988353289
1587061586;ALBERTO;18970532404;5581984278769
1587065077;JOAO;30208289453;5581986406012
1587139615;SANDRA;60209208791;5522998089640
1587199049;MARLUCE;79905048715;5521988768878
1587348729;GILBERTO;84987367815;5519993088292
1587461347;MARIA;03904309862;5512996560554
1587559851;LAZARO;21563179504;5571996560967
1587597494;ELY;32249586691;5516988575227
1587719832;ELZA;07440287606;5533988632508
1587832817;ROSANA;71656693704;5521995803040
1587867521;ILDOMAR;26481782015;5551999913833
1587964330;JORGE;02184652890;5516993748000
1588008514;ALBANO;00397928890;5514998664112
1588009251;CARLOS;98147536887;5514991162176
1588141460;MAILDA;22016120568;5571988321754
1588613574;EDIVALDO;18693571591;5574988581220
1588632889;LUIZ;48944548749;5521994551970
1588703476;MARLY;05229726750;5524998191564
1588832225;ANTONIO;07538426884;5511963077932
1588924928;ODILIA;06760905830;5519994135107
1589407439;DAMASIO;02619566800;5512991469587
1589610994;ANIZIO;38755475604;5531986513880
1589755925;JOSE;25480898000;5521995426014
1589874487;LUIZ;02196879860;5511973728424
1589956190;PAULA;05699389881;5511996475235
1590250777;MARIA;00618963650;5533999681851
1590420702;ROSANGELA;75480581791;5521982181301
1590424414;ANA;61799360725;5521992578866
1590528546;ROSE;33300089034;5555999558358
1590583466;REINALDO;90057295891;5511993864605
1590616658;PAULO;01386965863;5511975518007
1590800602;DARLENE;46142975520;5574988544338
1590913806;LUDMILLA;47356057620;5531999415116
1591344155;JOSE;99956179868;5511974496969
1591429142;ALIPIO;34995420991;5511996106223
1591541406;NEUSA;26338220025;5551986264453
1591806833;LYDIA;62876147734;5521999198983
1591895585;ROSANA;88276201849;5511983316057
1592279195;ANTENOR;46716874704;5521996140141
1592423172;FRANCISCO;83490655834;5515996200197
1592558051;DIONE;71975225791;5527988537751
1592581347;CELSO;16862970178;5562984993986
1592641730;LUCIANE;56957521672;5538999382746
1592673497;PAULO;10239227204;5591993286562
1592880018;ARLENE;04270639733;5521990135992
1592975370;MARA;08230881898;5511994851179
1593097325;EDISON;00406705895;5511979939833
1593099964;SANDRA;04927637808;5511989527544
1593551603;CARLOS;60367881772;5521989068387
1593568450;GASPAR;73601470772;5521988996830
1593724320;JOSE;02224676816;5588988214888
1593740155;DIJALMA;00860376842;5511980154544
1593764470;VINICYUS;44727718880;5518996039082
1594416211;JOSE;03756405842;5514997177177
1594417552;SERGIO;02940046883;5514998221054
1594421932;JORGE;77308336891;5519995921765
1594598778;VICENTE;30012252620;5531999084060
1594665610;VALDOMIRO;09992413468;5587988527303
1594877642;RONALDO;64896730615;5531997016798
1594949740;ALDO;42875633953;5541991656017
1595053260;CANDIDA;30622565087;5555996857732
1595091278;JOSE;00060675810;5511974961285
1595096326;ELISABETH;93680244800;5511992188128
1595143634;ORLANDO;32226810153;5511979899269
1595303046;RAIMUNDA;12472611587;5573981646282
1595438332;LEONARDO;51113597615;5534992470321
1595462080;SANDRA;10223752886;5519998270969
1595485373;MARIA;15895408591;5573988339365
1595506168;VERA;17911184534;5575982058459
1595650820;HELBER;74322389600;5538998601266
1595845868;SUELLEN;05341788982;5547984119135
1596170740;ELMO;37353250682;5531996275752
1596406965;ELIZABETH;42502659787;5521979569077
1596499351;CELSO;40037746987;5549989123211
1596752448;DENISE;69175373904;5543999956767
1596770349;CLAUDIA;07399875774;5521966073926
1596893971;DIMAR;27697533120;5562985817621
1597043114;WALTER;38680521787;5521996840617
1597043807;ELIANE;74339753734;5521999554757
1597172038;ELISANGELA;29884885842;5511965914439
1597230674;JOSE;00268714835;5512988091185
1597234939;MARIA;21797221841;5538988337707
1597876744;MIGUEL;56123094734;5522999483581
1597975173;JOSE;24831930997;5549991755360
1598009319;MARCOS;03893045813;5511963929024
1598138526;FABIANA;98012576104;5562995659492
1598148963;JOAO;19106564100;5562994099696
1598486184;CLERIO;06728830820;5519987385837
1599480147;DALMO;52680231600;5531989317015
1599545516;GELSON;37543660091;5551993463781
1599605225;MARIA;08265441851;5511996021178
1599821688;FRANCISCO;05531282800;5515998386610
1599954637;ELIS;58927247000;5551996167547
1599981529;PEDRO;05015810814;5512997662873
1599986261;SEBASTIAO;06682258828;5512991924876
1600062560;ELEIR;45831467791;5521972302120
1600126038;LOURIVAL;02603899864;5512996078332
1600407622;ANTONIO;19233230597;5543991281958
1600473285;CICERO;63444470797;5521997698858
1600499624;WELLINGTON;65531752768;5522999973891
1600524823;GILBERTO;28574605034;5551991935838
1600645876;APARECIDO;08380916875;5516991078765
1600764913;ANA;77625749304;5585994218740
1600909776;JULIANA;08435835766;5522999782030
1600997942;TEREZA;36746355934;5516999631285
1601008802;LUIZ;01716400805;5516993137573
1601536582;ROSANGELA;29000378915;5549999184215
1601549633;ELZA;04387940875;5571982859716
1601736190;JOAO;46778667672;5519998000021
1602451360;ELISLANDE;09137769391;5585988414830
1602482419;AILSON;92801803715;5527988135156
1602516852;EDUARDO;35876816604;5531986306887
1602524774;HELIO;41530691672;5531971647255
1602604077;CLAUDIA;36094498453;5575999984848
1602711710;LURDES;57982996949;5548910114253
1602753145;SERGIO;34971840982;5511974030692
1602833777;OSVALDO;16222758886;5537999295579
1602984333;WILSON;40710009615;5531987662665
1603156493;SANDRO;06754145803;5519998819703
1603183075;ENOQUE;03644861803;5513988783757
1603183830;CLAUDIO;97212547891;5513996828239
1603562459;ANTONIO;94434301853;5582981273158
1603738506;JOSE;43888003687;5535988764275
1604068911;RIVANA;07000376759;5527999821434
1604389246;ELAINE;11883015863;5583994170671
1604430300;MARIA;06954933880;5518996908242
1604554530;MARIANO;21913056600;5538988070657
1604687212;JOSE;03574599897;5512996012781
1605207990;SERGIO;04112522835;5516992575636
1605218097;JOSE;96148594820;5516997180155
1605458250;ODETE;78890349620;5534984061410
1605557975;MARLI;20032172826;5511998856903
1605598426;ALICE;40467861838;5517992718843
1605772507;EDGAR;04691971882;5517997531399
1606020207;OSILDO;28252470572;5571999670080
1606087239;FRANCISCO;49557564687;5535998880645
1606148602;JOSE;02042946818;5516997594384
1606156826;EURIDES;05860233809;5511963301889
1606181464;OSVALDO;05126371215;5596991128690
1606195767;JOAO;20551177349;5596991415426
1606269779;VAGNER;17718503453;5582999282419
1606300676;MARIA;90957237553;5575999977147
1606464938;ZENILDA;59200669115;5564999663868
1606555674;EDMILSON;38616033653;5531989855673
1606560775;ANTONIO;53642910653;5533999080084
1606596079;RICARDO;37739476668;5535988743728
1606972852;JOAO;42176387015;5551984210621
1606978613;CARMEM;41333381034;5551992920041
1607034856;ARI;43754384015;5553999731631
1607102878;PAULO;49209906004;5551999695579
1607185846;ANTONIO;00326952845;5511972704822
1607313097;JACEMIM;09729157880;5511974849989
1607470141;JOSE;22073590420;5587988528202
1607945298;WALDETE;25576196805;5512996214980
1608097193;JOEL;02049123850;5564992777179
1608204585;OSNEIDE;34883568687;5531985795545
1608295190;JILDENOR;46755829900;5543991584339
1608500320;CARMELITA;08746283854;5514996962762
1608518644;MARIA;29828692848;5518998177711
1608531845;HELIO;04183668883;5516992279176
1608552796;FATIMA;09372408859;5517991875589
1608769175;LAERCIO;10582800153;5567996937090
1608861039;IZAEL;34471588168;5565999403805
1608864488;MOACYR;31444725149;5565996761898
1609138896;VINICIUS;63391325704;5521984148415
1609281400;ROBERTO;03105816801;5511988999387
1609295380;MARINA;28658616860;5511996311206
1609299075;VANEIR;26530595848;5511989456983
1609324690;CASIMIRA;28700079812;5511943199577
1609350240;OSMARINO;01718265824;5519995069120
1609363601;MARIA;06188090822;5519971185351
1609366716;SUELY;05586493861;5511997676525
1609372678;ORLANDO;36345660434;5511965469730
1609426077;MARIA;45149575852;5511990230201
1609581099;REGINA;01533561540;5575999267178
1609581099;REGINA;01533561540;5575999267178
1610088490;ALVERINA;01332196748;5521994132092
1610116493;NADIA;49692160025;5554991236527
1610238769;SILVIA;48313963468;5582988854815
1610507050;AGNALDO;38738619687;5531991187463
1610650430;MARIA;23390190953;5541984759652
1610764347;FERNANDO;37162713734;5521996624194
1610997546;ROSEMEIRE;18752559823;5511995484604
1611042183;SERGIO;88333973868;5513997706995
1611060807;LUIZ;02847373802;5512991650385
1611365462;ADALTON;57203121615;5531988636231
1611597002;MIGUEL;32060610087;5551997391160
1612165912;JERONIMO;25588370015;5551984369372
1612408998;GILCELIA;13331604534;5571987866587
1612713570;LUIZ;50522329772;5521996795151
1612767416;DAISY;64482340715;5521992880637
1612782601;FLAVIO;14029278000;5551993832501
1612857938;VALDEMIR;07339855807;5511999898923
1612977437;JOSE;77946413815;5518997784456
1613038663;EDEVILSON;00891508805;5511999093523
1613084800;MARIANO;13003020463;5584987900048
1613290397;ANDERSON;01255074612;5531992319649
1613390057;JUCARA;36797626749;5521999976385
1613449957;MARCOS;39955796987;5547988870819
1613681680;VIVALDO;34509437668;5531984069906
1613945210;SUELY;24732645895;5567991182251
1613950907;GILENO;00686324870;5511976826703
1614132710;ANTONIO;10977414353;5585991978579
1614134801;FRANCISCO;43281664768;5585986685900
1614494760;JOSE;04679197803;5581994229707
1614528290;EDVALDO;02794424831;5519988172098
1614555319;GISLAINE;11912178842;5511980984279
1614578670;ELIAS;97837504887;5512991924524
1614766794;DEUSIANE;08694697700;5521996990699
1614805056;CLAUDIA;05515869826;5511992779198
1614850205;JEFERSON;23263580582;5571987174947
1614854448;EROTILDES;28377567504;5571988753841
1615006610;ROSANGELA;00312556632;5531987484423
1615043451;REGINA;02439583669;5532999221984
1615044709;JOSE;69499012753;5532988514053
1615063860;JOSE;15781500278;5591985400881
1615399736;EDSON;04488002846;5511961839783
1615403954;JOAO;07242442800;5512988325178
1615755060;ROBERTO;48795259520;5571986522588
1616189573;ANSELMO;56544715700;5521974924268
1616379011;ANTONIO;31429033649;5535910041492
1616501992;CARLOS;38600234034;5548991788200
1616607448;JOSELIA;96852925587;5577998397549
1616877216;ROSA;52642631753;5527999796990
1616932454;MARIA;69902127649;5532988100993
1616969722;SUENIA;46820787472;5583988104136
1617033160;MARCIA;74690442720;5521988855555
1617043084;GILSON;03378042737;5521988222643
1617202450;MARIA;06101119300;5585997883403
1617243822;ANTONIO;22363092520;5575981265610
1617393280;MARLENE;02592591109;5562985957086
1617494124;EUFRASIO;34329218615;5532984556393
1617667312;VERONICA;29614848472;5581999226900
1617729334;IVANIL;59552883768;5521968715168
