29066425091;2.491,79;5555999372659;PEDRO
23292130000;2.662,14;5555999416925;MIGUEL
24457221015;12.510,36;5555999612813;ADEMAR
32640099000;11.137,14;5554999945775;ALCEU
61199656020;2.264,29;5554999491159;JOAO
59153393953;2.631,79;5549991449978;JUCELI
24879118915;7.992,14;5547991480715;FAUSTINO
29229928968;4.799,29;5547991190933;EHRENFRIED
34722327904;19.295,36;5549991563343;VILSON
01821666941;2.582,86;5549991922162;CLAIR
27538257934;5.970,71;5549991494063;VERONILDA
84544600804;19.209,64;5582981085171;ELIAS
11408634104;6.630,00;5561996520251;VALDECI
09276785191;1.539,64;5562996505357;ABILIO
15024830415;3.587,14;5582981855199;CARLOS
99787628504;2.669,29;5575997072222;MARIA
01515858731;1.826,43;5527996031281;ANA
02765405735;11.441,79;5527999018100;MARIA
24293300163;5.492,50;5564999674199;ISMAR
01219492655;2.253,57;5531998263272;GERALDA
53076354868;2.645,00;5535999623220;ANA
62699350672;3.030,71;5535998752090;JAIR
27571742900;1.832,50;5541991665713;LAUDIMIR
28655885720;17.260,71;5521998576560;IRENE
38566303768;5.166,07;5521998134220;CASSIA
31704239753;3.559,29;5521999192037;JOAO
31524338753;22.202,50;5521996399315;PEDRO
24577650720;2.442,14;552125021621;MARIA
37509772753;7.439,64;5542999082898;ANTONIO
21546355049;13.181,07;5551999952071;ELISABETE
16527771053;1.562,14;5551999276367;OSMAR
31217290044;13.146,79;5554999003303;ELISABETE
20552033049;5.871,79;5554999734788;DARCI
26814552000;1.716,07;5555996706691;CARLOS
18756344015;11.122,50;5551999637656;GERALDO
32253966053;21.712,14;5553997057456;ROSALINO
30214173020;3.908,93;5553999435076;JORGE
25543806000;19.491,79;5553999697362;JOAO
23380640034;16.664,64;5551998306665;MARCELINO
21391980000;5.303,21;5555999714014;HELENITA
13732242072;26.067,50;5555999724776;ENILDA
14267055068;18.470,71;5555996213414;CLECI
27862828020;9.169,29;5553999429567;SERGIO
16972252091;17.407,86;5555999714757;SALETE
90367057034;7.965,00;5555999192198;IZOLETE
38282658049;1.561,79;5554981223666;AIDE
35135379053;7.908,21;5554999804880;DALVA
09328629934;12.368,57;5547999079281;ALDO
77158334953;1.485,36;5548991879698;ELIETE
37717995972;9.053,93;5548999098020;PAULO
63890798853;2.350,71;5511992622215;ALVACI
56822081887;3.140,71;5532999866856;JOSE
76231704653;4.195,71;5535999357485;FRANCISCA
18325726172;1.583,57;5561999363203;MARIA
11705329187;17.476,79;5561999816984;JOSE
09222731468;15.698,21;5582982148003;CLAUDEVAN
76012948891;7.551,43;5582981569788;JOSE
11092440453;21.085,36;5579998349104;LUIZ
10148213553;3.093,57;5522998450191;EDUARDO
14401320549;11.500,36;5577999829429;JUVENAL
03930472708;1.458,21;5527999119199;MARIA
40303284749;5.176,43;5527999774069;KATIA
23381850644;2.211,43;5531998551740;EXPEDITO
40390284734;23.080,00;5531996802668;ELMIRO
21948712687;10.154,64;5538999972000;ANTONIO
15747476653;4.215,36;5532999589470;ASSIS
25432648768;12.052,86;5524999427137;FABIANO
23487348691;19.421,43;5532999102119;DAMILTON
54660173887;19.651,43;5517997331212;ANTONIO
23176350953;4.196,43;5541991424200;MARIANGELA
23850760987;1.687,14;5543999668883;IVONE
49618857972;7.626,79;5542988264444;LUIZ
18173942668;8.743,57;5528999169116;SEBASTIAO
29943299720;5.510,36;5548988287444;ALBINO
68613610706;2.487,86;5521997103006;TEREZINHA
22743294787;6.127,50;5521981375233;MARIO
05432051770;5.443,21;5521998959116;GENECY
50381792749;23.452,14;5522998096516;REGINALDO
24672742768;3.428,57;5522999285397;JORGE
45758840734;1.911,79;5522998444286;SHIRLEY
21825270015;4.487,50;5555999532847;JOSE
25233840006;14.486,43;5551998660352;REINALDO
21402949049;2.161,07;5551998338536;JOSE
21410488004;22.157,14;5551993255845;LUIZ
33643571020;1.947,50;5551980228021;MANOEL
24138169091;2.008,57;5551995254480;CLAUDIR
44892357049;5.286,43;5555996005578;NEREU
27732347072;1.731,07;5554996969623;JUAREZ
28170784034;1.501,43;5554999797541;GENTIL
23231041015;1.804,64;5554999721506;ROBERTO
29430135953;9.541,43;5547992434575;NELSON
24809772934;1.592,50;5547991296383;EMILIA
18115659991;20.625,71;5547996234045;JURANDIR
23608064168;9.871,79;5562999311377;LELIO
07992700597;14.599,64;5571999743841;DELMA
06509576520;23.579,64;5571999729238;VALMIR
07936290559;6.262,50;5571999955522;MARCOS
08948747568;4.619,29;5571999312834;JOSE
11949961591;2.383,93;5571997338157;MARIZETE
14102765387;1.511,07;5585987419714;MARIA
14086034115;7.616,79;5567999511509;BENEDITO
47126221720;5.515,71;5528999656626;DOMINGOS
11394021704;3.510,36;5527999872961;JOSEFINA
79844120144;2.474,64;5564999340327;VERA
05768225315;3.148,57;5598991128554;JOSE
06216625349;16.506,43;5599991422505;JUSTINIANO
16065328634;7.125,00;5531997348775;JOSE
23219475604;12.609,29;5531971503662;FRANCISCO
24507130697;17.522,50;5531996242487;GERALDO
25045687620;1.809,64;5538999183434;JOSE
28787595672;15.777,86;5537998243046;ALAOR
21588783634;7.035,00;5531995469674;JOSE
46892206620;7.299,29;5531999290911;GISELLE
23244330606;2.272,50;5531997539351;JOSE
02604623650;3.480,36;5511997233567;ANGELA
22783369672;3.796,07;5531999373710;CLAUDIO
54600650620;4.597,50;5531971782963;PAUTILA
27585077653;8.657,50;5531971240301;JOSE
60218827849;24.751,43;5535999776906;ROBERTO
94872317653;1.900,71;5535991621721;VANIA
28139283649;1.460,00;5531997578784;MARIA
28630734604;3.285,36;5535999321367;JOAO
18434274949;1.500,71;5541999650083;IZABEL
01785727990;2.733,21;5542991175026;ZENI
02966757922;3.305,36;5542991430857;MARIZA
20407300953;4.578,21;5543991389272;PAULO
77860594900;4.028,21;5546991212927;VALDAIR
27373835791;15.348,57;5521998342426;MARIA
46419110700;13.154,64;5521979319419;LUIZ
00180278819;1.887,86;5532999487345;ROSANGELA
44644469734;2.773,93;5521971943493;ARTHUR
25695428734;1.616,43;5521999172489;LUIZ
40184307791;2.009,29;5521998156598;CELIA
33570639720;2.737,14;5521983343413;DOROTHY
18402062768;1.447,14;5535999754013;ANTONIO
18520553753;1.661,07;5521997593835;DENIZE
46258582753;1.705,71;5521999466134;WILMAR
27508560787;9.379,29;5522999944137;VITOR
27668088768;5.953,21;5521998117798;SANDRA
30917387791;10.036,07;5521997436334;MARIA
92187242749;29.027,14;5521971648064;MARIA
44222289787;14.264,64;552124053481;GILSON
37131435791;24.146,43;5521989028182;GESSI
52002780749;4.336,07;5521995673721;ANTONIO
28552105772;3.803,93;5521996626765;EINAR
10788867768;19.170,71;5521996372817;VERA
23392711772;7.585,71;5524999455107;ANGELA
32135327700;6.343,21;5524999535849;JOSE
44959745720;2.341,43;5524998368509;LENI
53835514768;2.139,29;5524999550505;NEUZA
00356343758;3.928,57;5524999595639;CATARINA
32734239787;7.125,36;5524998136398;LUIZ
32059833787;2.644,64;5524999493353;SILAS
56896654791;10.765,71;5524998413511;ANTONIO
07480772785;5.416,07;5522999784860;MARIA
28808029034;19.690,71;5551999465273;BENTO
24175706020;23.763,93;5551985270336;GENESIO
21142114015;11.526,07;5551996182385;HUGO
36558176068;8.665,71;5551995193882;TERESINHA
27792358020;9.917,50;5551997751955;LUISINHA
16104170030;10.975,00;5551998446515;SIDNEI
09563067053;1.876,43;5551998486845;CLAUDIO
25447831091;14.869,64;5551999549016;NILTON
20932537049;2.018,93;5551999999945;CELSO
28626931034;4.276,79;5551999988134;ROMARTE
81107781000;31.040,00;5551997068248;EVANIR
49559478087;1.714,64;5551980385218;NELCI
19311281034;5.028,93;5551999984711;PLAUTO
32739842015;10.035,00;5554999308460;ADELAR
27700151091;23.122,50;5554999775336;JOAO
22349596087;1.637,86;5554996711707;MARIA
19952805004;1.711,07;5551999780868;LAUTENIR
23137398053;26.443,21;5554996621089;ROMEU
39153592034;18.160,36;5551995249888;CIRIO
20440251087;25.862,14;5551999930056;DIONEZIO
52938204000;5.496,07;5551999287062;ACELINA
30773008004;5.180,71;5551995196289;LEONEL
23959797087;13.467,50;5551999665536;JOSUE
28567730015;4.885,36;5551995128152;ADEMAR
56677847004;7.255,00;5551998477509;SIRLEI
40157555020;3.550,00;5551998695377;LENIR
26118459053;11.282,50;5553999977017;ORACIO
37802445000;1.567,50;5555999798678;LUIZ
19677650068;4.006,07;5555999786224;MARIA
24113484015;5.221,07;5551996541587;ENIO
27209474072;4.501,79;5551997824123;ADAO
16282507049;4.758,21;5555996515705;NERI
33220735053;9.667,14;5555999621754;NERCISO
33231788072;4.181,79;5555999943251;ADAO
25695487072;11.714,29;5555999627807;TANIA
27865908091;11.427,50;5554996987709;ADEMIR
32533195049;2.253,57;5554996781051;NEUSA
25500570072;24.373,93;5554999024544;DARCI
27412407015;9.877,14;5554999822518;MARLENE
21785813072;3.581,43;5554999775005;JULIO
29110432949;2.424,64;5547991444945;JOSE
84551518972;22.463,57;5547992926202;HELENA
21810800978;4.514,29;5547992395151;EGON
30494702915;20.140,71;5549991765733;ANTONIO
01377336824;13.701,79;5574999899029;IRANI
88184242891;9.728,21;5579999248522;RAIMUNDO
13145280848;3.468,57;5543991235931;LUCIANO
97928755572;1.452,86;5575999876833;MARIA
07345232549;2.716,79;5594991273633;NEIDE
19615256234;3.161,43;5568999735242;MARIA
89651901772;2.264,29;5527999955755;SANTA
34334858791;3.570,36;5527998994228;LUIZ
55899331704;4.813,57;5527997756044;MANOEL
69552797772;2.513,93;5527999241450;LENY
47171570797;5.078,21;5527998656542;ALAIR
98037820963;1.655,00;5546991087989;TEREZA
21064440100;24.743,21;5521997879876;RUBENS
34434003704;11.719,29;5521981712982;ANTONIO
42405149753;8.712,14;5522999197092;JOSE
00730891763;2.735,00;5522998190690;GESSI
32272006787;9.765,36;5522998882036;VIVIANNE
30239460782;14.461,07;5522997131677;GETULIO
81971966800;7.638,93;5511930868962;MAURO
08393460506;1.821,43;5571996495460;RAIMUNDO
10688692591;4.763,93;5573999904651;PEDRO
15472914604;4.754,29;5594991617783;ROBERTO
97054640578;2.734,29;5575998758975;GEROLINDA
57503826720;3.166,07;5527995244624;ELIAZER
37685333791;12.264,29;5527996516601;MANOEL
32782705768;22.344,64;5527999632250;SONIA
35380047734;25.422,86;5527996242780;JOSE
30251907791;2.660,71;5527998998553;GETULIO
40994406134;1.915,71;5564996522203;MAURICIO
17740690678;1.640,36;5531997702465;MARIA
23383216691;3.379,29;5531999073415;CLAUDIO
70836272668;12.367,50;5531997470498;NELY
30517362600;6.774,29;5531988475444;MARLI
27498115620;9.728,57;5531971256427;DALVA
25559214604;23.003,93;5531997469002;CARLOS
41228723672;2.261,43;5535998262030;JUSCELINO
50643088687;1.459,29;5535997120390;EXPEDITA
24764213672;3.023,93;5532999134086;MARIA
21135851620;2.998,93;5534999451072;NATAL
39933660691;3.578,93;5531999130089;TARCISIO
04320562623;5.958,93;5531995500252;ROSANGELA
23240130610;2.707,50;5537999638743;CARLOS
44230427620;7.395,71;5537999024077;MARIA
29870364691;3.091,07;5537999136710;ARMANDO
15285960649;2.987,14;5535998960407;JOSE
39375447200;3.192,86;5591992326083;HERCILIA
30153980915;19.891,43;5544991280656;PEDRO
62805150791;2.448,93;5521967599792;VERA
32407882768;11.774,64;5521999361950;SERGIO
18696910753;9.531,43;5521985511382;WALTEMIR
30168104768;15.223,57;5524999881229;MARIA
14696622053;7.913,93;5554999617093;NELSON
21538166020;14.624,29;5554996761113;NELSON
65863070072;1.574,29;5551995109839;LOURDES
19546696900;8.284,29;5551980336797;ILDO
32962916015;5.171,79;5551995480235;JULITA
28121180082;5.117,50;5551997070781;MILTON
21426325053;6.490,00;5551999806366;PAULO
34468706953;2.676,79;5548999962134;LUCELENA
45491496987;2.292,86;5547991402952;ILCA
35211644972;3.263,57;5547988356367;GENTIL
31152619934;7.548,21;5547992744972;REINOLDO
18096549987;10.119,64;5547991117641;EGIDIO
00309000858;15.558,21;5573999777883;PEDRO
03948948801;2.385,00;5579998249248;DOMINGAS
69108617791;15.849,29;5527997535747;MARIA
34469923834;6.252,86;5579999299402;JOSE
39471454700;2.692,14;5527999449334;JOSE
36446602715;3.593,21;5527992583970;IDALINA
57610274704;5.411,79;5527999632091;BENEDITO
12198757168;2.837,86;5562996196500;JOACYR
46047654134;2.760,71;5566996143612;SADI
10357814843;11.800,71;5562996175587;ELENICE
27816621604;11.645,36;5531998269593;TADEU
34364390615;12.006,43;5531995456953;EUCLIDES
02868638805;3.982,14;5531984131106;ESPERDIAO
29019893653;2.272,14;5533999593642;ISRAEL
16884760672;8.270,00;5531996456739;JOSE
26099519653;4.979,64;5533999993866;WILSON
21851670653;8.857,14;553330153963;ALIEDE
94123225853;20.577,50;5533984242874;JOAQUIM
68507712800;11.719,64;5531999746178;FRANCISCO
32067992600;2.036,43;5534999282808;LIOMAR
45338515687;3.013,57;5538997322521;ENEDINA
96162775968;4.473,93;5546991010380;EDEMILSON
18523188991;5.099,29;5541991678642;LUIZ
27614204700;23.038,93;5521996507517;IRIS
60937165700;18.367,86;5521987329417;DEISE
56742975768;3.277,50;5528999659542;JOEL
21317518772;7.431,07;5522997319059;GENILSON
22202218734;13.329,29;5521967414024;JOSE
30591163772;2.464,64;5522998042215;JOEL
26444763053;9.712,14;5551995293633;TERESINHA
22035834015;10.144,64;5548991797488;PLINIO
21843406004;4.946,79;5555999046551;PAULO
19239564004;4.831,43;5551984369302;CALIXTO
81172737053;3.214,29;5555996967398;MARIA
21801711968;31.491,79;5547992929995;CELSO
21807159949;2.472,86;5547991443296;IVO
38394359949;11.535,36;5547991017055;OSVIN
03065348942;4.033,57;5548991436740;SIRLENE
34285032953;4.865,36;5548991899733;MARLENE
02036353967;2.112,86;5548991824956;EDVANIA
03720017850;13.974,64;5511941401957;PEDRO
64367940853;12.664,64;5548996693465;JOSE
23470038520;4.329,29;5579999857657;JOSE
17138183534;14.796,43;5579999380312;JOSE
35773405768;29.373,57;557932156640;HELMIRO
03875539168;14.967,50;5561996426323;SILVIO
67217060249;4.449,29;5593991330329;FRANCISCA
14962217372;3.543,21;5593991298266;MARIA
65221907291;1.692,86;5593991385179;DELZUITE
19341270278;2.606,07;5592994177048;MARIA
09450718504;1.875,00;5571999336277;GREGORIO
45153060730;20.737,50;5527995324178;JORGE
65878507749;3.199,64;5527999115506;JOSE
91020204753;3.210,00;5528999475721;ZELIA
90369564715;1.751,07;5528999384966;RITA
52557464791;2.426,07;5528999115335;LEOCRIDIO
02466993708;3.488,93;5527999369252;ANTONIO
56670699700;3.786,79;5527998627027;PEDRO
45149992704;14.863,93;5527999254522;JOAO
04360218702;8.520,36;5527997576523;CONCEICAO
13237632600;3.265,00;5531998978926;ANTONIO
13738747672;2.213,21;5531984024060;MARCOS
29772419653;4.934,64;5531999095807;MARIA
15616517615;19.648,93;5531999162260;MARIA
24912140678;5.660,00;5531997261423;ANTONIO
60764082604;3.988,21;5531995490401;MAURILIO
29930804668;15.483,93;5531999887229;JOAO
23182687620;22.376,07;5531996376073;EUSTAQUIO
48876291687;3.226,43;5531999505141;NEIDE
25358936653;12.946,79;5531999996113;MARIA
29960584615;11.066,07;5531996641936;ADELIO
16929101672;5.929,29;5533999610547;GERALDO
04303861685;2.170,00;5538999658045;CLEUSA
17269873615;20.926,43;5535991403377;JOSE
54183820804;19.981,43;5535998122458;ANTONIO
20836643615;4.377,14;5532999992160;ROSA
88547841687;3.934,64;5532998154703;ALESSANDRA
56489048604;2.250,00;5532999980925;AMARILDO
03732286606;1.561,07;5532999425120;VANILDA
42371090620;11.383,21;5532999214262;EVERALDO
28436091604;3.278,57;5532999102050;ADOLFO
97044253687;4.539,64;5537999527207;TANIA
87131579815;3.784,64;5541991599729;GILBERTO
33718024934;18.744,29;5542991285955;OSMAR
66927781900;2.385,36;5544991112025;LAURA
46000801734;19.547,86;5522997439769;ANTONIO
28651375700;25.398,57;5521996954835;LERIO
35902744768;15.639,64;5524998392823;MARILDA
51328976734;1.601,79;5522999426233;HOSANA
49767348700;4.292,86;5524999411638;VANILDE
46992472704;1.771,79;5524999782987;WANDIR
32000227791;9.369,29;5522999642030;ADEILDO
04427408400;1.627,50;5575998446040;JOAO
22290184004;2.015,00;5551998610121;AIRTON
23874759091;7.251,07;5551997979610;ADAO
21397120053;4.808,93;5551997645583;CLAUDIO
29864666053;3.227,86;5551998925925;JOSE
21436410010;31.706,79;5551997815243;ANTONIO
10894454072;17.631,79;5548991668474;AVELINO
19978375015;2.807,50;5551999148842;JORGE
19422326087;6.390,36;5554999716449;JOSE
31182496091;2.973,21;5554991363494;CLEIDES
31210759004;2.359,64;5554999031766;PAULINA
25791656068;16.843,57;5551996598068;LUIS
41027264034;9.775,36;5551997523328;NELSON
25323865091;6.517,14;5551996850501;FRANCISCO
20953640078;16.508,93;5551997602703;JOSE
89677510010;3.624,64;5551999069015;SONIA
18666264004;2.501,79;5553999760635;GESSE
46329463034;2.625,36;5551999585934;ORLANDA
40192563068;6.249,29;5551996078334;EDMAR
53060865000;2.365,36;5551998711776;MARIA
33215995034;1.777,86;5555996911980;ABEL
57688869072;2.286,79;5555999838041;EVA
19620560078;5.254,64;5554999974487;VITALINO
20360851720;11.208,21;5548991451664;SERGIO
44085303953;15.947,86;5547992450771;SIGOLD
46109811904;1.441,43;5547984801023;LUIZA
24926132915;3.554,64;5547991934422;REGINALDO
41810244900;5.812,86;5547991663086;EDMIR
37995782934;18.878,93;5547991789065;LUIZ
35083565900;8.569,64;5547991833585;PAULO
38028751920;19.083,21;5547991683430;NILTON
38114135972;3.348,21;5547991790073;CELESTE
31111408904;2.762,14;5547999865316;NAZIR
37757857791;3.005,36;5527999109983;JOSE
57432988820;15.645,00;5579998755802;JOSE
75651408800;22.191,43;5535998120132;EDESIO
63741555800;17.275,36;5547992328744;MAURO
02093276852;7.843,57;5511942475440;JOSE
11987316568;7.555,71;5579998450694;IOLANDO
04369879701;5.145,71;5569999403773;ADELIA
38432676268;20.083,57;5592993092062;ELILDA
77788800597;2.831,79;5574999278477;RAILDA
00953639711;3.202,86;5521986351179;MARIA
17162017053;17.263,21;5551999616707;HERMES
69889554020;2.642,14;5551996212734;NEHITE
76884783087;2.290,00;5551999092961;JUDITE
65025679087;10.366,07;5554999491952;DOVILIO
46422188900;4.100,71;5547991757979;MARIA
29114683920;7.975,00;5547992919369;AIRTON
73319104934;7.017,14;5547991928773;GISELA
14125986991;12.126,07;5547999496721;MARLINDO
24714291904;1.823,57;5547992397220;FRANCISCO
29828651904;21.990,36;5548991074279;GEMA
75486024568;2.943,93;5574999464554;GILDENIR
78673550572;9.157,50;5577999988937;VERA
48858021720;4.234,29;5527997802010;JOAO
15038076068;6.850,71;5527998969800;MARIA
01982459719;2.264,29;5527995259869;CREUZA
22071636600;21.232,14;553131512797;ANSELMO
25467786687;5.676,79;5531998307576;CARLOS
34279113653;4.457,50;5531999046459;NELVY
39919536687;9.556,43;5537999030532;ALTAIR
18601405649;8.912,50;5531997604281;EDSON
36300179672;33.761,07;5531996796265;GILSON
37937090600;2.080,36;553136497294;LAERCIO
70919720668;19.758,57;5531998527754;LUCIO
19854293904;3.404,29;5566999279506;JOAO
39434966787;22.643,21;5524999580647;DJALMA
11397900644;30.741,07;5532999918462;LUCIA
15772535668;15.610,00;5527998359058;PEDRO
26961946615;2.063,57;5537998651336;ANTONIO
08431639253;10.771,43;5591992560022;LUIS
29908981900;5.000,71;5541992376862;ROSI
27446409991;5.780,71;5541988298187;GIOVANE
18471234904;11.803,21;5541991940182;SEVERO
33166412972;13.621,07;5565999092591;JOSE
60958707987;6.128,57;5544991137008;CLARINDA
44265328768;9.630,00;5535998584651;DENISE
45281009753;14.877,86;5521995849548;LIOMAR
60594357772;19.957,50;5521999172643;JOSE
33122652749;13.785,36;5521996737658;ROBERTO
40195910753;9.773,21;5521967607861;SILVIO
44171307791;3.373,93;5521998148900;ANA
39331300778;4.972,14;5521994162217;ERNESTO
31445799715;21.790,00;5521996086707;JOAO
55402224749;3.992,14;5521997693657;CELSO
81948433753;15.780,00;5521967777761;MARIA
44133103734;5.290,71;5521997433488;JADIR
62214179704;12.677,50;5521998136359;BENEDITO
27806189734;2.399,29;5521995646138;RENATO
32210159768;1.812,86;5521995386703;SONIA
38501066753;4.728,57;5521996348525;JORGE
45302600706;3.632,14;5524999149340;PAULO
44922434704;14.462,86;5524999520175;JOSE
32746334704;2.716,79;5524999535371;OSWALDO
67933700810;4.572,86;5524998180613;LUIZ
49872613753;2.152,86;5524998148430;MARIO
44941293720;9.257,86;5522998231332;JOSE
49783319787;12.032,14;5524999829987;ANTONIO
56887426749;10.122,86;5524999173127;REINALDO
17234123768;16.546,07;5524999948294;ORLANDO
35329912768;11.253,57;5579999004467;DURVAL
07404131472;3.621,79;5598991079727;MARIA
26879824072;3.863,57;5551996267758;JOSE
35397489034;2.282,14;5551996180909;VERGINIA
72050675020;12.051,79;5551997751330;ODETE
23588730044;6.352,14;5554999133890;ARCILINO
27670058072;2.593,57;5554997063737;JOAO
38399520004;11.170,71;5551999749924;VANIA
37397346049;6.961,07;5551999743767;DELCIO
37174665004;5.214,64;5551997420326;MARIA
25522213000;2.815,00;5551999669099;DARCY
21666016004;15.720,71;5551995712112;PAULO
28026780000;6.701,07;5551998127954;ADOLAR
31103308068;10.377,14;5553999045338;JURACI
27082563000;17.661,79;5555999413043;TADEU
27604241034;2.590,71;5555996237008;EVA
29379628072;3.115,71;5554996352740;JUAREZ
42320046020;4.951,07;5553999521340;HUILSON
35259060997;5.430,00;5549991092809;MARIO
24897280915;25.961,07;5547992261033;JOSE
34668250910;3.824,29;5549991566930;ELI
77174925804;21.940,71;5511956509615;JAIR
76304701853;4.525,00;553235712596;LINDOLFO
62416308572;1.500,36;5562999757655;IOLANDA
20356498115;5.808,21;5569999384583;JOAO
01774271249;15.060,36;5595991472060;MARIA
32869908172;6.115,00;5565996648483;VERA
19924380649;13.138,57;5531999461680;JOAQUIM
16808290091;10.330,00;5551995250677;OSCAR
14785803053;11.381,79;5551998247863;JUAREZ
21770697004;20.930,71;5551984130608;IVAN
22328530044;7.708,57;5551996365093;LUIZ
27678512015;27.584,64;5554999096255;VILSON
20800967020;9.693,21;5554996689973;JOSE
28193415000;8.741,79;5554984196450;ANTONIO
38130181991;2.877,14;5542999236603;ARI
31374247987;16.127,86;5549991253819;NILTON
11180005520;7.738,93;5579999409331;RADIR
98114409720;21.272,14;5561998723687;WAGNER
21853444634;20.951,79;5527997858080;DOMINGOS
78185033820;3.951,79;5527998363234;JOSE
55799493753;19.613,21;5527995211236;LEONCIO
37680358753;16.105,71;5527999955495;CLEMENTE
41665821787;12.930,36;5527997020211;GILSON
32493215753;16.339,64;5527999958204;ALAIR
34334289720;2.830,71;5527999441093;MARIA
39541614787;22.448,21;5527999446549;DJAIR
25001540763;6.245,00;5591992700348;CESAR
76116328849;19.992,86;5527999107092;HENOCK
19460937691;29.361,43;5527999444815;LUIZ
39362337720;17.214,64;5527997226650;GILSON
57616264700;19.877,50;5527998652971;ARNALDO
41620488787;17.284,64;5527997237723;JORGE
10009957472;6.701,79;5587991634248;JOSE
20669089400;6.831,79;5581999529829;EDY
09955948809;3.156,79;5522997288010;MARIA
22867228620;1.641,07;5537999219066;ITAMAR
77689305687;7.651,07;5531971476449;JOSE
24809063615;3.373,21;5531996111094;GERALDO
14336120625;16.855,00;5531995776413;JOSE
33940169153;1.429,64;5531988250208;DIVA
11864303620;16.748,57;5537998646149;IARA
20532350634;2.575,00;5537999483044;ROSA
04027747607;5.818,21;5537999829936;MARINA
31675468915;13.878,57;5541991543186;ARLINDO
37394754987;4.648,93;5542991288402;LAURO
17884179920;1.537,14;5548991138880;DANTE
34639772734;8.507,50;5581999727356;ROBSON
75619393887;1.706,43;5565996781011;CLAUDIO
00273417711;3.297,86;5521996061587;ROSILENE
00833400762;1.949,29;5524998277157;JUDITH
32127375734;3.777,14;5524999452241;AMARO
88507300049;11.520,36;5555999774297;DANILO
31997880091;8.612,50;5551981375568;ANTONIO
25380265049;22.803,21;5554999725020;VILMAR
39153568087;14.747,50;5551998178182;BLASIO
33344280953;3.739,29;5551998749491;JOSE
21288526091;9.013,57;5554996762785;OSMAR
31219136972;17.388,21;5547992124486;WILSON
31215793987;20.762,50;5547992699574;ADEMAR
18193811968;2.904,64;5547984079606;OSNI
38160838972;22.703,93;5547992335728;ANISIO
01514424959;15.348,93;5547991977912;ARMIDE
48565008991;9.813,57;5547992656555;JAIRTON
29251540934;2.874,64;5549991282201;GUSTAVO
00469937890;2.571,07;5518997336219;IRACEMA
06747167520;6.980,71;5579998316400;UBIRAJARA
31026370949;6.651,79;552737431182;JOAO
03961745153;17.739,64;5561999993707;JOSE
12314692500;17.666,43;5571999286397;ADILSON
03959350597;20.767,86;5571988341060;PAULO
11554304504;3.313,21;5571999650443;MARLI
11118270525;4.534,29;5571996158934;RENATO
98220616504;2.542,86;5521971229294;ROSEANE
11902434587;20.063,21;5573999448123;NELIA
55832563700;5.559,29;5527997516751;JOAO
89773446700;4.765,71;5532998183125;LUZIA
35386061704;7.752,86;5528999557756;IRISACYR
49333208704;15.537,14;5528999370444;MARIZETE
59479493500;3.780,00;5527995174117;MARIA
21952477620;5.738,57;5527999645365;ANTONIO
47064714787;7.691,07;5527999368108;ESMERALDO
00783417799;6.223,21;5527997332201;ELCY
20648766691;3.492,86;5531999860148;SEBASTIAO
30351545620;2.828,21;5531996840535;ANTONIO
21975124634;3.834,29;5528999072055;ELISIO
30573262691;19.343,21;5531998099179;DEILSON
20723199604;12.445,00;5531999821702;GENESIO
29331676620;1.514,64;5531999832515;SANDRA
16252950653;8.172,50;5531995116020;MAGDA
38569515634;3.993,93;5527997860340;HEROINA
18687865600;2.336,43;5531991679161;JOSE
69940169868;17.266,43;5538999885068;ETELVINO
02960316665;2.253,57;5535997179579;MARIA
81060785820;8.472,50;5535988441061;ANTONIO
18507328687;1.761,79;5535998268555;OLINTO
03097129634;2.939,29;5535999641471;MAXIMIANA
02771179687;2.062,86;5535999758681;JOSE
48850730659;9.660,36;5532999927419;DJALMA
78990785634;5.723,93;5532998314412;MIRELLA
64354083949;28.471,79;5532999724192;MARIA
45109214620;4.778,93;5537999918231;MARIA
04383011616;2.266,07;5537998628240;CONCEICAO
82035172691;3.158,21;5537999273052;ADRIANA
14211041215;2.340,71;5521972812493;MARIA
44000510215;9.831,43;5591991225100;LUZIA
29747635291;28.743,93;5591981417792;ALEX
18667570915;17.577,50;5541991294323;FRANCISCO
32095945972;26.458,57;5541999405513;ADMAR
00542681927;6.204,64;5541991984963;MARIA
02287381996;2.536,79;5541992295052;MARIA
30143624920;2.253,57;5543999722740;MOHAMED
52918580104;1.536,79;5544991274063;MARIA
37646397768;5.901,79;5521972167111;LAURENIO
68882513734;4.771,07;5521996520459;MARIA
32908180715;15.037,50;5521998232326;JORGE
50502611715;1.513,21;5522999998355;ANTONIO
26209470734;8.170,00;5521999652446;HENRIQUE
88803147772;1.587,14;5521997060413;ARTHUR
40734331720;3.599,64;5528999008004;ALCINO
35630639749;2.481,43;5521999970232;CLEBER
42291569791;2.669,29;5522999541623;ANTONIO
45761078791;2.943,93;5522999868586;ELBA
95624490763;12.059,64;5524999950721;MARIA
49893084768;13.718,57;5524999922019;VALDIR
56676484749;8.050,36;5524999510450;ANTONIO
18022030015;1.501,43;5551999511206;HILDA
46553509034;5.463,57;5551999680717;MARIA
25044052000;2.418,21;5551999137606;HERMINIA
21742235034;5.961,43;5551999112701;MARIA
16103653053;5.048,57;5551998428995;CARLOS
19396775053;4.166,79;5551998425987;VALMOR
25595725087;17.050,00;5551999142996;ANTONIO
31893783049;11.992,14;5554999467115;ROVANI
36669407068;18.995,71;5551999458437;ALCEU
20782012000;4.265,36;5554999742602;CLOVIS
39687112034;20.529,64;5551980547772;MARIA
25710540072;1.774,64;5554999590817;LAURINDO
77050991015;8.113,57;5554996663373;NELCI
27166953004;2.621,43;5555997301982;GLADES
21826870091;3.398,57;5553991376772;ADELCI
30239940059;13.076,07;5553999562378;NORIVAL
27045811004;17.631,79;5553999933242;ROBERTO
96452501020;2.297,50;5553999756070;IRENE
15300803049;6.865,36;5553991524839;HEMETERIO
24828092072;4.578,57;5553991056897;OTAVIO
24380482049;8.742,50;5555999908544;MANUEL
20886667020;12.020,00;5551998334424;VILSON
14014564053;7.765,36;5551999445357;EUNICE
24987425068;24.506,79;5551999952828;NELCI
21369402015;29.882,14;5551996455051;IRO
20511299087;14.073,93;5551999340506;LAURO
20285469053;1.502,14;5555996984191;EVANIR
49307630020;2.912,14;5555999252345;DELCI
27411931004;1.786,07;5554996439283;RUBEN
31259995968;18.453,21;5547992894653;LUIZ
71579800963;9.202,50;5547991311968;REGINA
63933950953;2.168,57;5547992053426;ZAURETE
31180400925;1.746,07;5547988635890;JOAO
35137681920;20.287,86;5547999848306;JAIRO
19501285987;12.316,07;5549991635039;ALTEMIO
95652620820;18.195,36;5511942822241;DONIZETE
67846947834;11.905,71;5531998989319;NELSON
13831216568;14.500,00;5579996419103;RAYMUNDO
58984445991;3.734,29;5561999889537;CLAUDIO
10489304168;2.207,50;5567999840471;LOURDES
19154968100;6.830,36;5562996020462;ANTONIO
09121200378;27.571,79;5598991340839;DENISE
29137462334;2.685,71;5598991819565;EMILIA
20296533653;19.907,50;5531997313314;JOSE
20546483615;2.680,36;5527998288337;GERALDO
75337088653;2.529,29;5538999790964;DULCELESTE
26651602691;1.680,71;5534991932984;OSMAR
23980281949;13.556,79;5543991703543;MARIA
20488343615;11.104,64;5531997156082;JESU
47120169734;11.790,36;5527999962816;JOSE
37976028715;20.090,71;5527998983628;ALMIR
20774494620;23.943,21;5527998348359;JOSE
26580187700;28.346,07;5521999033371;JOSE
35367016715;21.375,36;5527998784958;ADILSON
19516703615;17.941,79;5531997827096;ANTONIO
34336923787;17.937,14;5527999677068;GILBERTO
26221675715;9.396,43;5522996042499;JUNIA
33283877572;19.978,93;5521971817846;REJANE
55042120734;21.260,71;5562999868486;MARIA
18615090653;11.550,71;553134927870;MARIA
19533861649;18.106,07;5531971604093;LUCY
25755404704;2.691,07;5521997876864;SANDRA
00134441826;18.576,07;5521997737086;CARLOS
22911804600;18.056,79;5527999832962;OTILIA
20483660078;19.124,29;555130316536;ALCIDES
49056271091;14.022,14;5555996605300;IVONIR
24174106053;2.306,07;5551995936819;ROBERTO
50845497049;2.270,36;5551996130663;IRACI
33044538904;6.945,00;5554999985557;LUIZ
28076966000;5.788,93;5551999138969;CIRIO
16479556020;2.204,64;5551998568925;FLORIANO
14882787091;12.406,79;5551998144913;JULIO
25879510034;10.968,21;5551995183696;ZILMAR
45871159087;5.076,43;5551998036135;IVONE
37527401087;2.011,43;5551997956202;HELIO
05862159053;14.860,71;5551999815175;NILSON
18733018049;23.030,71;5551999050154;ALBERTO
30779480015;5.999,29;5554996428713;WALDIR
49440195053;1.444,29;5554999414049;ADEMIR
21624291953;2.162,86;5547992437001;JOSE
98827790934;3.864,64;5547992129991;AGATA
79506607834;30.437,86;5511942226384;CLOVIS
26280094634;1.735,71;5538998176131;ANTONIO
46088296020;1.838,21;5542991189029;NESTOR
11947250230;3.455,00;5592993965947;MIRAMAR
59346060506;16.219,64;5575999938120;MARIA
91209048515;1.497,14;5575998844410;ANTONIA
69794650587;6.688,21;5575999124575;ILUZITANIA
05453909587;5.027,50;5579999743952;ELIANE
29972191915;4.570,36;5573999501049;VALMIZIO
76366090530;3.563,21;5579999989771;AMELIA
12677507153;12.010,00;5537998320364;JOSE
16144783172;10.087,14;5565999715542;ALCINDA
73615935691;3.451,07;5531997120788;CARLOS
20469276649;4.468,93;5531971196756;CEZARINA
37400819615;5.028,93;5531971434930;JOEL
24658634600;13.543,93;5531997594189;ROGERIO
14391058634;10.070,36;5531999949439;JOSE
16421981615;4.376,07;5531996441516;DIMAS
15278727691;17.319,64;5535998300747;JOSE
18066534604;4.436,79;5532999312545;GERALDO
17241081668;14.800,00;5535988468688;JOSE
19450206600;21.921,79;5532998306419;ZILEI
03727235608;1.516,79;5532998147804;MARIA
30236800272;8.333,21;5599991010272;MARIA
90426592972;3.165,36;5541997464012;ELIANE
03152478941;3.468,93;5547992539418;TEREZINHA
27325806787;3.207,86;5521996096880;ELIANE
44231601704;2.621,07;5521967874273;AIRES
17433010068;4.317,50;5551999223380;LUIZ
26388162053;6.273,93;5551992788885;HELENITA
19803923072;7.830,71;5551999699267;ROSA
18352707000;2.324,29;5551999687626;PAULO
21767254091;13.117,86;5551997762049;MARLE
25738798015;1.996,43;5551997515551;INES
18381014034;7.494,29;5551997493486;VERA
11938706072;4.572,50;5554999796378;JOEL
20800339053;5.038,21;5554992624334;OSCAR
24206750025;9.295,00;5551998313994;IEDA
13547208068;18.749,64;5551995388606;ANGELO
36976636072;1.695,00;5551999574399;NELCI
18800483020;3.973,57;5555999077706;DENIZAR
24346080006;1.458,93;5555999799169;UBIRACI
35259850963;2.563,57;5547992811946;WILSON
43708056949;16.081,79;5549991266213;NEZIO
00410033812;1.892,14;5535999613634;GILVAN
86393600810;1.776,07;5516997084916;ROBERTO
34465995504;2.318,93;5577999748745;RONALDO
86684027815;17.424,64;5535998524242;JOAQUIM
05707722149;2.145,00;5561996127492;ALBERTO
23965495100;4.316,79;5595991383820;MARIA
07582307534;6.367,86;5587981535274;JOSE
11002700515;16.011,07;5577999521318;MARCO
12653365553;7.913,93;5577999689043;MANOEL
02265201707;2.397,14;5528999123658;IVANI
79784240734;1.458,21;5528999419887;MARIA
09735969700;3.441,43;5527996285842;JOVELINA
37051911600;4.407,50;5531987126442;ROBERTO
53704789615;6.533,57;5531996828678;CARLOS
20482647604;9.371,07;5531997838459;FRANCISCO
11909277649;1.950,36;5531999914487;DANIEL
19844565634;5.022,86;5531988025734;ERICH
27953882604;5.929,64;5531996415859;PAULO
47066768604;14.184,64;5531999360355;MARCIA
32720890634;10.046,43;5531996774159;EDVALDO
11206640634;5.287,14;5534998176477;DIMAS
54344522672;21.757,86;5538998411732;ELIZIA
31407463691;6.238,57;5535999826395;ANTONIO
85815713600;4.614,64;5535999300008;JOSE
19234830644;14.986,79;5535999505570;ALEXANDRE
13370499649;6.960,36;5531997903621;JOAO
34552421700;2.827,86;5521999618680;MARIA
55429661791;1.611,79;5522999794011;JOEL
51250420725;1.628,57;5521996186796;MARIA
26286998772;12.743,21;5521986541470;VALDIR
33300240700;7.902,50;5521967390727;SEBASTIAO
28675126700;1.522,14;5521999961692;SOLANGE
40437728749;16.338,21;5521983543166;ADILSON
20566921049;2.452,50;5551985834475;NILTON
17952867091;2.030,36;5551999467084;SILVIO
15060616053;6.585,36;5548991621557;AMERI
52030172987;3.396,43;5547992300804;LISETE
43203604949;7.353,57;5547992683539;GENESIO
29301475987;3.572,50;5547992454041;GERALDO
22085360963;8.985,36;5564999765514;IVANOR
03143566817;20.486,07;5514998858977;JOSE
06811760249;1.458,93;5568999221880;JOAO
44795890153;2.760,71;5567996608123;OLGA
72199750159;1.606,79;5567999087741;ANILDE
67534341868;6.996,79;5531998017424;MARCIO
23021225691;16.383,21;5531997254359;REINALDO
04190035688;6.941,43;5531995396326;MARLENE
22908609649;6.257,86;553133365010;ALOIR
26957337634;7.018,93;553135929401;MOISES
29490243604;21.272,50;5531997312883;SERGIO
31754945600;1.473,93;5531995036654;JOAO
27538362649;14.300,36;5531996773424;NILTON
16504313687;5.303,21;5531971789898;MARCOS
25592041691;1.472,86;5531997170334;IVAN
29582318600;14.726,07;5531999670299;ANTONIO
32563191653;14.381,07;5531998879350;DIONIZIO
28007654615;20.460,00;5531996247181;AFONSO
31729517668;19.179,29;5531995580728;HELIO
27475409600;4.604,64;5531996090592;SERGIO
32588950663;15.186,79;5531996662901;ANTONIO
39088707634;4.917,86;5561996880100;JOSE
31174930691;9.203,21;5531998392233;ANTONIO
29443830604;12.398,21;5531998990861;GERALDO
31154689620;14.352,86;5531997729279;MANOEL
22270019687;1.482,50;5522998017788;JOAO
47335033691;8.522,86;5537999912056;JOSE
34519068649;12.092,50;5531971779398;AGOSTINHO
34367012620;8.991,43;5531997873219;JOSE
24376515515;13.038,93;5571996279351;OSVALDO
07887809568;1.861,43;5571996969636;SEVERINO
07514875549;6.941,79;5561996898773;ARGELIA
08288879500;22.307,86;5571999680306;ANTONIO
33850194515;3.375,71;5571999861444;CLEMILTON
10402594134;9.765,36;5567999536406;APARECIDO
47168323768;8.054,29;5527995777071;NATANAEL
57453438772;3.186,43;5527999336477;CUSTODIO
45113939749;8.542,86;5527999543845;MARIA
52667294734;2.953,93;5527998278952;ALMIR
45177007715;8.343,57;5527999786460;ERNANDES
47942800768;30.620,00;5527998953380;ADALTON
91012724115;1.545,71;5566997163966;JURACY
20136684653;27.054,64;5531998713500;ELAIR
17072387668;9.308,21;5534999842907;LUIZIR
42956668668;10.924,64;5534998152625;ILDEFONSO
04352018678;2.250,00;5535997639369;VERA
29774306600;7.978,57;5531989581845;VALDETE
26885760625;25.619,64;5531998450180;PAULO
38644274791;6.569,64;5521999378436;HAROLDO
52376095700;17.933,21;5521999596157;GIULEIDE
43196497704;5.560,71;5521967454989;JOAO
40650340868;21.794,64;5521996535295;CLAUDIO
26881047720;6.798,21;5521996149411;LEILA
55792006768;26.859,29;5522999182559;FRANCISCO
35034858720;7.377,86;5521967632485;JOSE
43324193753;4.443,93;5521997402202;NICODEMUS
43555136704;13.242,14;5521972908752;DIONISIO
26645661720;13.806,07;5521998877484;VERA
34381872720;17.041,07;5521999991284;SELMA
26599228704;23.110,36;5521972294674;ELI
18389074753;26.857,50;5524999546037;JORGE
35743336768;4.675,36;5522999533140;LEU
32752539720;20.490,00;5524999757567;JOSE
46912630715;19.115,36;5524999199352;JOAQUIM
19457715772;11.453,57;5522998151121;MURILO
14870525020;3.617,14;5551980266643;CARLOS
26404419068;2.503,93;5551998644260;IZOLINA
23271558000;10.409,64;5551998508898;JOAO
55375782049;1.461,07;5551995594709;ROSA
19082681072;3.563,21;5554999994956;GETULIO
23592001000;3.837,86;5554996867204;NERI
21436304091;5.860,36;5551999291223;ANTONIO
17289980000;16.541,43;5551999726080;MARIA
16397100006;1.895,71;5551999858253;MILTON
36532029068;7.202,14;5551996334215;JOAO
27850722000;8.937,14;5551997028835;OSMAR
19067488020;17.473,21;5553999976767;JOEL
32381212000;16.581,79;5555999750975;VERA
72067543091;3.064,29;5551995241984;VANDERLEI
21378533020;8.445,36;5554999118245;ARIOVALDO
22939148015;2.116,43;5554999626156;NILDO
39490998915;5.124,29;5547991434804;SERLEI
21709297972;14.278,21;5547991941975;SERCO
38310171900;20.136,79;5547992115252;ANELISE
38133997968;16.305,36;5547991693148;ERMELINDA
27624641020;1.816,43;5549991811600;VOLMIR
19837518634;12.569,64;5535998721311;VARDELINO
91582822891;11.258,21;5535997494284;JOAO
01736745859;12.349,64;5537998172808;ROBERTO
00970693885;14.095,71;5535998396450;MARIA
96281383834;1.693,21;5535999260764;ANTONIO
07759061587;15.525,71;5579999332955;JOSE
14094681604;15.167,50;5537999589982;MARIA
65485114253;2.253,57;5593992193361;MARIA
02291088220;7.733,57;5569999547973;SERGIO
27674240282;2.468,93;5592994875392;ROSILENE
13024817549;2.737,50;5574999941062;JOSE
02253782726;5.950,00;5527996326090;DILMA
16392655620;3.032,14;5531995194263;PAULO
41840950706;31.963,93;5527999066666;JOSE
25435809649;7.813,93;5527999310632;JOSE
87386372191;6.087,50;5565999511349;MARIA
20461232120;2.942,86;5566999001461;ANTONIO
25550721600;1.724,29;5531971704958;GONCALO
17704677691;1.566,79;5531996349030;EXPEDITO
31844758672;6.181,43;5531998996687;ADILSON
65444736691;10.558,93;5531971737601;LUCIANO
54870836653;2.942,86;5531996424319;SILVANA
30583845649;23.674,64;5531991624930;DORVAL
30579651649;15.135,71;5531997506234;PAULO
53329120649;7.455,00;5531998812077;RAIMUNDO
68698992668;2.351,79;5533999201828;MARIA
29247810604;3.398,21;5531986259420;JOSE
23557354687;12.781,43;5532999536275;CARLOS
20705395634;19.010,71;5532999493756;PEDRO
39198294920;13.832,50;5541991669726;VALMOR
03392426989;2.994,29;5544991667914;PAULINA
45957606715;7.823,93;5521999571325;JOSE
51289016704;3.136,43;5521971591643;CARLOS
08885848737;25.498,57;5521996670216;PATRICIA
37108565749;3.976,07;5521995117100;DARCI
43471110704;9.049,64;5522997961767;PAULO
35849169768;1.767,86;5521972926151;JERONIMO
75852829749;3.480,71;5521997273214;MARIA
44404344791;9.285,00;5522999940792;ANTONIO
63727544791;1.532,86;5522997571759;ALCEYR
44924801704;7.918,57;5524999238714;SEBASTIAO
49885618791;8.086,79;5524998448599;JOSE
49854909700;1.711,07;5524999924675;ANTONIO
49847716749;17.766,43;5524999995882;DARCY
00760103763;12.622,50;5524998210688;ELZA
26707365053;1.442,86;5551995600612;LEONEL
55495141091;3.637,50;5551997948628;VERA
26719606034;6.051,07;5551997538264;JOSE
38342715000;19.184,64;5551996004428;JOSE
18698204015;15.092,50;5551998365163;ANTONIO
27683745049;1.764,64;5554981278861;DORVAL
14044676020;5.427,86;5554999798380;JOAQUIM
28841212004;4.773,21;5554996479015;GILMAR
96474432004;1.517,14;5551998127788;TERESINHA
35166126068;13.013,57;5551996247896;JUCARA
65959973049;2.588,21;5553999782809;MARTA
24270946091;7.114,64;5553999666562;JUVENCIO
27127966087;3.031,43;5555999376128;DORIVAL
32015330097;3.363,21;5551999323119;HELIO
04966511968;14.781,79;5547999875015;MARIO
43488005704;18.871,79;5548991361318;ELISA
44855877972;1.441,07;5547999229066;ADEMAR
64667839953;2.000,00;5547991846981;ALZIRA
39963020968;11.863,57;5547992029637;LAURECI
00578716984;2.541,07;5549991892653;TEREZINHA
29591210906;1.520,00;5549991831213;MARILDA
99150662872;1.953,57;5571996639092;LUIZ
84935146834;17.196,07;5519997901043;PEDRO
31687903700;1.535,36;5521996469067;LUCILIA
88694780844;20.140,00;553536512736;ANTONIO
65687434887;1.898,57;5538998829133;AROLDO
00718560809;3.747,50;5588981284931;JOSE
73183377772;2.001,07;5527999122179;ELSO
02089916893;3.731,79;5562996557897;GERALDO
30953804100;10.072,50;5562999409622;GILNAMAR
80564003115;3.073,21;5565996076879;ENOEMIA
58178384191;3.202,14;5566996418015;ANADIR
30540313653;7.040,00;5531996943262;JOSE
74796569804;10.827,14;5531988602816;LAZARO
19854277615;2.249,29;5531999519636;TANIA
13087436615;11.802,50;5537999213436;MARCIO
15818934691;7.451,07;5533988992236;PAULO
32321058668;16.502,50;5564999049133;RAMIRO
10399953736;2.939,29;5527999734815;TERESA
15591727620;2.646,79;5531998248422;ROGERIO
20961243600;14.635,71;553230177891;MARIA
06614817434;19.687,86;5581981920345;ROSA
88002845749;3.653,21;5521996632447;KATIA
11242680659;16.448,21;5532999422709;ESTELINA
34963766787;23.642,50;5521997636341;LUIZ
56141912753;4.105,36;5522999566862;MOACIR
49069594749;6.420,71;5522997308420;JOELMA
30183197704;2.063,57;5522998117980;JOSE
23430818753;24.753,57;5524999052968;CARLOS
24111635091;6.353,93;5551999518879;SIDNEI
18724272000;14.747,86;5551995499200;DARICO
16367855068;5.779,64;5551999596471;MIRIAM
21905630034;3.806,07;5551980117997;WALMOR
11370394004;8.534,64;5551992891068;AIRTON
18423264068;20.818,57;5551996978031;JOSE
27550826900;3.115,00;5551999720163;MARLI
28261941000;4.783,57;5551999734293;JOSE
19423187072;32.447,86;5554999991053;SOLANGE
32928661034;11.446,07;5551999742361;RENATO
21347115072;3.592,86;5548999199845;JOSE
21519234015;18.781,43;5551995482046;PAULO
21134200072;2.902,14;5551999893001;CESAR
37659880063;3.997,86;5554996197244;ANA
64649555868;18.115,36;5535999278407;JOAO
19317417604;10.914,29;5535998352037;WANDERLEY
88372669872;3.776,43;5513996197179;LUIZ
23394811715;6.637,50;5524999262868;JOSE
20372140572;16.425,71;5575999253800;ANA
16187849515;3.441,07;5575991331577;JOSEFA
74224573091;2.393,57;5551999788471;SIRLON
19197268020;18.684,29;5551998553262;RONILDA
59338946649;2.347,14;5534999310295;ILDA
28793668953;2.951,43;5546991167163;TEREZINHA
30008204772;1.917,86;5521999878640;ANGELA
00047258756;1.646,43;5521993620125;MARISE
34546707720;8.866,43;5522998703045;ANA
31136133704;8.221,43;5521999490127;GILDA
38597713704;3.790,71;5521967320511;MANOEL
33843368791;3.396,07;5524999019151;LEVY
47461926004;1.729,64;5555999576830;MARLENE
16311680963;1.470,36;5547991853585;APARECIDA
01866915991;1.440,00;5548999780033;VALCIR
76520765872;18.488,57;5544991348355;SEVERINO
88020045872;11.984,64;5577999989688;JOSE
57936463704;11.358,21;5527997452793;BENEDITO
75678500791;1.435,71;5527999255888;NILZA
37573616104;10.767,14;5562999712538;SANDRA
35982357120;2.332,86;5565996186961;INA
39198510649;8.969,29;5531998479497;NELSON
29295327691;11.422,50;5531998607692;CARLOS
22103252691;10.266,79;5531996783555;MIGUEL
23081120691;2.924,64;5531999252128;WILSON
39220117649;4.360,71;5531999591719;ANGELA
28421108620;6.599,29;5532999623980;ANTONIO
40139581987;3.435,36;5541992640303;IDENIL
70713510820;16.203,21;5545991032496;MERCIA
64323536704;2.640,71;5524998237782;LUIZ
14062267004;1.664,29;5551999731907;JOSE
50885375068;12.543,57;5551998966795;FRANCISCA
18302971049;17.134,64;5551999853855;ELISABETH
62925431020;2.296,07;5551998897098;MARLENE
52764478020;8.529,64;5551996709335;JUREMA
22298479020;8.317,86;5551980526018;NORMELIO
37962434015;6.811,79;5551997851942;IVONE
