5521973056573;04398189742
5531986752745;04402817684
5582988765522;04410643452
5581985169376;04419355409
5527992292472;04440144624
5581986675623;04454306486
5521969294666;04461729796
5531988313686;04479909699
5531987083482;04482953695
5531983347116;04503258656
5562996777525;04525050462
5537999595523;04533303633
5535988162597;04536294660
5531985978235;04554355616
5538997409312;04560253676
5581991511341;04565008475
5583988393516;04565475413
5527996887002;04566582701
5581985090826;04567645421
5581982441174;04567814479
5535988370820;04580205677
5535987058898;04581363608
5531997807132;04584443670
5581985609762;04598123435
5581996758389;04602570488
5585981874575;04613939488
5527992471275;04615341776
5527996330751;04623753662
5582988562775;04637937493
5533987494971;04681805670
5584988027330;04687635466
5581986768797;04692196459
5587991182303;04694044427
5531988282427;04729808665
5584987979605;04730013492
5581982171999;04734657440
5531982348094;04752174626
5581984532066;04754083490
5582994035929;04756372406
5531997407678;04777106624
5531992811820;04782294611
5581981143205;04783728410
5538988184376;04786853607
5533987252571;04825692630
5581988099776;04833153467
5584987345221;04884500474
5531986539956;04885456681
5531986118052;04897628679
5531998853229;04915472698
5535999364037;04917360617
5531988510569;04928963644
5581985896414;04945983445
5587981559331;04951555433
5531991324659;04960781602
5581985056118;04975037432
5582988174328;04985221481
5581988704914;04991942411
5581987551498;04995445447
5531991962181;04997419605
5584988423110;05020368423
5534988519826;05020551627
5583988801452;05020765422
5587991447074;05022041413
5531987257771;05048948629
5581984568481;05074251460
5511950577959;05081648698
5531984779776;05085983629
5581984054103;05089777462
5527995785564;05102560662
5532988011183;05110142602
5531996524150;05110318662
5581988403430;05115871475
5581987601023;05120752470
5583986499656;05135495444
5581982120658;05142498623
5521970032426;05154449797
5582988465223;05157346409
5521996879444;05157885709
5531998902613;05164103699
5531989713821;05174638650
5537988027573;05178044681
5521966960977;05179925746
5584988642772;05182136412
5521982224635;05187457756
5583987662261;05187749455
5583988051984;05197653469
5531998021586;05202269684
5531987866221;05204761667
5521999249861;05208869764
5521964316149;05215745790
5581985910272;05218436429
5583987542344;05221819457
5532988033842;05223435621
5521997853754;05228307737
5581986573635;05232273450
5531995270999;05233419629
5584999178024;05243908436
5521964936297;05246782786
5582991755481;05248878454
5521964393608;05250568742
5521995356458;05257071746
5521966914141;05260171713
5531986713492;05260662610
5582988133618;05263937423
5531999362579;05267398608
5583988295297;05268572423
5581979102780;05277613463
5521985363782;05278932775
5521970015442;05280463736
5522988334310;05281843770
5531986703872;05290606637
5521992770564;05290874720
5585986585737;05293048724
5581992327621;05303045463
5584991300970;05303201422
5521985333046;05304487770
5531971039743;05306352677
5521995500851;05316904745
5521999683060;05324565725
5581984578770;05326076438
5579996577121;05327191400
5521964357505;05329424771
5581986758555;05336667404
5583988588584;05338578484
5532991212500;05339992608
5521964485104;05293520792
5534988109253;05343939694
5522997441754;05363120798
5521964770968;05370775702
5521966993905;05383631771
5521996893291;05389236793
5521985727931;05392460771
5581989926307;05393079478
5581983533815;05408726444
5524988351141;05416653752
5521994443699;05417111724
5524999945356;05422085710
5583986353721;05423437466
5521998469881;05424504701
5581992742088;05429652407
5587988347363;05433685489
5521991116997;05433719723
5521967044158;05440745726
5531983280187;05442031607
5522996052337;05443227700
5531983985644;05444185652
5522974007047;05455571788
5521964179643;05465054735
5581988708381;05468979403
5527988440493;05477224789
5521973893167;05477308702
5521995685385;05491075760
5538988376444;05510936681
5531996981919;05524823663
5521964432892;05527796799
5581981516702;05552026403
5587988223906;05553174473
5581988900032;05554058426
5534984160345;05557108661
5583987162761;05560514403
5519995613565;05571907622
5521979328078;05574759705
5522997661847;05574798786
5527996012072;05574828790
5527995198117;05577494761
5527995100653;05581199728
5521970217840;05582702717
5527998765896;05588408764
5587981110206;05591727450
5581983067801;05605646435
5521972411655;05606733706
5531985155556;05617927639
5521973415315;05619975789
5527992512186;05575270742
5521985862038;05622728797
5527988447431;05624149751
5521964137254;05624427743
5521964626847;05628321737
5581987391265;05642339435
5537988327901;05644932605
5511986131431;05656829464
5575988318911;05662004498
5531988434193;05670521684
5521972229445;05677918741
5531986510694;05692220601
5521964453640;05697466714
5522999435824;05701411761
5581991734159;05711572466
5531984327748;05712213605
5521970329675;05716710719
5527997681249;05717328796
5521969703067;05720735771
5583988994767;05723368451
5522999086393;05728877796
5587988283576;05735799460
5531971402852;05745770686
5531989312955;05778793677
5582988043354;05781281444
5531988880768;05781772693
5534988152326;05810185673
5581988070538;05834076416
5561983804793;05848846480
5531982764624;05867143678
5516993835070;05871983626
5521984352400;05872852738
5582988542887;05874464476
5537999071643;05874740686
5573988177193;05863576707
5521998831472;05783203718
5511962159355;05783705659
5521964775814;05791965770
5531989774347;05888982601
5535999561256;05951035619
5538998069245;05968351675
5581986505534;06015967498
5511961023320;06032145689
5531980167703;06036931646
5531988161158;06039688645
5531983367228;06052349654
5537984087322;06062362602
5581988591635;06068237435
5531987518252;06071508665
5535988125363;06072657605
5531985077548;06107325603
5532988658349;06109711667
5531988327324;06111965654
5537999227997;06124838605
5584988010506;06139447470
5531982216123;06192533636
5575988669534;06224437475
5537999699565;06263332611
5534988668472;06269689686
5531988737502;06282108683
5527988127990;06285690685
5531988377086;06291722690
5531994428826;06295114628
5582981233405;06297885451
5582993037123;06323768488
5531985905048;06362930681
5531998435055;06371555642
5531988043496;06394858633
5531992159091;06404971607
5561983634505;06461382437
5584998280977;06476680412
5581987090867;06507186406
5582988327959;06510911442
5531984093339;06533889699
5531985502414;06535310604
5531989251067;06471888643
5531987074877;06554692657
5531982090616;06567820640
5587988666269;06581907413
5537991067832;06593311600
5531987156523;06617059603
5531992071172;06624920645
5521988801611;06639838435
5531987967510;06549335612
5581986991546;06659237402
5531988481819;06660165690
5531987524199;06707385658
5534988871569;06708711680
5531984289682;06718654639
5581984352006;06724066409
5531998479177;06735187601
5511947083532;06747431480
5531993087229;06747772636
5531991257593;06761980666
5535988791080;06817619629
5521993071947;06845612714
5531988113740;06769421640
5511930638216;06847741600
5538988464950;06903891676
5537999036837;06916142618
5531986679986;06799303610
5535999457422;06943437658
5584987390064;06933003450
5531985875549;06985372627
5531971305008;06987561699
5531992391155;07001682659
5531999757326;07079570603
5521992996458;07088552701
5531971120690;07105291630
5521964574002;07112736773
5535999306284;07114259654
5527997280881;07132610724
5522997201104;07132822748
5521964884880;07154464798
5527992228708;07202372703
5531988419742;07207407629
5531985345319;07246661689
5533984233101;07283901671
5531994690855;07289132670
5521997024655;07296421789
5521994431221;07304980770
5531999612787;07307540657
5531985927545;07309523636
5521973658338;07313111754
5531988237454;07313346638
5527981391503;07315254773
5522998827514;07330436747
5521993332062;07336540708
5534988580783;07348913695
5513988088521;07354021750
5522992834154;07354596736
5521980007572;07368628708
5521983184604;07374192703
5522999033792;07386236794
5512997542909;07405345727
5531988309406;07410489650
5521970624456;07415330730
5531993575314;07419454604
5535997472926;07426765601
5527988035098;07449076756
5521975709454;07491270743
5521990122301;07516918792
5531999114446;07529484664
5521964982477;07539463783
5524988211190;07544327779
5521964493151;07550355770
5532988377992;07603946603
5521967664386;07611155792
5527988198049;07619856706
5531984239831;07633993618
5531992753034;07639675642
5533987270703;07648311607
5531996578845;07654787650
5521965998251;07659215701
5521984494515;07662329720
5519988299908;07663460642
5531998553668;07680373604
5531985828645;07680399670
5521975462631;07681671757
5527988311774;07692568723
5531984970438;07706990656
5561981795692;07756885686
5522988033105;07769110742
5521964218486;07777627732
5521964143738;07793905717
5527995273482;07794128773
5531995552973;07800947602
5527999919157;07816020767
5538988479395;07823498626
5527996041020;07824819736
5531991821219;07835416603
5521998275980;07836576760
5521967166177;07849562780
5521967057616;07880290702
5522988248878;07894076716
5521997156797;07930040712
5512988559046;07930324664
5524999097818;07935055777
5521993485519;07937254700
5583986031298;07939948709
5521971162210;07952838733
5522988247634;07954457761
5521991715416;07954888746
5532999655828;07970802605
5532984169287;07973299602
5521964373718;07975950742
5524992914820;07986574720
5521986130768;08035446770
5531973654032;08050512606
5521991471005;08061057719
5527997766901;08079922756
5521976767131;08085203774
5521964868005;08135771797
5511947132657;08151368705
5522974026803;08175966742
5522997321472;08192017745
5527998182131;08218742760
5521991708112;08235263726
5521964087180;08237545702
5522997204684;08279613757
5521972879623;08313926732
5521995668118;08313960752
5527996093528;08320422779
5527988493013;08338989738
5533988066425;08351670626
5521970214167;08366783707
5527988608617;08386028602
5521964529728;08403439733
5521986703739;08411784703
5521970118583;08413891795
5531989322883;08437487617
5581971036380;08450159741
5532988078041;08482234706
5516988530797;08498285623
5527988338575;08534148740
5521991019926;08534902798
5521964859320;08540320703
5522998636955;08550717703
5527996296105;08552763710
5528999068489;08563600745
5527999314711;08549363782
5522992770547;08582310773
5521964598690;08584356754
5521987304831;08599806777
5521985681548;08605655720
5522981197118;08609054705
5522988064447;08634063780
5527997961622;08645764717
5521964992094;08645776723
5527998234300;08654912758
5521983563092;08661917719
5527998166092;08691988746
5527998400617;08692657760
5524992386827;08706411746
5521964403237;08717194792
5574999918689;08729852706
5524999387503;08736342769
5521985197193;08746492771
5527992658270;08747564725
5521971766946;08749325728
5521964782201;08753607775
5527988792094;08757932743
5527999454539;08759008792
5527999543335;08775271729
5511947494740;08785865710
5521966543236;08815096710
5527998117868;08818993720
5521997567663;08823538700
5527999185663;08826231761
5521964459817;07057963700
5531995092917;07059983635
5521964807747;08835744709
5521971946568;08855361775
5521979228194;08859666783
5527996449061;08884866774
5521973090363;08916941709
5521976406887;08934621796
5527988354738;08946081775
552167051051;08952141725
5521964217364;08970538771
5527999530056;08974840707
5521971791756;08992066708
5527981465420;09028211721
5521983719391;09039493774
5521964222297;09050397778
5521972593613;09054031778
5521973899118;09062376703
5527996986256;09094322790
5521995024280;09099599781
5521964875254;09133169705
5527999032202;09135319798
5521994200912;09145115729
5521964267610;09163879760
5527992370845;09181185731
5521964082721;09185128759
5511993485493;09205878790
5521974258179;09248364748
5521969154524;09274573774
5522997958907;09335822779
5527999330194;09340756703
5522974057551;09345044744
5521981441344;09351813770
5527996593947;09352454723
5521970423632;09366320708
5527997110761;09387934705
5521970197639;09390542723
5527998711144;09420392708
5527988465298;09433398718
5521970024742;09456733700
5521979788149;09460759726
5521996571648;09483423740
5521995940911;09508246740
5521964411992;09508787740
5524992599426;09516457738
5591991835737;09517654774
5521975787880;09538602722
5521999666501;09542609701
5511976357359;09544242716
5521964574537;09550023702
5522998767690;09550566757
5521970118252;09555914737
5521999612166;09581834737
5521997899112;09582353767
5528999830879;09617662710
5522974034622;09619297741
5511962609195;09560123700
5528999085359;09640289728
5521994965674;09666457741
5524988432637;09671748724
5521964164607;09676706752
5527988764258;09692706745
5522999933170;09693030761
5521997198002;09709796739
5521992163579;09724677770
5521974292472;09775231795
5521975462485;09782068780
5521976659115;09794738700
5521997109736;09797974707
5521969528232;09800553770
5521970155453;09809748795
5521969371192;09810710747
5512996781321;09812772766
5521964105359;09820068703
5527988076575;09835905754
5521996868439;09853144786
5512974044486;09860915709
5521991923527;09868581702
5511949487399;09874245727
5521970075847;09886110740
5521983041304;09886301767
5521964149806;09892345762
5521990549103;09910679752
5527999036911;09910844702
5521973176193;09915696795
5521983020517;09925310717
5521986055037;09932164712
5521973433336;09939079702
5511966588786;09959915700
5521968514593;09961584724
5521999432616;09965721718
5528999878361;09967854774
5524974036652;09981552763
5522999115386;09990885729
5521969742312;10002107740
5521998775536;10026219760
5527997333961;10034799796
5527988172310;10045098719
5524981611672;10094242704
5522998238620;10113675720
5521964125723;10123557720
5521998855985;10129919705
5521964159941;10165964723
5521970392036;10206834730
5527997401182;10215191706
5521964284800;10225863782
5527998463711;10238717771
5527998469386;10250639700
5521967338885;10258579765
5521997793260;10266281729
5527988637317;10270501746
5521964312708;10279411766
5521976976330;10288713761
5527998669822;10294215794
5527992284516;10298049740
5521991954954;10307394719
5521994394142;10318332779
5522998131449;10336793723
5521995755467;10338372709
5513974201359;10347126758
5521964969085;10376606762
5521966905028;10426393708
5521988417760;10426848713
5565993341951;10427273765
5521993203790;10441962700
5521985609656;10472822756
5521964305306;10480347719
5521993966467;10512600783
5527997209930;10519224701
5521987272999;10528487701
5527999006105;10529661799
5521998106564;10535686730
5521998851035;10551287780
5521994176010;10575610700
5527988043403;10652726771
5527999588138;10683643789
5524981441901;10691027765
5524988647467;10789832755
5521973720370;10793027780
5527999064646;10837461707
5527988199296;10843192763
5527999782494;10892039779
5527997114181;10896168727
5588981180941;10897246756
5521964476031;10899810748
5521964234944;10902609700
5521971660287;10906447798
5522988481600;10923569758
5521972422508;10927481723
5521993619690;10944892710
5521988345876;10956173705
5521970402188;10992557755
5521964077134;10992784735
5522988056211;11006207708
5521973501939;11006255770
5524999292950;11021687774
5527997117996;11035221756
5521964927457;11044308788
5521970068449;11058653717
5522992791244;11128318784
5521964722260;11093959738
5527988377886;11137535792
5521995537944;11183296789
5527988227820;11127394754
5521970191540;11196792739
5521965510677;11221285769
5521986245390;11256688738
5521968934337;11262791707
5524988269126;11283741709
5521988048282;11306051754
5522998773314;11329901738
5527988804317;11340921723
5521964859398;11374313777
5521984658246;11374879762
5521993831092;11415334722
5521964814453;11448491797
5521964374458;11459739736
5521989196146;11471941736
5521975898159;11474243738
5522974054017;11489193766
5521985404604;11530139759
5527981370363;11530622751
5524999443820;11562590707
5521988626367;11567036708
5521982901266;11583615725
5531985066818;11598659731
5521999923008;11616497785
5521993990627;11640245740
5527999542243;11660513740
5521964188467;11706266707
5522997597700;11711840777
5527997698885;11776590775
5521964684035;11806921790
5522988020847;11871773776
5522988151737;11911295780
5527998099340;11922128783
5527999982632;11947625730
5521964051828;11957722703
5524988770002;11967119767
5521992773649;12008327795
5511996702511;14049743850
5516997275444;14881410881
5511940820338;15209599825
5511933081652;15537737809
5511994074422;16494763880
5511972129606;16570597825
5511980876698;16654551877
5519997723646;16785360838
5519996306595;16797114829
5511946595889;17443302800
5516994188475;18343175840
5511981616228;18241944802
5518981585842;18628835806
5516982011098;18653890807
5513988681546;18677597808
5511932496643;18694801809
5514988087811;18910960876
5511945743386;18967467800
5514997680335;19100972843
5511968428340;19482235894
5511987954684;19592952841
5515997095069;19734130862
5517988335239;20267552807
5511950750336;20506097870
5511964901801;20511645848
5513996732028;20511905858
5511963164365;20514108878
5512991018715;20992256801
5511956705515;21260629880
5511966011720;21304814858
5516988040389;21315386852
5519989103333;21320722806
5511947010845;21351133870
5511976438067;21384723889
5511996308490;21422795896
5511965625468;21428223800
5515996645252;21451883803
5511947803807;21462241859
5512974072721;21496500881
5511985346822;21506034896
5511975301530;21508633835
5517996262605;21518804861
5512981347122;21523902884
5516992365485;21536990884
5519988193487;21539404862
5519982142502;21539601854
5519974178716;21540114899
5511991068562;21546375821
5511957204271;21568761856
5519981503550;21578811821
5516992083318;21595957804
5517988118478;21634411803
5518997711117;21651254800
5517991378281;21652870814
5511946694565;21680797816
5511954680474;21705969844
5517996261415;21708052810
5534988241001;21709243880
5518997857591;21712770845
5511932560020;21713102862
5519994097771;21739432860
5511970891600;21740341821
5515997507280;21747086800
5519992022354;21777694850
5519974215728;21818465884
5519983880068;21820540812
5519996489059;21838858822
5517988255648;21896053858
5514996531046;21916479871
5511979550360;21929554800
5511964564574;21947702831
5519988367738;21959794884
5535984261616;21978001835
5511997899509;21997246899
5519993172496;22015881808
5511969411541;22024567835
5511947767406;22092999850
5516997954842;22124141880
5519992421352;22147374806
5511955779646;22147601802
5519993286131;22158821825
5516991970880;22159668826
5511961456841;22165262828
5514991916891;22168879869
5511940064864;22180235801
5531985535680;22181447861
5511976005972;22182881840
5519974010708;22192561890
5516992765279;22212764855
5511988356750;22226537899
5516981749220;22231114836
5511989741555;22242663836
5511976160539;22243497859
5511995927530;22256052893
5519998157312;22282554833
5511975259252;22307678875
5511965720984;22310191833
5511952184685;22313045897
5511981796586;22314405803
5511965779124;22328753850
5511946817173;22337914879
5511977896128;22338767845
5515991151157;22351828879
5511966289939;22354809859
5512981390585;22370195843
5511947984368;22394183896
5512991399430;22405315840
5511947885956;22418931889
5511945028961;22436565821
5519997346809;22451507837
5511947794640;22475372869
5511994201064;22476052817
5511947399179;22481181808
5517991210580;22518001824
5519997979995;22537976851
5511946014345;22542621810
5511979720261;22556229802
5515981737296;22568511842
5515996061568;22572736802
5519987292314;22576936806
5511940375602;22595049810
5519994665316;22597488802
5511942464813;22603929895
5519974216654;22616266814
5511942204702;22628017890
5511949841771;22683049811
5511942113412;22686572809
5511999767904;22696353883
5511998138131;22701404860
5511947715118;22717686835
5511940705849;22717793836
5511964554116;22719246859
5511968274841;22728659842
5511976446494;22737746809
5511947989697;22799344852
5511963454069;22822880840
5519991893351;22864928833
5571992756034;22869713827
5511973829540;22882686897
5511997841127;22938445873
5511987300220;23017915808
551162480729;23053040808
5511999268911;23144352810
5516991332526;23140357800
5511948109360;24827328838
5511989012360;24912047899
5511970737183;25111403817
5511966231609;25180866847
5516992592077;25183313873
5511999289902;25225094899
5513997856184;25392341861
5516992162329;25486761880
5512991291332;25715742803
5519971232435;25733930896
5511940844812;25742325851
5513981124083;25729958838
5511986331269;25990832818
5511960177088;25991157871
5518996601674;26019952894
5514998027670;26072868835
5519998270018;26092583801
5512991783494;26107103805
5517992639889;26134124885
5511962403923;26134572870
5511940196609;26136524899
5516991846868;26237573801
5519996526267;26285713820
5511947775376;26300352803
5512988030728;26312742881
5511969529282;26314522838
5519992455580;26358051806
5516981670874;26368602821
5511971951167;26388425836
5511941996229;26412348824
5583981762449;26444892880
5511944861108;26329037850
5511947140023;26478445852
5511998542459;26508512870
5535998852002;26600526890
5511940705468;26471832877
5517981778435;26641829863
5533988818208;26673097825
5513991529527;26674207802
5511964126506;26755826898
5511947920950;26767794864
5519995082235;26774047882
5513997655507;26775250894
5513996955102;26778881810
5519992580548;26788863873
5551981181021;26840784835
5511940149500;26854496802
5511947815723;26869229821
5519996449757;26930413844
5511952892590;26956262827
5511930016184;26959079829
5511981112913;26988102892
5511945975996;26994327841
5511976315142;26995408896
5516992738688;27004072886
5512991217807;27010781800
5511969130493;27012677813
5511940869463;27026123858
5511947316620;27111643810
5534999530024;27088747804
5522999654876;27233860823
5511974039951;27264740803
5516991794109;27270860831
5511963706740;27304390808
5514981506936;27358000838
5514996187969;27397055818
5521993029655;27410256818
5517996053509;27444100802
5517988118494;27590873870
5524998148785;27617180896
5575988357760;27624004810
5511968776667;27624849879
5511995615728;27694770805
5511963207014;27707044860
5511972855475;27711574894
5512992400688;27713392858
5511991007632;27721767890
5571992468678;27771087817
5511969659625;27777665847
5511998675524;27788271888
5592988535476;27789975803
5511981442875;27820133864
5565992911322;27840017843
5516992598833;27933546862
5516993431709;27962895837
5518997210596;27974194804
5511947696131;27995118805
5511946468854;28004378803
5511947605278;28018816867
5517988096689;28024053810
5521996988015;28025176860
5511959893045;28053182852
5511998115810;27948078894
5519993069341;28099438850
5517997420943;28117941821
5514981391036;28138612860
5519996641697;28152767808
5531983586703;01277503630
5511995026238;16166170807
5531986499405;00938205692
5511984874362;26380878823
5561985303792;26845357870
5511961768968;25458563808
5511940095441;26224234892
5514997604276;26610166862
5531999405595;85922498649
5511945617330;27579830833
5531984104594;00953823644
5531985537664;01268374652
5531985166569;03090547619
5511947607924;18487051820
5511984936802;26832031874
5511976439931;27652888875
5511998552006;16779758817
5511947652093;27176990824
5588992403561;15425253818
5511947016240;19234360826
5511947432622;27223551836
5511959851689;16683555826
5511945517625;26403933833
5531995541330;28204358822
5517988199713;28207822805
5511996930565;28218759832
5519997122292;28221681806
5512997539501;28229439826
5519995862409;28270782874
5511994718078;28305419878
5511980248814;28355231899
5514998693944;28383366817
5511946099348;28384991812
5516981866188;28276705855
5511989439816;28403999895
5512974010137;28411313867
5519997648515;28446164884
5586981594448;28453217831
5513988118367;28499355811
5511943287661;28536982896
5512996202925;28553719880
5511947155939;28559222839
5511940094183;28567490898
5511951665821;28585876808
5519987595753;28596614842
5514996813415;28603521808
551160679905;28605258829
5511949193641;28613993842
5511947447130;28622473830
5516988082622;28623832876
5511965923155;28507650821
5573982067987;28655728896
5511968878744;28710712844
5519974011608;28711966807
5515991588177;28723839805
5512981469361;28728555805
5519971318541;28736900893
5511954045876;28754248825
5513988544945;28758449892
5517991969695;28779549861
5511989543741;28780415857
5519974094717;28796166894
5515988017622;28834221842
5511954154231;28841169826
5517988305812;28842101800
5512981452770;28849014856
5511977599167;28854892866
5511940231684;28857319822
5511930001314;28873308880
5599981205120;28906230842
5519971161113;28915442857
5511947708373;28922036869
5515996344669;28943513801
5511942115351;29003497885
5511974378926;29030345837
5515996003451;29033270846
5511967678538;29034594874
5516993523984;29037029850
5511979665094;29043960802
5511962242377;29060473841
5511961253120;29079490806
5517997042429;29090710817
5514988246662;29101577840
5519971000354;29110437827
5511947526546;29127150836
5511944619148;29131528805
5518996961996;29146296808
5535988496933;29194176817
5514988256552;29212477801
5511981083311;29213297866
5511957586200;29218511807
5511989638231;29243727800
5511982205157;29253548827
5516994529137;29321488855
5519995753316;29325824884
5585996120917;29330783848
5511999620311;29342382886
5511958618448;29362531879
5511943718341;29376989805
5511975550157;29399224899
5512992186591;29436589875
5516981321090;29445988809
5511964167846;29467571889
5511953811901;29527682851
5534988107050;29533416840
5511973412316;29543480893
5588988131799;29551583809
5512988301838;29572205803
5516991268513;29585218852
5513988265674;29604618865
5514997269969;29637526870
5511982371532;29647233892
5519999881589;29693147898
5511980430785;29722493809
5511982927893;29725191838
5519989554563;29728357869
5519993952039;29729508879
5515996557033;29745183890
5511997803414;29767613889
5511960599170;29772102889
5515988192692;29775333890
5511967431402;29788414869
5511947565998;29819425816
5511971082891;29864932896
5511992127865;29865838818
5516992738753;29903675860
5511989402724;29909936810
5511961739946;29936759826
5518996933724;29954566848
5515988061133;29958933837
5511967866182;29965434832
5519993473680;30024310875
5519998727672;30050536877
5516991243067;30056817851
5519987217037;29958396807
5511947821414;30077614844
5514988092896;30086276840
5511959021973;30093943814
5511960828369;30106738844
5511941761042;30137660855
5516991030193;30147444845
5513996655992;30199385890
5511943849352;30160911869
5514998836318;30166656895
5514991894253;30167054864
5511965179710;30275103803
5511940009032;30279910860
5516993132965;30314973842
5511947917601;30399664807
5511965466190;30401948870
5511977935786;30405780818
5511965670974;30409707805
5517988045287;30432536809
5515997391152;30497934817
5515988092148;30499397886
5511930954300;30512171823
5519999215668;30533159806
5511960394911;30564109835
5511964901072;30568596897
5519971704626;30586197826
5511962773054;30590074890
5516981469450;30608064890
5517991286040;30642751862
5511959671406;30647496844
5515996092181;30649700899
5511940038249;30658581856
5511986753802;30689485840
5511966565906;30714502812
5515991553766;30782138896
5511940828742;30864462859
5567999566145;30889483850
5514996970888;30890660840
5519987310212;30903841835
5511996191635;30907521827
5519974114511;30920689809
5511947239849;30926720899
5519974194299;30940386895
5517992036412;30958735816
5517992112372;30993798837
5511957546036;31020483822
5511970804704;31030038899
5511950449428;31030897832
5571982424513;31045365890
5518991380930;31051399823
5511966160766;31119080894
5511975879977;31126130826
5521998398366;31129116875
5511948832282;31131074823
5519989370267;31133186882
5511953227293;31139615807
5519993218720;31144132851
5514996239308;31146425864
5531993188990;31147162883
5514998822878;31149420839
5511966198404;31150198826
5516991150726;31164398857
5511999267812;31179157885
5519987305815;31184629811
5564992716951;31193472806
5511987307613;31194864856
5519992508625;31194975844
5519989257129;31202614833
5511966886452;31211200850
5516996453013;31231767898
5582988268920;31252201818
5511973211945;31252921829
5511999141352;31262507855
5511967584962;31264295804
5511990059108;31282975846
5511966230813;31284975835
5517991322038;31286865808
5511979844718;31297148800
5511983510207;31194086896
5517981770210;31300939826
5511977958343;31353279812
5511942104917;31362081884
5511954309515;31368994822
5511947893368;31407661817
5516991949398;31410233871
5513981682002;31413391800
5517996627215;31423333802
5511950604656;31431014826
5514991331410;31456177885
5511951327827;31462153810
5519974179375;31470651890
5517997141543;31480951897
5519998726825;31481291807
5511940062686;31489468803
5586999826764;31497645808
5511965493255;31519116845
5511973856939;31519480814
5515997021422;31531418864
5514991742482;31537873873
5511943169528;31547576863
5517991111695;31568991860
5511967370362;31623177898
5517991245002;31626280835
5511962056983;31640727833
5514996404400;31647374839
5511968231194;31667240870
5511980455051;31692822802
5511952716513;31745353879
5518997383066;31765012856
5519999180815;31765621879
5511961674193;31699327807
5512988171587;31799240800
5511959287700;31800620888
5511976497521;31827465883
5511992180035;31829327801
5511940274384;31835630880
5511982335475;31843377829
5513974205593;31859331840
5519981165031;31946078808
5511940361317;31951578880
5519999448341;31952691800
551164065282;31958724807
5511948632368;31979147833
5519989958158;31983792888
5511983260443;31988609895
5513982080008;32048451845
5511975612777;32052870881
5515988257912;32054559830
5511940242926;32071411889
5518996064190;32073080820
5518997419186;32078786870
5511945507506;32096206871
5512991834768;32097493882
5511982846038;32100268821
5517991879232;32110091835
5511973571267;32112794825
5511956770899;32114872807
5514996846181;32125059827
5512988551606;32125390892
5511940337346;32155199848
5519996098425;32189279860
5511942822224;32233448880
5519986095549;32236596847
5511950948757;32260392881
5511988840861;32289432830
5511947151447;32306200890
5519996784512;32307626816
5511984125860;32313094847
5518988212322;32334123803
5515974077238;32378771827
5519999760010;32389593879
5511966352166;32317862822
5511969878990;32421011892
5511996630927;32482284821
5511970268988;32496406894
5516988767311;32530278806
5517992456676;32550792840
5513997482484;32562016874
5511957404896;32571238841
5518996888251;32571463888
5513981316861;32594021873
5515998171090;32600946870
5513997797233;32601564881
5511998766420;32617560805
5519997974330;32645817874
5511963571269;32650629886
5517991122213;32652871811
5511972088728;32695461810
5519991490762;32721115812
5511986000728;32727225806
5511961886902;32739913800
5515981248808;32746564882
5511989927977;32779698861
5516991065112;32785087852
5517981666703;32788263880
5511949762667;32825406805
5511945856974;32835189807
5511989890727;32878926811
5519997838911;32891882806
5511968020860;32908661810
5512988221282;32929632810
5511977486877;32859940880
5519974028059;32889737829
5518996232016;32972506820
5511968492053;32981666851
5515996186006;32981838814
5512981317034;32985194806
5511972671681;32993346890
5511940072338;33007907861
5511985600257;33036001808
5511977442854;33040933892
5512991455910;33044499810
5511947861120;33068333806
5511947552224;33088030892
5517996698439;33015513869
5584981516925;33111124827
5511983452769;33123992896
5511967878720;33138866808
5511990112414;33141857822
5511987400176;33142537880
5511969584861;33184726894
5513991003719;33219728839
5511968092562;33223587802
5527988530577;33255335825
5511969363299;33283690820
5511949576800;33285499869
5515996484718;33290289800
5511977300748;33306580880
5521968292208;33313449824
5511972915525;33318087840
5512974115957;33349695841
5511963323504;33361330840
5511994531483;33391759852
5511940288995;33406737803
5519996497170;33432656831
5511981123004;33438572893
5511930299202;33447316888
5518997813331;33458507884
5516992367446;33466397898
5511960217952;33480163807
5511972547810;33484363894
5515997502779;33533309843
5519974196348;33574382839
5521972287289;33576082867
5511940434032;33590432861
5512974034740;33684064858
5512988011861;33692800860
5511961957367;33709901804
5511944238000;33718152851
5511986001981;33734353823
5516988301122;33767571862
5513981238559;33778800892
5515988157826;33811686810
5511966253007;33817105835
5511964822465;33822698806
5515988038765;33856941835
5511947058255;33889102867
5511946673096;33916389823
5511940265980;33917009803
5516993602389;33951940867
5511960759694;33959133847
5512996605613;33975403802
5511952157316;34023312843
5516988433223;34043841809
5511969708853;34072858846
5514988111441;34076098846
5511969337114;34080533837
5511947912108;34089343801
5512981040373;34122182867
5515997557237;34146742897
5511993062153;34197122861
5519989839104;34200817829
5511984841551;34211249819
5511998321029;34252640873
5511943676590;34313925805
5519999736449;34358073859
5513974010557;34439634800
5515981729494;34521055800
5511947864326;34455962808
5517981532186;34457790826
5519998896345;34471806840
5515997532435;34477249861
5512988501483;34478214859
5511961764623;34482755818
5511964014013;34418973826
5515997304759;34565927870
5514996548759;34571895879
5517992343377;34595197896
5511977779219;34635705803
5515996523613;34647297888
5518991604562;34670829807
5511973564200;34671022800
5511979827755;34725125806
5511951945149;34741033856
5519987675497;34774209856
5511984989105;34791684850
5511984124514;34812641861
5511946102079;34828717870
5511958915517;34869822814
5514997475678;34916623894
5519994587760;34939749819
5511960182067;34981866801
5511954761616;35033019848
5517996526005;35111671838
5514997182006;35230602813
5511989343212;35251024886
5511960387447;35272348885
5511968432677;35326713870
5519999550587;35340378802
5511998555046;35409143825
5511940383902;35419366819
5519986029632;35428463848
5511972104021;35428758805
5511970385729;35511034886
5511957248047;35528780845
5519974018364;35559635898
5511981012295;35566288804
5511940395497;35619238873
5511940137846;35656160831
5511947830468;35685426844
5511965987165;35686757810
5511967029159;35743365865
5514988046606;35745115823
5518988163728;35786789888
5521995730698;35729790805
5519983166022;35927873812
5514996982642;35954496811
5511947813829;35984547830
5511979511841;36017491814
5511986927951;36018296810
5519974061594;36060376860
5521967238023;36086325812
5516988166225;36088223804
5511998204949;36124314800
5511947770430;36221883830
5514997446019;36288525871
5511940165848;36330685894
5562998343830;38262150287
5591988998702;38284316234
5566992277867;51775085287
5592984464174;51895722268
5592981963777;51999013204
5592991322147;52097609287
5592984036137;52117618200
5592992225764;57200750204
5592981273784;58211993287
5585992939817;58218742387
5595991205748;58351345253
5592984473072;58801766220
5548991068278;59769246204
5592993796946;60136723268
5522996130381;60548223220
5592981887668;61066656215
5563992847748;61409057291
5585988756857;61498890334
5585994283992;61890154334
5585988247334;61959367315
5561982623418;62026348391
5545984166077;62071220382
5521999877880;62210718368
5585985352947;62568566353
5585988453840;62785095391
5585986149780;62981781391
5593991271532;63213249220
5571988490130;63348691591
5585985474333;63644959315
5592991836572;63684080225
5592984066594;63684268291
5592992137979;63714914234
5592992957419;63733021215
5598988091638;63846292320
5585991118147;63934892353
5586988320197;64085490397
5585988327170;64146251320
5585987481216;64156990320
5585992676906;64377830368
5585985116380;64406687300
5585988376919;64859614372
5585986030518;64866432349
5511932122230;64929841534
5585981572030;65130340353
5598988792871;65398840363
5592991864225;65700252287
5585981198434;65805062372
5598982793254;65912675300
5591985216111;65914988268
5585987778456;66027314320
5591987546388;66116430287
5592994523139;66232376234
5571986262324;66873398500
5579999873557;67625932591
5593984119472;67813283287
5591988783216;68090056253
5538988085124;68350317272
5591988631174;68629257253
5562994635790;68805799220
5521966194897;68909438134
5591981310854;69017093234
5596988039467;69074356249
5577981550572;69275874549
5594981518228;70035490268
5592984343634;70151296200
5598996164719;70507945387
5598982203717;70565716387
5592984159428;71200150287
5592992872688;71703845234
5596999035797;72768444200
5511970902067;73143669187
5573981828309;73626279553
5592992573580;74036807234
5595991115026;74723294287
5562981689225;74965646215
5511945355268;75061287215
5511957620137;75776162572
5598988820150;75884658320
5511974276385;76589617368
5592991630852;76928454253
5511959936909;77323564468
5592993701993;77465920230
5592984436953;77620240268
5598981149495;77640861349
5575999517142;77656032568
5596981187885;77875524334
5511962498029;78069742372
5571992834537;78142490587
5571988757816;78162289534
5579988296667;78324386572
5571988152619;78652278504
5583986181364;78888646353
5571981893560;79053572520
5521971770406;79310230215
5519974216886;79340466349
5519988484510;79386229587
5598985154860;80071961372
5522981079064;80271391553
5577981235227;80378650530
5571986598792;80382410530
5571986679190;80463975553
5575988018549;80611168553
5586994170006;80735770387
5585987365665;80789455315
5518981998020;80799663387
5571993952856;80914659553
5591981171810;81039298249
5549991191296;81058357034
5579999790058;81129653587
5586988845226;81154380300
5595991216475;81200790278
5575982370404;81373821515
5571987983557;81287887520
5571991977483;81392877504
5591980444090;81521545200
5571986836089;81665377100
5571986340918;81702124568
5585999395501;81828519391
5593991170366;81897790287
5527988474630;81899173587
5592984213016;82347085204
5571985254449;82399131568
5527997540908;83291830504
5598985037782;83752889349
5573981035039;83809163520
5592984059541;70735301204
5592994088094;84299134249
5591980832462;70871671204
5586988404462;84879084387
5591983657293;85475998272
5585985225941;85581860300
5592992831897;86921525287
5596981022447;86857568200
5598984566314;87683458368
5581983056686;88643972487
5586981721555;88934047372
5571988038643;89308255591
5511964649690;89462645353
5591987512744;89809629320
5592999112205;89973950259
5582981566191;90301374449
5511946265194;90305400363
5571983507350;90720601568
5535988293881;90875176615
5571996178112;91347459553
5583991426955;91716098491
5571986833638;91748755587
5571987252969;91806895587
5521976463020;91843952300
5521981334796;92164528549
5592991477632;92414320206
5592991570993;92698298391
5577988234914;93084641587
5511948518506;93278039572
5571981143863;93350384587
5521999023564;93364814520
5511960649933;93414552515
5531986357776;93701314691
5516992660394;93719450520
5586988841264;94133387368
5577991211826;94182990110
5599981198065;94324794391
5519996032859;94688753187
5581987469972;94897638453
5575991193942;95263004591
5571987455680;95333819572
5565999025611;95355570178
5511945794528;95586490587
5582991556368;95652540478
5522998122774;95743197504
5575988051260;96678577515
5511941845586;96768282549
5571996622511;96823186534
5581986388977;97263710404
5532988865275;97480037600
5522988061421;97737216553
5577988424845;97856665572
5573988316550;98105906520
5543988108709;98462369487
5598987388323;98476114320
5521964944407;98740741591
5581986712393;98944126453
5594981193659;99483718368
5531997214172;99680076687
5511984440521;25191744802
5518997672114;26829619831
5511947928230;25974862813
5511982395862;17243825869
5521964990364;29692416844
5511991632337;27178405830
5511942805262;27062247898
5511998898730;17665145884
5527997210308;10295512784
5511960745471;21292958863
5511976884061;17077749860
5511942737478;28003405840
5511956493816;18633114836
5518991947749;15364697851
5513996815537;18966082807
5531982167549;03497922676
5531980202615;01197500669
5511974519961;17832091860
5531999134483;00314851623
5531995937477;03997586667
5531991266343;95283269604
5531985433413;03844812644
5511977211066;68288174353
5511991837443;73500941320
5531997956476;99290057653
5531971715168;03260385665
5531998415697;01248941608
5531987043284;04434873679
5511989039629;17072988823
5573991412692;75029774572
5571987880596;99970007572
5519998833650;34380733823
5511975199330;26041590827
5519994681388;22533260894
5519999495533;21807508897
5519982129069;29446500842
5519983157811;32152673816
5519989431254;21648761801
5519996334136;22608086896
5519987635982;27162943802
5519995096908;31857677803
5519991869732;26828938801
5519974154003;34129819828
5519981058863;06157201614
5519996053970;22076896899
5519989587488;34266545800
5519998115968;14784846832
5519983331653;33452937810
5519996425263;31320655874
5519971041091;22090675888
5519987806159;32933008807
5519993779534;34789211800
5519996595997;33888898803
5517991399221;26213492852
5519983824999;31643034839
5519988493400;24720589855
5519974132935;21581180837
5519996401622;17762202854
5519993303100;34944873832
5519981386087;32482881838
5519982323772;25108242875
5519974124431;29914475833
5519992611609;28571253803
5519982342085;27756400879
5519996242074;30210311886
5519974205048;22620549833
5519987713523;32947619889
5518991928002;26836783803
5519974040810;29044931822
5519997170389;30682898821
5519974108633;31357189800
5519971332504;27524055889
5519997212908;31444421867
5519974054686;25198356808
5519981905259;25788761859
5519986011436;33669567801
5519993868217;25486375816
5519974112132;32603528807
5519974101049;25863516810
5511998955241;32359613804
5519991427785;32829937813
5519988189468;32546959840
5519971439879;27227284867
5519998293394;31953764827
5515991909457;31453727850
5519992820694;30431117888
5519993853642;30456526897
5519988694634;05733589663
5519997748549;28771825843
5519997741599;25847053894
5519989764414;22875881833
5519999627858;33050901896
5519983706253;26939081836
5519999699576;30588695840
5519998040985;32283817811
5519974112683;22287695842
5519996329271;02068213443
5519997060533;34734149801
5519974048530;30192764896
5519987110766;23038492841
5519992168590;30530189852
5519993149318;29346536845
5519993288483;29751083893
5521964282265;21668541840
5519999832937;28805579840
5519996309088;35543190824
5519988561228;31585406813
5519982279722;33556141817
5519997865445;32452460800
5519996484932;30337868808
5519987087532;06488397613
5533987025264;32621870899
5519991930477;32447832877
5519987554615;32823368884
5515991696453;21652017801
5519995042427;27787316870
5519996998562;31566611806
5519997429133;30048240869
5519991048926;28684185897
5519982992709;31138097896
5519988185669;21531806864
5519991427170;34068186847
5519996524187;21864927844
5519995649674;28186189831
5519991720757;32912890802
5519998559944;17569938828
5519987311737;30625252829
5519997362795;32975378840
5519993577833;22578974802
5519971110045;22135845833
5519991697208;29413020850
5535997550564;32605991857
5511991220462;28201253876
5519989254160;22046953860
5519991491308;29740694870
5519981658885;30030276896
5519994723997;29091441860
5519997502961;31564019861
5519971663502;34013587823
5519981467935;30745938817
5519981329858;32569103861
5511973451691;22717478809
5517981578832;28174692835
5519991928720;33829429843
5519998136607;22687379859
5519984506883;31114517801
5511945459426;29465536806
5519997514737;27777172816
5519998287038;29680837831
5519987795051;29667136825
5511945331020;29398688832
5519997496510;30165453818
5511983235347;31472367812
5519987706737;28843136801
5519997696636;22334358851
5519991295971;34065081890
5519996116814;22272384889
5519974019538;29656045882
5519999781259;21800729880
5519974098116;22462270892
5519999958121;21625066880
5519991927518;22302619838
5519995678396;17776177822
5519996229602;25180066808
5519988063988;27270554803
5519994822936;32491926865
5519981528946;22639450832
5517981179500;22112366858
5519974141276;31112537830
5519988528846;29044169866
5519998928620;32184904805
5519992635268;18200513823
5519982834309;22578850828
5562991453633;32927414831
5519971497542;28865194804
5519996603939;27755891895
5519974148505;27649255816
5519981615340;30541635808
5519974177790;31731114869
5519987475881;30154109894
5519974126623;29766625840
5519999471261;28096516809
5519997292933;22277385883
5519981727417;32059810817
5519992187706;21980893861
5519995765942;28808054810
5519994220661;22402638818
5519996874643;29316040892
5516997020454;29670628806
5519982710072;30931904870
5519983862597;32689028808
5519991402241;21728782864
5516997624484;32834807884
5519993851248;19035442890
5519971343336;22337612864
5519974065646;22635545804
5519971134516;30879034858
5519992625185;18813269854
5521966106337;26938888833
5519981803222;32222757851
5519991869623;30860793800
5519996852905;33686471809
5519992723379;29385637878
5519994356553;27971347880
5519974042042;34415350810
5519991694177;31302279890
5519991274382;31606689835
5519987392029;32156201897
5519997632863;33486147838
5519996714292;25945095826
5519999792884;32495608809
5519988724333;31718577826
5519992788795;21797728822
5519992648924;28584433864
5519974171944;27763174846
5519987325042;25733558881
5519996464270;28001329810
5519974080949;32305594879
5519996396941;34094769897
5519987188716;27204396812
5519996058210;30920164838
5519974129350;22024304826
5519995915345;26117921861
5519971194302;32361023814
5519974105222;28021953870
5519981790417;21949586812
5519981787569;21599237881
5519999285589;32070941809
5519984048099;27266948886
5519971026981;30983807809
5519997007241;26372985888
5519996471424;25739329825
5519997856023;26736826861
5519987039104;29780106812
5517988068256;32976385831
5519971444380;34687163890
5514991769824;22632563852
5519992402615;29377948827
5519993782393;31155704819
5519986099866;26639103842
5519997935570;31002403839
5519992106622;17035908803
5519992053677;18438308848
5519989105252;26343788824
5535984098092;22278369890
5519981642035;24933975841
5519988363589;22678343839
5519988058592;22463866837
5519987300320;22459054823
5519987166513;03938872942
5519994775283;32335704818
5519987458974;34083311894
5519991095356;33216149870
5519974202786;17399684847
5519997770697;18078146884
5519998406181;29486236852
5519983540978;29937107881
5516982586674;30823096823
5519971272933;07977796805
5519982599961;27165092803
5562991360816;00984478159
5519996021167;21903516854
5519987690255;29390663881
5519996863967;28835381827
5519971514140;30567758842
5519987011974;30061146803
5519981554696;32618884825
5519981136428;30908010869
5519987620197;01407994352
5519974062835;22699746894
5519981261223;30956006825
5519992178214;30572689861
5519981622028;31471036847
5519989015086;28216055870
5519974148086;28115517860
5519974032273;22648741801
5519989719273;25425141866
5514998530642;75904551134
5519998820929;33668323801
5519974181493;30084056819
5519996191674;24824116880
5519999104103;32938674805
5519987705806;27527873833
5519982490041;33281695809
5519974224282;33740116838
5519999688516;28753510879
5511967560608;22085368867
5519995142727;22524408809
5519995051828;26920059886
5519982054477;30119001837
5519988234964;22255167824
5519996903941;20176882820
5511988105020;02731538627
5519974093359;28264233805
5519971043825;21723784885
5519998484182;29021114879
5519987090520;31000515800
5519994405256;25811090846
5516997581308;31820014851
5519981405713;26921656837
5519988406908;22169349847
5519988564904;26157480840
5516993061883;21644389819
5519988933108;32534755811
5519991546184;34868681877
5519996874828;26560679870
5571985295385;22190632838
5519993132403;03858023663
5519994401080;31081599847
5519981527760;29810635885
5519992911096;28879356828
5519996723816;33703907878
5519993183863;25702678800
5519974081866;29394450874
5519991312027;33208304811
5511960656172;25637090831
5519997780011;30088469808
5519991659858;21982580801
5519987252010;21621159809
5519987101220;30274221896
5519989411493;22022669843
5519994418766;32236606826
5519998057884;33845345810
5519974042203;34035328871
5519993967610;28396180873
5516988215095;30721344801
5519997805261;30729398889
5511947650857;27472283800
5511997489904;32922898822
5586981844668;26283466800
5511999960304;31349062871
5511999829152;13438955881
5511995485244;22053260823
5511983244021;28240297811
5511940848628;31526002833
5511951548969;27789466836
5511941963469;27714629827
5511968368336;22102040895
5511947550915;29333069801
5511972793134;25130853881
5511947028338;22397152860
5511981818730;16434727801
5511940325668;27181617877
5511971150908;31876502878
5518996341387;27739467820
5511932877015;29325079828
5511962105578;28987409856
5519997436052;28395529813
5511966194829;32599663822
5511980899378;31484079892
5511947395160;27920415870
5531983290446;22049462816
5511960137212;30408975865
5511967022121;32098377835
5511989823096;33567029800
5511947631323;21623559812
5511977422507;31278287809
5511980673619;21351789856
5534992438694;33802918894
5511990104476;31093004860
5511984682978;21596479850
5518981391069;28838782857
5511969711999;26502269869
5511949231244;22033069800
5511995128383;30912622865
5511985296760;18375557889
5511947817044;31173389857
5511977753196;32218868881
5511972951453;26904788895
5511967962568;21893806855
5519994999040;28667096830
5511996879692;31469778858
5511940611296;30172305896
5511947081154;25954977828
5511964273414;27829870896
5511977355525;22777129819
5511966880469;25612936885
5511984520915;28892269801
5511983931106;30133275884
5511947684043;22028243830
5511950591528;29745688827
5511947495000;21862147841
5511947108749;27154350881
5511970485066;28975687805
5511961238902;29325335840
5511942364711;21788140850
5511996258549;34001718839
5511981822598;33335914805
5511993677453;29970910809
5531980266426;03611633631
5531985297636;98899570604
5519988700821;14784048847
5511982062323;27097565870
5571988342184;91203023553
5511981298861;18694221802
5571988508194;78431972572
5531997974587;03171946661
5531996719754;03454816661
5511965887208;24773660848
5575988048832;64816303553
5571981335675;90115147500
5531983303270;02738799604
5561981944621;67330797553
5561985925807;93558198549
5571985542113;80659411504
5571991229182;90596323549
5571996642583;78185718504
5573988334755;67344372568
5511947109713;89541243568
5533987502126;04290346600
5573988012382;00182003540
5573991330679;67347045568
5531988836432;97787574615
5574991105716;91984033549
5574981097896;93158017504
5511947288808;17356996839
5575981064871;92116957591
5575991474109;91365163504
5575991208853;98990217504
5575991935585;96498528591
5575999890373;93408927553
5573988065095;90175220549
5575981211794;89005686553
5575988143536;96625520578
5519983122988;26024778856
5511980875808;13607748829
5519981142171;28200030873
5511940077760;25673681836
5577999715787;93568258587
5571982214462;90820304549
5571988639674;91327911515
5571982295591;78930995500
5521969130935;78114454504
5571986295126;67112200563
5583987960915;79961770587
5571996537931;96779403504
5573988425715;86898922572
5574988013031;91130093549
5511945432981;27250516817
5519983174695;26844859848
5569992457337;62925156215
5569992793349;59862696249
5511977631054;64046907215
5569981307142;63236087234
5568984045486;59967811234
5569984643228;60992727200
5561984478323;56779747220
5569984597270;59621150230
5566996038328;68828217120
5569992411032;56988508287
5517982242552;69950555272
5569992880083;57633606215
5569984176641;63064227220
5569999903841;60391391291
5531983005407;03657045635
5531993925757;00719991676
5569992071244;61677523204
5554991042556;01368859690
5569999811547;59811560234
5531987375207;05007090689
5569992354156;74454307334
5569999723702;63196611272
5535987033072;25035602885
5569996033388;62511785234
5584996427575;96930543420
5584988814834;03330624426
5584987844135;00933253478
5584999183508;03469925402
5584987215057;02519102454
5511940659435;30215845862
5511983833550;31810232805
5511982630580;25757718897
5511930693058;17922985878
5511940693403;26091016865
5514981212606;61433861534
5511949404120;29052387800
5511956557719;30529517850
5511967613775;27286222805
5511948744226;28477139806
5518996755299;31803771860
5511938011399;34078102883
5511951577564;22195162880
5511986138711;27771603840
5511965511889;32248747837
5511953738731;22464383813
5511980292759;21739243897
5511958954283;32312534894
5511975615877;22181913854
5511972594044;31228206848
5511983686697;31109714882
5511940231993;28636752817
5511973171367;30169308898
5511977362215;33819358870
5515981554604;21878865811
5511978062888;25531265816
5511995772778;30462180875
5511951096951;34175360816
5511980210246;28579699886
5511963049418;29188461807
5511969973030;29313121859
5511960535663;03509069633
5511988689449;21527337898
