5511974191676;38067336865
5511974208584;35938529859
5511974223234;19735953897
5511974225043;33106372800
5511974237260;37367295888
5511974246950;22454506807
5511974250292;21917889801
5511974262329;30726705870
5511974268335;40470095806
5511974278714;30664230857
5511974290079;31518327842
5511974292566;32674877812
5511974299057;23070583890
5511974308418;36056829871
5511974311710;38067336865
5511974313130;38718422810
5511974313141;21829541803
5511974315966;38158597866
5511974316803;38866882836
5511974325794;35633531825
5511974334528;01782812121
5511974336292;26971225830
5511974337744;31555201830
5511974341644;36015486821
5511974348642;37854086842
5511974357898;33452524817
5511974376220;34535238812
5511974381319;38065898874
5511974382864;46293787587
5511974388137;19609407838
5511974388397;29139053822
5511974401620;29781554851
5511974402134;37203682897
5511974405477;38936092880
5511974419425;36923411807
5511974420150;32756638870
5511974421171;35399760860
5511974426839;29476878843
5511974431219;34195170842
5511974440025;01791718108
5511974441116;37126665865
5511974441225;50207229520
5511974447194;37126665865
5511974449844;28738895862
5511974455046;32714522882
5511974463067;32606934830
5511974463396;34857138808
5511974464798;37634293873
5511974470680;34522762879
5511974478234;23113536839
5511974480887;35750384810
5511974487046;34145453816
5511974487470;34857138808
5511974490062;39568138803
5511974490826;37100062870
5511974492446;28070987898
5511974499196;29705425876
5511974499314;00573588180
5511974501473;29397978896
5511974510520;11200733835
5511974514066;38708536899
5511974518417;40698710800
5511974519924;36384910802
5511974533545;39537290808
5511974535179;32610830858
5511974539850;34477281838
5511974550647;22951516860
5511974551173;28103364827
5511974554657;39924997824
5511974572877;33133787810
5511974580556;36595319870
5511974581551;29516687830
5511974581895;19475329870
5511974586524;37996212880
5511974595199;39421832850
5511974598236;36149956822
5511974601744;36539453809
5511974618684;35565153859
5511974625942;33417295858
5511974628618;38445607855
5511974630836;39679260879
5511974635916;39194889899
5511974638726;06684697810
5511974640798;37121741873
5511974643707;34592435893
5511974647703;03293307647
5511974648488;36145918837
5511974652381;39194889899
5511974652952;33056369800
5511974656861;36666581806
5511974658613;30020876882
5511974659571;32154856802
5511974663609;32367725810
5511974672117;33024809899
5511974674006;31715170865
5511974677755;26835181885
5511974679974;38250216881
5511974683962;16264322873
5511974685111;30107672855
5511974689700;17942571874
5511974700523;28625587372
5511974710329;05934727648
5511974713266;10742273873
5511974717995;35589919827
5511974723130;39784437830
5511974730660;25901308808
5511974737642;36071643805
5511974738781;23006338847
5511974739331;40326494804
5511974740770;40558661866
5511974744398;39032820818
5511974744701;26511666859
5511974747446;32730137882
5511974748945;39528817831
5511974762058;35789502890
5511974773170;32718185848
5511974777260;23167856890
5511974793150;37928486865
5511974798844;32521536881
5511974814219;30409273880
5511974818979;34115321814
5511974822008;21310931879
5511974832714;29174352830
5511974834161;29838466875
5511974838731;37069340869
5511974842145;12211991882
5511974844653;21695630831
5511974845736;29219785803
5511974845739;29219785803
5511974847371;33644302847
5511974851937;37724847860
5511974853193;36897273830
5511974853742;35105396804
5511974855735;22909665844
5511974857791;12431324770
5511974862218;38499122809
5511974865000;26837118838
5511974868628;31657986802
5511974870931;03087582425
5511974876969;33719392864
5511974879832;26593585831
5511974881059;34972637889
5511974887405;26856734824
5511974889842;31611153840
5511974890522;37033563833
5511974892412;21406209848
5511974896338;36827841871
5511974896420;28089298893
5511974897246;37574202842
5511974898662;25590139830
5511974898689;33928747878
5511974899666;20096986816
5511974910901;38482572890
5511974917268;33057718876
5511974917368;33057718876
5511974925606;30442385870
5511974930517;31188111884
5511974942406;18163263806
5511974949123;12928198806
5511974952072;05257355930
5511974954513;38749324861
5511974961348;15632480852
5511974964716;31043092803
5511974970761;34971495860
5511974996050;22571570870
5511975005447;30187521808
5511975010002;35242209836
5511975013751;35618141825
5511975020025;36113235866
5511975023008;40376447893
5511975038639;28739305864
5511975050279;36646497885
5511975056281;35278207876
5511975074298;29548757800
5511975075066;34771072841
5511975076008;38373430814
5511975080311;09681870727
5511975090263;32680959841
5511975117755;26095692890
5511975125075;42245360800
5511975130170;35650906858
5511975141801;22965575898
5511975143909;37016659828
5511975144432;22057840808
5511975147986;29205462870
5511975157102;18745549869
5511975158395;21571831835
5511975161444;05875784407
5511975170398;34769985843
5511975177838;37777381822
5511975180102;37024879807
5511975186209;09168395671
5511975190378;36954651826
5511975196272;29464621885
5511975201109;76466906868
5511975202272;32271114896
5511975204116;28849878869
5511975206434;33873481855
5511975209437;39967130881
5511975212019;35294877830
5511975221080;36015486821
5511975222137;21664043837
5511975239086;34722026882
5511975240758;36886873881
5511975252786;35954082847
5511975256010;02481788141
5511975259844;37835875810
5511975269687;21443441830
5511975270463;30067645879
5511975292951;30726705870
5511975295167;87606038872
5511975296751;35428965860
5511975299487;33725166803
5511975308368;25793881840
5511975359373;42347118889
5511975387935;37049919888
5511975398328;34135734898
5511975427099;35858847846
5511975427237;39166765803
5511975432515;41807058859
5511975433373;41807058859
5511975434772;27952293826
5511975437840;00150464860
5511975438452;36972048826
5511975446551;34605928855
5511975453175;32326348850
5511975454513;32734209870
5511975455522;37027386810
5511975456628;41270337890
5511975464688;30435207857
5511975470806;37006433819
5511975472228;07841802889
5511975472498;38444930857
5511975473593;29442625802
5511975473801;23016788810
5511975483742;31081879882
5511975487554;31165945894
5511975489040;31285032810
5511975489626;21600378854
5511975491919;32865303870
5511975493717;36301564871
5511975494936;37831508848
5511975504590;30332254895
5511975506632;40326494804
5511975512076;23009269897
5511975513559;40648878830
5511975514826;31106967895
5511975514925;41450279813
5511975520223;22398566889
5511975526069;31715457803
5511975538749;25177164802
5511975553500;36499924857
5511975559292;33273313838
5511975561078;38549518840
5511975568523;14613648840
5511975569663;35095100894
5511975571485;17073560843
5511975573362;34307687809
5511975576164;27675340876
5511975587311;32733009818
5511975589442;31171525800
5511975592569;33988249866
5511975602289;23012444823
5511975602299;19224801854
5511975603451;36015760826
5511975616370;30625382870
5511975629779;22969688808
5511975635230;32344837876
5511975638072;32746247801
5511975643020;40960259848
5511975643830;30963700871
5511975647126;22273116810
5511975667437;38660311817
5511975668810;32522168843
5511975681044;29714610842
5511975681946;39423810870
5511975692615;37429036830
5511975702979;36415343807
5511975713994;01507277121
5511975716915;29513923894
5511975736469;33739283890
5511975738203;11725497700
5511975751627;34063341801
5511975755429;32883839859
5511975758843;42171767839
5511975770568;04809907864
5511975775142;08835869838
5511975795322;38224170845
5511975796902;35115566869
5511975797430;02299638890
5511975799779;06260218630
5511975800414;35058522870
5511975805345;94334072887
5511975811400;28129639807
5511975816951;33477266854
5511975825400;28702157896
5511975827906;33735339883
5511975841104;36247999836
5511975851448;04260838652
5511975857997;16498223839
5511975860343;39681925831
5511975875560;37861994856
5511975880622;31909783870
5511975881058;34208862840
5511975889753;31138371890
5511975905900;33046014813
5511975912233;36113235866
5511975915974;35772755889
5511975919510;39496487807
5511975924051;07710390692
5511975947021;29784602881
5511975952165;33330955805
5511975955380;27340213821
5511975967354;32425389865
5511975970189;33988313890
5511975978766;34704404846
5511975986426;30397843828
5511975993176;30709602863
5511975998023;38465184844
5511976016549;36698516821
5511976019358;32544850841
5511976034656;33242323840
5511976035451;33931101878
5511976036794;33917959801
5511976047422;35155501865
5511976049904;36601435880
5511976059460;40784036896
5511976064408;34481703806
5511976073154;39551909860
5511976078800;37007598862
5511976084596;19988597894
5511976101438;29870626807
5511976101585;28422278839
5511976102103;27504701882
5511976103234;31710363800
5511976111478;29586065898
5511976117904;28759983825
5511976126027;29494350847
5511976127353;31183703864
5511976128358;31167122801
5511976138944;31015795897
5511976159537;32627350862
5511976160635;32870637829
5511976162106;34074975807
5511976175005;32450299858
5511976175478;32450299858
5511976185736;31968365842
5511976191417;34302256800
5511976197648;33014799874
5511976203337;36426507830
5511976211471;07133547635
5511976221061;16369035840
5511976231188;31888959843
5511976234399;37849446801
5511976237056;39960586839
5511976240887;32845535848
5511976254898;35139999846
5511976257503;33417295858
5511976264373;37489708893
5511976264884;33640526899
5511976276399;16896049804
5511976281514;40272548804
5511976284227;34573878858
5511976289417;34153038881
5511976297848;34563529800
5511976303809;01444770845
5511976305713;39875675890
5511976307296;28854857874
5511976315156;29468208826
5511976317917;36488980866
5511976320838;03982932955
5511976324223;27750066802
5511976326515;36567848847
5511976326777;30470752807
5511976330022;02953976590
5511976331448;39246711840
5511976333661;33187653847
5511976338969;44895908810
5511976340175;18165734857
5511976344035;39039907870
5511976345171;35323161884
5511976346699;36568916803
5511976347980;36568916803
5511976351513;39064672873
5511976353113;31968443827
5511976354292;32396515802
5511976354902;20111800820
5511976365991;35323563842
5511976366122;31517138825
5511976366471;25963601878
5511976368338;32204437883
5511976378029;26785977843
5511976379970;22726937845
5511976401440;33742303856
5511976420653;34131365855
5511976432336;22348874881
5511976434032;31101300841
5511976438914;34175626867
5511976447271;29673942897
5511976449263;29232224828
5511976449870;33414176807
5511976449958;27340213821
5511976460386;32601628871
5511976469889;33371114830
5511976492019;36908725880
5511976498357;05598838974
5511976509793;41789754801
5511976525665;31411459890
5511976533185;39069762897
5511976536256;30918963826
5511976549024;32194519858
5511976559612;37008727801
5511976560919;22858207801
5511976563149;22505678839
5511976564661;33300788803
5511976570728;37394951898
5511976571118;34280097895
5511976592424;40237456850
5511976625015;31779099894
5511976629268;22793199850
5511976630114;03307928570
5511976636861;05405226432
5511976641832;21917889801
5511976644640;72659190178
5511976647095;72659190178
5511976671931;35343371825
5511976672132;32821149824
5511976677115;05489554762
5511976677629;33346977897
5511976680188;37359359821
5511976681959;41120223873
5511976682115;22577630840
5511976686518;37110168808
5511976694939;20542360802
5511976697943;20542360802
5511976703840;33579338889
5511976706557;34485682870
5511976713577;33736518838
5511976716170;39957308840
5511976719221;21603206841
5511976719779;33725166803
5511976719872;34189850845
5511976731146;34794667884
5511976739645;22950517897
5511976740443;31126998826
5511976745434;29659293801
5511976751228;29015382824
5511976757162;22536194850
5511976758557;31139014803
5511976766666;23321276828
5511976767112;13291712846
5511976786114;20542360802
5511976803686;29970170848
5511976810909;29637055819
5511976813731;28632294865
5511976814667;30411099809
5511976821222;35655789809
5511976825304;21586211846
5511976829286;34727939886
5511976836165;28941294835
5511976839380;31340364875
5511976839899;35666505874
5511976850583;32410667899
5511976850745;33665316812
5511976866656;06508269658
5511976866686;06508269658
5511976872900;25760290860
5511976879799;29504616895
5511976884646;37072434860
5511976884995;32350464881
5511976901280;36483695802
5511976914145;29183805800
5511976932875;29443147858
5511976938668;35706795860
5511976940102;34634760886
5511976941617;35861275882
5511976941750;37337210809
5511976942370;29652754870
5511976946021;33555322826
5511976956928;03576468862
5511976980629;32441235893
5511976985152;10475665830
5511976999005;25752474892
5511977027851;31657986802
5511977106920;40951783882
5511977113872;33371114830
5511977131908;00679059946
5511977138051;26530768882
5511977146747;29073901553
5511977147555;07644438793
5511977152490;32748025814
5511977165224;36803496880
5511977166008;03457534705
5511977174647;38847805813
5511977188177;30334719860
5511977192097;30281886865
5511977195319;30362124850
5511977196123;76290522604
5511977205718;21904490816
5511977218026;25676827831
5511977238497;36912579841
5511977240234;30165429860
5511977260807;29701269829
5511977271543;31845647890
5511977295414;31117467805
5511977318638;34203271886
5511977335989;45131716349
5511977338809;31409878899
5511977342504;37011199888
5511977345555;31325536890
5511977345936;30325769893
5511977351569;37021564880
5511977358996;22124864807
5511977366890;30802674860
5511977378299;34042819850
5511977388543;42347118889
5511977390043;29653633864
5511977418010;36855458840
5511977418436;37839757863
5511977423931;36902313881
5511977434135;02891127536
5511977436794;37383047893
5511977439833;37801750888
5511977439919;29659293801
5511977457072;28858709829
5511977466719;36927452818
5511977487221;27704869850
5511977499751;35523386839
5511977508301;34027891830
5511977576869;30564313874
5511977579792;31598998889
5511977583146;35572716847
5511977591325;27112612802
5511977606406;19652312843
5511977610913;34881312898
5511977615858;29323664839
5511977615942;23068136806
5511977620448;37949367873
5511977632547;31688310851
5511977636915;35784294814
5511977657396;38188358886
5511977681691;39142381860
5511977701715;39653883801
5511977754430;34296698800
5511977759297;25913446801
5511977769940;22804910873
5511977777285;36905406821
5511977785978;30615802800
5511977796639;35474364865
5511977811207;41624746802
5511977815388;29784602881
5511977832636;21364379848
5511977846734;29406891808
5511977850975;34010147814
5511977866329;37311194806
5511977887000;39011703839
5511977904243;40860333809
5511977921659;30843121840
5511977931576;37314608822
5511977943882;17318814877
5511977975421;36982127818
5511977989728;08672203410
5511977990056;40958214859
5511978000280;30903746840
5511978005208;34548544828
5511978006402;33209873801
5511978023914;31665476818
5511978035643;37516938823
5511978044209;33730992856
5511978044300;35115286823
5511978058272;38602718810
5511978062156;25187584880
5511978713591;37170263807
5511979500383;34996790865
5511979524880;34289931871
5511979530061;35173446803
5511979536116;21400150884
5511979571394;37896294800
5511979572756;29109059857
5511979582430;37112944805
5511979618853;38619424882
5511979620714;22898635804
5511979630019;34597312811
5511979669996;13772361706
5511979670430;27453019850
5511979671623;26782971879
5511979674479;34559782822
5511979678558;39502371860
5511979685353;35626877886
5511979710154;29941781842
5511979727288;32532106859
5511979741224;23272986871
5511979768458;22949662870
5511979778181;26107034811
5511979779888;34643218860
5511979786136;22127310861
5511979799007;38414383858
5511979820020;39485298846
5511979823499;35545567852
5511979834325;25752474892
5511979835863;17318814877
5511979838430;31133674844
5511979860802;39230306819
5511979869171;32605720829
5511979872154;34433029807
5511979874881;37111405803
5511979883864;23050183802
5511979883878;32713588855
5511979885273;30575318813
5511979885894;31171366817
5511979888806;33647059846
5511979888816;33647059846
5511979891615;32700972805
5511979895377;32282903870
5511979913831;35720524835
5511979917803;22957635844
5511979917804;22957635844
5511979918406;91867908387
5511979921632;78553504115
5511979922703;27272531843
5511979926366;36322272845
5511979933316;01401587828
5511979935394;37112944805
5511979937490;37261104884
5511979938524;36498578807
5511979938657;36498578807
5511979945260;33579338889
5511979947111;00970051506
5511979949910;27853517890
5511979967974;32586862899
5511979971312;38248424839
5511979991979;31836944845
5511980110201;39148655805
5511980110509;22598567803
5511980119900;40860333809
5511980119969;37108970848
5511980123480;55167250110
5511980127733;30835835839
5511980129977;37367295888
5511980131433;33579399837
5511980136673;35694477820
5511980158530;35343203876
5511980163182;38769517800
5511980178778;21901721876
5511980179187;35876881848
5511980196059;00889870519
5511980197689;32341484816
5511980201857;21917889801
5511980210534;34050711869
5511980216033;36539428880
5511980216366;37531296829
5511980245884;22787065864
5511980248632;28800029825
5511980249176;02938586752
5511980249290;32711858839
5511980249478;34563137804
5511980260752;26606390869
5511980302122;91665213191
5511980304770;33645185801
5511980311299;35162514845
5511980331309;18965445841
5511980331411;18965445841
5511980332658;32301732878
5511980336894;37574202842
5511980337412;35750647846
5511980338091;33606059850
5511980338420;40737618892
5511980338889;25576610822
5511980339709;32700453875
5511980347635;38004732836
5511980408088;32611576823
5511980428387;33858303895
5511980434708;08776384896
5511980450926;37106211869
5511980458872;34482541850
5511980465815;37765539876
5511980502087;36522696835
5511980506287;36522696835
5511980508127;28359387885
5511980526346;30756168856
5511980529181;28873932860
5511980538067;05312375403
5511980554046;34305252848
5511980563885;30625382870
5511980587706;31150556846
5511980618725;11803586788
5511980629481;29331150857
5511980633550;21518956882
5511980652998;38930130836
5511980661568;36598784808
5511980669720;30062495852
5511980671759;34903608859
5511980673656;36810942840
5511980674324;32878231830
5511980687260;37131005860
5511980691276;29805301826
5511980707200;37367295888
5511980707700;33897968860
5511980708034;39526664833
5511980732527;35108477848
5511980740224;34030469825
5511980742110;27835101890
5511980761104;22837699810
5511980761253;32850586846
5511980762343;39231952811
5511980770685;39835005877
5511980780665;28599966804
5511980791071;27270574820
5511980794373;22170263802
5511980798777;32585827852
5511980799000;23022107862
5511980799427;31981885803
5511980801111;40076257860
5511980806518;32074347898
5511980806897;00931576148
5511980815059;33952249882
5511980816588;08076515670
5511980818938;33739283890
5511980822463;33629906818
5511980844334;34273699869
5511980847879;35762621804
5511980848166;20383826896
5511980856060;30955547881
5511980863498;10202660745
5511980869592;32669164846
5511980875232;26971225830
5511980880409;31855101866
5511980883831;35720524835
5511980895022;33863097807
5511980901390;31106164830
5511980904457;27622457884
5511980909075;39850106840
5511980945446;38288312810
5511980945447;38288312810
5511980958906;21664043837
5511980970969;88836444253
5511980974460;01869847580
5511980976709;31586976885
5511980993548;09941209740
5511981005901;21849475806
5511981009854;40498698882
5511981011241;33577065800
5511981013540;29440295848
5511981013973;18401451884
5511981016611;36929187801
5511981018781;38698096808
5511981020842;25441924888
5511981021289;30403579805
5511981022937;36894039879
5511981026933;33796704808
5511981042803;19999822827
5511981042804;19999822827
5511981043237;26237993851
5511981044927;22772866807
5511981049405;27172847881
5511981051926;35603405864
5511981052657;23158847809
5511981053042;36174128822
5511981055077;22796494896
5511981057376;35942034842
5511981059148;31326823817
5511981060110;32795412802
5511981060857;32452850861
5511981061008;33696391816
5511981069516;16991048836
5511981069560;21622410807
5511981072270;15521457860
5511981072963;35132090885
5511981075058;34982913862
5511981077936;36870154830
5511981079440;35967734821
5511981079548;34076922859
5511981086026;38870889807
5511981086344;38343831802
5511981089497;30020876882
5511981097056;01751995151
5511981104680;26835181885
5511981110195;36269395704
5511981110371;29956832812
5511981111381;30955547881
5511981112176;30564313874
5511981117300;35403673814
5511981120050;34321963850
5511981123469;28296694875
5511981125323;36819463880
5511981127438;31341123880
5511981128510;00581425251
5511981144591;32888628830
5511981147548;30926278819
5511981149262;11180488814
5511981151450;30258672803
5511981152644;35512678809
5511981152693;33736518838
5511981154241;30838947832
5511981154479;32765756805
5511981160430;03389975470
5511981161307;32690729881
5511981161713;34664466862
5511981174332;31955735808
5511981179583;40077841832
5511981181500;38787773880
5511981184470;31105101894
5511981185786;32318762813
5511981195254;11180488814
5511981195332;32030655848
5511981196488;32030655848
5511981198131;25676827831
5511981201088;01301178896
5511981207147;34190076805
5511981211860;22099571848
5511981215061;22924186811
5511981215762;30012994871
5511981216440;34279452865
5511981220441;30339109807
5511981222682;35274946852
5511981229063;35249023835
5511981230756;28520895808
5511981234133;13116210837
5511981234657;35474364865
5511981235343;34224685876
5511981241452;31400171890
5511981242229;35399892855
5511981242555;35399892855
5511981245104;35013673844
5511981245121;36636567805
5511981265595;08795220895
5511981268918;32442445808
5511981282779;06457603823
5511981287214;32251945814
5511981291166;38444930857
5511981311334;41920500804
5511981314108;37884496836
5511981315645;30768914809
5511981316011;27467038828
5511981318399;22169046860
5511981324228;35280440809
5511981327502;31109614829
5511981337948;22024955843
5511981345796;85701602591
5511981348715;34896758862
5511981349310;21987605845
5511981350506;30390327808
5511981351411;27356737825
5511981354895;29369023801
5511981356078;31592448810
5511981366214;21931714835
5511981369113;29397083805
5511981377516;26363218888
5511981383743;40737618892
5511981384576;31827380896
5511981386448;42320157875
5511981386774;24857311879
5511981387045;34071330813
5511981395973;30748152806
5511981409221;27730332809
5511981409966;31758643846
5511981411823;31559210800
5511981411881;35947638894
5511981412758;13538385874
5511981413003;01301178896
5511981413639;23535755875
5511981414315;07258202846
5511981415897;29288558829
5511981416220;27019724850
5511981418484;36830308879
5511981419861;26840400875
5511981420313;27133050803
5511981424100;27587903860
5511981427919;26977421827
5511981433380;34955578810
5511981442920;30558593836
5511981443591;37431638884
5511981444445;33043425839
5511981451241;29896348863
5511981454891;35918541829
5511981456532;33389911855
5511981473770;33387551800
5511981476945;21388456800
5511981477151;30850403820
5511981477152;30850403820
5511981478409;31806103877
5511981479110;22518265805
5511981479113;29442715801
5511981479510;17488470826
5511981491424;39981955809
5511981497884;31290217874
5511981504000;36149956822
5511981511118;15732548866
5511981516767;32878226836
5511981521328;32493803850
5511981522046;39967130881
5511981522506;30936565837
5511981525238;22784367835
5511981529594;09848723706
5511981541232;01392427169
5511981545069;99487780149
5511981550432;12500289737
5511981562936;21622142888
5511981567003;31076259812
5511981571454;30868927813
5511981578158;28746332839
5511981582065;31406776858
5511981582735;34952467899
5511981584448;01056011017
5511981585505;03405061644
5511981587539;34321963850
5511981589653;30325769893
5511981591469;28145576881
5511981596592;30649158865
5511981597104;00679059946
5511981605013;06451684830
5511981605765;22091248835
5511981606126;17903237896
5511981615366;22357387882
5511981623548;28211507846
5511981624531;29652754870
5511981627971;31289489840
5511981644989;31458827836
5511981646204;29384374806
5511981647334;31188111884
5511981649516;31194853811
5511981652000;16142594704
5511981667176;31626206864
5511981669215;30532336810
5511981676492;10906787700
5511981688568;29586727866
5511981692316;35142490835
5511981692935;31010183826
5511981701979;37780065847
5511981705160;76902790663
5511981711414;30768914809
5511981712266;32875980823
5511981715781;30982444885
5511981722306;29330574840
5511981723900;31316254810
5511981728192;29765752822
5511981729965;80222765020
5511981739322;14253595820
5511981741415;33845133805
5511981745001;39611415842
5511981748452;21658288807
5511981749232;21624862888
5511981755917;35561290860
5511981756063;03995464807
5511981764444;37051532855
5511981764450;35702951840
5511981771029;29659293801
5511981788424;37497543814
5511981793365;36503127863
5511981797817;32442445808
5511981812109;28464775822
5511981813539;07253041704
5511981816197;15155989850
5511981816777;31545020841
5511981816838;26058350816
5511981823958;29799602840
5511981832492;39197119806
5511981838291;34643632879
5511981845764;22198980835
5511981846985;28517475844
5511981847569;22949662870
5511981848201;29973980883
5511981858408;37126188838
5511981867378;29494350847
5511981867587;28790365852
5511981867785;04763545957
5511981868985;18026924878
5511981870776;21639696814
5511981874633;38894010821
5511981875117;31258226880
5511981881725;39234392884
5511981887535;38306296800
5511981888242;36984243807
5511981889523;40987347888
5511981890972;33360176880
5511981905340;16121496851
5511981911870;25842793806
5511981921328;37845581860
5511981926650;29392534809
5511981929799;22468974832
5511981933234;35321798818
5511981934947;35463521816
5511981938690;27709208800
5511981943543;21667186809
5511981945481;00941584526
5511981957155;11368533833
5511981958187;31806103877
5511981959107;82426678534
5511981959267;06551987680
5511981960441;32893899870
5511981963376;30155679856
5511981975728;10535296606
5511981976373;21779936877
5511981978158;22633423892
5511981980785;27082144890
5511981983013;36757077841
5511981983341;35888498823
5511981985609;31864143851
5511981991099;40293142874
5511981993620;29673942897
5511981996326;17081691803
5511981998389;35323563842
5511982009379;32457199816
5511982011031;38930130836
5511982011650;22409797806
5511982015359;05276033412
5511982020578;37607115889
5511982022215;39662707816
5511982022679;33611783803
5511982023088;30390549886
5511982023920;39733316857
5511982028487;29199942801
5511982029529;32232930866
5511982029902;25275263813
5511982030583;34963478803
5511982037225;02225749094
5511982039584;21699476802
5511982039611;03581083140
5511982039613;30167460854
5511982043319;28128264877
5511982048343;26754844825
5511982050617;34033229809
5511982050950;34607956899
5511982052911;37072664866
5511982054452;37521222857
5511982056620;22037161859
5511982057485;35078310827
5511982057742;22955237884
5511982058113;33804722806
5511982058684;37909289847
5511982060239;32444066880
5511982061398;26291775808
5511982063783;02817134303
5511982064257;34066951830
5511982067162;34936552828
5511982068243;36449884800
5511982069394;31056924870
5511982070431;34097346865
5511982070677;31942507879
5511982070883;25929503893
5511982071640;34697089839
5511982071844;28327651811
5511982072048;33888058813
5511982081485;34429842892
5511982082614;31290217874
5511982086848;28422278839
5511982087077;35623971865
5511982087289;40357140893
5511982088134;34727939886
5511982088964;37653096808
5511982089005;21982173840
5511982094170;26775353863
5511982097090;33178168800
5511982101398;04064842529
5511982104806;38362276819
5511982111694;27729411830
5511982114524;33807348883
5511982117834;58240071872
5511982122429;37678778805
5511982122483;34928942833
5511982124062;39166765803
5511982125958;31885525800
5511982133754;35076911831
5511982135944;06723508661
5511982136343;31076259812
5511982144935;27001913820
5511982147041;31771087811
5511982150717;29001054803
5511982152707;40647288826
5511982156329;30281704856
5511982156772;22328628877
5511982158332;36012795840
5511982158417;25327377865
5511982158446;18374899808
5511982160929;25337784862
5511982161161;07753895605
5511982165580;38943248806
5511982169486;37311194806
5511982173672;39612558817
5511982177570;14003674847
5511982177720;34526240800
5511982178737;77577795100
5511982178778;22098900805
5511982179570;35250642845
5511982185775;28794671877
5511982212171;33380739847
5511982214782;22012640826
5511982220046;36422988850
5511982221054;32085681859
5511982222656;18292671838
5511982223923;21788281837
5511982228966;31760288810
5511982229511;30831291818
5511982229813;36503933878
5511982231426;37154831804
5511982231436;37154831804
5511982232670;36932339854
5511982234042;30411099809
5511982235361;38460989810
5511982236402;39099117817
5511982237487;31179694899
5511982239906;34314127856
5511982242544;30083910875
5511982247292;33860974807
5511982247493;32366097883
5511982247858;35434760840
5511982249473;33500893805
5511982249848;24857311879
5511982250773;27467038828
5511982250814;06478725871
5511982251472;28558298874
5511982252144;37032597874
5511982254630;34162532800
5511982255791;29073901553
5511982272987;22085310869
5511982279221;29563420888
5511982295461;32938166818
5511982300500;36659044809
5511982302078;37678778805
5511982307079;32675210846
5511982309264;34313996818
5511982310310;25945506800
5511982311501;30246535890
5511982313904;35650906858
5511982314996;80273955349
5511982316321;28039163803
5511982319466;01651213607
5511982320811;36395062867
5511982327621;38192109895
5511982327809;39380223889
5511982328119;36938812861
5511982332297;34091899803
5511982333355;07230344948
5511982338431;33294995830
5511982341883;37167601888
5511982343596;35045318861
5511982345825;28043237816
5511982346232;32761308824
5511982347315;34996790865
5511982354444;22784367835
5511982358082;32646324898
5511982359479;02147367419
5511982360006;34954168899
5511982360190;31727194802
5511982369394;36426507830
5511982377337;33868732861
5511982379032;30564313874
5511982380952;27737670807
5511982380983;27737670807
5511982387399;26511666859
5511982387653;04943056652
5511982398791;21357983808
5511982400151;32636231846
5511982412997;38414136842
5511982415384;37970781888
5511982422317;22076402802
5511982426582;03087582425
5511982428636;05828238701
5511982430858;22951277857
5511982433520;36642197836
5511982443415;28211507846
5511982447419;31271348861
5511982447899;35107725805
5511982448256;21965104835
5511982448518;29288558829
5511982450921;18965445841
5511982458252;22599421802
5511982458374;35103542811
5511982462603;39312951840
5511982473888;93673370278
5511982481131;37130991895
5511982485703;22319596828
5511982486493;30095770879
5511982492589;33007181801
5511982496751;05499072620
5511982499057;88333671853
5511982511210;25892249824
5511982516918;33179589876
5511982517106;38687430817
5511982521416;36546162830
5511982522071;13456942885
5511982522416;36546162830
5511982536160;27478787835
5511982536654;28177594869
5511982546317;35524074806
5511982556884;23113888867
5511982559497;41321336802
5511982559602;36188769809
5511982559808;32620197805
5511982582828;30613986865
5511982589201;28879837842
5511982594888;36700595800
5511982595383;05963142644
5511982615941;35155501865
5511982616216;41005873844
5511982618029;38226616867
5511982619489;36093499804
5511982622222;11662946767
5511982629540;28065631860
5511982630621;25901308808
5511982631557;03654405665
5511982642724;37161051800
5511982647442;38220286814
5511982653597;34424207846
5511982657652;18401451884
5511982662082;33141768803
5511982662227;33986678808
5511982662240;33141768803
5511982663394;35279968854
5511982665481;03501504861
5511982666766;28784735821
5511982667483;27539269804
5511982670114;22843482895
5511982672080;31827380896
5511982676249;95520791104
5511982682226;34886007856
5511982685609;31885525800
5511982697654;35180989850
5511982698101;07117104651
5511982698529;33696391816
5511982703810;34861853818
5511982708596;33667156855
5511982714579;37178874830
5511982715209;30776024825
5511982716064;12578761809
5511982718693;32787386830
5511982721848;35475073830
5511982723481;34434385801
5511982725307;22585984869
5511982726114;24835421825
5511982726510;33915804886
5511982727268;32537117816
5511982727408;30502467827
5511982729029;22330034890
5511982731520;30916511855
5511982739097;35250642845
5511982739436;36637909831
5511982739680;25628975877
5511982748861;38059653890
5511982749597;31044750839
5511982751660;01002806925
5511982753834;06251933429
5511982765241;23016375818
5511982772118;14253595820
5511982778401;00063289113
5511982782659;38054573839
5511982788127;34984686855
5511982788967;16884380845
5511982789109;38124613826
5511982790763;32850691801
5511982796076;32494592836
5511982797172;29919169749
5511982802815;18512656867
5511982808252;31424237882
5511982808765;26751979800
5511982813236;24560109818
5511982813268;30342043889
5511982817373;01402653506
5511982818927;35552787897
5511982820233;04121951514
5511982822198;37113185843
5511982823405;08920695890
5511982824053;30297334832
5511982824956;29494971876
5511982825788;23602469840
5511982828276;33242323840
5511982830858;36267698874
5511982834361;32279712830
5511982835678;30887343856
5511982840809;33970098807
5511982846701;40737042818
5511982849866;32490677845
5511982850493;22609248830
5511982852627;22585984869
5511982857384;35361101850
5511982860688;37615973805
5511982864787;41396402861
5511982873141;32953579869
5511982883758;32626585882
5511982885593;22548010821
5511982898231;22662911816
5511982899149;96414715620
5511982900832;37495531819
5511982902440;22780841869
5511982915488;35642627848
5511982916925;05669318692
5511982917372;22566042845
5511982919295;02375459180
5511982921827;58723960825
5511982924556;35489633824
5511982927816;01973419181
5511982928165;17903237896
5511982940206;22040092889
5511982945146;28728966864
5511982946617;21700137840
5511982946866;32341556825
5511982949307;31909501808
5511982953671;22072044804
5511982964828;22526057825
5511982967903;81967993572
5511982968022;32750735831
5511982981020;33601032899
5511982982962;38870889807
5511982994355;39893896886
5511982996123;33946794858
5511982999762;05175962884
5511983015011;22428359800
5511983017974;10580526836
5511983033501;07174579663
5511983033808;21857026888
5511983035391;31598998889
5511983041093;30033231800
5511983046334;30776024825
5511983049547;21945449845
5511983050230;34124703848
5511983054823;30144882833
5511983055217;08485776631
5511983059299;33038616842
5511983066208;22353506828
5511983067963;31495378861
5511983068997;39526664833
5511983070675;33481177801
5511983077013;37046782873
5511983077094;29483618851
5511983081283;08094486619
5511983083783;92020550504
5511983091089;42675032816
5511983105984;35149532878
5511983109706;31325172839
5511983110299;16360479800
5511983116177;39779054812
5511983129111;02481407105
5511983131410;33283185859
5511983155872;26718050806
5511983165009;33043292855
5511983171144;03477605705
5511983178527;33587484805
5511983185009;29970170848
5511983197756;32022759842
5511983198054;32940402884
5511983211363;24888075832
5511983216647;28712795860
5511983231755;32761657837
5511983232771;26895516832
5511983237133;28187773804
5511983239949;22734438895
5511983249179;04548679642
5511983252281;10268947864
5511983259778;30127565825
5511983261149;31813978816
5511983261982;31694610870
5511983265389;30952959879
5511983277373;32419461851
5511983293194;41838584889
5511983300022;31626206864
5511983309927;91133050344
5511983311682;31900551810
5511983318479;07065564614
5511983318579;40256333882
5511983320710;35632398862
5511983326652;35532028826
5511983332424;33772497888
5511983338770;37014485822
5511983343403;31505391881
5511983351702;33288759802
5511983352117;29606280802
5511983356532;11401211895
5511983369709;02594354570
5511983375818;31604361875
5511983381282;16472234825
5511983383319;30384399835
5511983386269;21510871829
5511983390166;34469233811
5511983395308;30626777836
5511983399937;32888934876
5511983410604;35669440846
5511983417732;32994953803
5511983428182;04393483901
5511983430603;42675032816
5511983431378;25111700862
5511983440505;31782905839
5511983448893;32641948800
5511983449388;02838241583
5511983461248;22986675867
5511983463364;08789356659
5511983463450;29423036899
5511983463520;22856364829
5511983465740;30594458854
5511983465918;15546313862
5511983467248;12882970846
5511983467313;08801478658
5511983467535;30773941894
5511983483162;01210185636
5511983486452;30835835839
5511983491833;03053564882
5511983501596;33961267855
5511983502388;31352665832
5511983509555;32752192860
5511983509953;25189655806
5511983512300;11065347782
5511983518911;17445451897
5511983519659;37100452821
5511983519689;32134823828
5511983525348;33197945824
5511983532371;37898036859
5511983536217;41993749810
5511983538777;35914848814
5511983539418;22946877876
5511983540354;33372467884
5511983543168;35300502880
5511983544316;33755214806
5511983548739;38440945809
5511983549062;33647059846
5511983552600;22227496894
5511983557665;28791816823
5511983559010;23160747824
5511983562393;36152971802
5511983563317;28186535845
5511983566049;29464905808
5511983579520;85020273287
5511983580075;35618927870
5511983581565;30086501801
5511983586223;23330815892
5511983590188;31271664860
5511983590631;07213813676
5511983599212;21914243846
5511983600887;35626877886
5511983601216;33687518833
5511983613035;30352155884
5511983621077;34010798831
5511983622929;29397242881
5511983628542;37550246831
5511983630757;22053775823
5511983635401;29870626807
5511983635608;36956280817
5511983637353;27610065854
5511983641283;30626777836
5511983641557;37288336816
5511983642453;33362839819
5511983644386;22526057825
5511983645024;22886315893
5511983647255;21914243846
5511983648972;89151429420
5511983651889;32229340883
5511983656868;41449179835
5511983657897;31569486832
5511983658451;16139462878
5511983658535;06013509441
5511983659995;29494971876
5511983662439;33684700860
5511983669849;35772501860
5511983671315;22111472832
5511983678913;33716141828
5511983695246;32638695823
5511983695911;15700842890
5511983697290;33874665879
5511983697981;88340600400
5511983700920;31009862880
5511983719491;30613986865
5511983741022;30033231800
5511983767040;30908793871
5511983772182;32000717888
5511983772370;40068509804
5511983775464;38625249817
5511983778258;31446504808
5511983781821;38870889807
5511983781886;34124558813
5511983782575;11180488814
5511983785258;32015439854
5511983785318;34799135805
5511983785359;33174882800
5511983787268;21524345873
5511983788391;31813978816
5511983791348;22699243809
5511983795213;39808065880
5511983796335;26577692840
5511983809592;33807101802
5511983810829;02884934430
5511983811313;32932082825
5511983811504;03055176430
5511983813073;27269440867
5511983813854;05051852610
5511983813989;02884934430
5511983814808;02884934430
5511983816372;35249023835
5511983819168;36485243801
5511983821043;35180989850
5511983821646;84446277987
5511983826054;22254842870
5511983830052;32700299850
5511983833136;98431307315
5511983836464;32932082825
5511983838278;40132022800
5511983838838;10384004814
5511983840066;33305189878
5511983841661;32448428875
5511983849342;35868362870
5511983849801;35937321812
5511983855411;09373441841
5511983855559;16370230812
5511983856304;34819050842
5511983862886;36386241886
5511983864698;31254283862
5511983867102;31175890820
5511983874680;26294254876
5511983898962;30352155884
5511983904875;21766082831
5511983906524;90209478349
5511983910847;08957655603
5511983911666;36169807806
5511983912156;00409484555
5511983914199;39892995813
5511983924503;41487318847
5511983925525;40109511840
5511983930462;23488194817
5511983932903;27990873885
5511983939391;26864936821
5511983939999;25030261842
5511983942398;30334719860
5511983946443;42675032816
5511983948474;07003398761
5511983949139;28713500864
5511983952215;19679573800
5511983954736;27569945883
5511983957186;37765539876
5511983957276;65689771520
5511983977661;35526023800
5511983978377;31431722820
5511983978515;22062771827
5511983978934;36199574877
5511983979592;22127371810
5511983989896;36893648847
5511983991538;88367673387
5511984009983;38849270860
5511984011044;02482338158
5511984012990;38725158880
5511984016675;04247354906
5511984029496;06457603823
5511984041901;32737185874
5511984044346;35853080822
5511984045595;32356222847
5511984048481;34485682870
5511984055931;39291181811
5511984056499;22067670824
5511984065931;39291181811
5511984068647;02542546592
5511984072330;33805977832
5511984076611;38698096808
5511984083181;34247480804
5511984089998;33224389885
5511984090042;31328718859
5511984122377;34481013893
5511984124502;30443263892
5511984126488;35025213878
5511984128052;30935816801
5511984141629;14003674847
5511984149734;34896348885
5511984151205;56319797215
5511984155025;10152003703
5511984158664;72509732749
5511984158916;28177297813
5511984166096;40702578886
5511984171370;32126741800
5511984172590;05829626926
5511984173967;33540553835
5511984182136;43116063893
5511984195232;40487239873
5511984200628;08567501822
5511984202435;34276892805
5511984204899;31029962804
5511984210949;44192633850
5511984215301;29654516845
5511984216429;97710709168
5511984217874;05927824684
5511984224215;30258672803
5511984229411;36878597897
5511984243790;35742725884
5511984244123;32202365885
5511984246332;32871817855
5511984246777;36640906830
5511984255859;31321961855
5511984269224;38460989810
5511984272819;38272697840
5511984281036;13176529830
5511984282008;34633390805
5511984287079;31496223870
5511984291415;31684034825
5511984292062;22572318806
5511984296834;33126043895
5511984309595;33676508890
5511984317036;35561837818
5511984317804;35652295864
5511984323456;33305189878
5511984325395;16890074866
5511984329090;15910115820
5511984329202;23476560821
5511984329802;23476560821
5511984335508;36025921890
5511984339109;36766069813
5511984340660;27750066802
5511984350002;04210442925
5511984355746;31831296802
5511984356378;35090678863
5511984361009;31569486832
5511984368810;36043241811
5511984373900;40660776847
5511984380021;08567501822
5511984382816;00342018078
5511984387327;28941165865
5511984389569;23012527877
5511984390820;42465191896
5511984393233;37065328830
5511984402241;39020891804
5511984404461;37253314808
5511984408793;91730970982
5511984410007;01048852385
5511984412007;65709047368
5511984421382;37307296837
5511984444178;28144140893
5511984446102;32069970892
5511984446409;33959527896
5511984459831;38269148806
5511984464033;35896061854
5511984469286;28177297813
5511984472043;29431422808
5511984472526;87996669520
5511984472689;28043237816
5511984473333;06917406660
5511984491062;31926492838
5511984493934;30283830808
5511984514372;30332254895
5511984514616;34886896898
5511984518180;28285416810
5511984524716;21998749827
5511984534305;31090589875
5511984540795;32796341801
5511984560579;05097483928
5511984566771;30468909826
5511984569624;35361101850
5511984586518;86773178649
5511984614638;33931205819
5511984628468;33150557852
5511984636000;33810839884
5511984641775;34755016860
5511984646719;07950928654
5511984671145;85701602591
5511984689205;30469477806
5511984689473;02127470109
5511984689759;31717850804
5511984698389;29783285840
5511984699549;20391211889
5511984703110;37113884857
5511984706390;27587903860
5511984706484;33077442833
5511984706501;23345550881
5511984744224;27772893876
5511984747550;36963559848
5511984753592;40123079837
5511984757164;26604887898
5511984758964;37253314808
5511984762492;39987757812
5511984765990;40446245852
5511984773519;01553853644
5511984777438;11318452775
5511984825988;11777965896
5511984843336;36929633860
5511984845743;38018947899
5511984857532;34257119896
5511984858363;32994953803
5511984865242;27729409852
5511984867706;31562896806
5511984887510;08542838629
5511984909427;39142381860
5511984924491;34896205855
5511984925600;27649141802
5511984928250;35403673814
5511984936809;33555322826
5511984942971;28187773804
5511984952324;22572318806
5511984952836;35769200804
5511984961101;15632480852
5511984968044;31458827836
5511984969309;05312375403
5511984973911;05135264639
5511984976152;14254738811
5511984986961;22476207870
5511984988010;06417421694
5511984988180;70408983140
5511984997957;39916900809
5511984998527;29199942801
5511984999014;31099182859
5511985001266;02209573122
5511985012472;33218442818
5511985021895;36150556832
5511985022973;41548106852
5511985027780;38272729806
5511985036629;33521685802
5511985038992;21938715829
5511985045669;36249978828
5511985056656;32457199816
5511985059595;05843670660
5511985068259;33046014813
5511985068467;13604482844
5511985075669;21562817850
5511985081414;05390619994
5511985082323;13019027721
5511985087588;39543547807
5511985088585;28702157896
5511985094125;36009619858
5511985104097;30968918859
5511985107413;39149306839
5511985109789;34487283817
5511985111602;35130854861
5511985113933;22918584835
5511985114036;33387551800
5511985124887;15538190803
5511985128006;51554682568
5511985130841;22941425861
5511985134065;33448510807
5511985144257;29834352883
5511985150841;37016706842
5511985161331;34558180802
5511985165830;32761308824
5511985167997;37752504840
5511985168299;36180929890
5511985169277;36107043810
5511985180946;72723629449
5511985181330;02506016481
5511985185441;06610408955
5511985191701;26846791850
5511985195120;27467038828
5511985197929;22053533811
5511985198704;80249914204
5511985199596;28784735821
5511985205838;32366097883
5511985228428;21494856808
5511985228807;38189285840
5511985234591;31536286885
5511985235704;36920159848
5511985236220;33149566819
5511985247738;32750735831
5511985255454;52225607249
5511985255850;33380739847
5511985264941;35549800802
5511985271558;35942034842
5511985276886;43206996880
5511985287870;34897050847
5511985296113;33815411882
5511985309565;02026365695
5511985310452;33459717807
5511985336043;04064842529
5511985336515;30904431800
5511985337070;33995957862
5511985337827;31381872859
5511985344255;32693406803
5511985350585;29545859865
5511985358585;25676827831
5511985359134;16632407870
5511985363260;34964675840
5511985364229;36882965838
5511985369190;12753978832
5511985369573;62380761272
5511985374646;30427229880
5511985384934;26085944845
5511985387775;03669224670
5511985395755;36299130830
5511985400210;39858874898
5511985407771;39553668801
5511985423935;92974031315
5511985424586;29440295848
5511985431044;39021997843
5511985432258;40712408819
5511985432675;24662279836
5511985434636;36912579841
5511985438132;16264322873
5511985441684;22737147859
5511985442216;31776011864
5511985442369;22802489801
5511985450186;34841405852
5511985451717;35222340813
5511985454050;35126428888
5511985456606;04682232908
5511985463580;36710072819
5511985478115;16142594704
5511985480818;36447847878
5511985483609;37008255870
5511985486706;05846310907
5511985488800;34790409856
5511985490506;35225241875
5511985512642;36026117873
5511985525904;40608021822
5511985542193;33294995830
5511985550313;27360336805
5511985550604;38657851822
5511985551296;31068366877
5511985555009;28259322803
5511985558275;33751449892
5511985559971;00144959887
5511985560352;37976700871
5511985574004;27480498888
5511985576080;27716068873
5511985578634;07104589406
5511985579340;21762592894
5511985585396;35876881848
5511985593066;29052079811
5511985595380;34524586873
5511985595727;07084172483
5511985601998;13996321759
5511985602090;37065328830
5511985607674;23066544842
5511985612564;16884380845
5511985613608;31298733847
5511985617367;33774588830
5511985618994;35215236836
5511985620288;00707020557
5511985625586;31507857829
5511985630014;08862906862
5511985630138;33479034802
5511985632733;43940772810
5511985659623;34657640801
5511985675530;34631187859
5511985680599;34534523807
5511985685522;05083506971
5511985689877;37679697850
5511985693896;30808007882
5511985694402;22026338809
5511985710891;32004736810
5511985721500;21609709802
5511985723102;29327761855
5511985732335;35426612870
5511985733170;22076402802
5511985736332;31485104882
5511985743515;93673370278
5511985744396;21339731843
5511985747956;37008727801
5511985753617;35556541876
5511985764541;31381872859
5511985771449;06038439994
5511985773035;37835096889
5511985778373;18928578809
5511985781008;97848484149
5511985784996;07785893829
5511985789192;22065999888
5511985791723;32795412802
5511985798810;36865618831
5511985807321;31576787877
5511985817578;31339063808
5511985817792;38687430817
5511985818355;32727609892
5511985819164;04506571673
5511985825181;31157406890
5511985840885;38222536850
5511985854432;30967284880
5511985855812;31380829801
5511985855973;22150426803
5511985856855;02668248116
5511985858780;02668248116
5511985858997;33000570861
5511985862371;24904360826
5511985864023;31134502842
5511985871080;08143885666
5511985871400;38380476808
5511985871906;40439278864
5511985881875;22349617858
5511985881916;30672464896
5511985882495;05963142644
5511985887190;28410308819
5511985892075;36142961804
5511985899291;30799593885
5511985907152;04201668908
5511985908803;36850625810
5511985917685;01764186605
5511985919923;33696391816
5511985931907;18742518865
5511985934947;17373377890
5511985936956;16632407870
5511985938605;35474002874
5511985938667;33471859861
5511985944074;34526240800
5511985952538;35095766833
5511985961700;38380476808
5511985969585;41297816854
5511985979605;37634665843
5511986000556;38155709809
5511986009454;28098119890
5511986013347;36288220841
5511986017594;16886660870
5511986034563;41914492811
5511986091733;34428279817
5511986095618;29527674832
5511986098233;29781933879
5511986104481;33593439808
5511986108829;28421115839
5511986111413;36758294803
5511986117681;22546844857
5511986119841;01684552508
5511986120574;40953484882
5511986131167;96368934972
5511986142242;40609041800
5511986147000;35489633824
5511986150500;58723960825
5511986152183;39987757812
5511986153222;27272531843
5511986157753;09095139611
5511986161572;36483695802
5511986172750;36074923876
5511986183658;32968534807
5511986185555;32427025810
5511986201176;39733417882
5511986201928;37610906840
5511986213499;00800870271
5511986219045;34232734880
5511986224556;32538702860
5511986224772;32538702860
5511986226598;30887343856
5511986231665;32341484816
5511986241634;22804118819
5511986253372;34928361865
5511986253947;37845559857
5511986259744;39423810870
5511986262615;01796814008
5511986270170;35590426820
5511986274746;35896061854
5511986276662;31326823817
5511986288000;27871565842
5511986289392;37481106851
5511986293182;36443644867
5511986300377;31325172839
5511986301717;32340884896
5511986312868;37294663807
5511986321988;35393957840
5511986324486;01587287188
5511986334688;89707648287
5511986345764;03389975470
5511986346001;35034739801
5511986350661;36842457807
5511986354234;28019435840
5511986355531;26876397882
5511986358372;10206696752
5511986360069;34280097895
5511986365571;89309553200
5511986394998;31364244845
5511986405440;42675032816
5511986415284;01393981550
5511986421406;03221099908
5511986433190;29614682809
5511986434511;31099182859
5511986440030;33805977832
5511986443303;40472096869
5511986450054;91867908387
5511986455262;10587305762
5511986465729;04594431437
5511986474836;37672019848
5511986490720;34474741811
5511986492826;28492351802
5511986494403;34295029858
5511986512942;27172847881
5511986521873;24574666870
5511986524437;28949047896
5511986524884;32608259839
5511986532882;21298162823
5511986539925;27941619890
5511986556011;34723246860
5511986557062;01770151010
5511986576173;35933450804
5511986581256;38449718821
5511986584580;08022761648
5511986589006;34763566806
5511986591343;91665213191
5511986591522;22526057825
5511986598437;34691718826
5511986607377;35463521816
5511986613900;88291510253
5511986637456;09643636828
5511986654096;06880184910
5511986668307;04300045917
5511986677760;32930930861
5511986690473;32605720829
5511986698765;05899089954
5511986699008;32638695823
5511986699117;31556367856
5511986702050;22450292837
5511986710092;03641850584
5511986711435;36598784808
5511986735726;36461017844
5511986738670;36879301819
5511986742291;23372412893
5511986742458;36544983888
5511986742621;31495378861
5511986742988;30359955835
5511986746850;33933882826
5511986756556;42465191896
5511986757134;36199738810
5511986757532;36135366840
5511986760241;31074915860
5511986766810;31012678890
5511986791545;35868362870
5511986798491;26095692890
5511986800335;35276325812
5511986812946;35803794880
