5511992805961
5511993933423
5511993937435
5511998960076
5511976327926
5511999492264
5511954089239
5511996792264
5511998843658
5511972449008
5511997118771
5511967037040
5511971035990
5511994318894
5511961255320
5511975910739
5511977570544
5511983038693
5511974138474
5511941351394
5511992180839
5511992957095
5511982985520
5511953050980
5511986387828
5511995466280
5511972227390
5511989090083
5511989094801
5511992312293
5511992681035
5511996565997
5511996568255
5511973546076
5511999276036
5511963434747
5511995608267
5511995903533
5511995910722
5511996527406
5511965405158
5511976365386
5511989911567
5511991686747
5511974897654
5511974680758
5511996311403
5511962165024
5511972233530
5511953161726
5511968454208
5511963901399
5511971502045
5511972327734
5511977178798
5511991740748
5511996563141
5511998202045
5511995237414
5511964079288
5511972985473
5511999457582
5511975484321
5511982884985
5511984223993
5511971701169
5511973097976
5511975401430
5511997682398
5511950227019
5511950343833
5511971490928
5511994057940
5511996798636
5511997939127
5511995514183
5511948295094
5511967822464
5511969211851
5511974135089
5511989284432
5511989422747
5511989566782
5511995666131
5511997214909
5511974626016
5511981569910
5511985786050
5511991560474
5511961196077
5511967736077
5511968023904
5511973471992
5511995197144
5511967830048
5511973898711
5511978788467
5511999916032
5511967710732
5511968609128
5511982215447
5511998969726
5511952556043
5511971266423
5511986690347
5511996333477
5511997161476
5511996476128
5511979879297
5511972008661
5511973273450
5511975023072
5511997767903
5511997790138
5511997096034
5511997976034
5511981720808
5511963851584
5511974079853
5511988929148
5511974202305
5511974378799
5511975115843
5511995875424
5511996191878
5511997388982
5511967264865
5511972528417
5511997092148
5511998131181
5511991515924
5511993114203
5511999913022
5511961328804
5511999225510
5511972315435
5511998212331
5511971967276
5511972141555
5511972242779
5511973919426
5511974115177
5511941170216
5511998499028
5511972038477
5511975237367
5511973224689
5511957632649
5511992342323
5511994977810
5511971736887
5511971739300
5511975578063
5511977952537
5511987601955
5511973027629
5511974193947
5511979794710
5511997955622
5511973676474
5511974956136
5511997236980
5511970525620
5511976621486
5511971195946
5511999799302
5511993768561
5511999376856
5511996646717
5511973552618
5511975600259
5511997467024
5511966359031
5511976934928
5511996510604
5511940350920
5511960604332
5511981716430
5511997194300
5511998521553
5511954896869
5511984223993
5511947096620
5511963412894
5511970270524
5511995208063
5511947806703
5511947808168
5511947808239
5511956537940
5511969992505
5511972839259
5511976996962
5511979770444
5511996359985
5511997028252
5511999030448
5511963873276
5511976287145
5511992202452
5511993449343
5511999941326
5511971060480
5511955594428
5511975741738
5511995002080
5511996176642
5511999102171
5511961999255
5511974246438
5511982439086
5511996424837
5511996426820
5511961878739
5511995069499
5511995249715
5511996898180
5511997074903
5511999490602
5511994253949
5511972622810
5511973534026
5511996306082
5511966095777
5511992578535
5511972036261
5511999550026
5511961952148
5511941299331
5511961510722
5511967009697
5511988819832
5511998697692
5511999667742
5511963029606
5511974583841
5511974769321
5511998926211
5511981552711
5511985882441
5511991248835
5511984864263
5511995957774
5511998309051
5511999496995
5511975227302
5511954789809
5511966033201
5511974274908
5511981047552
5511983998188
5511971033254
5511984154069
5511991123812
5511961868570
5511961883229
5511972683418
5511982492232
5511994647225
5511996293546
5511996796157
5511998409393
5511964706653
5511973135687
5511984752099
5511995236593
5511961331717
5511983508452
5511994738817
5511995127800
5511985380944
5511994119075
5511974294020
5511974542493
5511995944390
5511976035264
5511991104179
5511941933949
5511964948893
5511973359908
5511976392800
5511995612017
5511997639280
5511997746170
5511971634133
5511971842971
5511997415300
5511994483275
5511972052333
5511998921948
5511974987501
5511998464508
5511973081227
5511973082099
5511997043178
5511971154582
5511947523328
5511971878685
5511987533594
5511997943378
5511989511129
5511989512090
5511989668877
5511992601672
5511992608688
5511992611098
5511992615160
5511994949623
5511963133634
5511974079113
5511974978925
5511998361859
5511983419757
5511976269602
5511989309761
5511968428774
5511957396751
5511972195621
5511975343605
5511978685307
5511996533457
5511998148197
5511940190620
5511947161772
5511947768353
5511956561737
5511969962605
5511996337767
5511996470102
5511999946231
5511976474818
5511944878230
5511996687859
5511989146112
5511989477149
5511994828015
5511972315997
5511974004223
5511982428523
5511982585152
5511996484531
5511995884422
5511999648614
5511953053910
5511998093251
5511964865747
5511972968013
5511972968030
5511994703419
5511973073624
5511994628074
5511971069110
5511991092396
5511968280097
5511999600152
5511999861258
5511970951321
5511995907988
5511994487418
5511998841743
5511976802359
5511995004351
5511999315672
5511960824151
5511999175944
5511949735060
5511963963292
5511961904090
5511970118285
5511974741312
5511992617219
5511997589843
5511986093530
5511992532623
5511994153266
5511985163895
5511995656751
5511973225685
5511943471755
5511964700935
5511964700936
5511985122301
5511985820323
5511974080840
5511972360384
5511976253931
5511988200137
5511989516960
5511991251700
5511999310579
5511962429407
5511991547071
5511956594428
5511973218692
5511992612623
5511987807997
5511998108795
5511950505401
5511981353474
5511982921436
5511992782240
5511999278224
5511969048736
5511989083424
5511992559067
5511996711520
5511998783987
5511976002902
5511995861682
5511999177437
5511953148483
5511988580628
5511992012045
5511995897920
5511997304738
5511999844014
5511996250415
5511999885420
5511982774033
5511981638321
5511963061065
5511993642497
5511972626279
5511996986122
5511961900633
5511971784912
5511984885010
5511995005121
5511998027571
5511999268543
5511988431809
5511993978720
5511994960178
5511995692963
5511996424793
5511972451016
5511985384109
5511995028444
5511995103164
5511996905381
5511971354930
5511962507123
5511965886249
5511998410955
5511976288805
5511992305532
5511997960868
5511998274550
5511966236323
5511968688430
5511993163767
5511982150897
5511968536428
5511971709321
5511972357680
5511974653791
5511997506130
5511999008137
5511972350717
5511998446574
5511995063274
5511999545372
5511961213913
5511997183019
5511973847404
5511953002948
5511992742160
5511940188758
5511944843656
5511947503290
5511959508306
5511962403102
5511973043859
5511989289228
5511995705673
5511996440117
5511996790270
5511997116774
5511998874353
5511974392489
5511993532976
5511984922160
5511998400126
5511971064428
5511992812823
5511972865794
5511976684710
5511997537683
5511954101162
5511972030491
5511982242272
5511969196936
5511989267769
5511961537952
5511971236772
5511999541980
5511963129795
5511971880381
5511989963233
5511991345203
5511994486452
5511997202029
5511998834246
5511993256051
5511943697106
5511971758153
5511973724701
5511985719307
5511966339108
5511989214871
5511994844151
5511940206806
5511971593160
5511973818345
5511978641415
5511983976893
5511996163325
5511996164054
5511996167084
5511999821655
5511972853929
5511974545878
5511991385968
5511999877480
5511958857100
5511973872663
5511976788798
5511994578701
5511972874938
5511975944822
5511997377429
5511976392476
5511998748695
5511970962969
5511971544829
5511974242571
5511962249304
5511976937476
5511976937486
5511981510318
5511991037657
5511974312090
5511976033028
5511996172729
5511999464011
5511963074755
5511975112140
5511976238392
5511994300760
5511994881980
5511976188063
5511996703972
5511973277962
5511995455571
5511965728930
5511996572893
5511996211840
5511998045176
5511999925620
5511970386403
5511999556416
5511974475379
5511988775304
5511992076683
5511996501922
5511999650192
5511964516811
5511987152215
5511970590824
5511971484916
5511974857736
5511996898987
5511973371185
5511996089335
5511972124885
5511999000509
5511999788632
5511950641786
5511952344777
5511952405444
5511968900480
5511976641385
5511995234477
5511992283993
5511993391909
5511953569814
5511963336520
5511963349809
5511965916649
5511983180819
5511993735567
5511968540103
5511971401747
5511972244516
5511974354273
5511974410993
5511975256689
5511975351008
5511996149169
5511998181416
5511999378019
5511965943341
5511976746558
5511992333939
5511993227399
5511981755160
5511982821137
5511982022514
5511982058512
5511985422962
5511973405815
5511996140382
5511975088770
5511987306910
5511995566930
5511968374049
5511972484796
5511973666612
5511995035017
5511996813435
5511999661016
5511997571496
5511971473837
5511977159048
5511982320036
5511983461368
5511991128601
5511994753285
5511940070903
5511947796478
5511947796481
5511947796483
5511997320449
5511999670944
5511968120584
5511989668730
5511998998439
5511999866859
5511952404239
5511963885226
5511973586760
5511966950409
5511966952449
5511966995103
5511975033763
5511982394808
5511985694688
5511947093988
5511947346531
5511947770531
5511950302304
5511954517443
5511971018750
5511974096767
5511996384716
5511999983162
5511998218909
5511972088185
5511999836854
5511972391638
5511972391678
5511998090136
5511971917368
5511980198114
5511995888473
5511982291615
5511988053091
5511989356705
5511995929101
5511998942201
5511945786381
5511982011487
5511992799233
5511943078840
5511997086603
5511998628782
5511993882222
5511950468780
5511998820672
5511964078112
5511949804665
5511996548258
5511987818287
5511988724830
5511989255077
5511989338994
5511993934413
5511994351572
5511956545675
5511992620652
5511992925994
5511994668266
5511971121569
5511983239058
5511994011399
5511953658400
5511972713103
5511974131343
5511991390289
5511995502220
5511995915818
5511999251407
5511999996952
5511995260939
5511998300659
5511999207390
5511957469736
5511969349379
5511973838820
5511985881844
5511997380668
5511988049081
5511995500469
5511997661640
5511999677811
5511960828636
5511961861671
5511961965225
5511963031211
5511983987880
5511997214010
5511961877443
5511978288800
5511982813108
5511995249442
5511998281310
5511968182799
5511977336612
5511992605534
5511995219986
5511995326046
5511995039886
5511983833444
5511992409686
5511992409689
5511993214494
5511994239762
5511967148951
5511997550221
5511997860234
5511941945362
5511971020460
5511980438136
5511993645373
5511972350077
5511965685499
5511973641232
5511952013149
5511942750549
5511964091672
5511989459099
5511993457928
5511993476095
5511992020054
5511992020089
5511992021117
5511992028467
5511992454257
5511995565916
5511996091494
5511997048954
5511999186798
5511961007307
5511984548180
5511967094176
5511975156789
5511964048125
5511953573274
5511984231396
5511999387500
5511995456481
5511998199391
5511971076950
5511987067864
5511972526745
5511956373536
5511973599229
5511973599384
5511974457379
5511942402840
5511973167145
5511974765599
5511975615360
5511975627070
5511977013638
5511981019901
5511996210678
5511968441210
5511942467733
5511971991684
5511973372425
5511965567754
5511993659375
5511941546434
5511997023867
5511998480376
5511997270232
5511995650079
5511996537123
5511965897443
5511984924992
5511987585402
5511971969593
5511976364044
5511997968500
5511999991361
5511940115626
5511947472476
5511947761384
5511968453319
5511979177470
5511982782562
5511995131715
5511998688998
5511998100400
5511988652924
5511953798886
5511979945954
5511974084625
5511983105060
5511985588973
5511995470231
5511996592604
5511981199424
5511991046276
5511965157007
5511971026610
5511971985351
5511992995800
5511996515700
5511984778720
5511991309021
5511992959410
5511998237174
5511982860969
5511966092483
5511975517879
5511989287006
5511993751174
5511964016657
5511968536523
5511987213579
5511998471559
5511998411386
5511953192775
5511968536544
5511951611482
5511974328750
5511976667106
5511987815987
5511991528581
5511994615052
5511994892929
5511996453303
5511999355833
5511971869834
5511980355618
5511995454460
5511999869632
5511954142493
5511960504834
5511961177795
5511963958271
5511967255436
5511971162860
5511994955250
5511996856421
5511960135861
5511964994317
5511962503304
5511965175558
5511967053606
5511983750947
5511998826275
5511980827631
5511982661208
5511972857289
5511991712916
5511992802964
5511993866127
5511997306308
5511962575839
5511968221834
5511973189199
5511977029405
5511989663575
5511997051811
5511986497017
5511996177671
5511971316270
5511998082114
5511981847707
5511996173651
5511968905163
5511968905165
5511971026570
5511985897938
5511996944166
5511998828421
5511971585201
5511972695549
5511994790355
5511955000060
5511991760329
5511997604020
5511977219260
5511995990659
5511997174072
5511999179237
5511972104536
5511972762905
5511996785752
5511962308620
5511965262084
5511974555923
5511985227805
5511995667653
5511997455923
5511998520236
5511992324244
5511972761149
5511976774514
5511997793620
5511997819712
5511998885315
5511942849494
5511970319996
5511982077087
5511982392641
5511982394594
5511999151340
5511972622206
5511998780616
5511962850734
5511988135841
5511991238666
5511992907021
5511995532268
5511997334736
5511947073581
5511981741453
5511947470283
5511952919119
5511979996700
5511983813428
5511997999670
5511999069136
5511992751663
5511981613031
5511957711756
5511995741764
5511985713276
5511989226274
5511973125683
5511983013057
5511955775399
5511973509069
5511996107272
5511998641657
5511983714351
5511987225416
5511998818631
5511968289322
5511970948778
5511965703851
5511976124091
5511976238987
5511992911873
5511992911973
5511992917024
5511940017259
5511947072674
5511991480899
5511982319793
5511973737772
5511983408646
5511968508346
5511976228431
5511991477102
5511995365893
5511997953690
5511963555208
5511985888180
5511989221033
5511999930180
5511969096135
5511992902228
5511988582748
5511995022713
5511972787517
5511989786976
5511969218817
5511981994503
5511987855511
5511991462492
5511992463057
5511992687254
5511971230617
5511973554657
5511995103118
5511940228217
5511940365595
5511995024340
5511995033259
5511971275230
5511977269524
5511977658289
5511978112096
5511992414896
5511998271078
5511984918395
5511998032289
5511972103234
5511972943691
5511963100046
5511987086756
5511998824001
5511985916576
5511986095767
5511991174469
5511995677175
5511997177774
5511946677644
5511962087311
5511974480300
5511992536549
5511996021835
5511975268887
5511975530090
5511993135410
5511944682399
5511988766649
5511994637411
5511995239046
5511997039994
5511998896653
5511995239751
5511995720113
5511996439222
5511999785900
5511999870108
5511972165605
5511996930534
5511996930822
5511999360288
5511967166123
5511971090201
5511973724422
5511974631760
5511975660859
5511996716612
5511943805222
5511964200840
5511974081931
5511976610733
5511988028690
5511989946598
5511998211719
5511962502603
5511969842439
5511995698707
5511996984243
5511997152248
5511996743935
5511998389613
5511991609248
5511957765614
5511972300673
5511973892125
5511966867442
5511971719041
5511972508918
5511975010455
5511997398638
5511972259110
5511989569736
5511995121505
5511997599964
5511998099702
5511985992575
5511994722293
5511991958453
5511971472018
5511996080151
5511996802592
5511996206142
5511973657792
5511974632153
5511997273841
5511992986701
5511984157086
5511992455448
5511992686207
5511993077902
5511994642414
5511976631542
5511976646365
5511981365471
5511991354705
5511991874234
5511999489852
5511955699033
5511956046993
5511999963110
5511998617230
5511965324256
5511970951379
5511974764681
5511993232570
5511993698348
5511995542352
5511997095137
5511996737434
5511971557620
5511972489687
5511991234353
5511997362020
5511964809819
5511996034359
5511999554976
5511987530973
5511987824347
5511991816819
5511996217758
5511945514452
5511963655396
5511991444857
5511996968606
5511971763625
5511971616449
5511971618907
5511986134515
5511986849824
5511995624186
5511973626608
5511974768800
5511983070298
5511984719726
5511985636943
5511998952785
5511999438125
5511972093522
5511973132616
5511963801562
5511992378159
5511996152009
5511998440603
5511976933654
5511991469470
5511991996930
5511994890430
5511999950180
5511973009158
5511991573076
5511961899944
5511963988786
5511971715424
5511999760737
5511999763388
5511955563582
5511973904636
5511972670241
5511968248714
5511998941398
5511974424561
5511982442058
5511998069056
5511963510006
5511998567596
5511956375772
5511968194440
5511999474793
5511952500701
5511971237720
5511993163905
5511994743674
5511999474367
5511963974373
5511974404042
5511997357632
5511997357662
5511997526808
5511997762007
5511999209902
5511972104574
5511974632812
5511995865346
5511995664646
5511997567774
5511999870108
5511944608722
5511971249277
5511976033684
5511995411325
5511999796520
5511940135699
5511964106579
5511964982850
5511972627590
5511975044983
5511996023207
5511964037505
5511973832384
5511975646847
5511976103889
5511976321393
5511940018854
5511940284472
5511969823908
5511974773218
5511992850281
5511944440117
5511955525119
5511974734356
5511986846284
5511992958748
5511961846744
5511970270306
5511971325575
5511989357527
5511991543648
5511995007317
5511942540321
5511995780267
5511996431425
5511998728830
5511999514717
5511971246666
5511971650800
5511971652537
5511975021132
5511998217836
5511984797931
5511996696721
5511944693253
5511957712071
5511999161150
5511974230333
5511995226221
5511998710783
5511960216045
5511992285170
5511972008026
5511982717215
5511972567805
5511994065384
5511972676809
5511987186688
5511997810192
5511998535646
5511989100987
5511998855272
5511963620040
5511982318628
5511996987598
5511970283172
5511975571990
5511991424627
5511997859464
5511999808205
5511999869912
5511986160742
5511997462825
5511998588635
5511993829326
5511976358763
5511982325315
5511992285644
5511975128415
5511968292377
5511968368620
5511981885365
5511982030097
5511982395015
5511982785067
5511986899288
5511987110200
5511996336822
5511996443236
5511998689928
5511999302299
5511955699016
5511961842579
5511965770470
5511987474335
5511931500661
5511995028330
5511982374191
5511973953642
5511976330355
5511972983908
5511977431283
5511999147586
5511947478002
5511971242570
5511972519256
5511980123594
5511980587948
5511987120041
5511991088404
5511999430698
5511953162756
5511984372037
5511998090355
5511973842996
5511975790124
5511984256636
5511984343998
5511999439980
5511983967068
5511998664934
5511950451515
5511975510119
5511988296897
5511971467173
5511971624561
5511991772380
5511993744994
5511996652100
5511996775489
5511940304989
5511972538455
5511970177651
5511970989778
5511971205341
5511996613380
5511998761081
5511995953894
5511982951571
5511999851326
5511970279747
5511973552804
5511982022763
5511982785067
5511984649338
5511992040418
5511995018240
5511996443236
5511998896967
5511961588639
5511971370129
5511980376872
5511980376875
5511984750865
5511986625340
5511975785310
5511998137394
5511947415811
5511947799535
5511974180274
5511991288055
5511992515307
5511994426711
5511994679142
5511995009959
5511943651242
5511971667627
5511973400371
5511973915225
5511997856408
5511997857351
5511962792580
5511966812769
5511971705944
5511971708139
5511999741424
5511943511313
5511978880918
5511981747585
5511986968260
5511976198816
5511983847686
5511987086564
5511991825639
5511995131456
5511999152030
5511971141027
5511974443025
5511973089955
5511999564570
5511975932007
5511997419450
5511970873318
5511974476390
5511998070759
5511998070795
5511976497701
5511966291809
5511971251702
5511986969406
5511995036311
5511940062400
5511940063541
5511940063542
5511959127598
5511975445316
5511992377497
5511992506686
5511999402037
5511999540602
5511974545586
5511976076957
5511956576225
5511982396451
5511992531722
5511995104376
5511942365609
5511972272102
5511977435870
5511963769077
5511981825704
5511998791179
5511975968878
5511998530077
5511995970519
5511996387017
5511943922679
5511969625105
5511992928986
5511997877914
5511981355646
5511986736185
5511971087103
5511972541832
5511966096234
5511991544617
5511991601524
5511951546001
5511973097762
5511975870954
5511991126997
5511995841253
5511996007114
5511999786997
5511943397329
5511971062882
5511987288222
5511988151336
5511989862800
5511968547086
5511971090720
5511973498865
5511975796940
5511991195920
5511997128150
5511952725380
5511973587423
5511974810692
5511995502432
5511999684327
5511984732523
5511984733523
5511999252352
5511994891925
5511969410126
5511999266807
5511999926680
5511989473219
5511989527695
5511995315087
5511998989131
5511979851890
5511997338002
5511996021307
5511972716044
5511993852007
5511995553734
5511996116786
5511971838036
5511975348560
5511976373731
5511985298838
5511963087660
5511969229783
5511974078659
5511975088052
5511975937256
5511994091443
5511995042281
5511995668647
5511995716464
5511999807807
5511974508889
5511999774274
5511984568202
5511946803774
5511947200716
5511968280316
5511974648232
5511984722582
5511991727807
5511972643414
5511960953118
5511968553247
5511989573655
5511968281544
5511997241581
5511997995283
5511988879556
5511991099492
5511991410838
5511994354669
5511971442851
5511972255550
5511975040705
5511976229584
5511982033275
5511993365032
5511999066384
5511976354678
5511999778873
5511950617280
5511997483133
5511998894158
5511983963171
5511998283763
5511973836066
5511977775825
5511992376223
5511994411337
5511994611462
5511994965354
5511994967746
5511996309301
5511983398957
5511963072113
5511973297033
5511994521954
5511997096488
5511967773177
5511971424792
5511995660076
5511997123051
5511997544262
5511952221624
5511972130047
5511992672920
5511996330442
5511951469493
5511955541173
5511963608795
5511976677255
5511993000167
5511968624544
5511983646106
5511993241972
5511999217101
5511973119159
5511953038987
5511997824385
5511950856964
5511962921652
5511982839316
5511996839350
5511997341256
5511954760104
5511972240134
5511971466551
5511973056728
5511999209364
5511999280860
5511944761934
5511952703757
5511976364653
5511998395381
5511952409561
5511996102284
5511973669297
5511978112894
5511986645694
5511993222208
5511998733484
5511971521866
5511975367967
5511997451244
5511997453255
5511998422675
5511998424463
5511997770067
5511997971371
5511999866839
5511972252705
5511947437705
5511967005790
5511967005792
5511981069241
5511981212961
5511982999954
5511991170220
5511994618778
5511975920998
5511997637228
5511971767405
5511974349668
5511976339567
5511999038574
5511973349339
5511985375883
5511985376117
5511985785086
5511968287140
5511976362518
5511976927373
5511994649902
5511995473799
5511986150734
5511998064365
5511998519647
5511941989510
5511942193769
5511993143913
5511947772321
5511971702132
5511971733131
5511999136168
5511999188226
5511999322343
5511999326733
5511999675336
5511991266253
5511992411523
5511995283734
5511996163335
5511954515489
5511972339100
5511976343207
5511995451548
5511997036299
5511997036795
5511963206401
5511975249648
5511975551968
5511961153552
5511962156627
5511974380657
5511961910048
5511971221593
5511972548961
5511993121646
5511971988951
5511972290063
5511972596618
5511973428936
5511974383013
5511997414576
5511997524437
5511972412309
5511974588841
5511976805840
5511963618359
5511972630284
5511973023719
5511987021003
5511972386380
5511993226880
5511950784912
5511966801104
5511974008773
5511974008830
5511998746681
5511999639696
5511975685831
5511976302960
5511981969167
5511940079403
5511947029873
5511947033618
5511979672514
5511995773638
5511972391511
5511941498883
5511956521760
5511963008754
5511966554941
5511970994433
5511972650160
5511975530103
5511993428579
5511996074875
5511997889378
5511966088368
5511974083354
5511976354650
5511998692750
5511980351430
5511998508953
5511942324125
5511950373367
5511970886885
5511975791392
5511976799737
5511970817020
5511976371099
5511992013186
5511947108929
5511968891669
5511974836771
5511977495896
5511981505696
5511983132555
5511983159884
5511968181061
5511972388071
5511997856960
5511976632675
5511996244144
5511984574251
5511976381618
5511940335053
5511940350556
5511947944221
5511963635220
5511997592539
5511973109658
5511973952589
5511971851884
5511987180594
5511995629627
5511964775453
5511993118470
5511994869791
5511967798295
5511974278924
5511975006057
5511952746043
5511954904001
5511964868411
5511984337328
5511994411123
5511994411536
5511952840130
5511982956119
5511983125507
5511984646318
5511989641925
5511998546470
5511975463209
5511997313093
5511954056970
5511955596984
5511983578414
5511957616953
5511983331131
5511988068335
5511963876397
5511993834133
5511999119497
5511976381878
5511989370188
5511992528890
5511999852385
5511999858680
5511987178546
5511944831324
5511963706575
5511975369207
5511996809112
5511995868886
5511951686766
5511974916182
5511975007834
5511981269233
5511983502644
5511947617165
5511973135008
5511974857396
5511995786565
5511997708458
5511999765594
5511982772911
5511989670687
5511998981409
5511943428008
5511952862784
5511952867811
5511958348850
5511971483184
5511971483185
5511971671001
5511982016735
5511984805066
5511998690506
5511975720114
5511981792735
5511998463335
5511961593462
5511953219009
5511985524394
5511997363989
5511947086618
5511959931986
5511962441493
5511965307944
5511972472765
5511984716813
5511979972879
5511981083236
5511970544452
5511972963579
5511957072197
5511974611740
5511995707219
5511982632825
5511969060969
5511971096616
5511974598458
5511975627548
5511997762435
5511999501973
5511950773137
5511972938686
5511976251231
5511998389571
5511976004286
5511988956540
5511991680250
5511993140054
5511993145583
5511993380259
5511970902760
5511979584009
5511957183893
5511989429494
5511992426246
5511997421039
5511970506944
5511979888085
5511981193510
5511993588385
5511995075711
5511947084330
5511952562010
5511976590903
5511979808060
5511976237652
5511982118064
5511988878765
5511962167149
5511987439869
5511973264017
5511974275807
5511977602989
5511989735909
5511994795201
5511950379879
5511972527128
5511995755089
5511960793829
5511974612008
5511979822271
5511997982227
5511998475378
5511964154672
5511967289273
5511973573558
5511974425713
5511995073990
5511973257577
5511985153592
5511985198079
5511975806285
5511987566481
5511996455170
5511972525454
5511996872134
5511999692154
5511975434027
5511995122122
5511996436612
5511981518785
5511971534194
5511976434219
5511991319446
5511996219265
5511957766316
5511962028292
5511968280173
5511971657426
5511991648715
5511996202829
5511996397688
5511963628409
5511988415653
5511989830684
5511967548073
5511993395689
5511995678517
5511942605065
5511964806127
5511997314383
5511976392062
5511996172178
5511958200308
5511988678170
5511973470116
5511976353456
5511978021863
5511988370355
5511996545201
5511998121234
5511943313346
5511973246437
5511974950793
5511975221142
5511976583386
5511993910848
5511976350116
5511976391927
5511991120378
5511993881147
5511994332118
5511994339952
5511970988995
5511972758483
5511973411567
5511977488368
5511977753063
5511981323208
5511997340000
5511978755526
5511998092650
5511982441100
5511994225699
5511997017496
5511975664184
5511976057582
5511983675208
5511999236042
5511980489746
5511976755228
5511982629885
5511983546925
5511984158954
5511984518954
5511991385583
5511992029001
5511945522724
5511998582977
5511999842938
5511993124637
5511963739199
5511954122271
5511968492855
5511973986537
5511982111449
5511996793781
5511972098044
5511996334911
5511976838666
5511981076436
5511981215205
5511989891288
5511989892029
5511989894661
5511995882367
5511999433384
5511999763401
5511998733937
5511969174892
5511991404471
5511984572510
5511996678191
5511998718152
5511970890736
5511971722240
5511973582806
5511975908362
5511997273572
5511999186533
5511973882029
5511971934648
5511971231768
5511994388550
5511999317955
5511944015150
5511965353990
5511967326218
5511967361077
5511972899101
5511975191935
5511995005568
5511997341767
5511997975799
5511959805886
5511971236800
5511975890935
5511968282516
5511975368058
5511991153339
5511999115333
5511940178038
5511947338475
5511964711331
5511974468455
5511974883585
5511995691604
5511999846256
5511999849262
5511973270175
5511975706580
