5511999178344
5511981777915
5511992619971
5511983584273
5511984621254
5511994691813
5511994731493
5511994739336
5511994739450
5511997597443
5511972324454
5511991330261
5511991593226
5511998921114
5511982571105
5511985188799
5511986131864
5511997922097
5511984981334
5511972346262
5511998443089
5511999697117
5511953941682
5511967513426
5511979940367
5511994836294
5511991618555
5511983561587
5511971554830
5511974543141
5511972007729
5511999099280
5511969414300
5511989921916
5511993135791
5511972473473
5511972790400
5511941117978
5511968292261
5511961379960
5511968282246
5511976134441
5511994680888
5511982879549
5511970970608
5511973130634
5511968529716
5511993302890
5511994964688
5511942955824
5511965885046
5511998368095
5511999824866
5511968413744
5511955809677
5511998193316
5511981355472
5511998281229
5511970347836
5511993876324
5511996259583
5511995573747
5511995627017
5511995868592
5511940078957
5511940078958
5511940078959
5511994732906
5511981790016
5511985819562
5511992781294
5511998179001
5511983357464
5511993316555
5511974046201
5511997361991
5511975445867
5511975684702
5511995894719
5511996285229
5511963277271
5511982418606
5511992058839
5511941506702
5511981478530
5511999482814
5511999787926
5511967255030
5511987651257
5511957199842
5511980287475
5511989268540
5511998582849
5511999359282
5511971924558
5511972476711
5511997320684
5511998528662
5511967066971
5511970591800
5511991445489
5511997820744
5511999495600
5511998394952
5511941993120
5511970590553
5511971093987
5511974448038
5511974866731
5511980544312
5511993182946
5511972072928
5511996878155
5511972677011
5511972677211
5511981500038
5511987637585
5511994424056
5511944860729
5511971933789
5511986284066
5511997819558
5511996933691
5511992781663
5511961904250
5511971295112
5511986235112
5511973261344
5511995838617
5511989839758
5511992355715
5511976031280
5511972782543
5511988677303
5511994052258
5511997989691
5511988253201
5511992125371
5511992592538
5511994777145
5511971706731
5511986053256
5511997414934
5511998249329
5511947470353
5511971076860
5511979844403
5511981152057
5511986893031
5511998941994
5511999179166
5511994171854
5511947690927
5511976692797
5511993393589
5511999000521
5511943630372
5511980809353
5511998249179
5511998505530
5511999143880
5511974353490
5511999779452
5511954742918
5511997209924
5511982866050
5511987471566
5511989632798
5511991809327
5511971042324
5511976755292
5511942840831
5511947150793
5511974493316
5511985562843
5511998508485
5511993028033
5511982244728
5511967009896
5511971028835
5511972955155
5511979961700
5511979961701
5511982257858
5511982397766
5511982938085
5511988807549
5511992103459
5511947516178
5511966079743
5511979536567
5511991604976
5511992060787
5511997444514
5511999447812
5511999914877
5511969212226
5511969213627
5511969218753
5511969251025
5511973570587
5511988900909
5511995438397
5511998220027
5511998627572
5511996032701
5511957406670
5511995740667
5511998959428
5511942002811
5511961047621
5511984614477
5511996370598
5511997096519
5511998038572
5511977532636
5511981195574
5511991338614
5511941244821
5511996828970
5511997261015
5511997914225
5511999784190
5511991133579
5511997577328
5511999871259
5511968291455
5511982513952
5511968624697
5511991144938
5511995982786
5511998682349
5511989051279
5511991160497
5511968559076
5511972297263
5511972325273
5511981897268
5511997965384
5511998644722
5511992044725
5511998621412
5511979876507
5511998868390
5511978395655
5511987150414
5511997468689
5511991385770
5511987832745
5511997683155
5511995309297
5511998930267
5511999625680
5511993833081
5511995481966
5511999383308
5511971983053
5511979872433
5511981107392
5511967294052
5511975675863
5511995861530
5511998813379
5511943002025
5511946262759
5511947342486
5511995734255
5511998844809
5511996014870
5511971913549
5511994355257
5511997433549
5511998501235
5511957611147
5511962419010
5511979774195
5511979774199
5511952518417
5511992964101
5511993746832
5511994068845
5511961485331
5511983722767
5511985738108
5511993551594
5511973376558
5511973376585
5511973377221
5511975795596
5511976288682
5511996012429
5511996422017
5511967621002
5511968180410
5511968182150
5511976351820
5511996287921
5511998857796
5511965847601
5511970284265
5511966980445
5511961155427
5511963517404
5511981538380
5511989690666
5511998083236
5511971316176
5511961173615
5511966943064
5511947315320
5511961956631
5511965150457
5511967293064
5511976418630
5511981783204
5511982731474
5511983031395
5511989571640
5511999732217
5511953010653
5511974349288
5511975714876
5511996433249
5511989113511
5511972623325
5511972875451
5511973916119
5511969176164
5511994415624
5511995456155
5511996506307
5511947615115
5511963302476
5511974176080
5511976022200
5511983158292
5511969440151
5511993653450
5511999928621
5511971166985
5511974275983
5511976595041
5511993994188
5511981271492
5511992177587
5511998316964
5511992706889
5511962461415
5511962950775
5511966414380
5511967307506
5511995523142
5511996246141
5511998987815
5511995972161
5511998563049
5511972548907
5511973011875
5511993940803
5511952905224
5511974325690
5511974502126
5511995785505
5511998735046
5511997641822
5511997996363
5511964408785
5511947376918
5511957614640
5511991251865
5511963355757
5511970759393
5511976003054
5511993235865
5511997821878
5511972355631
5511981445330
5511992908982
5511971775762
5511972458041
5511996889867
5511995800709
5511997303961
5511991663383
5511996379246
5511996683520
5511969740038
5511982042023
5511997530180
5511974541035
5511996079992
5511983398863
5511995868119
5511970756380
5511988087261
5511967382904
5511986326363
5511997802937
5511968428355
5511972411244
5511995618977
5511976101440
5511997866422
5511995114460
5511997530060
5511980764871
5511981777805
5511997490709
5511991670728
5511994534813
5511950239072
5511995264983
5511947429855
5511947928948
5511974161766
5511995359230
5511953025607
5511975689295
5511975984430
5511982952283
5511985043822
5511992359626
5511983837554
5511974615285
5511993289325
5511994629200
5511972210465
5511997822626
5511977547585
5511993728048
5511999175855
5511973917425
5511975232928
5511975918855
5511995804243
5511995849616
5511971299252
5511972976715
5511975242233
5511975796960
5511997325241
5511961319265
5511993846756
5511955707221
5511972129894
5511982977686
5511988999428
5511991207839
5511993072994
5511993074795
5511993076256
5511993928224
5511994316998
5511961881938
5511981925884
5511984376657
5511973591328
5511993995180
5511998582700
5511998700407
5511970283114
5511976313408
5511976509089
5511983992552
5511992941257
5511993011065
5511963567608
5511967638077
5511983104978
5511999222891
5511997840139
5511999676044
5511952462469
5511968280843
5511973345851
5511998652658
5511953022655
5511982333856
5511986432799
5511992754563
5511998731486
5511998760109
5511955566761
5511949103192
5511949869247
5511997527050
5511946087800
5511960496687
5511985156351
5511995210194
5511998515635
5511999285192
5511981947557
5511944816307
5511998581234
5511970401542
5511971048568
5511993841202
5511976335703
5511980392851
5511998240101
5511972215742
5511976722150
5511985654302
5511995566250
5511976334032
5511976484989
5511997166370
5511999988110
5511944008011
5511973047938
5511983465203
5511996919893
5511997536200
5511981145009
5511985030292
5511998573352
5511963917503
5511995113553
5511955528542
5511984460534
5511986723766
5511941528529
5511989059277
5511998744972
5511996905851
5511954734788
5511994663651
5511941639042
5511996377916
5511998532890
5511999620397
5511961832801
5511997853565
5511996389744
5511996595755
5511999374535
5511943927177
5511971880790
5511991807147
5511995842918
5511999874580
5511973593174
5511986397406
5511971235423
5511973429659
5511975839297
5511998383434
5511980070990
5511971876238
5511972037866
5511973623535
5511997335360
5511982300615
5511973326252
5511995958521
5511996609548
5511998181614
5511998496286
5511981663378
5511971645610
5511991176571
5511991179089
5511994501966
5511999993070
5511955700912
5511971921112
5511999223763
5511968292201
5511944526660
5511973924598
5511962018536
5511971798138
5511983778386
5511998287509
5511951554394
5511963845136
5511999576340
5511953164505
5511996365011
5511942381011
5511998995889
5511953613589
5511997158522
5511965575964
5511963064640
5511989636705
5511989899317
5511989963479
5511993218455
5511994282447
5511961142833
5511975101482
5511999728507
5511966093624
5511976762912
5511983000857
5511985984998
5511993414497
5511994786704
5511940087402
5511940098630
5511947023464
5511947027104
5511969206010
5511971063437
5511992661377
5511995602228
5511975596297
5511973653540
5511996456362
5511973446305
5511999348935
5511999934893
5511971887668
5511974211100
5511992125572
5511999890113
5511974040809
5511995355011
5511967635775
5511972819295
5511984874001
5511991823364
5511998815376
5511962950105
5511971154813
5511957022072
5511969395790
5511969676171
5511978481235
5511979998633
5511982358338
5511998235833
5511962147532
5511997804564
5511993334982
5511998184142
5511992579464
5511961113241
5511995770102
5511995996864
5511973575592
5511976474855
5511998352097
5511998728857
5511943195778
5511971017723
5511981022055
5511989313294
5511992095423
5511994570044
5511996097845
5511998177758
5511998423914
5511972493110
5511997135096
5511995639717
5511997988094
5511965578375
5511972795031
5511974358807
5511998391853
5511991420245
5511996472884
5511972950267
5511996208456
5511961192753
5511983456679
5511983698570
5511997445993
5511966612593
5511969379730
5511988467605
5511995785252
5511997179641
5511947860516
5511977307118
5511996765830
5511996810716
5511998459961
5511961828350
5511974164250
5511995623702
5511973318556
5511995781505
5511998545330
5511998428513
5511971697498
5511985044607
5511995979240
5511952059122
5511995129830
5511947914036
5511995608450
5511964110787
5511965578180
5511972097353
5511996364093
5511996364096
5511999636409
5511998466576
5511999006377
5511964028282
5511984565315
5511992381309
5511994964143
5511971847722
5511972209472
5511998241896
5511972589385
5511972868341
5511975092996
5511996021571
5511996086536
5511975613921
5511984749793
5511986171805
5511991591023
5511942505430
5511971516445
5511971521944
5511971935316
5511996474043
5511998124531
5511962174441
5511972837022
5511992439330
5511999157510
5511943860687
5511968287224
5511972798535
5511984883653
5511970901337
5511984734004
5511981686407
5511943528026
5511993956535
5511981855809
5511981855818
5511998501114
5511982793497
5511971064274
5511972106987
5511975225403
5511997300377
5511981862832
5511975849290
5511997411225
5511999569521
5511961614038
5511964033739
5511965776688
5511996161403
5511997552182
5511998039704
5511999929699
5511942772107
5511991992242
5511994741490
5511964910245
5511966747007
5511974035135
5511974214821
5511992377211
5511998901334
5511948398318
5511989555999
5511993387585
5511994729767
5511998227184
5511998727184
5511947939813
5511972460518
5511973106703
5511973377204
5511995284451
5511995358790
5511997059219
5511998489019
5511976003422
5511984375258
5511973363994
5511980320135
5511980321454
5511985522841
5511994962340
5511997351716
5511988684912
5511993855722
5511997539390
5511969459008
5511995797200
5511974930250
5511993626369
5511971720593
5511995414039
5511998014544
5511997025659
5511966653303
5511967580388
5511969717105
5511980169841
5511967243424
5511967286111
5511981568652
5511974180826
5511992345395
5511972307382
5511994472560
5511994709330
5511997797907
5511974479011
5511995619011
5511976927329
5511992554770
5511993361374
5511979977170
5511982385501
5511987291836
5511999050740
5511971126382
5511998208937
5511986968161
5511998780661
5511971516221
5511974796839
5511995841549
5511996321013
5511955578873
5511981559928
5511984318443
5511994323946
5511949431288
5511950395262
5511953446014
5511966096923
5511971305262
5511982630049
5511983897684
5511991261612
5511991445668
5511997449611
5511996669428
5511983668641
5511992274373
5511967053145
5511995302413
5511998958141
5511999858784
5511999985878
5511996918672
5511972416943
5511973717096
5511976083805
5511976083806
5511992675077
5511997608380
5511996980645
5511941734074
5511971519304
5511993297155
5511995465316
5511982836606
5511992520610
5511974285390
5511992441123
5511995792377
5511999418580
5511976763615
5511976966000
5511992051484
5511992180866
5511992184055
5511973348442
5511973348830
5511991723713
5511981963886
5511979501961
5511998790991
5511981297418
5511992928417
5511995518865
5511976183894
5511976486300
5511991834879
5511991836398
5511991839704
5511994477989
5511986002458
5511999944378
5511985558586
5511995312249
5511962501353
5511968159460
5511969346350
5511972204049
5511972993783
5511996216291
5511973154523
5511996536253
5511996684038
5511997009199
5511998894225
5511971883430
5511997488033
5511998393971
5511941041707
5511941420347
5511956372456
5511973630368
5511984159035
5511996281462
5511997478588
5511973456968
5511996006676
5511996852896
5511999686153
5511973101907
5511994640188
5511994689316
5511975712485
5511996858834
5511981738191
5511984222356
5511995521734
5511996935105
5511996979045
5511971373010
5511997498900
5511999146657
5511963628182
5511972767397
5511975903031
5511983134066
5511992395072
5511973910089
5511983359239
5511983359240
5511983359241
5511983359243
5511988635050
5511996521930
5511999242348
5511999870134
5511959885139
5511963620135
5511963620185
5511987113782
5511964183519
5511991444084
5511993307873
5511985558931
5511985665157
5511991021419
5511994414027
5511963648140
5511982825039
5511963887444
5511981112472
5511981330030
5511984578357
5511953105754
5511991548050
5511997110601
5511973343388
5511975843308
5511996142320
5511999873259
5511999874603
5511999874756
5511999055069
5511999686788
5511976601107
5511995308873
5511999178730
5511996210933
5511996873132
5511971140260
5511971292400
5511987035797
5511975619823
5511992810134
5511999431614
5511999439861
5511991232606
5511992820072
5511965012609
5511980500701
5511982087520
5511996168789
5511997085816
5511998634483
5511968800885
5511982834892
5511999485552
5511999771272
5511976592125
5511976892125
5511981034136
5511974128148
5511980206388
5511995174575
5511999920452
5511972242076
5511995227005
5511999727593
5511982698343
5511996338333
5511976142249
5511984927993
5511997737771
5511999737740
5511999737771
5511973854751
5511994817667
5511961834009
5511975760740
5511985355103
5511989467307
5511989909635
5511991515747
5511999007271
5511991475429
5511998548163
5511971124786
5511972071898
5511981419928
5511998239826
5511994006638
5511974235331
5511976419455
5511976998098
5511992321667
5511995375331
5511997095705
5511998783395
5511992910634
5511971511043
5511975850253
5511991177332
5511973285956
5511973785818
5511976802605
5511988760303
5511991724027
5511992359173
5511976671557
5511991221998
5511999361124
5511999928796
5511973159194
5511950231250
5511973158187
5511994852977
5511991914463
5511991914734
5511992312671
5511995696096
5511996709585
5511994497181
5511981412041
5511996546247
5511997190013
5511976103128
5511969357545
5511971402806
5511971404255
5511976102397
5511981919918
5511995589171
5511996024265
5511974892032
5511999170703
5511996752554
5511973355745
5511996547560
5511999313943
5511972845283
5511971187556
5511971194224
5511982842554
5511982964778
5511991232375
5511958805710
5511958807910
5511968290286
5511997253566
5511997263566
5511961197507
5511973268584
5511981494504
5511983993465
5511984281018
5511981878078
5511961429978
5511986002476
5511998350129
5511964342002
5511985882663
5511996193873
5511997480500
5511971085173
5511972812221
5511999371279
5511961008737
5511991354653
5511991540954
5511996876308
5511978361246
5511999519960
5511968543601
5511973526090
5511987073058
5511998014464
5511973172517
5511970581885
5511997570345
5511967849976
5511988683175
5511997527980
5511992888468
5511981605067
5511999750909
5511991007483
5511973224618
5511991766968
5511994295231
5511994295548
5511996937025
5511997679095
5511998162721
5511999160359
5511956286192
5511971304130
5511973387294
5511996597443
5511999567111
5511971044346
5511971239925
5511987786673
5511995882704
5511992962577
5511968454182
5511973327423
5511999178972
5511989578611
5511947792748
5511973250491
5511976001666
5511977821234
5511983067003
5511983204048
5511983204098
5511983204546
5511992522264
5511953746778
5511981315627
5511974738066
5511997774835
5511960143222
5511973102030
5511991435798
5511964137620
5511971196882
5511997017053
5511941446556
5511970977276
5511971803282
5511971803580
5511975930134
5511998034428
5511999439290
5511989465234
5511972783741
5511997286223
5511992852688
5511991729199
5511971940449
5511942884090
5511969043433
5511996011142
5511996299159
5511999679663
5511973947245
5511994423251
5511972374689
5511973806934
5511996863429
5511998296164
5511985770941
5511971791379
5511971920973
5511972930403
5511973403953
5511988515760
5511998454738
5511998888942
5511992319388
5511997588115
5511965476754
5511996257306
5511993318142
5511996449193
5511999870754
5511981182609
5511998511295
5511975882293
5511997037219
5511972227791
5511997488110
5511994399988
5511985522626
5511968761748
5511980230663
5511974633551
5511974633581
5511999309825
5511963474139
5511989226253
5511999064552
5511998662397
5511957003486
5511964260036
5511974288941
5511975704357
5511993950070
5511995849020
5511975859707
5511997292408
5511957502988
5511972847524
5511995087888
5511999917739
5511991825334
5511996474543
5511971777340
5511998623573
5511998775278
5511973372237
5511973372322
5511998071593
5511998089585
5511998980966
5511998986462
5511999011263
5511999505600
5511999680993
5511946807528
5511954336430
5511967524229
5511971550099
5511991410438
5511973036051
5511973036057
5511995234928
5511996152397
5511963756878
5511971554699
5511974122059
5511975476490
5511964927774
5511974929790
5511985582222
5511971038333
5511983020452
5511985916388
5511985918909
5511995178909
5511995491999
5511963887634
5511991685762
5511997047860
5511998189384
5511953451832
5511957753401
5511995383670
5511986960358
5511991976797
5511993046872
5511983187539
5511984078411
5511993041389
5511997721558
5511997452744
5511974150465
5511999349438
5511993899280
5511999120139
5511992123863
5511976352971
5511985931353
5511997107207
5511972580387
5511996435140
5511975859891
5511971264879
5511973525199
5511976002741
5511973535707
5511979572685
5511981451317
5511991416234
5511997031459
5511967118735
5511971522045
5511974989844
5511995076459
5511997713009
5511983217944
5511968622739
5511995648999
5511981106867
5511994587650
5511996451499
5511997661709
5511998705572
5511968612242
5511954666844
5511963712714
5511974217436
5511974217439
5511998709896
5511975800979
5511997076770
5511999207139
5511967198854
5511969788690
5511983470406
5511973864541
5511997386454
5511971427683
5511985592454
5511972690130
5511972058659
5511983823021
5511993037313
5511989110618
5511981420716
5511984398331
5511999095991
5511983113668
5511994821398
5511973299059
5511997627168
5511963399960
5511973847491
5511989554321
5511992661671
5511989203350
5511991972115
5511973829652
5511962550748
5511999374872
5511963957148
5511991674122
5511964460810
5511964484041
5511988882112
5511996887796
5511997897344
5511999606044
5511971665874
5511975328401
5511977286844
5511981196828
5511992649857
5511974000807
5511996568303
5511965728990
5511996058154
5511999851046
5511947908274
5511989906485
5511972484140
5511992709572
5511993015525
5511995589834
5511996015525
5511997590640
5511999416420
5511996266819
5511974348545
5511995660175
5511991017514
5511988597440
5511972973854
5511997418791
5511970770495
5511972528312
5511974814416
5511994386794
5511962553984
5511997468240
5511971586219
5511993162307
5511999717576
5511999999358
5511973485886
5511987520251
5511987520257
5511991875261
5511992319292
5511994516224
5511994322914
5511976336211
5511989754408
5511991133655
5511984030850
5511991226710
5511991395834
5511992149444
5511992723103
5511972272911
5511976811440
5511988291440
5511992324244
5511993640611
5511996029981
5511996693368
5511998026874
5511987590746
5511991265886
5511996025649
5511996671325
5511999460905
5511971378324
5511995745464
5511996087143
5511997287979
5511940361152
5511971109500
5511971109582
5511982591471
5511974556649
5511991518080
5511963759785
5511974368836
5511991236143
5511995205110
5511995205433
5511996345221
5511996347262
5511971774182
5511999974171
5511974373642
5511963755688
5511963759763
5511972607525
5511972611816
5511996676041
5511998805055
5511998125031
5511995016478
5511995039406
5511972164767
5511997396476
5511983997543
5511995492458
5511995425651
5511999919920
5511995022899
5511962112077
5511973419917
5511973560149
5511973886092
5511975770062
5511977553637
5511997760939
5511998381912
5511999733518
5511999776093
5511962620110
5511971517303
5511972326472
5511997292646
5511999938396
5511978740583
5511995399501
5511995532399
5511996330711
5511941196262
5511971295842
5511971378402
5511982450737
5511997865263
5511954959698
5511961839684
5511980857001
5511988063426
5511989326651
5511991166949
5511991167446
5511993331632
5511971242700
5511971776905
5511997642024
5511959878886
5511961865726
5511970183875
5511984195773
5511994086438
5511971022021
5511998583824
5511975168938
5511996772722
5511996919737
5511996839672
5511999054590
5511971280501
5511974437499
5511991976818
5511995376055
5511991773315
5511994006428
5511970557829
5511991027978
5511972601339
5511996050114
5511996840875
5511991878034
5511988090704
5511988642929
5511999177233
5511985581036
5511995278647
5511998612248
5511972698749
5511979530047
5511991035768
5511973008730
5511996647041
5511997041991
5511993760627
5511999111120
5511993383828
5511993383838
5511975102261
5511982315361
5511982317491
5511995068915
5511991125067
5511992102523
5511998218500
5511999737046
5511964540473
5511972061733
5511972067133
5511985296505
5511992028122
5511996001038
5511998952717
5511999895271
5511972461605
5511973949543
5511970707447
5511970720415
5511981746121
5511994454281
5511995339073
5511992578535
5511969139533
5511973447468
5511975880594
5511981378929
5511981378930
5511999150165
5511999331077
5511999333025
5511999337990
5511999374477
5511970289525
5511971295489
5511989748799
5511999830834
5511981089831
5511981099228
5511981112490
5511981112491
5511982910190
5511985510951
5511997486591
5511968416438
5511971570504
5511972912104
5511995768403
5511999676342
5511953874573
5511960218120
5511985433451
5511986123025
5511995455745
5511996021812
5511996549942
5511996870001
5511971559766
5511972252229
5511972401702
5511973137163
5511976712437
5511988128686
5511994212248
5511998104906
5511995908440
5511982045373
5511973228143
5511981067995
5511981335474
5511981478377
5511982866126
5511997938502
5511997117423
5511999433617
5511973683686
5511981197723
5511953180480
5511972463565
5511966515255
5511989350005
5511971251711
5511976359669
5511998512942
5511974270118
5511999358758
5511973545821
5511975122565
5511976103976
5511991413165
5511994107577
5511995632985
5511995727439
5511996132985
5511996821928
5511997535870
5511941604462
5511942451594
5511976327942
5511992137659
5511976300328
5511981997456
5511993612312
5511999322796
5511979710581
5511982670228
5511982984401
5511991964757
5511994050392
5511995879190
5511996210549
5511947172527
5511947398049
5511974111083
5511974204545
5511975805021
5511975953374
5511997704705
5511998994136
5511999776145
5511997176352
5511964093377
5511989134978
5511995327766
5511999727735
5511992321667
5511992322850
5511992325115
5511995362276
5511975069733
5511994813867
5511982315109
5511942923610
5511981217638
5511988113334
5511986531873
5511999451066
5511999513456
5511999912803
5511972853778
5511999001101
5511984221996
5511965949253
5511984332272
5511993727532
5511994257868
5511971894009
5511998353049
5511999891991
5511951663008
5511947467598
5511968262769
5511969113474
5511969118700
5511973151831
5511985826099
5511996245648
5511996508098
5511996713963
5511998676651
5511985794067
5511970941886
5511962018233
5511964136189
5511968472540
5511975777435
5511997076953
5511997900917
5511976034616
5511973559558
5511995740263
5511995939083
5511976668673
5511993433639
5511947293103
5511947348230
5511977409047
5511977656430
5511986740741
5511991779715
5511992160710
5511992417059
5511998447009
5511999460892
5511982655212
5511984364511
5511999603139
5511995951318
5511976084510
5511995247858
5511999268666
5511976034160
5511981666631
5511954022130
5511962626399
5511978187337
5511980585882
5511989172630
5511992266783
5511996262639
5511982709891
5511989041250
5511994559692
5511997344614
5511972095121
5511970986918
5511997380671
5511999481014
5511987495790
5511972976064
5511974724300
5511997193798
5511997696934
5511992892306
5511967761160
5511987745756
5511972119310
5511986618878
5511948176996
5511972247570
5511992861941
5511992866651
5511996918900
5511992887702
5511960502545
5511946473363
5511978831217
5511950435553
5511971897055
5511973191906
5511973738781
5511983693209
5511992549319
5511995106936
5511997616733
5511997852092
5511999110700
5511999582237
5511978154536
5511999944006
5511975909204
5511991465148
5511969105572
5511976004522
5511949532004
5511979917678
5511995569457
5511997243310
5511988627377
5511951253232
5511988099534
5511988281999
5511989024252
5511989382012
5511995570169
5511996240116
5511994423932
5511994425207
5511973134487
5511981860491
5511983317651
5511973325875
5511992463307
5511985541798
5511994902512
5511942370715
5511975462813
5511982792821
5511985348072
5511996380491
5511999398588
5511971790506
5511998865351
5511985767823
5511971469452
5511971478587
5511993760428
5511998879860
5511961901200
5511988185372
5511989213557
5511989214740
5511989219968
5511989219969
5511991938346
5511992907316
5511999585978
5511943955490
5511974866589
5511963257192
5511968287475
5511971253575
5511974146072
5511999395083
5511989864303
5511968287445
5511968601900
5511981847390
5511982927597
5511999328408
5511991194446
5511999842484
5511975390254
5511976031948
5511989493132
5511971982831
5511998941553
5511977031011
5511991502207
5511991067960
5511999737948
5511950234800
5511973577603
5511995301512
5511976033600
5511983973098
5511997395988
5511987950459
5511991074793
5511957270304
5511971661333
5511982020507
5511982520705
5511982942660
5511988892684
5511964157389
5511975379364
5511957796418
5511972525029
5511973138671
5511994332296
5511994536039
5511998838450
5511947830504
5511947830505
5511971413023
5511974582724
5511977326038
5511977649521
5511967550410
5511998416140
5511998281229
5511988201732
5511996179581
5511998048605
5511999781790
5511988559473
5511992082385
5511992475066
5511979881126
5511961024081
5511971542199
5511998583798
5511983636187
5511993057601
5511996528589
5511991641669
5511972796462
5511974165448
5511975840931
5511976709664
5511994926550
5511971219480
5511975161737
5511976619562
5511973128613
5511998883332
5511992562837
5511992567393
5511992571814
5511997383338
5511997986259
5511940021160
5511969240567
5511978067499
5511940817515
5511949588693
5511952539926
5511952890178
5511966420148
5511976623020
5511991478087
5511978101060
5511979912838
5511993364713
5511994336282
5511996551771
5511947186070
5511947187261
5511974436796
5511985120184
5511995882736
5511998917740
5511999794590
5511954616989
5511978944551
5511999948939
5511999192880
5511973295884
5511993378710
5511993875267
5511974406458
5511998672740
5511998485776
5511999701386
5511998536945
5511995994507
5511940140138
5511973210498
5511974576724
5511981878808
5511976034607
5511998128687
5511954765503
5511975034695
5511980229365
5511995777899
5511998632077
5511974659269
5511972874689
5511995313840
5511999145126
5511973395307
5511995234791
5511995971676
5511999778110
5511996951100
5511991867031
5511995428488
5511991614222
5511991614276
5511960685077
5511991377559
5511996795800
5511996813166
5511968538617
5511974423761
5511965929586
5511975443673
5511975443675
5511989378803
5511972933378
5511957236230
5511991462522
5511963807793
5511971063556
5511995835269
5511985755656
5511968518728
5511974948857
5511996546716
5511994237925
5511994237985
5511994942430
5511985502975
5511986032644
5511972343984
5511998972091
5511999940999
5511973205315
5511971010776
5511986947552
