5511999152885;92503314872
5519997878081;96640162849
5519994468579;05924974880
5519997982809;04260509837
5519974111612;71594523800
5519997368870;07869833886
5519997713225;05390980867
5519971605645;04381800893
5519991274256;09178852870
5534999619666;39487806687
5519992992016;92499228849
5511995393521;15507597871
5512981498258;08960039810
5519991360301;02503614850
5519995437099;06291632861
5519971027572;02767806800
5519997180603;05478696811
5511973195569;06845717818
5511945424623;00564684821
5511996168644;10384824889
5519987604464;92554555834
5519991176891;02806371015
5519997841818;04557992889
5516997840092;10511630808
5519974085904;85634379849
5519991387792;91860059872
5585986006845;03321306816
5511953017758;02495947816
5519992873389;04976351866
5519971522679;96830492815
5519996857092;12042117870
5511985142058;96288477834
5511994231111;11016482876
5519992280105;85015806868
5519997904061;09401982821
5519991118086;07888738818
5519997099481;00571030890
5519992130062;06456982880
5519992116150;96915854800
5519991420226;60902051849
5519991023929;01727260856
5519995430440;81999216849
5519993358447;06196097881
5519981536533;55313396820
5519991050634;10202146863
5519981734331;45762899853
5511972758306;71245448820
5519991115200;57528730882
5519971031682;03416460839
5519996153388;09025404839
5519993469735;01672537860
5519982831500;60976640872
5519991771554;10796562865
5516996011562;77757556872
5541992661710;14772183949
5519987167221;05579265808
5519981873474;15581621861
5519981477973;01672771897
5519981140160;00570865832
5519996242554;08893797852
5519988203256;11922288802
5519996250849;02484068840
5511993163997;06367618864
5511971758133;12080775898
5511989256818;04218272891
5516996143757;10253154804
5511945745957;13778009893
5519991054744;06600855851
5519981938158;16796163826
5519997210622;00219709807
5511967172257;44060378615
5511954123960;16070557832
5571981957397;78940753534
5519986006804;02792434805
5511956304433;07776109819
5519996433261;02961696844
5519991327858;03256627897
551160537808;01661339816
5511999089706;24550067861
5511968616861;67556426734
5519991927096;11528725832
5512991918094;03379637890
5519997846021;86743210897
5519997680517;01590799852
5511998638073;40091082820
5519997263444;11018000895
5593991121341;65515919220
5519983448115;12038202591
5519991101290;13373951887
5519974064813;11007623888
5511950346379;12048055800
5565996062616;97648884100
5537984081974;06248393621
5519991422243;93893302620
5519996610917;82377715834
5519981500099;05691117220
5519981162016;13960817800
5519981117171;17563049800
5511941692102;70498326853
5519981568105;05479065874
5519983915815;05541333857
5554996011608;01235171094
5511992964259;64989712900
5519981035907;01594019843
5524993017026;07097225750
5519997555064;16479602820
5519971315101;00212465805
5544984267847;03469740976
5519981464080;06730863803
5519991541988;17163039824
5519974170280;19216479817
5511995696853;47049413372
5545999730298;57489181968
5519997978744;20683618849
5555991628477;46029990004
5511974863571;09702728800
5519981093138;77427149815
5519997977527;03572670870
5511999617457;09672714874
5519981215309;72228725820
5519996094497;03615170849
5511996643931;03696002828
5519996813706;86879324800
5513981846088;01638283850
5511945660034;11574152882
5519996671171;16798855881
5519982593365;89901622891
5519982921221;68096208853
5519997886629;10211090883
5519992797790;71496793820
5516981189579;06264335843
5511948276811;06033024915
5519991660567;85023361853
5519981504151;28405447849
5519991418961;27142710659
5519981896016;06517387846
5511974717217;02483267831
5535998477047;18346790600
5535991119495;32103468600
5511968262486;14218901864
5515991237520;10266455816
5511996443641;03838137868
5519981412000;72078723800
5519996326724;10483467812
5519996261426;02463573805
5527999191558;11925783847
5519997463630;16416376849
5519997242505;40690199015
5519988140587;06636270870
5519997915126;54119782891
5519984512000;01710414880
5519991885910;06857905843
5519984206846;04178459872
5519991943716;24576050834
5519991163624;06857462836
5514998223422;71985506815
5519988112263;44197098804
5519982948786;07947889805
5519981710510;02499776803
5519997883380;96445980830
5519989135661;01686121865
5583999212217;08671338487
5519992574454;13847259890
5519991575673;06914035890
5519991863145;02799070876
5535998172462;28552660687
5519981239927;86803700887
5519981505068;81970714891
5519997798411;04613228891
5519999785673;07777774875
5511968635797;05211760859
5519996368047;06287954833
5519992999767;09698521852
5519991356239;10254389813
5519997834233;10805754806
5519988376250;26782988844
5519981159038;05553066824
5547999245111;93223765891
5519993237356;07478086861
5514996893900;08630572841
5519994059121;03954883899
5519996492423;40152715800
5519981429819;00427464854
5519981118556;60283858834
5511966005316;13758427819
5519971488486;10211143839
5519974044227;07392764845
5519996481315;07543270862
5519991849874;01979940835
5519992467757;22015132872
5544999676564;77377184868
5571988748026;13906100553
5594991461235;58587373234
5567981369788;30900670134
5522992229563;09843892100
5517991100052;28837447850
5569992596003;31928722253
5595984055170;27095789215
5567996131025;44817770104
5511972707339;64250318834
5561991152917;11892790106
5569985003631;95721878053
5567992788086;11205679120
5516992319947;30966105842
5561983110924;31366490100
5515997794971;03157363808
5541988941091;25770578904
5581986105476;99086026834
5564992575379;23512075134
5567999162300;32152400178
5541984476667;76797163900
5541984239662;31678017949
5581989191135;01901681459
5567998467922;87134438104
5561996351344;00201111187
5534997929662;01195391609
5584996160043;43901514368
5565992987951;72620889715
5561999273626;31732526168
5565981390125;90665198191
5561984432428;93429401100
5528999034184;07789907700
5561981170188;12233609620
5563984649875;41455649104
5564992093063;35087579191
5593991281828;05080690259
5561991576977;00339024100
5561984291728;63681226849
5511957205746;91929482868
5571997259466;13317130563
5511985585023;45598924900
5511996513304;05705294840
5575999731845;82200963572
5589981040346;76123758349
5561998285435;06088325615
5543988230549;87889447949
5561983336225;35195894191
5561999865614;00628239220
5542998089181;02849272957
5584999249676;10599894415
5581988288726;61671720482
5521982908729;67458939400
5511950235669;70206678800
5561996866360;65671643791
5582988268914;95609075491
5567981042223;20422849120
5569992686404;72106964234
5543988211490;85455911953
5561981179660;30996180125
5562999315242;56458690282
5527999972447;94071586753
5534988753276;01208923676
5566999659785;90845412191
5561986621697;07609027634
5598981542962;22484515391
5527992516686;01715065700
5581989106609;91004489404
5567999631661;53930410982
5561996738685;65808150191
5561981316823;37319027100
5564981289206;29710561987
5561999811340;11243872187
5554999354638;45008213091
5567996250050;20165480106
5521971301515;99965046700
5555996495014;43944396049
5522997012346;45780161704
5519993068295;04800407885
5561996131339;24898363822
5533988161342;62214314687
5514998024510;05666889800
5561984053314;14586363134
5514997766032;13249544850
5581986040234;86507044415
5562984476564;36957801187
5561999772121;04216814115
5515997854968;09931289805
5561981358947;15018952814
5563991122090;78085799120
5514998507692;08429475826
5567999118159;88664678120
5561991552735;56393636149
5512982155269;13847098861
5511972696336;32439138886
5515996221528;29403900881
5561982995974;29207942801
5561991169002;90654609187
5531987366521;49515691672
5585986392392;16842499372
5533999447426;14744236634
5532988097549;47748842604
5511999893982;06387396832
5579981020370;40047253568
5532988457271;03854653786
5561982627742;37176684120
5519993975079;14048673840
5566996679012;51338955187
5561991571711;61057029149
5511994983131;11266718869
5564999976503;12469246172
5511979864700;53571304853
5591981546786;51302632272
5553981130381;47011831053
5588996029916;52768660310
5544991073775;54242681968
5511955527177;06358763881
5569992193728;63246147272
5569984243962;60395494168
5561996491785;30051207753
5599996416631;78040353734
5521993758456;95964800734
5534999086362;02128505984
5564999878782;09405941020
5534999108079;56461879668
5561981240744;03595256603
5542988804669;47306491920
5547989158705;62495852904
5563992256891;88580865115
5511992681439;30663939844
5554984313130;51744945004
5547984886349;64232530991
5563992273794;52082733149
5588981174683;58931945353
5548988454647;54534240953
5516997121888;20047637870
5562984575803;21185638172
5511967260816;24932678851
5561981527173;76229343134
5567999621798;07335016134
5531988955021;31429785420
5588996135033;24584231320
5516997262267;08133567840
5598986137183;28058682349
5516993233693;66870470600
5511993890155;91354005872
5582996107704;81463723415
5513991055934;10837289890
5517981409990;14554357830
5555996213311;35739533015
5555991621957;32291671049
5561984869942;11925078191
5511991770217;07776716898
5561985442804;38971224134
5548991176489;63748355904
5581992615673;30664101453
5549991240945;68743904904
5547991351888;69429499904
5528998833668;01122043767
5527996052121;08733626758
5599984058901;86820656300
5521986846082;08680078549
5518996145857;04754771893
5561981452646;42880033187
5511942472501;07285524859
5562991986039;57726370106
5535998132423;93370180634
5567981030084;24991082153
5518997416174;47136820987
5561981041061;02212352727
5519992102150;01704464846
5511992286363;52880940125
5561991915665;09653678191
5561999655575;36450367415
5567999964585;09766060894
5561986027537;06785603153
5567981198869;93903316172
5568999847826;06825486268
5531997323922;27900517634
5561991160999;83573712134
5587991182233;03042389456
5567992472295;80526772115
5561981907887;34499105153
5511999894487;00234061863
5511949139562;75653389820
5511996285728;12086930852
5511974915506;02962883818
5519982172222;17550644896
5511973089816;04839684804
5519998756500;36808172820
5511971547212;05365084888
5519992822525;06727431833
5511998583637;00552953806
5511999441005;02093541866
5519981291882;02494784808
5516996330894;49147234920
5519999561322;61861464800
5519994131821;00565885855
5519991560234;10662273818
5519991192706;07958440855
5519997624031;06760881800
5519996511993;05919159871
5511973381309;11654903825
5511996257526;02910666824
5511933596012;25595674822
5511972407711;25277312870
5511998511947;07451908801
5511975028361;07667188831
5511942202495;80427863872
5511941714061;05754626800
5511942185214;15457674835
5517991430091;02439437840
5511959919593;03150896878
5519997091329;06852040810
5511996047846;55523820806
5511950570805;13735155898
5511942023469;47506679191
5511992956532;53936442800
5511969059001;56110472891
5511995692006;03248424818
5511975444485;15135572899
5511966007301;04127552891
5554981296575;39196755091
5511987058365;13750635889
5511981263985;06636450851
5519981480490;06633121830
5511942651717;13014855863
5511974929720;07605857845
5511984846340;62341880606
5519997249544;86760866800
5511993939301;26096411843
5532998010403;99521261749
5519981311112;43168973068
5511975263499;05574919834
5519996054306;06758171884
5519997323766;72197633872
5519992232595;05920999896
5519996118214;96671203849
5519997348974;13426961822
5535999915754;10208832866
5511972064598;04437015800
5519997974550;21598150804
5564999559631;72048441815
5519997074416;19771967800
5511981002992;86959476887
5519992109574;40143236849
5519987220855;86732803891
5519997309244;02510885880
5519981389840;06538093876
5519996868312;10223373869
5519996220089;71808710878
5519982274250;98926950620
5519991636530;31013449649
5519974055335;08961884859
5519992167494;01689996846
5519991378686;10255816871
5519991339647;07285102865
5519991113334;17515653434
5519981431037;04378754827
5547989226548;46757724472
5519991391905;27760596804
5519981328424;14491869120
5538999630552;06938896674
5535988273206;01256794678
5519996998552;00564589837
5567996330406;92882943687
5542988133820;06018801965
5551984744686;95606270072
5544999312854;01662294905
5573988448900;59439629568
5598991832701;80955517320
5564999656436;26689461823
5566992022006;01423528107
5515997092039;21875989854
5514997086646;35518764871
5567998866237;63790408115
5514991031473;28321893856
5566996524727;59432330168
5542988274148;06057619900
5531987732001;04530975614
5538991351003;05790194621
5516981223778;01629560880
5519981349798;04366065851
5533988387615;01523952610
5519998008737;38019582720
5519989939094;13060974870
5535988643329;01604965860
5535997554707;08703179621
5519998227277;96604476804
5538998428650;01014041660
5524974029236;33396902866
5519997061330;17560384811
5563984047979;83303456100
5519982342299;16066394800
5519997595576;55482317820
5569981111819;57990107287
5524998500230;09687260700
5531986828818;04359676654
5519997730489;06293797850
5545991197092;05204187944
5599981662104;98284703300
5519997108373;01739143817
5563984461102;99678357100
5519991004478;01381385834
5519992335876;02288150700
5594981126300;03674546965
5511962425329;06701806880
5519982976273;57786623515
5569992095816;81854471287
5516991494159;26152275806
5565996975019;04116784931
5519997683435;03679608853
5527992261164;03683317760
5519997613463;84791780868
5518981469496;01589277880
5519998500488;96450320834
5563992829323;48504289168
5573999398898;01428035532
5519997082892;08345564801
5594992177442;36248879800
5577988072347;01418802522
5519997191075;72294710878
5519982031200;03039584804
5541996779489;71727310187
5538998351998;08216741618
5519996967373;09578562888
5518981239402;28937337860
5519992147366;19169503885
5519997261008;96643846820
5562995199276;92744060100
5548991123388;97430323049
5519981018080;95526110834
5519974017727;96436093834
5517991132106;92862764868
5561991258191;32969163187
5511999237817;26567759810
5521967044416;33627547837
5543984473436;04704772969
5516991020071;35043645806
5537999152060;04709627630
5519981341206;03859595830
5577988440962;03294004524
5519983247008;56932529815
5516992094051;35870543800
5511954443483;07848569829
5591992247859;42727979215
5555996982559;80305466020
5555991700933;00051549018
5542999288389;03444488947
5531985872359;06095847664
5563984314872;00092153100
5511970877909;28196576803
5527998980882;09836114750
5561986330651;70855269120
5522988457135;10335123708
5584986070850;36590517487
5567996126414;01319473113
5582993735561;02788081405
5537988354763;07278804620
5562996453535;89597303191
5571988138303;01799094529
5567996220664;00043651194
5565992074020;00073844160
5511964713511;12299432850
5524999790126;09318432780
5511953091198;32000066844
5575988433823;98549065587
5519992296503;04158549892
5518997650909;36553868859
5581988610748;04907025467
5511974795457;10308395816
5511972902680;05490984880
5511996051405;03344750828
5571984061800;57851158591
5547992207139;01842580906
5548991100616;00014336014
5542999646608;03970734967
5589988147219;81248377320
5543999170600;03070768903
5511966184049;03268133819
5567991801083;01737715139
5531999794143;01530994616
5583988268264;37396633400
5581994088771;01379407427
5566996193840;01047032104
5585986006845;05397515884
5567996871599;88817601187
5519971701313;06756675850
5519981289990;05192461871
5519997897939;01843844869
5519992791992;06392225870
5517981126450;09254206890
5519991420056;02793833800
5519991893310;07109908801
5511998663700;12927509875
5511994013385;58574743887
5519992427284;08458624800
5511968466788;82319081887
5519992361006;11176795864
5519971341610;75464500804
5519971662247;11007607840
5519996601743;07869792837
5519982199499;03192152885
5519997812002;79924328868
5519981678761;03238638840
5511975216262;05642000853
5585994347421;21692830805
5519991962636;01707467803
5511941303377;99465027804
5517997122950;74958097872
5519994850818;02448504881
5519988271171;12942176822
5511971299572;04074614855
5519988347233;06354034800
5519998179225;01657332845
5511997400196;44157550625
5511944401502;62292102820
5511974573117;10016794826
5511997186026;04705475887
5511963712031;36903868968
5566996640228;89760441187
5519971713268;77323254868
5511998502369;01678518883
5511970960510;69131392849
5511981131106;82070393887
5519991540122;77260988800
5519991868411;82108137815
5511995067584;13771719810
5517981184159;79718744800
5511993220991;06870191840
5519997144906;77422252804
5511996043864;69191310806
5511971425429;61989355820
5511972895907;03211440828
5519982821883;01727795881
5511941301970;16438216879
5511999168222;05174762822
5511944989900;09688138878
5519997699629;01690177888
5519981853217;05159540806
5519991068999;06249775870
5519993964782;10219735808
5511996770864;14297182858
5519993411856;35713275868
5547984245319;61397687991
5519999019914;00472679848
5519991735009;64304582887
5511972863232;01684336805
5511947692635;55290469834
5519993567736;11927079829
5519971185795;08228203829
5519974042388;08653908862
5519982193232;71551557800
5519991634574;06196289870
5519991461231;15861880620
5519989168796;02767466863
5519992408156;12069171809
5519991852828;93403895815
5519997926110;02448373841
5519997289436;11971138860
5519981825413;08279152172
5511981770210;10347151434
5519971385529;96333685887
5519997154431;77762916849
5511986846743;06597323866
5519996187268;05445642860
5519981817870;05460923816
5519994417404;07466951287
5519992120690;21214301649
5511973271919;03500426832
5519993556148;05594968857
5519992763870;09694713862
5519981583635;60290765820
5519998212291;10228103835
5519998324959;10263625800
5519983503028;13203104865
5519996144416;07416571804
5519997905742;05413203861
5519992815147;18363067849
5519992482953;06628732894
5519992238086;96833327815
5519991035810;75729423853
5514997895575;08973627805
5511942545707;04122993806
5519991562288;92552510825
5519992159769;14300214891
5519991756733;14994626898
5519992941416;15583185856
5519981016020;06843264859
5511972171995;59975997872
5519992505522;01690179821
5519974056375;78054028849
5519991086558;12072726808
5519992765802;05407101807
5519997927331;86888340830
5519982134960;47792353834
5519997737051;07957601839
5519988331866;07975836885
5519981123629;55361056804
5511991017796;00489656854
5519997300057;01727430875
5519982084867;10805197850
5519994182113;03847893823
5519997987464;45718938849
5516991778806;04357037816
5519991711509;14989924800
5519987307420;06628704840
5519993125350;11643658867
5554991557280;04589839857
5519994391602;07497856839
5519981578090;92512356868
5519988541749;15467438808
5519981877465;09695035809
5519997110232;05916273886
5511997780717;15588854802
5519997115476;02985835852
5511996107453;22662898887
5519997906563;06636281804
5519991589060;00063303809
5516997716511;01264995865
5519981317811;02201623872
5519991919447;27770990815
5519981071851;06037665877
5519997156502;04060226823
5519996175466;03356227807
5519981910774;10210329807
5511999967749;03052742876
5511995256974;96482320830
5543991381386;63544997991
5519997716655;04283944858
5519993514424;10994596804
5519997061262;02781800864
5519991198966;05379302807
5511972679282;36300438600
5519997250594;13767977800
5519981286731;01719267812
5519993445148;03586035870
5519997509394;22047930600
5519989170336;72125217872
5519997663241;12242632353
5519996017220;02778353801
5561999973620;61049077920
5517991158062;10794322808
5519981194500;60951281704
5511963846851;03552121889
5511996493202;02463434864
5511943075012;13757532821
5519992546156;05702865812
5511964671286;02106515715
5511975410560;02778539824
5519981359280;36113050904
5519996591218;66424950800
5519991569580;13333253801
5519981391414;96629061853
5519981268126;01727126882
5519981358438;08352017837
5511983396012;07667217874
5519981871277;00213154854
5519996080653;71689869887
5519991960030;08342624870
5519991821722;77756460804
5519991176057;95255168815
5511992092129;00233886842
5511982451295;14995148833
5519981513758;19839219553
5519983221706;51016044887
5519992785122;71852824891
5543991161754;36469017991
5519997510717;06838094827
5511987879756;37099817868
5547996762503;15500122827
5519991003312;03903677884
5519991346868;74128671800
5519992138434;82019320800
5519982640866;84144580849
5579991293187;77632931872
5519988159462;07306357832
5519996027593;03337567894
5519991980042;10210437880
5519997154501;36617679920
5519997321530;17193746863
5511981200400;96112557800
5519981823522;06855362893
5519988932751;12074807899
5519991172530;29340543815
5519995968930;02500530809
5519981510588;48356751853
5519991161335;01726834832
5511981232442;01598804839
5511999683894;20180802887
5519982531590;02500415880
5519988117707;13765958859
5512991924457;97995711891
5519971528366;72407433815
5519997007272;00563070803
5511953050898;06058203848
5519982826672;04267851859
5519999161964;05716674810
5519997737335;06867213812
5519971049294;06847414820
5561981147465;05579476850
5519995585644;77765931849
5519998563497;12173860844
5519981672312;02800892870
5519997906176;41618211820
5519992491670;72034190882
5519997197858;05587854841
5519997986186;13100412885
5519998988585;14989197828
5571996394803;08413266572
5519992144246;06843218822
5519987014577;15004136823
5519991978661;10255288832
5519991104505;16508907883
5511971594848;01686549890
5519981339924;13063144886
5511968595838;08184036833
5511993405177;06850709801
5511973711276;03755463830
5511974084367;83044388872
5519987427924;96903384804
5519981817870;88129918820
5511987231787;02709964864
5511941689916;04422702831
5511984481900;02129203833
5511975046400;07279037801
5519991704764;10793179882
5511992278542;93180470887
5511950413945;58879285815
5519998447291;30091691834
5519991191232;07543283840
5519991785252;03848762854
5511988399824;00226161870
5535999698916;28221648868
5519996564045;03016253879
5519981148936;20338643834
5519997970800;00113816391
5519981819388;05904659881
5519992852192;46630180844
5511981117270;00133084833
5519991182487;41239911815
5519981248181;03209334820
5511971349694;07961203826
5519991961098;17414300030
5511991106528;05418834886
5511950767976;06187896858
5519998112001;12722736870
5519971649108;08401422850
5511951130729;96480912853
5511945377737;02144334803
5519996837758;13797586884
5511991104503;74292641820
5511965855129;07964362828
5511999890941;04436113868
5519991127666;55460542804
5584999500848;70334544734
5511997656884;10266595820
5519982188504;77437799804
5561999531910;62587501687
5511998993996;10307391884
5511950330422;11772355879
5511999620501;06190306829
5519971302323;02973277809
5519981485542;02487633859
5599991383021;07976510800
5511962586257;10017685826
5519988103070;20344074153
5519987143079;16857055882
5519997972631;01721439854
5519991364369;86807323891
5519994409894;03536365841
5519996254700;25224825806
5511983144001;96630485815
5519991113018;18821485846
5519981268267;08398672803
5519974097912;12958390837
5514997730597;01706629850
5519983276257;97405973787
5519982997975;43420834853
5519981310323;53907744772
5519991355571;17203022862
5519989885521;15581734801
5573981165656;17203062813
5519991079212;15004575827
5519996882010;06875388820
5519996523055;17276344894
5519991731016;72201576815
5519989643704;07948516816
5513997402996;00057818843
5519992045086;66621607687
5519997731995;77434102853
5512991841674;10009108220
5519991043366;96334126849
5511993578664;86905260800
5519987332233;10209580810
5511999816630;00221256806
5519988242992;00568563859
5519974057495;12054040827
5519996146009;10260360899
5511991917084;71344136834
5519981650256;07415773802
5519996012630;72137398834
5511972981138;38023660691
5519996051772;03183906805
5519991232775;06368025824
5511950815665;22036865887
5541991721201;03454337852
5519991002664;00412702827
5519997668765;08532975844
5512991483710;02443077845
5519971190881;08367763807
5516991387748;06608087810
5519974177281;12035285828
5519981866350;77819594853
5519991199697;09106623808
5545999440686;62144774900
5519997913145;01679567870
5533988054468;66358060678
5519997788311;05772871846
5585987852485;33338039840
5511972305338;85960918820
5519997556919;60357924800
5531980400607;08327624822
5519992514983;06755528854
5594991498088;03570014606
5565992198651;99807009120
5513991524006;02822333858
5511949703026;04854014873
5564996642517;02016558105
5564981126574;80795293100
5519994892499;04208656832
5519997434703;01740689801
5569984157791;72469528291
5519998655187;26256633830
5511982924527;85379085334
5519994003897;35671351987
5577981037028;79116523504
5519991607204;03382005840
5545999680746;49284975972
5561981193981;01066487480
5549988625619;00010676996
5571991740320;01488955573
5513981461220;03665118824
5531987315476;42400198691
5519983171974;07793852842
5519991497727;84988320804
5561996177761;30279712120
5519974057421;04962536893
5519982498023;69608105749
5549991312525;98857924068
5519992063679;76914097704
5519997088802;02840342820
5568992836564;63891808291
5591991721397;66441374234
5519997322915;16479289820
5519999962340;82381399887
5519999663452;16479092872
5574981033919;00795066589
5568984012771;23254424204
5521982185077;05612191766
5541999068732;91718295987
5569999270723;68459963268
5512996628926;29441841803
5519981332222;04189023809
5567992477977;01262639140
5575988427660;02163637565
5515997301357;28946900881
5519981223254;93832486887
5547999666298;02612132961
5527996277332;00060155574
5532999901727;97539791691
5519991682680;18200018814
5517996021066;21832209881
5531986938892;71249206634
5551996160184;00045591008
5567996138761;51862301115
5591988115318;57738394234
5518997243400;28923226858
5516996290847;82125520630
5516997390677;17210053824
5547992892627;15068019860
5561998059076;05642318608
5555991598669;94343500004
5548996076483;41778677991
5545984290658;01826887121
5511974374314;09930581839
5521979910203;05802062703
5519992363210;60355280825
5519984345313;57953465604
5516981269856;32804935876
5522999010210;09572653792
5555991124106;00004186095
5515996854696;32169768823
5541988023080;03257459947
5519981574241;72137045834
5511982704840;01307881807
5519991539775;15486250860
5519982474444;92559344815
5519996087701;12024309372
5519981212888;82195951834
5519981844465;02797359879
5519996672288;03392350800
5564981314480;92393020187
5511955593025;58266070849
5563981340019;51537664115
5532988478253;07454925685
5517997345182;33810819859
5519994708330;02797715845
5564992645285;89036131120
5522999551018;09150094718
5516992246161;28321512801
5511971090585;45505373453
5519997621499;20530323834
5554996092826;00085862096
5584991334540;00050166492
5519995416570;04130701827
5511999154104;84882123800
5519997833525;19038551878
5519989204444;53515218815
5511945870127;77547977804
5519992998782;07662578860
5519999641333;05265469800
5519995183222;15487917841
5511997291572;05691503880
5511991731366;37054961820
5519974157446;71634967887
5519988224775;02083741838
5511982848351;50491016891
5519993359808;05083443872
5511993699552;96279486834
5513996100404;10225393883
5519991467844;76995399820
5519997599000;05766570856
5519997810234;45032734853
5519997914125;71690930810
5511940362963;06888764800
5511999663046;06032068838
5517981147214;28865472472
5519998601255;11527922880
5519996515015;10635100827
5519996142873;77372824834
5519998503999;12865032809
5519996078253;96100842815
5519991118726;02476344842
5519997960339;82296596800
5519997430152;12532198850
5566984106658;02862471941
5519981964117;75561930800
5511943561314;55730973853
5515996419834;10564888834
5519981526296;11927922895
5511999871536;11811290876
5511968581618;09965293813
5511999749143;80274706849
5511999713705;08461458800
5512982268389;95588159349
5511980453746;11775011801
5511972250064;52095428668
5511972657302;05265052810
5519992829638;01687095892
5519971025757;86596829804
5511991526128;40153150815
5519974102145;15906868615
5513997497705;86725912834
5511943555050;13046574851
5519997797888;02912050898
5511940039886;06272686846
5516992698584;60143193872
5511988899873;10016781848
5519997412565;11528017838
5519997572907;55422802853
5511999602686;04489993820
5519997356245;51145278868
5511986898285;07953468832
5519974113126;29139597849
5519974011974;07425125846
5519992579928;77518560844
5519988305848;10804709807
5519981330840;07960206805
5519992401670;06340641857
5519981229267;06188728843
5511997102010;06461959807
5519991167534;01696168864
5531985972747;12960630890
5519982513353;96895080830
5511999676577;53939620882
5511973160474;54351456604
5519997810617;55505260853
5512974022721;05925090870
5519981297778;66741980806
5511993633674;81936044820
5519996167720;02985742846
5511996517473;61872890806
5519974039499;03921738830
5519997440235;10203992873
5519982062026;07384744873
5519992125992;02780257814
5519997727550;19960638804
5519981170611;55504973872
5519981077774;07334547802
5511993516341;15267094811
5519997822521;01624163858
5519992364546;08241840845
5519992250955;10219258880
5519971466974;14215663890
5511980109114;05263474814
5519996733837;64691128891
5519981497071;82029393800
5544991249696;05723727958
5511971005585;10796570884
5519991136851;15005222871
5511956283566;03688360885
5514991716013;01503121801
5511982552183;17883649884
5519982265346;18389619172
5512997113977;06320829842
5511950848813;17725447873
5519981547625;03862003868
5518996122846;03890901824
5519992509046;13651625672
5519993453638;24372838034
5548984189960;10209766832
5511999626217;11480821829
5519997781568;04195295866
5575981807474;70609993100
5519991353008;71207040878
5519981531754;11930182856
5519982218749;09107837801
5514996688278;02820052851
5563984637521;15432467100
5511996055475;04675813801
5519971167101;14988147860
5519982277499;09888833847
5519992198830;04399331887
5519981602512;10246579811
5519994389786;12645657800
5519996277705;71999841891
5577999659238;00002082640
5519982073533;10215643895
5511999335554;26527527829
5519997012720;07958407807
5519991574204;25736173867
5511941995577;82559945649
5511943651411;71309225834
5575981548238;98579762553
5511942486080;71307206891
5519984243978;00160473896
5511982053699;32149867753
5511995801461;05133152841
5511973219888;09631817857
5519974034173;06858634843
5519991327896;02940138818
5519996283386;53939093815
5511981354995;04955418856
5561981195199;42461189668
5511982589081;12086723806
5519996882810;86900480810
5516997097345;04287666844
5514981243115;22335236873
5511991047173;21606314858
5519997867883;63779366800
5519981878000;49622579604
5519991883374;01586009834
5535999033739;21391718615
5511970870272;08231072802
5511974344272;01691421839
5511972560361;16849191853
5511944881008;95541047820
5511942412213;23339675791
5511996891024;69394555749
5564992722051;94872732120
5519981253054;71612840825
5519997418130;11549305808
5519991679907;11809591830
5511982244512;13737116806
5519997666587;06768586866
5519998363385;01596866870
5519996850970;72279869853
5513991689699;00755957881
5519983102672;06291677881
5519999525709;96452625853
5519987110000;02473632863
5519984476969;11007058803
5519992284804;16857142858
5594981120190;15628912867
5519981466061;03254873831
5519997658939;02486191879
5519996450990;80975151800
5519981657926;05156487874
5521995099834;05691268864
5519996145898;18815761837
5519998677480;25273248949
5511995643300;03715568801
5519989276252;23413360787
5512996419312;22339575800
5532998055853;03554127647
5511999937191;95813063820
5544991150225;73497932949
5575982862796;47028742504
5519996096053;10247225894
5511998614113;04216371884
5511982729773;13901476814
5516991813275;29600807850
5511975198996;09160072865
5511982296012;13894202807
5519999389974;65894294800
5511981015324;37100793815
5519981676752;71744045887
5511996997352;39856623804
5561998411340;00401185680
5519997058946;12029628824
5519981243938;02507292881
5519993920789;45145253753
5519997208004;02553295804
5519982041531;24843920606
5519997972796;05564164814
5519974117330;10242797822
5585981427020;24210021334
5511974350732;02473949808
5519987008787;02481922808
5521979217979;19719876972
5519988204570;10261174886
5519991661696;77607287868
5519991325009;10485227843
5519996559266;77437659891
5519971105913;05387110865
5519993246785;07096895868
5519989218008;02507030844
5511991477475;37547798772
5519974159824;17203408892
5516991198069;18322967845
5516981692932;16225085807
5519992250049;13940848891
5519998301099;77805356815
5519996017565;04531249844
5519997731473;05077415870
5592996037237;00776877879
5519981607314;11236550811
5519992259538;62848330678
5519993475770;82362360806
5519971072803;10210085835
5519997961218;05561159887
5519991810720;84824360820
5511987552525;03384406826
5519992774750;77838246849
5511987586098;77469291849
5532984508960;52426351691
5588997970905;35550503387
5519981110256;06854930839
5516981348310;15986050894
5567999141837;46536264134
5585987022107;20329695304
5517991222997;10161530826
5561999821023;12108219153
5561981060300;76791408987
5591988337662;18116515268
5531997395219;81642628620
5568984236198;13844660291
5521999854402;54481821604
5547999768885;84128003972
5586995029378;13399624387
5585992166076;46489495368
5594999013212;48291579334
5589981071224;81335628304
5562991294108;06909426134
5561981237701;09748679187
5588992152827;75853523368
5534999711561;81488300615
5514997620447;14262414884
5514997113185;05729532830
5581987826749;29064937400
5534991025128;21096813653
5561985400098;00874264634
5569993156182;51615754253
5564999849144;12314536134
5511984189912;27352560491
5522999426465;01914560710
5532984253115;03736086679
5563999201596;30117976172
5511991131594;65592514891
5561981235794;36670782187
5555991671123;80763324000
5514997797581;07892625844
5584987072940;45539154487
5551992576482;39794032034
5564996264811;79203167153
5511988524690;84197331304
5551992014506;48010057053
5588994115710;11341076334
5527997421488;79201601700
5591981372577;30579163253
5564996758100;59229969168
5561998848022;01313699896
5519996857901;09584713809
5512991722410;26075935819
5569992845728;55248578434
5561999389396;65816528149
5555984547919;18091130082
5551981796081;50779109015
5524998187481;56869584753
5561982745532;48958573600
5561998711784;14371510191
5594991611004;05734592153
5527999714895;00346580765
5563984954050;14520397120
5564981587025;61860069134
5511963351885;27574536880
5561981343294;35626879315
5562996234997;33567468120
5561984145974;20986343153
5561986040517;18341527120
5584991015677;42283647487
5517991762318;95100750863
5519996526726;09474041806
5517992647636;10892835800
5548991353447;34317970910
5588994898477;31212590325
5573999240058;56468970504
5512996039563;18566997816
5562981177703;63315220182
5561992216914;23981172191
5549991465168;56816359968
5568992274902;46142622287
5547988128140;60904038904
5547996117003;13147007820
5524999689961;49488406291
5564996068545;51704951100
5518991534013;15806948889
5534991169143;47285060615
5534984112481;57252971600
5561981522296;35838850159
5561998685566;89015460191
5585988100457;16534905353
5517991072028;12168301859
551160372318;05777762824
5561981358501;60191910791
5549999468212;02034415914
5564992643451;37432982104
5561981877049;72363452372
5511975937958;12466792800
5511942431970;00841047839
5569981119399;80309275253
5561981375421;04384229704
5562981626281;79244432153
5515996735442;02074827806
5562991132264;09505105134
5588998055510;61361240334
5516982526363;16404953803
5569985004662;47086980200
5513988472436;14207805818
5519996456868;15460480817
5511949163355;13128746869
5518997411306;13108961861
5532999690658;04090535620
5531995251114;17661226634
5561991392427;39108201234
5561983246549;04470786667
5569993218079;36164810230
5511945969727;25328756827
5511930287639;19151133857
5561984581290;82174792168
5519988006678;04638383866
5512992187444;10965843874
5532988875701;60143614649
5531984250200;74727397668
5544984560897;98039881900
5573998404443;97756342534
5547984558485;56034903904
5528998865900;02772458776
5567999761191;31184090106
5541999095003;00208604987
5567984453280;11212632168
5567992058888;69449511187
5561982071384;18001424120
5562996460060;51057913120
5547988388843;29289858915
5567992118888;27330400149
5511971790754;04337457895
5549988285838;60514817968
5548999651892;34400532968
5511976771196;15633364805
5548991388175;55116450953
5566999846291;48218766120
5544999813714;64025489953
5563984014362;61200565134
5519997676856;26845711801
5573981534329;65841794515
5516997250977;03720724883
5519994396201;01725703874
5524988483356;73020532868
5535984518302;26928309890
5521996166580;36661635720
5514997341687;22832902871
5512991826685;07235929855
5535984050097;80150454791
5549998020103;02113951967
5515996376240;05657709853
5538988310180;04524323678
5517997779653;07627131863
5511970925565;18598853810
5565992424830;17758513115
5551999735943;96393351004
5583991362481;60279796404
5517991115995;21385567864
5561981222088;05567891725
5511963558031;31359171851
5514996585959;17054960831
5511991875865;02007936755
5511940106191;69074283187
5516997841658;83259830863
5515997472966;05555133863
5511999947879;64204413820
5527999843981;73206075734
5511962131415;09517347847
5577999388957;33462674587
5511973959911;77485815849
5511974403649;06211718837
5511989337571;12413511806
5522999844739;32253800759
5521992338811;07224235784
5514996835872;15277978801
5514998976026;71020896868
5518991351308;03195907801
5517991795830;04723289801
5516992342119;25526711870
5514996194004;26575030807
5524998370723;66794390787
5512991167407;25881974859
5513974143659;03284835830
5541992478263;02499272929
5512996595527;49763547504
5511997849293;14601388805
5514991179600;06579292806
5534996858502;03391805609
5569992356777;27117715200
5511972717507;25141504859
5511998692144;10870409816
5511960164366;26904175885
5511943127184;15457229866
5516991333100;12246261848
