5514996883696
5514996883749
5514996883780
5514996884025
5514996884247
5514996884627
5514996884630
5514996884845
5514996884977
5514996885204
5514996885286
5514996885347
5514996885424
5514996885579
5514996885877
5514996885925
5514996886040
5514996886162
5514996886258
5514996886271
5514996886644
5514996886703
5514996886838
5514996886896
5514996886959
5514996886974
5514996887120
5514996887155
5514996887161
5514996887221
5514996887301
5514996887347
5514996887376
5514996887394
5514996887398
5514996887424
5514996887443
5514996887449
5514996887455
5514996887458
5514996887475
5514996887654
5514996887796
5514996887823
5514996887848
5514996887900
5514996887987
5514996888021
5514996888057
5514996888087
5514996888116
5514996888199
5514996888240
5514996888264
5514996888269
5514996888287
5514996888301
5514996888324
5514996888329
5514996888424
5514996888471
5514996888522
5514996888687
5514996888884
5514996888929
5514996888937
5514996888939
5514996888962
5514996888965
5514996888997
5514996889119
5514996889179
5514996889247
5514996889249
5514996889251
5514996889289
5514996889298
5514996889432
5514996889502
5514996889540
5514996889544
5514996889551
5514996889573
5514996889693
5514996889784
5514996889897
5514996889964
5514996889971
5514996890066
5514996890068
5514996890142
5514996890231
5514996890237
5514996890328
5514996890366
5514996890367
5514996890424
5514996890425
5514996890466
5514996890524
5514996890603
5514996890805
5514996890877
5514996890917
5514996891063
5514996891067
5514996891072
5514996891176
5514996891333
5514996891338
5514996891342
5514996891351
5514996891359
5514996891417
5514996891425
5514996891429
5514996891574
5514996891576
5514996891696
5514996891700
5514996891734
5514996891737
5514996891881
5514996891966
5514996892036
5514996892120
5514996892204
5514996892452
5514996892585
5514996892649
5514996892753
5514996892818
5514996892868
5514996892878
5514996892879
5514996892978
5514996893022
5514996893101
5514996893181
5514996893185
5514996893192
5514996893206
5514996893272
5514996893309
5514996893414
5514996893453
5514996893479
5514996893494
5514996893599
5514996893957
5514996894244
5514996894245
5514996894350
5514996894542
5514996894558
5514996894598
5514996894606
5514996894619
5514996894657
5514996894658
5514996894666
5514996894669
5514996894850
5514996894873
5514996895162
5514996895250
5514996895539
5514996895624
5514996895682
5514996895704
5514996895727
5514996895744
5514996895759
5514996896049
5514996896074
5514996896151
5514996896196
5514996896306
5514996896307
5514996896333
5514996896491
5514996896505
5514996896509
5514996896534
5514996896535
5514996896627
5514996896629
5514996896744
5514996896810
5514996896856
5514996896893
5514996897116
5514996897198
5514996897305
5514996897319
5514996897460
5514996897527
5514996897574
5514996897579
5514996897612
5514996897640
5514996897658
5514996897667
5514996897674
5514996897780
5514996897784
5514996897790
5514996897808
5514996897822
5514996897826
5514996897827
5514996897830
5514996897856
5514996897869
5514996897875
5514996897879
5514996897912
5514996897964
5514996897991
5514996897997
5514996898007
5514996898010
5514996898021
5514996898022
5514996898044
5514996898052
5514996898073
5514996898080
5514996898132
5514996898212
5514996898214
5514996898223
5514996898261
5514996898273
5514996898414
5514996898504
5514996898653
5514996898680
5514996898896
5514996898922
5514996898932
5514996898969
5514996899063
5514996899349
5514996899458
5514996899529
5514996899583
5514996899586
5514996899716
5514996899718
5514996899735
5514996899741
5514996899770
5514996899796
5514996899824
5514996899839
5514996899911
5514996899937
5514996899948
5514996900213
5514996900330
5514996900334
5514996900411
5514996900538
5514996901022
5514996901063
5514996901174
5514996901298
5514996901412
5514996901547
5514996901744
5514996901756
5514996902206
5514996902383
5514996902439
5514996902509
5514996902591
5514996902594
5514996902599
5514996902614
5514996902656
5514996902671
5514996902757
5514996902859
5514996902887
5514996903019
5514996903067
5514996903083
5514996903187
5514996903207
5514996903249
5514996903623
5514996903819
5514996903836
5514996903887
5514996903968
5514996904109
5514996904153
5514996904188
5514996904286
5514996904298
5514996904324
5514996904377
5514996904440
5514996904539
5514996904549
5514996904575
5514996904829
5514996904908
5514996904992
5514996905146
5514996905147
5514996905202
5514996905325
5514996905376
5514996905439
5514996905622
5514996905654
5514996905705
5514996905776
5514996905791
5514996905974
5514996906025
5514996906177
5514996906181
5514996906310
5514996906413
5514996906431
5514996906609
5514996906705
5514996906746
5514996906893
5514996906899
5514996907042
5514996907044
5514996907136
5514996907313
5514996907455
5514996907528
5514996907546
5514996907579
5514996907632
5514996907964
5514996908012
5514996908059
5514996908289
5514996908302
5514996908515
5514996908734
5514996908869
5514996908949
5514996908953
5514996908963
5514996908996
5514996909021
5514996909062
5514996909126
5514996909292
5514996909347
5514996909372
5514996909773
5514996909781
5514996909894
5514996910000
5514996910034
5514996910053
5514996910081
5514996910113
5514996910162
5514996910176
5514996910248
5514996910270
5514996910330
5514996910343
5514996910349
5514996910382
5514996910399
5514996910401
5514996910410
5514996910466
5514996910481
5514996910489
5514996910523
5514996910530
5514996910531
5514996910546
5514996910565
5514996910567
5514996910577
5514996910579
5514996910582
5514996910615
5514996910755
5514996910764
5514996910896
5514996910918
5514996911059
5514996911092
5514996911094
5514996911100
5514996911111
5514996911112
5514996911254
5514996911257
5514996911281
5514996911297
5514996911332
5514996911344
5514996911381
5514996911429
5514996911443
5514996911500
5514996911513
5514996911558
5514996911606
5514996911758
5514996911771
5514996911797
5514996911881
5514996911899
5514996911943
5514996911965
5514996911975
5514996912138
5514996912144
5514996912160
5514996912193
5514996912298
5514996912328
5514996912387
5514996912445
5514996912454
5514996912473
5514996912494
5514996912518
5514996912523
5514996912570
5514996912574
5514996912584
5514996912595
5514996912639
5514996912698
5514996912748
5514996912751
5514996912775
5514996912847
5514996912984
5514996913336
5514996913396
5514996913484
5514996913500
5514996913547
5514996913590
5514996913606
5514996913608
5514996913635
5514996913641
5514996913726
5514996913754
5514996913773
5514996913814
5514996913818
5514996913820
5514996913846
5514996913903
5514996914035
5514996914060
5514996914063
5514996914102
5514996914172
5514996914215
5514996914228
5514996914238
5514996914328
5514996914333
5514996914350
5514996914468
5514996914477
5514996914481
5514996914698
5514996914745
5514996914802
5514996914823
5514996914848
5514996914859
5514996914868
5514996914885
5514996914910
5514996914913
5514996914953
5514996914954
5514996914966
5514996914969
5514996915020
5514996915026
5514996915058
5514996915078
5514996915158
5514996915161
5514996915189
5514996915197
5514996915201
5514996915223
5514996915266
5514996915311
5514996915326
5514996915347
5514996915377
5514996915379
5514996915381
5514996915384
5514996915388
5514996915398
5514996915408
5514996915428
5514996915465
5514996915490
5514996915559
5514996915581
5514996915596
5514996915599
5514996915635
5514996915709
5514996915711
5514996915782
5514996915783
5514996915794
5514996915806
5514996915810
5514996915829
5514996915882
5514996915923
5514996915926
5514996915927
5514996915942
5514996915964
5514996915978
5514996915980
5514996915981
5514996916016
5514996916033
5514996916041
5514996916042
5514996916050
5514996916058
5514996916061
5514996916117
5514996916183
5514996916278
5514996916331
5514996916359
5514996916372
5514996916443
5514996916462
5514996916534
5514996916557
5514996916571
5514996916591
5514996916592
5514996916606
5514996916613
5514996916614
5514996916629
5514996916637
5514996916638
5514996916656
5514996916671
5514996916674
5514996916677
5514996916678
5514996916693
5514996916729
5514996916734
5514996916758
5514996916761
5514996916779
5514996916807
5514996916832
5514996916847
5514996916858
5514996916867
5514996916870
5514996916871
5514996916873
5514996916891
5514996916899
5514996916912
5514996916932
5514996916956
5514996916967
5514996917003
5514996917004
5514996917029
5514996917056
5514996917336
5514996917362
5514996917390
5514996917438
5514996917584
5514996917648
5514996917726
5514996917741
5514996917746
5514996917749
5514996917752
5514996917754
5514996917806
5514996917846
5514996917902
5514996917903
5514996918009
5514996918010
5514996918017
5514996918067
5514996918071
5514996918086
5514996918092
5514996918111
5514996918132
5514996918217
5514996918244
5514996918292
5514996918305
5514996918309
5514996918467
5514996918533
5514996918550
5514996918572
5514996918573
5514996918595
5514996918648
5514996918665
5514996918671
5514996918697
5514996918758
5514996918784
5514996918786
5514996918869
5514996918900
5514996918909
5514996918999
5514996919542
5514996920036
5514996920067
5514996920126
5514996920128
5514996920153
5514996920172
5514996920182
5514996920188
5514996920205
5514996920210
5514996920215
5514996920241
5514996920259
5514996920276
5514996920299
5514996920378
5514996920383
5514996920384
5514996920392
5514996920393
5514996920425
5514996920430
5514996920431
5514996920435
5514996920472
5514996920477
5514996920542
5514996920577
5514996920621
5514996920667
5514996920668
5514996920692
5514996920759
5514996920807
5514996920829
5514996920843
5514996920882
5514996920890
5514996920893
5514996920895
5514996920993
5514996921006
5514996921007
5514996921091
5514996921233
5514996921238
5514996921290
5514996921303
5514996921328
5514996921329
5514996921356
5514996921382
5514996921474
5514996921475
5514996921479
5514996921488
5514996921497
5514996921523
5514996921532
5514996921533
5514996921567
5514996921580
5514996921648
5514996921682
5514996921694
5514996921770
5514996921783
5514996921800
5514996921880
5514996921887
5514996921890
5514996921899
5514996921902
5514996921947
5514996921978
5514996922042
5514996922073
5514996922124
5514996922173
5514996922227
5514996922254
5514996922276
5514996922323
5514996922331
5514996922355
5514996922398
5514996922413
5514996922491
5514996922512
5514996922559
5514996922575
5514996922587
5514996922642
5514996922676
5514996922678
5514996922693
5514996922721
5514996922725
5514996922787
5514996922796
5514996922859
5514996922903
5514996922961
5514996922998
5514996923035
5514996923126
5514996923152
5514996923155
5514996923199
5514996923200
5514996923238
5514996923250
5514996923264
5514996923268
5514996923328
5514996923368
5514996923395
5514996923417
5514996923448
5514996923507
5514996923525
5514996923556
5514996923569
5514996923621
5514996923631
5514996923648
5514996923653
5514996923660
5514996923661
5514996923668
5514996923681
5514996923736
5514996923742
5514996923752
5514996923758
5514996923784
5514996923828
5514996923856
5514996923866
5514996923882
5514996923884
5514996923889
5514996923910
5514996923914
5514996923941
5514996924049
5514996924072
5514996924104
5514996924137
5514996924236
5514996924267
5514996924345
5514996924423
5514996924448
5514996924473
5514996924496
5514996924507
5514996924536
5514996924560
5514996924562
5514996924617
5514996924625
5514996924626
5514996924628
5514996924767
5514996924800
5514996924815
5514996924836
5514996924847
5514996924877
5514996924931
5514996925004
5514996925029
5514996925124
5514996925194
5514996925221
5514996925237
5514996925256
5514996925347
5514996925405
5514996925409
5514996925417
5514996925448
5514996925468
5514996925482
5514996925618
5514996925730
5514996925833
5514996925852
5514996925932
5514996925934
5514996925957
5514996925976
5514996926040
5514996926057
5514996926082
5514996926087
5514996926097
5514996926145
5514996926390
5514996926479
5514996926482
5514996926522
5514996926541
5514996926545
5514996926546
5514996926608
5514996926651
5514996926656
5514996926683
5514996926697
5514996926756
5514996926879
5514996926945
5514996926996
5514996927032
5514996927064
5514996927067
5514996927098
5514996927099
5514996927124
5514996927141
5514996927161
5514996927181
5514996927228
5514996927261
5514996927271
5514996927325
5514996927327
5514996927460
5514996927468
5514996927477
5514996927489
5514996927499
5514996927507
5514996927557
5514996927570
5514996927610
5514996927635
5514996927640
5514996927710
5514996927719
5514996927757
5514996927769
5514996927832
5514996927953
5514996928010
5514996928020
5514996928091
5514996928099
5514996928122
5514996928335
5514996928339
5514996928346
5514996928351
5514996928356
5514996928389
5514996928411
5514996928503
5514996928513
5514996928537
5514996928557
5514996928558
5514996928577
5514996928608
5514996928619
5514996928633
5514996928668
5514996928720
5514996928773
5514996928833
5514996928887
5514996928911
5514996928936
5514996928948
5514996928991
5514996929017
5514996929037
5514996929064
5514996929071
5514996929079
5514996929120
5514996929173
5514996929177
5514996929191
5514996929213
5514996929215
5514996929266
5514996929285
5514996929286
5514996929361
5514996929404
5514996929444
5514996929463
5514996929465
5514996929471
5514996929486
5514996929503
5514996929572
5514996929628
5514996929631
5514996929642
5514996929676
5514996929690
5514996929691
5514996929757
5514996929765
5514996929891
5514996929962
5514996929982
5514996929983
5514996930025
5514996930046
5514996930158
5514996930173
5514996930314
5514996930326
5514996930352
5514996930427
5514996930436
5514996930437
5514996930448
5514996930508
5514996930523
5514996930524
5514996930531
5514996930568
5514996930591
5514996930686
5514996930690
5514996930715
5514996930723
5514996930736
5514996930852
5514996930874
5514996930892
5514996930893
5514996930974
5514996931025
5514996931031
5514996931068
5514996931099
5514996931149
5514996931205
5514996931222
5514996931254
5514996931280
5514996931291
5514996931458
5514996931480
5514996931814
5514996931822
5514996931845
5514996931859
5514996931952
5514996931955
5514996932017
5514996932022
5514996932076
5514996932100
5514996932133
5514996932134
5514996932218
5514996932221
5514996932256
5514996932276
5514996932329
5514996932339
5514996932428
5514996932493
5514996932596
5514996932680
5514996932712
5514996932725
5514996932750
5514996932759
5514996932831
5514996932880
5514996932934
5514996932951
5514996932954
5514996932984
5514996933031
5514996933036
5514996933054
5514996933144
5514996933188
5514996933201
5514996933202
5514996933206
5514996933207
5514996933265
5514996933313
5514996933335
5514996933344
5514996933592
5514996933593
5514996933595
5514996933596
5514996933598
5514996933656
5514996933701
5514996933713
5514996933751
5514996933759
5514996933779
5514996933820
5514996933836
5514996933884
5514996933962
5514996934022
5514996934040
5514996934045
5514996934047
5514996934061
5514996934065
5514996934081
5514996934083
5514996934168
5514996934323
5514996934335
5514996934468
5514996934615
5514996934777
5514996934794
5514996934820
5514996934834
5514996934857
5514996934907
5514996934922
5514996934948
5514996934956
5514996935027
5514996935074
5514996935086
5514996935170
5514996935215
5514996935346
5514996935348
5514996935407
5514996935537
5514996935694
5514996935698
5514996935701
5514996935706
5514996935712
5514996935714
5514996935717
5514996935718
5514996935720
5514996935729
5514996935738
5514996935752
5514996935753
5514996935754
5514996935756
5514996935757
5514996935775
5514996935780
5514996935781
5514996935785
5514996935805
5514996935817
5514996935843
5514996935907
5514996935922
5514996935928
5514996935941
5514996935942
5514996935945
5514996935948
5514996935967
5514996935978
5514996935991
5514996936003
5514996936009
5514996936112
5514996936167
5514996936208
5514996936226
5514996936345
5514996936349
5514996936362
5514996936369
5514996936374
5514996936431
5514996936496
5514996936534
5514996936667
5514996936694
5514996936738
5514996936754
5514996936781
5514996936946
5514996936994
5514996937301
5514996937304
5514996937319
5514996937369
5514996937371
5514996937375
5514996937404
5514996937517
5514996937623
5514996937631
5514996937641
5514996937645
5514996937657
5514996937683
5514996937716
5514996937852
5514996937975
5514996937978
5514996937996
5514996938025
5514996938071
5514996938077
5514996938090
5514996938129
5514996938188
5514996938255
5514996938310
5514996938315
5514996938396
5514996938425
5514996938482
5514996938483
5514996938486
5514996938490
5514996938496
5514996938519
5514996938526
5514996938528
5514996938537
5514996938544
5514996938570
5514996938585
5514996938750
5514996938754
5514996938758
5514996938787
5514996938867
5514996938872
5514996938873
5514996938874
5514996938882
5514996938890
5514996938896
5514996938898
5514996938901
5514996938910
5514996938919
5514996938920
5514996938926
5514996938928
5514996938934
5514996938938
5514996938973
5514996938974
5514996938989
5514996938990
5514996939024
5514996939027
5514996939028
5514996939030
5514996939036
5514996939038
5514996939063
5514996939083
5514996939098
5514996939111
5514996939117
5514996939118
5514996939119
5514996939346
5514996939434
5514996939463
5514996939576
5514996939668
5514996939723
5514996939804
5514996939824
5514996939893
5514996939926
5514996939958
5514996940064
5514996940089
5514996940109
5514996940128
5514996940173
5514996940228
5514996940229
5514996940232
5514996940272
5514996940277
5514996940294
5514996940307
5514996940378
5514996940385
5514996940524
5514996940533
5514996940534
5514996940535
5514996940538
5514996940540
5514996940577
5514996940580
5514996940610
5514996940651
5514996940830
5514996941039
5514996941077
5514996941106
5514996941107
5514996941120
5514996941124
5514996941131
5514996941132
5514996941134
5514996941135
5514996941150
5514996941186
5514996941215
5514996941230
5514996941257
5514996941358
5514996941389
5514996941437
5514996941536
5514996941673
5514996941687
5514996941876
5514996941877
5514996941992
5514996942015
5514996942238
5514996942242
5514996942243
5514996942245
5514996942249
5514996942331
5514996942335
5514996942336
5514996942337
5514996942345
5514996942347
5514996942351
5514996942354
5514996942357
5514996942358
5514996942359
5514996942361
5514996942362
5514996942365
5514996942366
5514996942370
5514996942373
5514996942375
5514996942382
5514996942383
5514996942386
5514996942389
5514996942499
5514996942638
5514996942700
5514996942704
5514996942709
5514996942717
5514996942882
5514996942902
5514996943037
5514996943105
5514996943115
5514996943117
5514996943134
5514996943151
5514996943160
5514996943178
5514996943218
5514996943222
5514996943229
5514996943254
5514996943256
5514996943301
5514996943307
5514996943330
5514996943334
5514996943344
5514996943364
5514996943377
5514996943397
5514996943476
5514996943617
5514996943639
5514996943646
5514996943653
5514996943657
5514996943658
5514996943661
5514996943663
5514996943665
5514996943666
5514996943667
5514996943675
5514996943677
5514996943678
5514996943679
5514996943680
5514996943690
5514996943697
5514996943698
5514996943700
5514996943702
5514996943707
5514996943711
5514996943712
5514996943714
5514996943717
5514996943719
5514996943722
5514996943726
5514996943728
5514996943729
5514996943737
5514996943738
5514996943739
5514996943754
5514996943755
5514996943764
5514996943770
5514996943771
5514996943772
5514996943793
5514996943794
5514996943795
5514996943797
5514996943802
5514996943804
5514996943806
5514996943828
5514996943830
5514996943832
5514996943873
5514996943875
5514996943898
5514996943906
5514996943937
5514996943941
5514996943951
5514996943953
5514996943954
5514996943960
5514996943962
5514996943964
5514996943965
5514996943966
5514996943967
5514996943968
5514996944003
5514996944005
5514996944011
5514996944014
5514996944018
5514996944020
5514996944023
5514996944100
5514996944151
5514996944164
5514996944165
5514996944177
5514996944181
5514996944184
5514996944185
5514996944186
5514996944212
5514996944268
5514996944275
5514996944338
5514996944394
5514996944466
5514996944469
5514996944550
5514996944593
5514996944600
5514996944611
5514996944620
5514996944626
5514996944629
5514996944718
5514996944921
5514996944999
5514996945234
5514996945317
5514996945368
5514996945411
5514996945492
5514996945498
5514996945521
5514996945528
5514996945529
5514996945553
5514996945554
5514996945555
5514996945557
5514996945558
5514996945561
5514996945564
5514996945566
5514996945567
5514996945568
5514996945569
5514996945636
5514996945695
5514996945703
5514996945709
5514996945752
5514996945804
5514996945949
5514996946140
5514996946156
5514996946244
5514996946260
5514996946430
5514996946444
5514996946461
5514996946549
5514996946655
5514996946664
5514996946671
5514996946695
5514996946702
5514996946703
5514996946706
5514996946708
5514996946710
5514996946711
5514996946772
5514996946828
5514996946840
5514996946940
5514996947026
5514996947030
5514996947034
5514996947035
5514996947044
5514996947056
5514996947088
5514996947089
5514996947090
5514996947093
5514996947206
5514996947281
5514996947317
5514996947339
5514996947345
5514996947349
5514996947361
5514996947415
5514996947454
5514996947482
5514996947491
5514996947566
5514996947602
5514996947611
5514996947614
5514996947616
5514996947618
5514996947625
5514996947799
5514996947832
5514996947948
5514996947958
5514996948000
5514996948044
5514996948055
5514996948119
5514996948171
5514996948201
5514996948221
5514996948255
5514996948341
5514996948519
5514996948618
5514996948650
5514996948713
5514996948718
5514996948720
5514996948722
5514996948733
5514996948824
5514996948825
5514996948830
5514996948832
5514996948836
5514996948889
5514996948905
5514996948945
5514996948960
5514996948964
5514996948966
5514996948970
5514996948974
5514996949001
5514996949062
5514996949063
5514996949135
5514996949184
5514996949222
5514996949225
5514996949329
5514996949388
5514996949409
5514996949415
5514996949435
5514996949447
5514996949525
5514996949611
5514996949626
5514996949629
5514996949631
5514996949632
5514996949637
5514996949641
5514996949660
5514996949685
5514996949706
5514996949712
5514996949807
5514996949842
5514996949921
5514996950081
5514996950096
5514996950119
5514996950175
5514996950176
5514996950248
5514996950262
5514996950273
5514996950354
5514996950355
5514996950390
5514996950417
5514996950432
5514996950433
5514996950459
5514996950518
5514996950550
5514996950552
5514996950557
5514996950564
5514996950595
5514996950599
5514996950629
5514996950641
5514996950765
5514996950823
5514996950904
5514996950909
5514996950911
5514996950934
5514996950947
5514996950995
5514996951005
5514996951006
5514996951050
5514996951056
5514996951100
5514996951101
5514996951132
5514996951133
5514996951171
5514996951200
5514996951210
5514996951288
5514996951317
5514996951411
5514996951484
5514996951486
5514996951508
5514996951531
5514996951807
5514996951905
5514996951924
5514996951927
5514996951932
5514996951940
5514996951978
5514996951981
5514996951988
5514996951990
5514996951991
5514996952109
5514996952176
5514996952200
5514996952220
5514996952249
5514996952264
5514996952368
5514996952395
5514996952406
5514996952408
5514996952433
5514996952443
5514996952472
5514996952503
5514996952575
5514996952579
5514996952774
5514996952775
5514996952780
5514996952786
5514996952874
5514996952887
5514996952999
5514996953138
5514996953153
5514996953172
5514996953204
5514996953233
5514996953237
5514996953366
5514996953402
5514996953465
5514996953476
5514996953494
5514996953496
5514996953505
5514996953523
5514996953534
5514996953536
5514996953595
5514996953603
5514996953662
5514996953779
5514996953834
5514996954026
5514996954041
5514996954147
5514996954171
5514996954178
5514996954373
5514996954389
5514996954407
5514996954421
5514996954430
5514996954434
5514996954448
5514996954461
5514996954484
5514996954499
5514996954610
5514996954685
5514996954763
5514996954805
5514996954947
5514996954964
5514996955004
5514996955014
5514996955053
5514996955281
5514996955344
5514996955372
5514996955396
5514996955482
5514996955582
5514996955649
5514996955651
5514996955672
5514996955734
5514996955797
5514996955822
5514996955853
5514996955871
5514996955887
5514996955904
5514996955908
5514996955926
5514996956021
5514996956286
5514996956360
5514996956387
5514996956419
5514996956423
5514996956429
5514996956448
5514996956460
5514996956499
5514996956572
5514996956665
5514996956706
5514996956707
5514996956710
5514996956722
5514996956793
5514996956805
5514996956919
5514996957016
5514996957018
5514996957027
5514996957036
5514996957071
5514996957080
5514996957145
5514996957146
5514996957188
5514996957228
5514996957248
5514996957251
5514996957273
5514996957299
5514996957343
5514996957374
5514996957376
5514996957393
5514996957403
5514996957415
5514996957418
5514996957571
5514996957638
5514996957672
5514996957690
5514996957713
5514996957717
5514996957763
5514996957835
5514996957875
5514996957889
5514996957935
5514996957992
5514996958027
5514996958035
5514996958062
5514996958088
5514996958141
5514996958161
5514996958239
5514996958350
5514996958404
5514996958556
5514996958580
5514996958687
5514996958711
5514996958831
5514996958856
5514996958881
5514996958896
5514996958940
5514996958961
5514996958967
5514996959079
5514996959171
5514996959198
5514996959227
5514996959231
5514996959271
5514996959421
5514996959462
5514996959468
5514996959492
5514996959496
5514996959512
5514996959520
5514996959547
5514996959561
5514996959583
5514996959584
5514996959781
5514996959854
5514996960044
5514996960058
5514996960062
5514996960143
5514996960259
5514996960317
5514996960324
5514996960362
5514996960409
5514996960448
5514996960482
5514996960596
5514996960632
5514996960690
5514996960786
5514996960797
5514996960912
5514996960928
5514996960965
5514996961034
5514996961042
5514996961058
5514996961078
5514996961112
5514996961131
5514996961161
5514996961197
5514996961254
5514996961310
5514996961317
5514996961347
5514996961361
5514996961371
5514996961377
5514996961394
5514996961423
5514996961442
5514996961517
5514996961563
5514996961585
5514996961598
5514996961622
5514996961651
5514996961684
5514996961847
5514996961929
5514996961974
5514996962073
5514996962078
5514996962093
5514996962096
5514996962125
5514996962159
5514996962208
5514996962227
5514996962233
5514996962240
5514996962269
5514996962277
5514996962327
5514996962333
5514996962340
5514996962499
5514996962510
5514996962552
5514996962565
5514996962573
5514996962608
5514996962678
5514996962707
5514996962863
5514996962894
5514996962982
5514996963011
5514996963082
5514996963085
5514996963092
5514996963094
5514996963096
5514996963127
5514996963146
5514996963187
5514996963230
5514996963233
5514996963299
5514996963302
5514996963357
5514996963430
5514996963467
5514996963493
5514996963494
5514996963521
5514996963541
5514996963595
5514996963640
5514996963680
5514996963717
5514996963720
5514996963743
5514996963754
5514996963771
5514996963772
5514996963849
5514996963866
5514996963890
5514996963921
5514996963923
5514996963935
5514996963949
5514996963975
5514996963995
5514996964005
5514996964022
5514996964039
5514996964104
5514996964111
5514996964119
5514996964122
5514996964126
5514996964127
5514996964134
5514996964139
5514996964141
5514996964146
5514996964148
5514996964157
5514996964158
5514996964163
5514996964167
5514996964173
5514996964180
5514996964205
5514996964286
5514996964295
5514996964306
5514996964310
5514996964316
5514996964317
5514996964320
5514996964331
5514996964379
5514996964383
5514996964408
5514996964482
5514996964494
5514996964738
5514996964740
5514996964741
5514996964746
5514996964772
5514996964842
5514996964843
5514996964891
5514996965007
5514996965042
5514996965124
5514996965130
5514996965133
5514996965162
5514996965183
5514996965188
5514996965227
5514996965237
5514996965292
5514996965350
5514996965355
5514996965424
5514996965522
5514996965633
5514996965696
5514996965715
5514996965758
5514996965761
5514996966020
5514996966071
5514996966077
5514996966144
5514996966189
5514996966253
5514996966296
5514996966302
5514996966311
5514996966346
5514996966369
5514996966408
5514996966413
5514996966414
5514996966451
5514996966452
5514996966521
