5519995732396
5519995732743
5519995732769
5519995733007
5519995733176
5519995733269
5519995733636
5519995733885
5519995734004
5519995734122
5519995734416
5519995734563
5519995734949
5519995735385
5519995735454
5519995735625
5519995735738
5519995736295
5519995736957
5519995739752
5519995739900
5519995740300
5519995740612
5519995743139
5519995743259
5519995743550
5519995744177
5519995744593
5519995744740
5519995746446
5519995746583
5519995748054
5519995749451
5519995749862
5519995751194
5519995751881
5519995751899
5519995751956
5519995752213
5519995752772
5519995754111
5519995756526
5519995758118
5519995758181
5519995759234
5519995760334
5519995760518
5519995760711
5519995760744
5519995760890
5519995761016
5519995761252
5519995761297
5519995761375
5519995761515
5519995762222
5519995762320
5519995762680
5519995763042
5519995763261
5519995763557
5519995764386
5519995764388
5519995764646
5519995764870
5519995765051
5519995766719
5519995767123
5519995768994
5519995769494
5519995770303
5519995770383
5519995771449
5519995771511
5519995771691
5519995772332
5519995772416
5519995772828
5519995773553
5519995773729
5519995774343
5519995774463
5519995774847
5519995775448
5519995776014
5519995776262
5519995776868
5519995779699
5519995779780
5519995780048
5519995780054
5519995780065
5519995780081
5519995780093
5519995780145
5519995780149
5519995780162
5519995780176
5519995780209
5519995780227
5519995780231
5519995780241
5519995780269
5519995780280
5519995781136
5519995781818
5519995782394
5519995782565
5519995783679
5519995783718
5519995784147
5519995784360
5519995785981
5519995786006
5519995786037
5519995787665
5519995787877
5519995788331
5519995788339
5519995788402
5519995788419
5519995788426
5519995788445
5519995789854
5519995790247
5519995790495
5519995790560
5519995790589
5519995790974
5519995791052
5519995791077
5519995791125
5519995791163
5519995791178
5519995791186
5519995792525
5519995792605
5519995792786
5519995792882
5519995793232
5519995793612
5519995794607
5519995795550
5519995796136
5519995797188
5519995797783
5519995798086
5519995798775
5519995799030
5519995799039
5519995799431
5519995799819
5519995800689
5519995800770
5519995800808
5519995801113
5519995801553
5519995802334
5519995802449
5519995802548
5519995803487
5519995803644
5519995803883
5519995804063
5519995804452
5519995804453
5519995805030
5519995806116
5519995806289
5519995806444
5519995806575
5519995806786
5519995807019
5519995807184
5519995807325
5519995807992
5519995808181
5519995808288
5519995808597
5519995808921
5519995809114
5519995812352
5519995812767
5519995812900
5519995813271
5519995814587
5519995816090
5519995816184
5519995816206
5519995816222
5519995816868
5519995816959
5519995816982
5519995818037
5519995818609
5519995818787
5519995819449
5519995820274
5519995821420
5519995821759
5519995821764
5519995821772
5519995821821
5519995821829
5519995821873
5519995822424
5519995822542
5519995822561
5519995822629
5519995822804
5519995822805
5519995822860
5519995822886
5519995823161
5519995823212
5519995823249
5519995823287
5519995823339
5519995823348
5519995823363
5519995823378
5519995823379
5519995823535
5519995823654
5519995824146
5519995824181
5519995824346
5519995824390
5519995824401
5519995824421
5519995824441
5519995824752
5519995827043
5519995827074
5519995827292
5519995827407
5519995828539
5519995829009
5519995829255
5519995829341
5519995829594
5519995829779
5519995829814
5519995830217
5519995830231
5519995830253
5519995832546
5519995832584
5519995833134
5519995833769
5519995834043
5519995834218
5519995834956
5519995835388
5519995836279
5519995836294
5519995836297
5519995836316
5519995836321
5519995836322
5519995838619
5519995838898
5519995841205
5519995842288
5519995843285
5519995843298
5519995843553
5519995845168
5519995845761
5519995846199
5519995847452
5519995847677
5519995848044
5519995848477
5519995851316
5519995852416
5519995852631
5519995855030
5519995855483
5519995855795
5519995856363
5519995857949
5519995859000
5519995859339
5519995861677
5519995861830
5519995862821
5519995863434
5519995864855
5519995868008
5519995868180
5519995868558
5519995869453
5519995869696
5519995869797
5519995870505
5519995871015
5519995871922
5519995873737
5519995875454
5519995878787
5519995878875
5519995879009
5519995879568
5519995879595
5519995880151
5519995881384
5519995881407
5519995881974
5519995882662
5519995883443
5519995885106
5519995885353
5519995886140
5519995888151
5519995888383
5519995889288
5519995889982
5519995890026
5519995890147
5519995890200
5519995890272
5519995890559
5519995890609
5519995890940
5519995891079
5519995891170
5519995891486
5519995891550
5519995891589
5519995891782
5519995891955
5519995891966
5519995892213
5519995893752
5519995893762
5519995893855
5519995893876
5519995893977
5519995893985
5519995894010
5519995894458
5519995894884
5519995896041
5519995897484
5519995897734
5519995897899
5519995897944
5519995898318
5519995898638
5519995898734
5519995898828
5519995898943
5519995899217
5519995899376
5519995899473
5519995900241
5519995900509
5519995900703
5519995901113
5519995901441
5519995901607
5519995901693
5519995902515
5519995902552
5519995902607
5519995902639
5519995902875
5519995904343
5519995905826
5519995906586
5519995906615
5519995906809
5519995906825
5519995906870
5519995906891
5519995906910
5519995906928
5519995906945
5519995907022
5519995907057
5519995907076
5519995907130
5519995907155
5519995907186
5519995907247
5519995907416
5519995907628
5519995908513
5519995908532
5519995908546
5519995908562
5519995908582
5519995908628
5519995908641
5519995908654
5519995908725
5519995908742
5519995910220
5519995912002
5519995912432
5519995912546
5519995912705
5519995913118
5519995914141
5519995914178
5519995914326
5519995914759
5519995914785
5519995914901
5519995914932
5519995916006
5519995916065
5519995916120
5519995916338
5519995916492
5519995916558
5519995916669
5519995917117
5519995917151
5519995917572
5519995917678
5519995918565
5519995919843
5519995920084
5519995920110
5519995920132
5519995920824
5519995921021
5519995921031
5519995921218
5519995921554
5519995921743
5519995921804
5519995921827
5519995921873
5519995921947
5519995922005
5519995922399
5519995922406
5519995922577
5519995922785
5519995922966
5519995923259
5519995923642
5519995925549
5519995925946
5519995926602
5519995927513
5519995927819
5519995928049
5519995928545
5519995928692
5519995928790
5519995929207
5519995929330
5519995929385
5519995929972
5519995930210
5519995930439
5519995930909
5519995930927
5519995931119
5519995931381
5519995933159
5519995933506
5519995933604
5519995933864
5519995934317
5519995934546
5519995934986
5519995935858
5519995936650
5519995936700
5519995937145
5519995937230
5519995938067
5519995938111
5519995938272
5519995938369
5519995938853
5519995939498
5519995939557
5519995939808
5519995939942
5519995940332
5519995940880
5519995941591
5519995942026
5519995942527
5519995943082
5519995943205
5519995943208
5519995943296
5519995943406
5519995943495
5519995943687
5519995943965
5519995944092
5519995944122
5519995944141
5519995944198
5519995944454
5519995944552
5519995944822
5519995944971
5519995945286
5519995945324
5519995945335
5519995945383
5519995945416
5519995945536
5519995945636
5519995945697
5519995945732
5519995945775
5519995945779
5519995945931
5519995945937
5519995946427
5519995946458
5519995946540
5519995946696
5519995946708
5519995946821
5519995946830
5519995946920
5519995946941
5519995947027
5519995947044
5519995947384
5519995947392
5519995947488
5519995947572
5519995947634
5519995947748
5519995947825
5519995948000
5519995948010
5519995948106
5519995948208
5519995948292
5519995948393
5519995948838
5519995949023
5519995949135
5519995949396
5519995949574
5519995949828
5519995950229
5519995950701
5519995950941
5519995951355
5519995951589
5519995951722
5519995951733
5519995951769
5519995951812
5519995952134
5519995952143
5519995952151
5519995952601
5519995952619
5519995952914
5519995953035
5519995953092
5519995953098
5519995953372
5519995953535
5519995953708
5519995953763
5519995954208
5519995954244
5519995954540
5519995954594
5519995954637
5519995955293
5519995955538
5519995955959
5519995956051
5519995956098
5519995956221
5519995956426
5519995956863
5519995957264
5519995957374
5519995957765
5519995957825
5519995958000
5519995958596
5519995958826
5519995958976
5519995958998
5519995959292
5519995959501
5519995960601
5519995960624
5519995960725
5519995960739
5519995960777
5519995960822
5519995961507
5519995961717
5519995961824
5519995961985
5519995962332
5519995963068
5519995964266
5519995964756
5519995964763
5519995964942
5519995965887
5519995966767
5519995967023
5519995967447
5519995967812
5519995968747
5519995968849
5519995968897
5519995969499
5519995969883
5519995969901
5519995969925
5519995970221
5519995970229
5519995970334
5519995970412
5519995970646
5519995970697
5519995970741
5519995970890
5519995970911
5519995971000
5519995971158
5519995971182
5519995971602
5519995971633
5519995971906
5519995971909
5519995971923
5519995972030
5519995972299
5519995972322
5519995972584
5519995972726
5519995972997
5519995973944
5519995975164
5519995975592
5519995976109
5519995977257
5519995977285
5519995977546
5519995977556
5519995977575
5519995977710
5519995977978
5519995978356
5519995978484
5519995979321
5519995979665
5519995979835
5519995980064
5519995980088
5519995980104
5519995981991
5519995982440
5519995983535
5519995985917
5519995986767
5519995986849
5519995991912
5519995992014
5519995992037
5519995992114
5519995992182
5519995992256
5519995992503
5519995992871
5519995993079
5519995993297
5519995993335
5519995993438
5519995993655
5519995993721
5519995994047
5519995994412
5519995994434
5519995994574
5519995994607
5519995994893
5519995994928
5519995994951
5519995995109
5519995995652
5519995996464
5519995996751
5519995996778
5519995996836
5519995996893
5519995997002
5519995997027
5519995997091
5519995997098
5519995997338
5519995997610
5519995997636
5519995998245
5519995998316
5519995998365
5519995998438
5519995998488
5519995998686
5519995998851
5519995999669
5519996002172
5519996010456
5519996012050
5519996013926
5519996014050
5519996014752
5519996014757
5519996015682
5519996016384
5519996017377
5519996017691
5519996017692
5519996017703
5519996020220
5519996020232
5519996020709
5519996022249
5519996022655
5519996022776
5519996024127
5519996024132
5519996024171
5519996025347
5519996028037
5519996028224
5519996032287
5519996033341
5519996033803
5519996033821
5519996034705
5519996036568
5519996037545
5519996040790
5519996040940
5519996040960
5519996041410
5519996041754
5519996042008
5519996045580
5519996051418
5519996051722
5519996052529
5519996054004
5519996055731
5519996056199
5519996061205
5519996064886
5519996067924
5519996068117
5519996068119
5519996068606
5519996070278
5519996071166
5519996071501
5519996071909
5519996073707
5519996074187
5519996074713
5519996074772
5519996075725
5519996075808
5519996077573
5519996082069
5519996082944
5519996083239
5519996083243
5519996083889
5519996091016
5519996092777
5519996092832
5519996092833
5519996093376
5519996093542
5519996094865
5519996094884
5519996095072
5519996096084
5519996097221
5519996098452
5519996101032
5519996101275
5519996104383
5519996104479
5519996105380
5519996107568
5519996112585
5519996116011
5519996117596
5519996121330
5519996124509
5519996124762
5519996129605
5519996133410
5519996134285
5519996137703
5519996138088
5519996141217
5519996143839
5519996148291
5519996148293
5519996149722
5519996149827
5519996151232
5519996151522
5519996158261
5519996160990
5519996166714
5519996167607
5519996170059
5519996172491
5519996172585
5519996173405
5519996173800
5519996180461
5519996187390
5519996187828
5519996191852
5519996197569
5519996206002
5519996208720
5519996211100
5519996214270
5519996217435
5519996217516
5519996219304
5519996223114
5519996223139
5519996225243
5519996225370
5519996226883
5519996230051
5519996230890
5519996233042
5519996233732
5519996234302
5519996234914
5519996237302
5519996237414
5519996237785
5519996246692
5519996248296
5519996253708
5519996256320
5519996259974
5519996260090
5519996266500
5519996271109
5519996272641
5519996275854
5519996280111
5519996282506
5519996284080
5519996284136
5519996285740
5519996289324
5519996291705
5519996292366
5519996292909
5519996294310
5519996297066
5519996308658
5519996311696
5519996313029
5519996313188
5519996313219
5519996313220
5519996320941
5519996325279
5519996325384
5519996329855
5519996330313
5519996332050
5519996333359
5519996341736
5519996342708
5519996345126
5519996349581
5519996350835
5519996351293
5519996351294
5519996354137
5519996355036
5519996355136
5519996356559
5519996357271
5519996357370
5519996358150
5519996358474
5519996362001
5519996363630
5519996365927
5519996367980
5519996369001
5519996370691
5519996373581
5519996374779
5519996375932
5519996378753
5519996378854
5519996383717
5519996390376
5519996391669
5519996392323
5519996397930
5519996399442
5519996402727
5519996402736
5519996410014
5519996411935
5519996412154
5519996412868
5519996419289
5519996419750
5519996420695
5519996423434
5519996425587
5519996426764
5519996428001
5519996429018
5519996439053
5519996440860
5519996440879
5519996441936
5519996444206
5519996445326
5519996446859
5519996447729
5519996453898
5519996457916
5519996458960
5519996461561
5519996465396
5519996469195
5519996472482
5519996472592
5519996477581
5519996477978
5519996478129
5519996480009
5519996483534
5519996483738
5519996484443
5519996484449
5519996484613
5519996484614
5519996484858
5519996486088
5519996486162
5519996486340
5519996487877
5519996490079
5519996493154
5519996493671
5519996495501
5519996495549
5519996495644
5519996495848
5519996497472
5519996501637
5519996503330
5519996505152
5519996508100
5519996511352
5519996511596
5519996520090
5519996521121
5519996523433
5519996523642
5519996524899
5519996530383
5519996530935
5519996531700
5519996532413
5519996535636
5519996535950
5519996536653
5519996538250
5519996542304
5519996546157
5519996547490
5519996547577
5519996548033
5519996548182
5519996548539
5519996549424
5519996549879
5519996550364
5519996554049
5519996555209
5519996556070
5519996557920
5519996558665
5519996560502
5519996565499
5519996569362
5519996577311
5519996577429
5519996578650
5519996585867
5519996588692
5519996598349
5519996598831
5519996606152
5519996612442
5519996615156
5519996618210
5519996622814
5519996624353
5519996635347
5519996637421
5519996637824
5519996638247
5519996642534
5519996643868
5519996645464
5519996646854
5519996647560
5519996649077
5519996649834
5519996652232
5519996655202
5519996657730
5519996659555
5519996660493
5519996661920
5519996666523
5519996668460
5519996672124
5519996673330
5519996674403
5519996674449
5519996675663
5519996678356
5519996680490
5519996684200
5519996688974
5519996692501
5519996692538
5519996694357
5519996695447
5519996696252
5519996697110
5519996699453
5519996716464
5519996717254
5519996719629
5519996722102
5519996725983
5519996727885
5519996728541
5519996729748
5519996731313
5519996733088
5519996734310
5519996734610
5519996737576
5519996738393
5519996739502
5519996741359
5519996743395
5519996744821
5519996749001
5519996752758
5519996753272
5519996753406
5519996754576
5519996755528
5519996756088
5519996761943
5519996762676
5519996768051
5519996768202
5519996769438
5519996771291
5519996772372
5519996772629
5519996773419
5519996774430
5519996775457
5519996776874
5519996776904
5519996776905
5519996776907
5519996777628
5519996777632
5519996777696
5519996777754
5519996778141
5519996778913
5519996779377
5519996782012
5519996782140
5519996790208
5519996796210
5519996798114
5519996807393
5519996807988
5519996808876
5519996810104
5519996811733
5519996811874
5519996816594
5519996817383
5519996825022
5519996825173
5519996825913
5519996825970
5519996828135
5519996828296
5519996828722
5519996829070
5519996830246
5519996834715
5519996837491
5519996837746
5519996838814
5519996844422
5519996844847
5519996848756
5519996849600
5519996851260
5519996853140
5519996853145
5519996853147
5519996853150
5519996853151
5519996853401
5519996854154
5519996855241
5519996856404
5519996857003
5519996857706
5519996859580
5519996862288
5519996864010
5519996867666
5519996868080
5519996868600
5519996877986
5519996878312
5519996878395
5519996886073
5519996891496
5519996892581
5519996893474
5519996897391
5519996897705
5519996901932
5519996906812
5519996907595
5519996908881
5519996912106
5519996912192
5519996912272
5519996912967
5519996916869
5519996920064
5519996922103
5519996922949
5519996924076
5519996924804
5519996929600
5519996930355
5519996930448
5519996931234
5519996931584
5519996933396
5519996934204
5519996935929
5519996936398
5519996936832
5519996937726
5519996938367
5519996944086
5519996945548
5519996946040
5519996953666
5519996955265
5519996958933
5519996960064
5519996960664
5519996961000
5519996961310
5519996961525
5519996961620
5519996963335
5519996964700
5519996965786
5519996967280
5519996969939
5519996975866
5519996975978
5519996977194
5519996977387
5519996977536
5519996982477
5519996982802
5519996985670
5519996986508
5519996988705
5519996989962
5519996990051
5519996992532
5519996993468
5519996993700
5519996999999
5519997002323
5519997004049
5519997005709
5519997005780
5519997006013
5519997006193
5519997007593
5519997007636
5519997011879
5519997016530
5519997018289
5519997021259
5519997023225
5519997026978
5519997029399
5519997030287
5519997031172
5519997031518
5519997037078
5519997048202
5519997049189
5519997049830
5519997050242
5519997050394
5519997051670
5519997053204
5519997053282
5519997054167
5519997054664
5519997055864
5519997057559
5519997058818
5519997059392
5519997059483
5519997061428
5519997064196
5519997064990
5519997066179
5519997071776
5519997072369
5519997072899
5519997073585
5519997077319
5519997080342
5519997081112
5519997081405
5519997085061
5519997085192
5519997085289
5519997085371
5519997086036
5519997086497
5519997088649
5519997089841
5519997091634
5519997091999
5519997096127
5519997097980
5519997099271
5519997099623
5519997100230
5519997104869
5519997105754
5519997105904
5519997109313
5519997110950
5519997112133
5519997114607
5519997118449
5519997125843
5519997130078
5519997130587
5519997132802
5519997135632
5519997141139
5519997142102
5519997145351
5519997148993
5519997150217
5519997151515
5519997152153
5519997154085
5519997158379
5519997162818
5519997163258
5519997164168
5519997167178
5519997168209
5519997168913
5519997169384
5519997172262
5519997173738
5519997180515
5519997181349
5519997181626
5519997182173
5519997182606
5519997182931
5519997183641
5519997184046
5519997184060
5519997185401
5519997186272
5519997186867
5519997187211
5519997187410
5519997188118
5519997188190
5519997191776
5519997197693
5519997201134
5519997202072
5519997203024
5519997211062
5519997211528
5519997216153
5519997216371
5519997217115
5519997219832
5519997220015
5519997220220
5519997220701
5519997225074
5519997227336
5519997228384
5519997229397
5519997229648
5519997231690
5519997231914
5519997232674
5519997232878
5519997232956
5519997233166
5519997233216
5519997233838
5519997237264
5519997240315
5519997240857
5519997247959
5519997248658
5519997249475
5519997256655
5519997259169
5519997261004
5519997264100
5519997264804
5519997265477
5519997266371
5519997266397
5519997266631
5519997266763
5519997268548
5519997268692
5519997269600
5519997270051
5519997272352
5519997272979
5519997273535
5519997278197
5519997280556
5519997281151
5519997281615
5519997281900
5519997283045
5519997284073
5519997284563
5519997284660
5519997285408
5519997285530
5519997285862
5519997285885
5519997286025
5519997286296
5519997286533
5519997286804
5519997288013
5519997288828
5519997288965
5519997289036
5519997289262
5519997289434
5519997291696
5519997293719
5519997297669
5519997297730
5519997300321
5519997301132
5519997302997
5519997303406
5519997303785
5519997304863
5519997309493
5519997313639
5519997319310
5519997321186
5519997321855
5519997327076
5519997333102
5519997334664
5519997340790
5519997342956
5519997343350
5519997345425
5519997347360
5519997348293
5519997348349
5519997349021
5519997350282
5519997350388
5519997352726
5519997356546
5519997358069
5519997358577
5519997359384
5519997359508
5519997360372
5519997360576
5519997360757
5519997361378
5519997362970
5519997363305
5519997364495
5519997365454
5519997366410
5519997367054
5519997368196
5519997368232
5519997369311
5519997374632
5519997375232
5519997376922
5519997381103
5519997381347
5519997382501
5519997382566
5519997385171
5519997385383
5519997385637
5519997386000
5519997387833
5519997388451
5519997388583
5519997389366
5519997396665
5519997398900
5519997404533
5519997404865
5519997407541
5519997410257
5519997414152
5519997418318
5519997418686
5519997422256
5519997424007
5519997425761
5519997427115
5519997429162
5519997432064
5519997432732
5519997436634
5519997444473
5519997445663
5519997446040
5519997446719
5519997452355
5519997459883
5519997460126
5519997460212
5519997460232
5519997462511
5519997463875
5519997464019
5519997464651
5519997464888
5519997464997
5519997466917
5519997468279
5519997468993
5519997469730
5519997471272
5519997473070
5519997474242
5519997474583
5519997475435
5519997477393
5519997477535
5519997477730
5519997479063
5519997480007
5519997481696
5519997482152
5519997482989
5519997483331
5519997483656
5519997484888
5519997485416
5519997485478
5519997486731
5519997489010
5519997489106
5519997491256
5519997493777
5519997510600
5519997511111
5519997511576
5519997511605
5519997511646
5519997516739
5519997522704
5519997525501
5519997525704
5519997527103
5519997528091
5519997528223
5519997529839
5519997531193
5519997534638
5519997535849
5519997535873
5519997535955
5519997536811
5519997538482
5519997539594
5519997540630
5519997542047
5519997543309
5519997545918
5519997546678
5519997547108
5519997548476
5519997550785
5519997550913
5519997554520
5519997555906
5519997557375
5519997559411
5519997559601
5519997561200
5519997561216
5519997562015
5519997562205
5519997562424
5519997563004
5519997563429
5519997563722
5519997565062
5519997567464
5519997569554
5519997572750
5519997573501
5519997578599
5519997579296
5519997580100
5519997580295
5519997583601
5519997588661
5519997595789
5519997596281
5519997598812
5519997606942
5519997609217
5519997609605
5519997611020
5519997612410
5519997612784
5519997613745
5519997616626
5519997618282
5519997618294
5519997620228
5519997621541
5519997624314
5519997626610
5519997627090
5519997627892
5519997628006
5519997629394
5519997629664
5519997630224
5519997630770
5519997632001
5519997633231
5519997637649
5519997640030
5519997640558
5519997640974
5519997642104
5519997644183
5519997644615
5519997650537
5519997651776
5519997651908
5519997653299
5519997655009
5519997655120
5519997655546
5519997657226
5519997658100
5519997658322
5519997658546
5519997658634
5519997660046
5519997660066
5519997661093
5519997663302
5519997664048
5519997666115
5519997669683
5519997672833
5519997672882
5519997673361
5519997673456
5519997674021
5519997674159
5519997675426
5519997676772
5519997680050
5519997680406
5519997681620
5519997681801
5519997682039
5519997683123
5519997683563
5519997691310
5519997692393
5519997697069
5519997697637
5519997703509
5519997704188
5519997705873
5519997708696
5519997709249
5519997711516
5519997711748
5519997712039
5519997712155
5519997713534
5519997714563
5519997714580
5519997714999
5519997715709
5519997716430
5519997718887
5519997723656
5519997724494
5519997725173
5519997725565
5519997725845
5519997725847
5519997727077
5519997728095
5519997732465
5519997733125
5519997733342
5519997733741
5519997733909
5519997737508
5519997738912
5519997745007
5519997745140
5519997746809
5519997746877
5519997747071
5519997747469
5519997752304
5519997754774
5519997757406
5519997757503
5519997760069
5519997760800
5519997762182
5519997762907
5519997763476
5519997765655
5519997770687
5519997771420
5519997772360
5519997774521
5519997779117
5519997782465
5519997785251
5519997789998
5519997793484
5519997796116
5519997797955
5519997810015
5519997810576
5519997810629
5519997810770
5519997810775
5519997810840
5519997810979
5519997812247
5519997812250
5519997813948
5519997814250
5519997814461
5519997814535
5519997814606
5519997814638
5519997814807
5519997814843
5519997814912
5519997815334
5519997815447
5519997817100
5519997817201
5519997817285
5519997817800
5519997818165
5519997818299
5519997818698
5519997820012
5519997820088
5519997820407
5519997821557
5519997821661
5519997822344
5519997822847
5519997822891
5519997823212
5519997823935
5519997824196
5519997826039
5519997826723
5519997827345
5519997830605
5519997831310
5519997833036
5519997833200
5519997833894
5519997833994
5519997834356
5519997835040
5519997835785
5519997837165
5519997838205
5519997838475
5519997838569
5519997843312
5519997846051
5519997847172
5519997847583
5519997848069
5519997850776
5519997853699
5519997857433
5519997858509
5519997860160
5519997860270
5519997861586
5519997866564
5519997866567
5519997867001
5519997868561
5519997868910
5519997870708
5519997871974
5519997872205
5519997872400
5519997872558
5519997872751
5519997872968
5519997873023
5519997873265
5519997873988
5519997877022
5519997877148
5519997877200
5519997878506
5519997879279
5519997879628
5519997880585
5519997880798
5519997881033
5519997881059
5519997881171
5519997881809
5519997882073
5519997882786
5519997882788
5519997882862
5519997883085
5519997883351
5519997884143
5519997884929
5519997888538
5519997889515
5519997889913
5519997889983
5519997891810
5519997893102
5519997893235
5519997894689
5519997895773
5519997896115
5519997898125
5519997899670
5519997901901
5519997904446
5519997904598
5519997905030
5519997906403
5519997908088
5519997911229
5519997913031
5519997913206
5519997913235
5519997916250
5519997918140
5519997920659
5519997924050
5519997924585
5519997925384
5519997928673
5519997930205
5519997931489
5519997934620
5519997939974
5519997941308
5519997942816
5519997943586
5519997945235
5519997946261
5519997946680
5519997948595
5519997951307
5519997952518
5519997952544
5519997952562
5519997952603
5519997952647
5519997952657
5519997952709
5519997952715
5519997952720
5519997952739
5519997952758
5519997952759
5519997952763
5519997952764
5519997953701
5519997954839
5519997955757
5519997963689
5519997963836
5519997963901
5519997964017
5519997964020
5519997964041
5519997965415
5519997968140
5519997971506
5519997971906
5519997972839
5519997975074
5519997975307
5519997975667
5519997975765
5519997977643
5519997977645
5519997980501
5519997981575
5519997984403
5519997985429
5519997985682
5519997986519
5519997992070
5519997993179
5519998000630
5519998006466
5519998010641
5519998012325
5519998012413
5519998012707
5519998014504
5519998015365
5519998016091
5519998016760
5519998020095
5519998021896
5519998022895
5519998022983
5519998024724
5519998040440
5519998042175
5519998042441
5519998042494
5519998045046
5519998046411
5519998046414
5519998046415
5519998046418
5519998046419
5519998046426
5519998046427
5519998046428
5519998046429
5519998046431
5519998046433
5519998046435
5519998046436
5519998046437
5519998046438
5519998046439
5519998046441
5519998046447
5519998046453
5519998046454
5519998046457
5519998046459
5519998046460
5519998046463
5519998046468
5519998046866
5519998046881
5519998050163
5519998052205
5519998055176
5519998058479
5519998058962
5519998060433
5519998063006
5519998063090
5519998064200
5519998066182
5519998067070
5519998083536
5519998083798
5519998087290
5519998100953
5519998106382
5519998107476
5519998108040
5519998111135
5519998111165
5519998111207
5519998111389
5519998111504
5519998117569
5519998117602
5519998119935
5519998124706
5519998126420
5519998126451
5519998128664
5519998129562
5519998137890
5519998137895
5519998140920
5519998144270
5519998147335
5519998148373
5519998148515
5519998148788
5519998148885
5519998149510
5519998151626
5519998154515
5519998156579
5519998156913
5519998158811
5519998163879
5519998164524
5519998170029
5519998171877
5519998176576
5519998177347
5519998180994
5519998185261
5519998185527
5519998187596
5519998188650
5519998192352
5519998194191
5519998195888
5519998195955
5519998198339
5519998198341
