5519998198362
5519998198377
5519998200840
5519998203501
5519998204380
5519998205219
5519998207830
5519998208513
5519998212301
5519998219933
5519998220085
5519998232019
5519998238794
5519998244075
5519998247132
5519998250221
5519998254594
5519998262436
5519998264294
5519998265415
5519998273967
5519998277034
5519998286620
5519998291230
5519998294741
5519998296214
5519998297843
5519998298622
5519998300762
5519998301915
5519998303232
5519998309066
5519998312021
5519998313120
5519998317771
5519998319601
5519998322265
5519998325590
5519998329091
5519998332764
5519998333031
5519998335015
5519998335019
5519998339580
5519998339730
5519998339848
5519998345699
5519998347649
5519998352688
5519998357474
5519998363664
5519998371572
5519998371578
5519998371590
5519998371605
5519998371606
5519998371612
5519998379138
5519998379176
5519998379197
5519998379331
5519998379346
5519998380163
5519998380670
5519998382777
5519998384833
5519998387396
5519998389468
5519998390385
5519998392114
5519998395617
5519998397500
5519998406018
5519998412768
5519998412791
5519998412793
5519998412817
5519998415034
5519998415565
5519998419303
5519998426093
5519998427282
5519998432200
5519998436806
5519998440446
5519998442732
5519998445719
5519998450788
5519998451119
5519998452351
5519998454561
5519998457055
5519998458544
5519998459480
5519998463317
5519998465312
5519998468792
5519998471563
5519998472301
5519998473091
5519998480151
5519998481213
5519998481341
5519998482502
5519998483034
5519998484901
5519998486122
5519998491814
5519998491916
5519998495991
5519998498808
5519998500667
5519998504931
5519998505606
5519998508539
5519998510046
5519998515301
5519998517944
5519998526615
5519998531107
5519998532803
5519998537660
5519998538777
5519998541844
5519998543433
5519998543793
5519998547523
5519998549959
5519998552980
5519998564339
5519998565795
5519998566850
5519998574501
5519998576525
5519998582326
5519998582832
5519998583191
5519998587508
5519998589681
5519998589696
5519998602540
5519998604565
5519998606428
5519998617951
5519998619045
5519998619510
5519998621465
5519998623256
5519998624582
5519998652101
5519998653005
5519998661910
5519998662787
5519998667261
5519998667307
5519998672717
5519998674035
5519998679413
5519998685638
5519998721436
5519998722572
5519998731143
5519998751616
5519998757725
5519998763417
5519998791349
5519998797315
5519998821650
5519998824236
5519998838856
5519998840426
5519998854215
5519998857930
5519998864475
5519998866355
5519998875090
5519998876805
5519998882662
5519998883767
5519998884448
5519998891315
5519998896590
5519998904251
5519998904808
5519998918446
5519998918501
5519998918636
5519998919165
5519998935454
5519998942425
5519998945930
5519998950551
5519998959908
5519998960829
5519998961413
5519998968761
5519998975760
5519998977161
5519998980808
5519998987350
5519998990313
5519998991611
5519998996514
5519999002843
5519999007878
5519999011313
5519999011323
5519999013310
5519999020707
5519999024051
5519999025582
5519999026698
5519999032271
5519999035607
5519999036727
5519999040309
5519999041771
5519999041914
5519999046745
5519999049010
5519999055656
5519999061912
5519999067063
5519999069112
5519999069222
5519999082317
5519999091242
5519999094264
5519999099146
5519999099196
5519999104171
5519999117357
5519999117384
5519999118835
5519999124829
5519999130068
5519999136915
5519999141278
5519999142003
5519999145870
5519999147157
5519999153886
5519999159715
5519999167317
5519999172308
5519999176844
5519999185678
5519999191702
5519999192308
5519999198904
5519999198946
5519999207589
5519999208486
5519999212856
5519999225761
5519999230778
5519999245532
5519999246923
5519999250532
5519999252103
5519999253281
5519999254441
5519999267370
5519999269063
5519999270786
5519999273003
5519999280804
5519999288247
5519999297234
5519999299434
5519999308319
5519999313243
5519999320193
5519999324139
5519999328437
5519999340101
5519999341078
5519999344024
5519999344222
5519999346854
5519999349965
5519999353321
5519999356268
5519999360551
5519999366500
5519999369145
5519999381908
5519999382200
5519999391381
5519999413024
5519999414455
5519999416070
5519999429629
5519999435413
5519999443233
5519999444380
5519999444443
5519999467093
5519999479748
5519999493734
5519999493736
5519999499876
5519999503534
5519999506110
5519999508110
5519999534911
5519999543108
5519999548528
5519999549833
5519999556466
5519999562613
5519999562734
5519999567041
5519999570200
5519999574000
5519999581811
5519999584145
5519999584706
5519999590030
5519999599933
5519999602997
5519999606108
5519999607584
5519999622522
5519999627705
5519999627784
5519999627797
5519999643198
5519999650236
5519999650888
5519999657910
5519999664527
5519999667968
5519999679505
5519999683521
5519999684640
5519999687175
5519999689382
5519999705536
5519999706681
5519999706718
5519999710626
5519999713868
5519999717010
5519999723439
5519999723598
5519999725575
5519999726868
5519999727055
5519999730423
5519999730575
5519999731509
5519999731630
5519999731689
5519999736627
5519999738883
5519999741305
5519999742523
5519999745662
5519999749498
5519999753210
5519999753220
5519999758874
5519999761347
5519999781525
5519999782546
5519999783262
5519999784857
5519999789005
5519999812294
5519999815353
5519999820309
5519999828044
5519999828047
5519999828067
5519999833674
5519999834985
5519999844973
5519999863202
5519999868298
5519999875160
5519999879159
5519999888851
5519999906265
5519999908810
5519999970095
5519999983599
5519999984066
5519999987365
5519999990787
5521967468086
5521973764819
5521974702403
5521979623335
5521982723584
5521987502845
5521987502854
5521991659894
5521993489938
5524981529465
5524988146263
5524992144197
5524992152687
5528981000245
5531984402513
5531984792480
5531985622516
5531991225443
5531991225444
5531991225445
5531991225468
5531991225478
5531991416072
5531991416073
5531991416076
5531992526508
5532984712968
5532988716162
5534984037333
5534984095017
5535984329596
5535991198224
5538984265076
5538984265723
5541987298103
5541988836959
5541992456737
5541998023344
5541998614626
5541999753488
5542988546767
5543988023420
5543999350171
5544988373784
5544988537184
5544998425792
5544999149575
5544999687877
5547984834655
5547996048940
5547996964433
5548998356789
5551981213250
5551992402775
5551992402783
5551992402792
5551993333011
5561991314502
5561991645325
5561992920089
5561993735831
5561999255956
5562981000026
5562981000188
5562981073954
5562981687534
5562982571109
5562982930053
5562982930054
5562996821647
5562996825386
5562996825867
5562996827941
5562996828123
5565981475777
5565993051629
5565999249214
5566981441555
5567992446766
5568992041541
5571982589468
5573981142749
5575981176241
5575983318068
5581973054949
5581989880115
5581991066258
5581994371781
5582991673593
5582999206560
5582999253507
5583981439933
5583981592690
5583999287017
5583999795082
5583999920903
5585991318097
5585992172329
5585992252634
5585992395628
5586994905490
5587991124180
5587992431324
5588992844986
5592981118850
5594981970507
5599984129731
5599988143044
