5516999910924
5516999911177
5516999911320
5516999912265
5516999914652
5516999915316
5516999916783
5516999919232
5516999919293
5516999919836
5516999920234
5516999920822
5516999921108
5516999924064
5516999924210
5516999924333
5516999925559
5516999925838
5516999929049
5516999930959
5516999934213
5516999934587
5516999942079
5516999942579
5516999943559
5516999949317
5516999966982
5516999970414
5516999973233
5516999977456
5516999981065
5516999982204
5516999982211
5516999985600
5516999992904
5516999994153
5516999994154
5516999995359
5516999995860
5516999999999
5517960386900
5517960611050
5517963733670
5517966556184
5517970392230
5517970838010
5517973423840
5517974001346
5517975341228
5517976144130
5517981010548
5517981011468
5517981012199
5517981039025
5517981060560
5517981121700
5517981140120
5517981140470
5517981144485
5517981148333
5517981148644
5517981152812
5517981157512
5517981167785
5517981170255
5517981217772
5517981227878
5517981231041
5517981233606
5517981265645
5517981277921
5517981312692
5517981323002
5517981323200
5517981329382
5517981343509
5517981350851
5517981351718
5517981373844
5517981404880
5517981419120
5517981441296
5517981476168
5517981482244
5517981497070
5517981512405
5517981513378
5517981517593
5517981527787
5517981537232
5517981574893
5517981577867
5517981620102
5517981620110
5517981635695
5517981636006
5517981641908
5517981642891
5517981678877
5517981697960
5517981750988
5517981754232
5517981816000
5517981824273
5517981835266
5517981835778
5517981916096
5517982058919
5517982180999
5517982238282
5517982282208
5517984600040
5517988003701
5517988004127
5517988016460
5517988036156
5517988051276
5517988053952
5517988056569
5517988059902
5517988064587
5517988093190
5517988116428
5517988127089
5517988149674
5517988151276
5517988152541
5517988159151
5517988173712
5517988229853
5517988262449
5517988264127
5517988277477
5517988281276
5517988282908
5517988335306
5517988410120
5517991008893
5517991014416
5517991025059
5517991026364
5517991026545
5517991031079
5517991035911
5517991042973
5517991052805
5517991069952
5517991070652
5517991070952
5517991071962
5517991072909
5517991073814
5517991074341
5517991079798
5517991095225
5517991098941
5517991125553
5517991131891
5517991143948
5517991153127
5517991165297
5517991166778
5517991167249
5517991174007
5517991177896
5517991180689
5517991187892
5517991188580
5517991192848
5517991218753
5517991225447
5517991225457
5517991227147
5517991232014
5517991232446
5517991233715
5517991234727
5517991236110
5517991236879
5517991263820
5517991277327
5517991298471
5517991303643
5517991308284
5517991313920
5517991324507
5517991334756
5517991347739
5517991360173
5517991373826
5517991391531
5517991426807
5517991433312
5517991443309
5517991445751
5517991466831
5517991479630
5517991479989
5517991484390
5517991497543
5517991499709
5517991515114
5517991516761
5517991516855
5517991518188
5517991522502
5517991526318
5517991535236
5517991536278
5517991539194
5517991539279
5517991543012
5517991552533
5517991554988
5517991558235
5517991569578
5517991570026
5517991580496
5517991581769
5517991604295
5517991606692
5517991620792
5517991623930
5517991627030
5517991628854
5517991631444
5517991647130
5517991648195
5517991685633
5517991720775
5517991761596
5517991772882
5517991773033
5517991792433
5517991812020
5517991816882
5517991844255
5517991846691
5517991866714
5517991873052
5517991875374
5517991877296
5517991883748
5517991949965
5517991951995
5517991963127
5517991967157
5517991970392
5517991983865
5517991990312
5517991997687
5517992008736
5517992011267
5517992015845
5517992021757
5517992027316
5517992033368
5517992071519
5517992076330
5517992084384
5517992087374
5517992107836
5517992111554
5517992116713
5517992129397
5517992173704
5517992192786
5517992197087
5517992197089
5517992199605
5517992204729
5517992213956
5517992302107
5517992302253
5517992354545
5517992363663
5517992381722
5517992382814
5517992392952
5517992398030
5517992646905
5517992665088
5517992701881
5517992772190
5517992781111
5517992803977
5517992820622
5517992854285
5517993500216
5517994975262
5517996010691
5517996010706
5517996013736
5517996013932
5517996015203
5517996019081
5517996021066
5517996021727
5517996025339
5517996026765
5517996031016
5517996038513
5517996038528
5517996042544
5517996047905
5517996051838
5517996055754
5517996056121
5517996059475
5517996061105
5517996062253
5517996063276
5517996064056
5517996064539
5517996067762
5517996068308
5517996069271
5517996070047
5517996071518
5517996072151
5517996072867
5517996075690
5517996080800
5517996090623
5517996091258
5517996091456
5517996092809
5517996092880
5517996093164
5517996093256
5517996095203
5517996095312
5517996097159
5517996097826
5517996099338
5517996110051
5517996111550
5517996115614
5517996123237
5517996124163
5517996125035
5517996125908
5517996127840
5517996127873
5517996132776
5517996133400
5517996133754
5517996137117
5517996139466
5517996145698
5517996150210
5517996150842
5517996151165
5517996152037
5517996155660
5517996156056
5517996156851
5517996158351
5517996158752
5517996164051
5517996176699
5517996179933
5517996180186
5517996183474
5517996185756
5517996185760
5517996185773
5517996186003
5517996186113
5517996186298
5517996187172
5517996189641
5517996191140
5517996191198
5517996198053
5517996199817
5517996210878
5517996224490
5517996225133
5517996228446
5517996229182
5517996229888
5517996231794
5517996234062
5517996242497
5517996246788
5517996247649
5517996248782
5517996254056
5517996261004
5517996261079
5517996261358
5517996265667
5517996269368
5517996269408
5517996270624
5517996270860
5517996274135
5517996275585
5517996278783
5517996280511
5517996291468
5517996291759
5517996294061
5517996295856
5517996311320
5517996320956
5517996322010
5517996325749
5517996325778
5517996330120
5517996331337
5517996338317
5517996342471
5517996342880
5517996345607
5517996346532
5517996348140
5517996351079
5517996351313
5517996353145
5517996357728
5517996359441
5517996368271
5517996370175
5517996375519
5517996380227
5517996381259
5517996382456
5517996383685
5517996387775
5517996388330
5517996392149
5517996435923
5517996435924
5517996436777
5517996438004
5517996439555
5517996440927
5517996441916
5517996442441
5517996442878
5517996446356
5517996452097
5517996455009
5517996458087
5517996460165
5517996467436
5517996469599
5517996471090
5517996476679
5517996477022
5517996507017
5517996512078
5517996512214
5517996513724
5517996513760
5517996517119
5517996520033
5517996522552
5517996536340
5517996546065
5517996548750
5517996550409
5517996550691
5517996551523
5517996556712
5517996559091
5517996571241
5517996574507
5517996588445
5517996595556
5517996602013
5517996603366
5517996608567
5517996610531
5517996622912
5517996625321
5517996631533
5517996636741
5517996663366
5517996666185
5517996683803
5517996690238
5517996696812
5517996698972
5517996701438
5517996705323
5517996718780
5517996719385
5517996724374
5517996735463
5517996735799
5517996754025
5517996767046
5517996770297
5517996770945
5517996779021
5517996784779
5517996801794
5517996819098
5517996824224
5517996825030
5517996837172
5517996864063
5517997010896
5517997012349
5517997015224
5517997019193
5517997019797
5517997021106
5517997022737
5517997026996
5517997027301
5517997027553
5517997029565
5517997029567
5517997033027
5517997035840
5517997036736
5517997037225
5517997037945
5517997039223
5517997039786
5517997040498
5517997042820
5517997044310
5517997044380
5517997050029
5517997053801
5517997060463
5517997060838
5517997061128
5517997065282
5517997066577
5517997068972
5517997069505
5517997072378
5517997081802
5517997083679
5517997083750
5517997083801
5517997085567
5517997087587
5517997087983
5517997089315
5517997089375
5517997092265
5517997094275
5517997095559
5517997095601
5517997097407
5517997098823
5517997112602
5517997113100
5517997113959
5517997116445
5517997122013
5517997122809
5517997124706
5517997124955
5517997125714
5517997125789
5517997126463
5517997127838
5517997128671
5517997130294
5517997132208
5517997134686
5517997135522
5517997139754
5517997141202
5517997147131
5517997151574
5517997156788
5517997161851
5517997161998
5517997162353
5517997163443
5517997163515
5517997164259
5517997165506
5517997168295
5517997171716
5517997171753
5517997174215
5517997181146
5517997188641
5517997191084
5517997193394
5517997194134
5517997210351
5517997214169
5517997220853
5517997224803
5517997229161
5517997230997
5517997232780
5517997234583
5517997237113
5517997237560
5517997237961
5517997239024
5517997244427
5517997249508
5517997252173
5517997253245
5517997255436
5517997256230
5517997261334
5517997261987
5517997263726
5517997263971
5517997265089
5517997267113
5517997268225
5517997272708
5517997272731
5517997274706
5517997275848
5517997277046
5517997277225
5517997278012
5517997279900
5517997281225
5517997281351
5517997286333
5517997288858
5517997292390
5517997292564
5517997293339
5517997296248
5517997297093
5517997297846
5517997298489
5517997311654
5517997313083
5517997315299
5517997321727
5517997324430
5517997327354
5517997327632
5517997332855
5517997334238
5517997337838
5517997339470
5517997340734
5517997343003
5517997343597
5517997347256
5517997347264
5517997347696
5517997350547
5517997350832
5517997354561
5517997355396
5517997359091
5517997360511
5517997361135
5517997362603
5517997363423
5517997364564
5517997366544
5517997367272
5517997374792
5517997374883
5517997377732
5517997382641
5517997384688
5517997388271
5517997390900
5517997394741
5517997395290
5517997395406
5517997395537
5517997396113
5517997411553
5517997412589
5517997413228
5517997413251
5517997414520
5517997415474
5517997418978
5517997426152
5517997426995
5517997428266
5517997429019
5517997429873
5517997429986
5517997430518
5517997434213
5517997435987
5517997438162
5517997438687
5517997440593
5517997448621
5517997448844
5517997452844
5517997453032
5517997453547
5517997455377
5517997455629
5517997458070
5517997459078
5517997459891
5517997461835
5517997462914
5517997464548
5517997464676
5517997467980
5517997469444
5517997469878
5517997470547
5517997471192
5517997474149
5517997474981
5517997475099
5517997486092
5517997491594
5517997512269
5517997521027
5517997525496
5517997527795
5517997531892
5517997535204
5517997538835
5517997542924
5517997546121
5517997546211
5517997552704
5517997552741
5517997554568
5517997555333
5517997562302
5517997562993
5517997564139
5517997567371
5517997568976
5517997574889
5517997577162
5517997580651
5517997594174
5517997611461
5517997612949
5517997617124
5517997617171
5517997617837
5517997620262
5517997622991
5517997624114
5517997627262
5517997628899
5517997629011
5517997630508
5517997632511
5517997639291
5517997639352
5517997646593
5517997647764
5517997649388
5517997649831
5517997651859
5517997652708
5517997655063
5517997655080
5517997657126
5517997665737
5517997669702
5517997677352
5517997677468
5517997680789
5517997681682
5517997682619
5517997689057
5517997690758
5517997690992
5517997712694
5517997714436
5517997718048
5517997718297
5517997720822
5517997723935
5517997726198
5517997727271
5517997730130
5517997733277
5517997735721
5517997735977
5517997736406
5517997738711
5517997740222
5517997741892
5517997742594
5517997744463
5517997747448
5517997747808
5517997748054
5517997749425
5517997749653
5517997752453
5517997752780
5517997757713
5517997758253
5517997758258
5517997758660
5517997760752
5517997760798
5517997764259
5517997769795
5517997770537
5517997770994
5517997773658
5517997773966
5517997776245
5517997784530
5517997796397
5517997798351
5517997798617
5517997813178
5517997819482
5517997820414
5517997826971
5517997829114
5517997829341
5517997829903
5517997832349
5517997840765
5517997840770
5517997840900
5517997841873
5517997846603
5517997850746
5517997855898
5517997873494
5517997876787
5517997883063
5517997885205
5517997908449
5517997910705
5517997913302
5517997913884
5517997917646
5517997918771
5517997930244
5517997945220
5517997948882
5517998022283
5517998100054
5517998167887
5517998175098
5517998218999
5517998390193
5517998392591
5517998499612
5517999209517
5517999221192
5517999601520
5517999626936
5517999629175
5517999633133
5517999701979
5517999723458
5517999724950
5517999727704
5517999751226
5517999755270
5517999773640
5518962286710
5518964556153
5518965545562
5518966800047
5518969119240
5518971458426
5518973519130
5518974242220
5518975262760
5518980465450
5518980624914
5518981061236
5518981096503
5518981104422
5518981119664
5518981122443
5518981126748
5518981141800
5518981145456
5518981147087
5518981178226
5518981182120
5518981186318
5518981186556
5518981190398
5518981197138
5518981197767
5518981204961
5518981208866
5518981209958
5518981232936
5518981236149
5518981237236
5518981249669
5518981252292
5518981269500
5518981270566
5518981279338
5518981279389
5518981280506
5518981291096
5518981294463
5518981296400
5518981299003
5518981300538
5518981311969
5518981336686
5518981350983
5518981356966
5518981357807
5518981369769
5518981375357
5518981376341
5518981378333
5518981383997
5518981410980
5518981428102
5518981432050
5518981434549
5518981436277
5518981488896
5518981522920
5518981556211
5518981560101
5518981570879
5518981640181
5518981659886
5518981668101
5518981715130
5518981748395
5518981944631
5518981959200
5518982653925
5518983554703
5518987116770
5518987614360
5518988015461
5518988015477
5518988016257
5518988022041
5518988023279
5518988027855
5518988068678
5518988081338
5518988083693
5518988116117
5518988122364
5518988125790
5518988136691
5518988146311
5518988148216
5518988155460
5518988209075
5518988213175
5518988220185
5518988237637
5518988237683
5518988239190
5518988300139
5518990321840
5518991037113
5518991038434
5518991054007
5518991078926
5518991082182
5518991084605
5518991096767
5518991098974
5518991119090
5518991120978
5518991121743
5518991133074
5518991133288
5518991133588
5518991139527
5518991147071
5518991150726
5518991170259
5518991178512
5518991195545
5518991227700
5518991233340
5518991254777
5518991273833
5518991324155
5518991332097
5518991340833
5518991357535
5518991370376
5518991383980
5518991425121
5518991428742
5518991436675
5518991438512
5518991447230
5518991451033
5518991452038
5518991459328
5518991518188
5518991519362
5518991530392
5518991544181
5518991584925
5518991595852
5518991633603
5518991643834
5518991667738
5518991746189
5518991883499
5518993524527
5518994300439
5518996009546
5518996015614
5518996020621
5518996028746
5518996030496
5518996030534
5518996033012
5518996035791
5518996038637
5518996040667
5518996050289
5518996052682
5518996058700
5518996061053
5518996064594
5518996072324
5518996072451
5518996073393
5518996073953
5518996077637
5518996078785
5518996082037
5518996084062
5518996084092
5518996084409
5518996094121
5518996104469
5518996131787
5518996133811
5518996142427
5518996142540
5518996157007
5518996169975
5518996180087
5518996210998
5518996217833
5518996222234
5518996246954
5518996251483
5518996252793
5518996253650
5518996255561
5518996264806
5518996279871
5518996292381
5518996292957
5518996302044
5518996310038
5518996310740
5518996324598
5518996331110
5518996332397
5518996343386
5518996344297
5518996346046
5518996351298
5518996356689
5518996365367
5518996382581
5518996383680
5518996388184
5518996388537
5518996389411
5518996389518
5518996395161
5518996400463
5518996411363
5518996427662
5518996447557
5518996449034
5518996449084
5518996472037
5518996475239
5518996480213
5518996483326
5518996487522
5518996492479
5518996497525
5518996498221
5518996498586
5518996505850
5518996508518
5518996511295
5518996519223
5518996519672
5518996525290
5518996534688
5518996540956
5518996541974
5518996542613
5518996542967
5518996545444
5518996546704
5518996546705
5518996548239
5518996551196
5518996554392
5518996555655
5518996558887
5518996563228
5518996569870
5518996585121
5518996585294
5518996591916
5518996594403
5518996594705
5518996616064
5518996620863
5518996622806
5518996624462
5518996625284
5518996637531
5518996640108
5518996640911
5518996641172
5518996657810
5518996666026
5518996679123
5518996680898
5518996710980
5518996721379
5518996726627
5518996729975
5518996740773
5518996743537
5518996751334
5518996754335
5518996754440
5518996755566
5518996756918
5518996761835
5518996762371
5518996762604
5518996766764
5518996767676
5518996773342
5518996778700
5518996780304
5518996795524
5518996795703
5518996796669
5518996799092
5518996813272
5518996814109
5518996814147
5518996823105
5518996833070
5518996833071
5518996857759
5518996868067
5518996878865
5518996885205
5518996897146
5518996902302
5518996902303
5518996902911
5518996903167
5518996909455
5518996947899
5518996951328
5518996956491
5518996962524
5518996964198
5518996967880
5518996977101
5518996988675
5518996995536
5518997012957
5518997013766
5518997015571
5518997020674
5518997026511
5518997027740
5518997036936
5518997038689
5518997041281
5518997044976
5518997049124
5518997058791
5518997061101
5518997062552
5518997070056
5518997072297
5518997075022
5518997078845
5518997079680
5518997080635
5518997081418
5518997083134
5518997089227
5518997095045
5518997097518
5518997110414
5518997119605
5518997120995
5518997123745
5518997124700
5518997131106
5518997133900
5518997135385
5518997140636
5518997144823
5518997147366
5518997148967
5518997149784
5518997150040
5518997150729
5518997157963
5518997163268
5518997165015
5518997170731
5518997172424
5518997175864
5518997184460
5518997187687
5518997191934
5518997194980
5518997196354
5518997203800
5518997209641
5518997214229
5518997214604
5518997217752
5518997221383
5518997221509
5518997229800
5518997233603
5518997233909
5518997234601
5518997235596
5518997236188
5518997239441
5518997240514
5518997246699
5518997247740
5518997247843
5518997263632
5518997270440
5518997274576
5518997276378
5518997285149
5518997287673
5518997287804
5518997299244
5518997310325
5518997318893
5518997320809
5518997320834
5518997325517
5518997326749
5518997343090
5518997344694
5518997348881
5518997351821
5518997352389
5518997362248
5518997378269
5518997383583
5518997392311
5518997399416
5518997403169
5518997416434
5518997417632
5518997417673
5518997418045
5518997419617
5518997428495
5518997437737
5518997442207
5518997442874
5518997446878
5518997448100
5518997453196
5518997454111
5518997456499
5518997459638
5518997468196
5518997472755
5518997479069
5518997480500
5518997480882
5518997492799
5518997499235
5518997503947
5518997505522
5518997528098
5518997529939
5518997532718
5518997533848
5518997538524
5518997548704
5518997571375
5518997573062
5518997579794
5518997581060
5518997583483
5518997583576
5518997585523
5518997588292
5518997593045
5518997595104
5518997595205
5518997599549
5518997602663
5518997602782
5518997603067
5518997613229
5518997614089
5518997624512
5518997629430
5518997631381
5518997635242
5518997643800
5518997644836
5518997646633
5518997653093
5518997656171
5518997657142
5518997659277
5518997659746
5518997661617
5518997666103
5518997666106
5518997666114
5518997671476
5518997673031
5518997684351
5518997684420
5518997714008
5518997714758
5518997726979
5518997728313
5518997730466
5518997733831
5518997734863
5518997738638
5518997742240
5518997750061
5518997753456
5518997754128
5518997755059
5518997765640
5518997766072
5518997768212
5518997781094
5518997785164
5518997787058
5518997788165
5518997790634
5518997821902
5518997822555
5518997823953
5518997825190
5518997826620
5518997827134
5518997832872
5518997834507
5518997837673
5518997844434
5518997844453
5518997852679
5518997854292
5518997855573
5518997856938
5518997863578
5518997867899
5518997874268
5518997887896
5518997890010
5518997904558
5518997911969
5518997926752
5518997929674
5518997944286
5518997946431
5518997947286
5518997948557
5518997950503
5518997952350
5518997960759
5518997960775
5518997984178
5518997995265
5518997995573
5518998024464
5518998053978
5518998060779
5518998065778
5518998071879
5518998076879
5518998095660
5518998108333
5518998124048
5518998129864
5518998132527
5518998133191
5518998141338
5518998155501
5518998165056
5518998177112
5518998180871
5518998185744
5518998186586
5518998187176
5518998189654
5518998220411
5518998226826
5518998280078
5518998281215
5518998551401
5518999661606
5518999662528
5518999900068
5519931485560
5519940012375
5519940050405
5519940138910
5519940152180
5519940157419
5519940323198
5519940345049
5519940348132
5519940354197
5519940829908
5519941156151
5519941164965
5519941235715
5519941294924
5519941370039
5519941412578
5519941565104
5519941589707
5519941643770
5519941711227
5519941721199
5519941725644
5519941778688
5519942039473
5519942053983
5519942066796
5519942221414
5519942315211
5519942368586
5519942511115
5519942588498
5519942697895
5519942712654
5519943009997
5519943046133
5519943058479
5519943204290
5519943494626
5519943547260
5519943621289
5519943635353
5519943714746
5519943882346
5519943916565
5519944538293
5519944579809
5519944585651
5519944588745
5519944640409
5519944999400
5519946103569
5519946483556
5519947097743
5519947101506
5519947107440
5519947258592
5519947258593
5519947453616
5519947471305
5519947724443
5519947777420
5519947867242
5519947916368
5519947978872
5519948330558
5519949053123
5519949807713
5519950543894
5519950550570
5519950619800
5519951384748
5519953140040
5519953210012
5519954742600
5519956116407
5519956370012
5519960133290
5519960145620
5519960312820
5519960343150
5519960374620
5519960419130
5519960425631
5519960429190
5519960436660
5519960464790
5519960723838
5519960760404
5519960811880
5519960845350
5519960879110
5519960915210
5519960915720
5519960935273
5519960991256
5519961040223
5519961188580
5519961299010
5519961399659
5519961410738
5519961417192
5519961601332
5519961616814
5519961638211
5519961638597
5519961658994
5519961697529
5519961738000
5519961744456
5519961857080
5519961922391
5519961936001
5519961936493
5519961957474
5519961991775
5519962123330
5519962124810
5519962145320
5519962153750
5519962155497
5519962156615
5519962190190
5519962227270
5519962246360
5519962310819
5519962312920
5519962324572
5519962326852
5519962360338
5519962363560
5519962393843
5519962513400
5519962614902
5519962686280
5519962741760
5519962782890
5519962827067
5519962958390
5519963102450
5519963166980
5519963204260
5519963225820
5519963281710
5519963294202
5519963299950
5519963313296
5519963313954
5519963357590
5519963416996
5519963549670
5519963600000
5519963644820
5519963660870
5519963669900
5519963792470
5519963821550
5519963954774
5519964111691
5519964213168
5519964261280
5519964340125
5519964408960
5519964502910
5519964528116
5519964634110
5519964644304
5519964790517
5519964857710
5519964860310
5519965048163
5519965227000
5519965241800
5519965273300
5519965279660
5519965321020
5519965383440
5519965390920
5519965700620
5519965790190
5519965844480
5519965854784
5519966046739
5519966061600
5519966239332
5519966296910
5519966297690
5519966454800
5519966504220
5519966534300
5519966583500
5519966585480
5519966629150
5519966637560
5519966654830
5519966825249
5519966843950
5519966929385
5519967335110
5519967442940
5519967455050
5519967537263
5519967599200
5519967681550
5519967824360
5519967888280
5519967920390
5519967945980
5519968267723
5519968315400
5519968432159
5519968734900
5519968840740
5519968922020
5519968959486
5519968984190
5519969064904
5519969065400
5519969088568
5519969187631
5519969188740
5519969232010
5519969385415
5519969413138
5519969429769
5519969457347
5519969480174
5519969611113
5519969653628
5519969654864
5519969753006
5519969970020
5519969989262
5519970150018
5519970407807
5519970420818
5519970561600
5519970607650
5519970725130
5519970820250
5519970881660
5519970901440
5519970904250
5519971000041
5519971000204
5519971000668
5519971000777
5519971000993
5519971001431
5519971001873
5519971002446
5519971002456
5519971002670
5519971002910
5519971002968
5519971003552
5519971003683
5519971003780
5519971003787
5519971003830
5519971003894
5519971004090
5519971004125
5519971004544
5519971004589
5519971004656
5519971004700
5519971005129
5519971005145
5519971005185
5519971005226
5519971005385
5519971005467
5519971005779
5519971005783
5519971006259
5519971006272
5519971006380
5519971006647
5519971006690
5519971006852
5519971006999
5519971007667
5519971008138
5519971008151
5519971008197
5519971008390
5519971008718
5519971008877
5519971009135
5519971009213
5519971010057
5519971010075
5519971010265
5519971010715
5519971010877
5519971012255
5519971013556
5519971014476
5519971014620
5519971014990
5519971014991
5519971015500
5519971016123
5519971016242
5519971016384
5519971016655
5519971016870
5519971017106
5519971017264
5519971017708
5519971017719
5519971017798
5519971017906
5519971017940
5519971017974
5519971018228
5519971018347
5519971018416
5519971018678
5519971019005
5519971019094
5519971019276
5519971019507
5519971019537
5519971019955
5519971020012
5519971020015
5519971020292
5519971020718
5519971020938
5519971020967
5519971021180
5519971021299
5519971021440
5519971022136
5519971022177
5519971022271
5519971022380
5519971022752
5519971023004
5519971023134
5519971024256
5519971024429
5519971024777
5519971024911
5519971025753
5519971026058
5519971026224
5519971026393
5519971026688
5519971026793
5519971026796
5519971026972
5519971027136
5519971027405
5519971027645
5519971027966
5519971028188
5519971028194
5519971028320
5519971028376
5519971028398
5519971029916
5519971030391
5519971030588
5519971030886
5519971031226
5519971031249
5519971031962
5519971032326
5519971032576
5519971032581
5519971032628
5519971032717
5519971032765
5519971033027
5519971033684
5519971034326
5519971035128
5519971035208
5519971035214
5519971035267
5519971035350
5519971035382
5519971035591
5519971036105
5519971036242
5519971036340
5519971036557
5519971036679
5519971036751
5519971037275
5519971037404
5519971037613
5519971037771
5519971038253
5519971038619
5519971038623
5519971038844
5519971038873
5519971039035
5519971039374
5519971040219
5519971040261
5519971040363
5519971040382
5519971040418
5519971040846
5519971041349
5519971041358
5519971042010
5519971042154
5519971042188
5519971042207
5519971042230
5519971042373
5519971042715
5519971042769
5519971042778
5519971043245
5519971043261
5519971043893
5519971043918
5519971043925
5519971044081
5519971044276
5519971045607
5519971045840
5519971046078
5519971047654
5519971047717
5519971048202
5519971048259
5519971048282
5519971048342
5519971049747
5519971050081
5519971050449
5519971050624
5519971050840
5519971051623
5519971051739
5519971052024
5519971052224
5519971052699
5519971052822
5519971052902
5519971053110
5519971053187
5519971054410
5519971055125
5519971055759
5519971055944
5519971056093
5519971056184
5519971056218
5519971056222
5519971056688
5519971057112
5519971057532
5519971057573
5519971057673
5519971059063
5519971059237
5519971059873
5519971060369
5519971060578
5519971060609
5519971060943
5519971061704
5519971061926
5519971061965
5519971062282
5519971062671
5519971062744
5519971063020
5519971063231
5519971063272
5519971064703
5519971064858
5519971065033
5519971065429
5519971066175
5519971066575
5519971066576
5519971066770
5519971066981
5519971067099
5519971067272
5519971067636
5519971067696
5519971067925
5519971068820
5519971069499
5519971069941
5519971069942
5519971069955
5519971070276
5519971070638
5519971070886
5519971070929
5519971071188
5519971071411
5519971071620
5519971071636
5519971071716
5519971071735
5519971072314
5519971072335
5519971072778
5519971072893
5519971073134
5519971073454
5519971073689
5519971073718
5519971073836
5519971073937
5519971075058
5519971075078
5519971075757
5519971076654
5519971077199
5519971077252
5519971078577
5519971078659
5519971079115
5519971079273
5519971079611
5519971079912
5519971080403
5519971080444
5519971080749
5519971080841
5519971080983
5519971081203
5519971081455
5519971081490
5519971081781
5519971081846
5519971082604
5519971083056
5519971083165
5519971083448
5519971084077
5519971084389
5519971084848
5519971084852
5519971084973
5519971085271
5519971085312
5519971085590
5519971085791
5519971085928
5519971086477
5519971086732
5519971086921
5519971087071
5519971087434
5519971087611
5519971088168
5519971088297
5519971088358
5519971088462
5519971088473
5519971088551
5519971088789
5519971088934
5519971089554
