5531999438462
5531991956493
5531984179583
5531991085993
5531998226792
5531971181146
5531986379432
5531971708761
5531996800788
5531993441347
5531973403689
5531988509340
5531999932461
5531986667037
5531984533376
5531992469942
5531995151006
5531982602245
5531988981450
5531985299984
5531985558084
5531989015924
5531989814304
5531983908621
5531997883381
5531984958481
5531987991872
5531989678815
5531988982859
5531987752457
5531984364712
5531995489926
5531991950317
5531975350582
5531992154308
5531998800210
5531996015628
5531993446267
5531980195478
5531995266957
5531992174352
5531989815581
5531985687922
5531986532714
5531988209888
5531984696276
5531986827904
5531988663555
5531987953632
5531986699873
5531986733195
5531987227537
5531996148537
5531997916276
5531997388018
5531991564692
5531985793587
5531988763611
5531991648348
5531988849381
5531997778519
5531995361804
5531989401912
5531989475156
5531997986735
5531986619772
5531996911496
5531988185996
5531992972320
5531992771430
5531998713788
5531987064003
5531987061669
5531997781063
5531989023109
5531991316974
5531989727940
5531992229555
5531999155810
5531999185833
5531982826526
5531996164544
5531996926452
5531999234718
5531998088955
5531987971661
5531992360795
5531999872496
5531999167029
5531997952472
5531992792079
5531992870939
5531992399078
5531999777854
5531991366190
5531986069867
5531988000418
5531985862327
5531986328812
5531987866743
5531998031914
5531986353929
5531984551730
5531985244217
5531986254519
5531971670901
5531998193944
5531996661740
5531985542767
5531992480611
5531983664770
5531989639257
5531997361227
5531991647351
5531988633201
5531983225376
5531998110927
5531999281643
5531992880214
5531980195375
5531999152213
5531998819451
5531989388860
5531985545977
5531997618533
5531989569147
5531996545687
5531996748292
5531984892289
5531991917282
5531993240594
5531986041486
5531989710034
5531992772445
5531989355472
5531988483196
5531987352919
5531984920404
5531982090030
5531996814115
5531989329721
5531988624243
5531987418217
5531971468112
5531992146341
5531984473582
5531987877719
5531962293200
5531996838190
5531999141815
5531989084417
5531983059166
5531996848502
5531984174926
5531994242206
5531986422275
5531997315232
5531999882919
5531996390465
5531985516898
5531992043718
5531991195684
5531999720724
5531998418489
5531985274201
5531992673095
5531984284155
5531986276016
5531991334971
5531987690764
5531999669168
5531995800748
5531992965151
5531989440190
5531971296512
5531985469974
5531984146565
5531995956519
5531984685466
5531998158098
5531999536808
5531983285400
5531991960512
5531998801556
5531988617798
5531987243879
5531996476407
5531971765704
5531985126034
5531997879470
5531996059112
5531985092014
5531991955957
5531999925428
5531985595037
5531989657136
5531984347733
5531999824386
5531999322043
5531999732338
5531992890352
5531996956721
5531989281181
5531987770701
5531999409231
5531996699579
5531991559570
5531971032764
5531988638546
5531993923220
5531998157531
5531996021865
5531998074896
5531987772701
5531971030088
5531985466639
5531985204652
5531998169809
5531987498076
5531998322445
5531991287195
5531987951306
5531988957697
5531993092382
5531988778480
5531998773505
5531988351759
5531987485040
5531996862356
5531986936031
5531987398469
5531989320753
5531987795397
5531971655070
5531995949052
5531986254817
5531989345029
5531996577276
5531985001785
5531987521748
5531973879810
5531992605604
5531985600799
5531991651384
5531996459327
5531986217245
5531997086309
5531971311102
5531985225339
5531992555422
5531992986862
5531993013888
5531971516439
5531989850424
5531991448249
5531984995144
5531988076311
5531993194943
5531960793310
5531985747596
5531999080783
5531999070593
5531999249543
5531986370461
5531984522944
5531993281915
5531986032850
5531999049456
5531999928438
5531996063331
5531987180824
5531988883874
5531996979659
5531984854589
5531999707887
5531987713851
5531985158479
5531988349802
5531984153714
5531999439108
5531987464963
5531983684436
5531971047251
5531991825537
5531995259566
5531998660157
5531997987941
5531995547298
5531997167881
5531996761426
5531995323473
5531984890239
5531991827878
5531971586275
5531988632749
5531971708755
5531963217310
5531984900008
5531971035158
5531999515614
5531987285758
5531986979484
5531980212657
5531996604618
5531985894796
5531997626563
5531997725687
5531985559335
5531994342184
5531991004446
5531996566464
5531992762020
5531991047572
5531985514207
5531988968294
5531997561219
5531987293478
5531989670037
5531998687292
5531985937876
5531988096579
5531996455999
5531988489007
5531994548101
5531984488855
5531995597035
5531992380693
5531991473016
5531984800742
5531997782686
5531998836404
5531997245167
5531997962023
5531985054469
5531965778000
5531986151299
5531985672934
5531987049991
5531995718147
5531992679827
5531996289882
5531993163082
5531987475525
5531992107654
5531999477648
5531996167440
5531998500909
5531997875343
5531992644645
5531994537206
5531992952232
5531987126020
5531989206395
5531988907821
5531986441532
5531987906511
5531984124218
5531991537178
5531988934215
5531996132440
5531987952160
5531988120863
5531999958455
5531999959864
5531993188839
5531994151289
5531997218519
5531996265461
5531998899255
5531985796627
5531996342785
5531988956215
5531996106586
5531986602452
5531994027764
5531993895179
5531997526171
5531988116140
5531985792718
5531999032383
5531987661422
5531985911931
5531985428972
5531985158594
5531992862103
5531988041993
5531983216008
5531983928310
5531985707502
5531999069428
5531984836935
5531987280619
5531991098576
5531995498243
5531988232542
5531998044669
5531985783463
5531995714582
5531995561316
5531987866594
5531995424200
5531986859480
5531987773443
5531999973031
5531985488919
5531987886594
5531968900960
5531999763010
5531999711243
5531988985717
5531992028882
5531985808586
5531988789026
5531984894250
5531988053467
5531998858366
5531986937390
5531999265914
5531985057421
5531985669106
5531987392561
5531985602278
5531992199517
5531989554512
5531989296459
5531988688025
5531992025171
5531985925950
5531992728757
5531992977526
5531991063473
5531971208077
5531988333129
5531997097098
5531999288350
5531991713406
5531975647652
5531998115215
5531988057414
5531986934519
5531997335462
5531998739198
5531980260418
5531991112241
5531985422256
5531996439984
5531988558454
5531997726160
5531987858449
5531993929979
5531997825004
5531992332013
5531999859511
5531989155394
5531991566422
5531999725253
5531993504998
5531986800045
5531989509248
5531998363318
5531995725431
5531988988668
5531989830633
5531999236557
5531991857452
5531988753442
5531997208476
5531987274169
5531998590339
5531986633500
5531999544666
5531987112738
5531986983987
5531984199961
5531999986050
5531982056012
5531982172381
5531987655254
5531985529825
5531995378058
5531983745462
5531983492027
5531986171461
5531998912097
5531997124740
5531988059377
5531992078030
5531986266671
5531998258588
5531988589576
5531984216614
5531986053594
5531987071267
5531999736124
5531995110045
5531999909951
5531998041995
5531982589771
5531971673161
5531994369440
5531981240465
5531991289309
5531996821838
5531997123723
5531992341145
5531999843111
5531996943717
5531989057914
5531983371625
5531996199079
5531992911301
5531991640065
5531982111857
5531984466137
5531983965863
5531983609562
5531995915095
5531999699179
5531996023049
5531988858836
5531986315343
5531997318903
5531983317021
5531993083639
5531989821837
5531988111827
5531998600295
5531986047870
5531986714575
5531991068393
5531987070921
5531996530552
5531989587176
5531991285443
5531996675903
5531992085730
5531988898039
5531992122551
5531986137336
5531996829299
5531985402437
5531998642477
5531999048910
5531982397030
5531991619320
5531984912456
5531988288487
5531989892246
5531991036339
5531986463364
5531971425132
5531984699218
5531971705459
5531999253125
5531991710964
5531997341745
5531985451801
5531991957372
5531986951423
5531996349996
5531987998946
5531991923720
5531971456969
5531984446604
5531980255308
5531985531106
5531997228754
5531996886069
5531999742275
5531998547614
5531994460798
5531985330387
5531986220677
5531989358085
5531995036733
5531999798174
5531988307332
5531996765577
5531998715104
5531998942148
5531992137916
5531991302292
5531971145036
5531999562751
5531987031020
5531996801961
5531994110901
5531991096939
5531988683174
5531989591449
5531991285644
5531985559330
5531986181440
5531983368020
5531997327830
5531991948663
5531975424413
5531988089793
5531989833597
5531980407240
5531971683189
5531998254544
5531973486167
5531993692966
5531988878818
5531996527066
5531988661961
5531987309786
5531988833025
5531999166837
5531998024423
5531986574244
5531983164480
5531988985628
5531995042580
5531991893821
5531987293107
5531991388676
5531997252172
5531966592350
5531999847699
5531995466530
5531996640228
5531998892984
5531987825009
5531998748778
5531999826183
5531988421151
5531985292042
5531991828850
5531995313966
5531995532220
5531997907204
5531971306180
5531997502429
5531995521290
5531991225771
5531989628257
5531996240316
5531986536997
5531998697317
5531995922569
5531984549636
5531998715308
5531992027772
5531992630852
5531999203192
5531988807820
5531999931954
5531989327002
5531988905592
5531999534442
5531997563896
5531987368562
5531985397361
5531988226519
5531989173807
5531988504503
5531996163472
5531988861260
5531998396059
5531988284743
5531988181121
5531986142303
5531989199517
5531988403266
5531984615256
5531988570340
5531989217343
5531991978698
5531999818623
5531989608683
5531984859033
5531993114358
5531999182081
5531994089761
5531986323142
5531997490892
5531995882714
5531997269875
5531996255316
5531971819280
5531997734591
5531988743242
5531984515287
5531987664623
5531999613737
5531986927721
5531987757153
5531997502791
5531971868183
5531999347232
5531985326151
5531992449798
5531991117801
5531987312243
5531985859860
5531994365435
5531988529812
5531996119728
5531991978189
5531995468794
5531988035648
5531986411644
5531974010460
5531968104980
5531991482374
5531991597238
5531996272820
5531998614988
5531995141986
5531995297563
5531996514847
5531993240673
5531993090224
5531971108193
5531975760001
5531999737107
5531984718649
5531996064981
5531995394228
5531986957204
5531975664838
5531987742016
5531999884498
5531996584618
5531988412297
5531997745212
5531989123203
5531997584517
5531983340068
5531999901848
5531987820912
5531982318856
5531985945900
5531993323162
5531975967812
5531984500829
5531992876895
5531988457888
5531989378935
5531988984787
5531989197990
5531985343502
5531985873862
5531988508715
5531999281740
5531998212768
5531989696628
5531984711519
5531986026346
5531971091799
5531988754428
5531998761539
5531988989810
5531999229931
5531988023466
5531985384220
5531988632203
5531999593673
5531986818718
5531987257970
5531994413010
5531986291790
5531989495258
5531993027955
5531981885541
5531985304813
5531999285352
5531996376441
5531988491407
5531975108841
5531995497148
5531995746540
5531999599755
5531996506635
5531996735306
5531971850109
5531997721296
5531989857688
5531983336239
5531997624172
5531986492465
5531997105544
5531984343332
5531986695869
5531989603876
5531991581358
5531999073433
5531997280218
5531982603542
5531989563064
5531995388097
5531985639541
5531987251481
5531989062144
5531983697013
5531999943108
5531984929193
5531989598445
5531992064606
5531994771685
5531991682790
5531988606591
5531987570350
5531985477397
5531988706619
5531988607794
5531987052470
5531988916864
5531999280008
5531987383917
5531985814120
5531987899682
5531997435944
5531985853414
5531995436047
5531996212105
5531987830108
5531987309725
5531997563455
5531999396606
5531971532662
5531999917944
5531989056966
5531971207878
5531991103390
5531986266150
5531998073119
5531999777884
5531985723504
5531999052413
5531982107226
5531983341592
5531983144283
5531991991206
5531984854805
5531971195897
5531987483109
5531997022071
5531995797115
5531989292101
5531975755036
5531975635707
5531986788344
5531982386275
5531999567345
5531996389674
5531989222845
5531988519164
5531998979242
5531983003576
5531999743660
5531997020598
5531987460314
5531989916847
5531989170631
5531988122239
5531995167726
5531996638760
5531992677223
5531999812886
5531988603914
5531991114925
5531998454839
5531986932142
5531984029642
5531982673741
5531988081205
5531999740286
5531997976070
5531987190049
5531997929830
5531984264467
5531999658302
5531997641505
5531984788889
5531985816224
5531986856396
5531988147104
5531971419919
5531987371150
5531988154565
5531991404825
5531982039528
5531991021161
5531986504239
5531997464760
5531971325333
5531994556681
5531987748462
5531992526277
5531993143415
5531973426978
5531975444410
5531988409481
5531982158505
5531994076156
5531984456015
5531989159837
5531988972899
5531991535606
5531993551191
5531992318490
5531991065137
5531998335481
5531997617627
5531988136545
5531991144137
5531989475882
5531999896252
5531974019374
5531999583947
5531988886508
5531984201594
5531987155919
5531996065883
5531999771369
5531989508863
5531989248312
5531975184333
5531996006572
5531997841724
5531995894889
5531999240775
5531992318529
5531987838436
5531997379211
5531988877670
5531997238824
5531989301632
5531971632278
5531988747309
5531999418218
5531997442970
5531989340725
5531988085352
5531999066945
5531989569455
5531999133598
5531996995009
5531984201229
5531996231406
5531982324217
5531986114520
5531994450207
5531991855741
5531991387096
5531986764246
5531998221630
5531995909650
5531992907992
5531992556647
5531989575973
5531987207148
5531984192919
5531997223909
5531986772791
5531985650346
5531997313695
5531988279037
5531991929806
5531988045227
5531994002159
5531985597816
5531997148006
5531991973946
5531987490726
5531997159593
5531987435424
5531989343367
5531987203707
5531987122230
5531989284437
5531987377626
5531989277636
5531998689196
5531992585204
5531988164547
5531991970871
5531989604252
5531998369832
5531999878428
5531995446364
5531988449969
5531997698649
5531999998490
5531983992346
5531999743800
5531984712841
5531989079394
5531984145372
5531988004067
5531988197909
5531998091472
5531991995739
5531996458665
5531985983858
5531996321874
5531998780671
5531999917820
5531992137594
5531989673519
5531985717680
5531996712252
5531985785035
5531989026144
5531996523782
5531999542186
5531991725197
5531991683259
5531999851213
5531996167948
5531973655486
5531991883733
5531984618569
5531996013214
5531995192422
5531992092809
5531997205103
5531989705048
5531996804545
5531989050493
5531998462080
5531992789452
5531986459403
5531998690235
5531989012036
5531984451155
5531994958779
5531988530782
5531988809255
5531983083016
5531997475905
5531996191427
5531988339607
5531984931397
5531998759766
5531998938574
5531989424248
5531988112077
5531989301762
5531993074512
5531996354212
5531997915914
5531997123042
5531999749534
5531994318784
5531996154711
5531992267737
5531986083589
5531988690402
5531984661427
5531996798470
5531975626400
5531984569863
5531997080373
5531994215820
5531987966117
5531984105113
5531987026796
5531989498159
5531971301968
5531983615235
5531971684446
5531988747638
5531991835248
5531999470067
5531995729585
5531995796534
5531999958439
5531980167071
5531985411586
5531987774816
5531986516032
5531987451862
5531996382447
5531988267455
5531987957698
5531988520738
5531996018584
5531998683023
5531988626154
5531999662937
5531985782189
5531986363704
5531989306653
5531996027755
5531989118746
5531993860588
5531991417956
5531982108588
5531998803424
5531997880892
5531998026963
5531975546963
5531989195199
5531983373175
5531996094709
5531988607833
5531993091249
5531987518091
5531996149614
5531991612892
5531998048380
5531998481313
5531985733572
5531984640222
5531983612885
5531997464076
5531994039880
5531995862987
5531991054188
5531998253558
5531991067459
5531988335083
5531993156280
5531999782858
5531983129412
5531991323339
5531986979214
5531986242021
5531985860243
5531984365110
5531999517679
5531988904649
5531991639336
5531995180622
5531988921671
5531996395511
5531984766724
5531998672625
5531992175199
5531985671532
5531995247492
5531999681579
5531993013752
5531984394614
5531991839929
5531996411188
5531983046702
5531983640090
5531988531777
5531993075865
5531986626951
5531986898861
5531991854666
5531993264165
5531982630044
5531998518433
5531996827360
5531998752711
5531984118697
5531993065151
5531987953728
5531991117706
5531985185553
5531988368012
5531994491457
5531983752572
5531989361814
5531983835679
5531988993847
5531992674551
5531985154501
5531998518042
5531984641962
5531971629734
5531996460394
5531997154899
5531999839034
5531985611436
5531998207410
5531997333562
5531992750784
5531982221000
5531991298981
5531997042132
5531987820305
5531984289325
5531991698828
5531999737933
5531993748850
5531984942422
5531995056965
5531997506178
5531991327850
5531991361119
5531999843900
5531991334281
5531986001397
5531989280897
5531998078308
5531988311231
5531988815809
5531996692553
5531988221604
5531985952859
5531995294804
5531985463224
5531996862474
5531986680586
5531997066997
5531982199463
5531996215609
5531987399977
5531997664999
5531996027604
5531988687554
5531984647413
5531988023924
5531999920466
5531988584735
5531992081974
5531992824789
5531999590016
5531996131001
5531993335445
5531992325243
5531999622629
5531986752851
5531971654757
5531989346517
5531988810312
5531992679697
5531985493068
5531997968003
5531971784388
5531986320689
5531992831175
5531993782013
5531995547381
5531984963237
5531999784672
5531996067228
5531987428856
5531988296998
5531988965498
5531991595058
5531995090493
5531985057292
5531986596092
5531987476681
5531989276368
5531998363165
5531998699095
5531996862711
5531989103375
5531998577436
5531984397518
5531998306030
5531999903252
5531971394469
5531989471025
5531992382751
5531985550649
5531985197224
5531998848026
5531999424155
5531984992684
5531992255165
5531997373861
5531984178579
5531992706745
5531994056505
5531992743288
5531999072668
5531999641114
5531982192900
5531989506596
5531984574711
5531989120047
5531991775897
5531988862529
5531998616864
5531997592943
5531986998934
5531986642158
5531992130497
5531991947949
5531988819182
5531991967648
5531996849750
5531998511346
5531986082544
5531985528248
5531985636929
5531991988418
5531984788242
5531988894080
5531988171819
5531988057177
5531989830386
5531997750808
5531983306479
5531995066747
5531982939367
5531985101906
5531985101406
5531994758766
5531986122826
5531968124320
5531989614306
5531989581255
5531987536936
5531985748407
5531973360037
5531988910496
5531995078957
5531989395288
5531998999238
5531988230735
5531999633160
5531971395621
5531991369130
5531986274784
5531998498726
5531999436517
5531995528077
5531982199507
5531999034600
5531991389061
5531991197025
5531983584981
5531997427813
5531991538670
5531987214206
5531986987005
5531997935460
5531987785383
5531986447042
5531996634242
5531987894671
5531996844979
5531992161237
5531988864516
5531999512480
5531996747200
5531984211377
5531986311500
5531989201571
5531985102746
5531986633978
5531985780631
5531996424171
5531991413472
5531997079760
5531996380771
5531991916826
5531991880168
5531996155087
5531971260657
5531999904577
5531961727170
5531997336945
5531996258819
5531986193849
5531986510528
5531995881859
5531989431678
5531991098997
5531985184965
5531998489176
5531991369350
5531998958272
5531993960500
5531988537341
5531985812138
5531985707267
5531988290581
5531984488387
5531986946060
5531983030997
5531987926617
5531988199201
5531986743410
5531995256988
5531988978780
5531971160325
5531986732616
5531998341257
5531984661247
5531999933510
5531988653443
5531986104938
5531991975306
5531989663411
5531971360537
5531988091494
5531984706830
5531993536869
5531962104810
5531995896893
5531993933325
5531986441241
5531987836134
5531999764803
5531983754507
5531995950955
5531987376698
5531992872296
5531995579469
5531989639011
5531984911576
5531985212415
5531991062357
5531991290003
5531987160554
5531971291504
5531991147187
5531999492726
5531988620950
5531996493561
5531988879778
5531989107688
5531998631848
5531986580482
5531996523346
5531998431628
5531994746015
5531999441940
5531996706229
5531999199469
5531987946435
5531988176774
5531999457035
5531985623200
5531998197423
5531985391207
5531997892737
5531997698862
5531998223848
5531997177717
5531986602229
5531985720221
5531985177871
5531986266935
5531997672086
5531996449166
5531986049758
5531984364652
5531988666256
5531989376287
5531986417450
5531991831263
5531989252181
5531997914349
5531992434787
5531999770560
5531985773824
5531996336214
5531987307728
5531988832720
5531996771497
5531987374350
5531984347876
5531987822640
5531991835420
5531989494237
5531996213456
5531999765083
5531996778639
5531997275796
5531998570940
5531985095308
5531988761825
5531999835424
5531988896453
5531999706475
5531998480562
5531999779847
5531987611316
5531987620257
5531996412968
5531995789774
5531986929589
5531982590059
5531989904198
5531993213794
5531994145225
5531986282066
5531982809584
5531995504852
5531996062382
5531996458486
5531987938001
5531987152748
5531991841813
5531985902738
5531991772596
5531988630987
5531995090307
5531999026831
5531971325363
5531998493167
5531985736808
5531971750886
5531995022375
5531992140803
5531997773484
5531995734997
5531985653221
5531991149840
5531998121494
5531996205176
5531995816892
5531971095822
5531971136201
5531988170008
5531988633030
5531992097408
5531996969438
5531998562381
5531984878826
5531989241509
5531971451110
5531997926542
5531988484138
5531999154906
5531999123577
5531989807591
5531996133817
5531991204299
5531985457962
5531988965501
5531991788150
5531984116836
5531997050292
5531987518905
5531987726469
5531995001079
5531984799903
5531985816032
5531999328124
5531988516971
5531997495303
5531989342649
5531991031509
5531992057500
5531993144785
5531999944535
5531996209801
5531987217681
5531983632163
5531988087289
5531991782352
5531989399195
5531980103189
5531971485102
5531997707048
5531988670543
5531985778525
5531988683644
5531986023635
5531993362002
5531988178639
5531989804991
5531987373525
5531999785889
5531985819773
5531992785401
5531988910540
5531998046631
5531991058933
5531995049777
5531991101161
5531995939808
5531999466056
5531983295794
5531970459580
5531993803978
5531995767082
5531996578089
5531994800710
5531983167639
5531988779888
5531986890139
5531988194863
5531994795659
5531996896070
5531986401643
5531988235508
5531987419237
5531987421273
5531986628842
5531991019824
5531991371826
5531986388666
5531999350026
5531996798577
5531991948715
5531996515041
5531985056563
5531994306567
5531984681761
5531996938497
5531984694499
5531988669199
5531973144925
5531996110258
5531998970935
5531998220231
5531988211471
5531991239801
5531996678943
5531997077684
5531984373927
5531988221804
5531997483573
5531987212019
5531985409106
5531984367621
5531999998113
5531988355810
5531988637816
5531992592067
5531988437872
5531997782735
5531980220132
5531991305855
5531971467910
5531999391415
5531988176474
5531999759397
5531992929711
5531993051493
5531988274190
5531996527942
5531995220998
5531984702298
5531992238976
5531987440964
5531987259713
5531987894663
5531998052374
5531997960895
5531984467601
5531971622595
5531987716867
5531988272712
5531985344717
5531988736681
5531995619457
5531971640188
5531984843259
5531987958393
5531996705566
5531988768143
5531986986469
5531985215564
5531991832658
5531988761883
5531996997238
5531987247163
5531983006855
5531998392603
5531998293867
5531980201375
5531998991720
5531988129367
5531988336665
5531985551599
5531996485461
5531986271653
5531988742491
5531988527941
5531992831398
5531991868590
5531998235087
5531996001415
5531996431856
5531996861657
5531985638544
5531997719515
5531992831040
5531988704295
5531991114399
5531984644344
5531998616757
5531995030116
5531996360705
5531992421188
5531998029229
5531988091643
5531985115478
5531992544253
5531985669341
5531988044582
5531983415497
5531995766387
5531986046415
5531987370927
5531984483323
5531989582806
5531994060799
5531998709716
5531998061749
5531999168601
5531988659041
5531987451241
5531995168642
5531987200593
5531998427200
5531997527499
5531994030127
5531993213027
5531998269495
5531975094444
5531971143044
5531995966328
5531999721265
5531999366933
5531997411626
5531971351762
5531991915720
5531989386754
5531995885277
5531999402334
5531971112476
5531971859509
5531985817169
5531989803313
5531997076170
5531999143750
5531986733470
5531999132752
5531985988158
5531975645334
5531984991759
5531971147217
5531992920704
5531992391442
5531985106544
5531997581527
5531996971383
5531984447888
5531993242732
5531988094180
5531995917202
5531989437960
5531984576619
5531985419372
5531991130840
5531997885784
5531999795058
5531988422096
5531991896080
5531988817508
5531988215080
5531988638257
5531998466321
5531971852144
5531999329493
5531997403832
5531992242266
5531989490942
5531992178297
5531996844964
5531983613339
5531971279048
5531987024042
5531998170729
5531989376894
5531991065390
5531988214017
5531991327922
5531986161128
5531989748764
5531998926224
5531988584941
5531996347840
5531996060095
5531987328607
5531998213900
5531997610240
5531987497247
5531984162371
5531995153109
5531995238252
5531997251215
5531986366059
5531983634971
5531982318740
5531998488031
5531996445095
5531987585171
5531989590234
5531985148224
5531973015902
5531999032846
5531986291246
5531985634856
5531996785240
5531987871066
5531998246969
5531995954355
5531988335232
5531997148998
5531999021240
5531999238429
5531991999059
5531991347233
5531998270470
5531998661027
5531985500280
5531994041729
5531995807735
5531996427505
5531984033486
5531988732908
5531996101577
5531987547731
5531996149091
5531997939931
5531984970939
5531996212958
5531988849429
5531997896260
5531995186205
5531986367301
5531988454518
5531994188529
5531994113627
5531998754715
5531995621969
5531998291347
5531985533900
5531991076207
5531998085737
5531993290435
5531997715831
5531996928902
5531986010588
5531983244271
5531997031455
5531991186686
5531984147090
5531982821818
5531985056524
5531986308389
5531996770177
5531987569164
5531986647475
5531987018019
5531997696360
5531984228463
5531986131582
5531992479852
5531995930798
5531991285845
5531971249967
5531986249939
5531986576556
5531996356982
5531985014595
5531997278513
5531999811150
5531995966637
5531999766974
5531988828915
5531986939807
5531991662401
5531988534308
5531996902612
5531986972438
5531996032205
5531999558950
5531993366709
5531989590794
5531980101442
5531988651302
5531996587773
5531985471697
5531998523671
5531989490960
5531999741213
5531973633772
5531991920816
5531988323175
5531988987660
5531999927577
5531998339754
5531997484990
5531984124542
5531992130486
5531993355765
5531991449307
5531996450728
5531995103599
5531996608906
5531986246771
5531994618011
5531992326216
5531995782133
5531999537563
5531989093628
5531988665701
5531996370432
5531989463044
5531998661378
5531993430320
5531999016671
5531983074895
5531997156006
5531996033797
5531991242442
5531984462284
5531987597214
5531998986297
5531986164223
5531998887705
5531983878544
5531993581229
5531985877324
5531997026577
5531985700643
5531987292596
5531999971454
5531988834398
5531993789849
5531982698972
5531989487748
5531995130692
5531993620957
5531996433647
5531991720909
5531997611520
5531963765330
5531998001309
5531986868576
5531984582355
5531992226236
5531971671269
5531986488015
5531988504633
5531993556159
5531988650984
5531983503296
5531988106410
5531999810096
5531986866799
5531998815865
5531998612267
5531993794069
5531987260401
5531985920454
5531991544876
5531988851328
5531989317801
5531986941673
5531998193784
5531998983080
5531991752461
5531982676989
5531985514678
5531997258990
5531988323522
5531987354736
5531992446468
5531988249629
5531999082159
5531985943985
5531997697180
5531991079841
5531989133988
5531991119405
5531995701797
5531998370356
5531983004303
5531988042499
5531983861013
5531998406572
5531985574744
5531988606398
5531989773228
5531992426305
5531994347198
5531973112380
5531996573576
5531991333898
5531983646323
5531993280955
5531998412687
5531985577967
5531983218934
5531985725078
5531985933606
5531995168676
5531991988193
5531988793007
5531999231670
5531984219162
5531996654407
5531996024717
5531991478770
5531992297622
5531999678970
5531985980380
5531984742687
5531997260038
