5514997184953
5514997184957
5514997184959
5514997184960
5514997184964
5514997184965
5514997184966
5514997184969
5514997184970
5514997184974
5514997184983
5514997184991
5514997185000
5514997185002
5514997185003
5514997185005
5514997185010
5514997185012
5514997185013
5514997185020
5514997185029
5514997185032
5514997185043
5514997185049
5514997185056
5514997185057
5514997185058
5514997185060
5514997185068
5514997185069
5514997185071
5514997185078
5514997185080
5514997185095
5514997185096
5514997185098
5514997185102
5514997185103
5514997185108
5514997185117
5514997185118
5514997185127
5514997185128
5514997185139
5514997185146
5514997185150
5514997185151
5514997185161
5514997185164
5514997185182
5514997185183
5514997185188
5514997185193
5514997185208
5514997185215
5514997185230
5514997185235
5514997185241
5514997185243
5514997185268
5514997185276
5514997185279
5514997185283
5514997185293
5514997185296
5514997185299
5514997185312
5514997185313
5514997185320
5514997185323
5514997185325
5514997185335
5514997185336
5514997185338
5514997185339
5514997185343
5514997185344
5514997185348
5514997185355
5514997185357
5514997185358
5514997185359
5514997185368
5514997185417
5514997185423
5514997185436
5514997185437
5514997185438
5514997185454
5514997185457
5514997185463
5514997185474
5514997185480
5514997185489
5514997185505
5514997185519
5514997185520
5514997185521
5514997185522
5514997185525
5514997185526
5514997185533
5514997185538
5514997185545
5514997185547
5514997185555
5514997185566
5514997185586
5514997185595
5514997185599
5514997185600
5514997185609
5514997185614
5514997185615
5514997185616
5514997185623
5514997185627
5514997185629
5514997185639
5514997185643
5514997185664
5514997185669
5514997185671
5514997185673
5514997185674
5514997185675
5514997185678
5514997185691
5514997185693
5514997185709
5514997185718
5514997185719
5514997185720
5514997185729
5514997185744
5514997185746
5514997185748
5514997185750
5514997185751
5514997185763
5514997185767
5514997185773
5514997185774
5514997185775
5514997185780
5514997185800
5514997185802
5514997185808
5514997185825
5514997185829
5514997185832
5514997185846
5514997185847
5514997185851
5514997185853
5514997185855
5514997185856
5514997185858
5514997185859
5514997185868
5514997185872
5514997185879
5514997185883
5514997185888
5514997185894
5514997185895
5514997185898
5514997185899
5514997185921
5514997185928
5514997185939
5514997185941
5514997185943
5514997185946
5514997185947
5514997185950
5514997185958
5514997185963
5514997185965
5514997185968
5514997185975
5514997185980
5514997185981
5514997185988
5514997185995
5514997185996
5514997186002
5514997186015
5514997186017
5514997186019
5514997186026
5514997186027
5514997186028
5514997186031
5514997186034
5514997186037
5514997186038
5514997186047
5514997186057
5514997186061
5514997186068
5514997186085
5514997186086
5514997186089
5514997186103
5514997186104
5514997186106
5514997186107
5514997186115
5514997186121
5514997186124
5514997186127
5514997186128
5514997186129
5514997186130
5514997186142
5514997186145
5514997186150
5514997186161
5514997186162
5514997186164
5514997186169
5514997186172
5514997186174
5514997186179
5514997186196
5514997186200
5514997186207
5514997186208
5514997186220
5514997186222
5514997186227
5514997186239
5514997186262
5514997186274
5514997186275
5514997186290
5514997186296
5514997186305
5514997186315
5514997186320
5514997186321
5514997186332
5514997186349
5514997186362
5514997186364
5514997186369
5514997186377
5514997186378
5514997186384
5514997186393
5514997186405
5514997186407
5514997186420
5514997186426
5514997186428
5514997186435
5514997186436
5514997186439
5514997186440
5514997186443
5514997186445
5514997186446
5514997186447
5514997186451
5514997186459
5514997186468
5514997186471
5514997186473
5514997186478
5514997186481
5514997186482
5514997186483
5514997186487
5514997186492
5514997186493
5514997186517
5514997186522
5514997186525
5514997186533
5514997186543
5514997186560
5514997186563
5514997186566
5514997186568
5514997186570
5514997186574
5514997186579
5514997186586
5514997186589
5514997186593
5514997186596
5514997186600
5514997186603
5514997186605
5514997186606
5514997186609
5514997186642
5514997186652
5514997186655
5514997186656
5514997186657
5514997186662
5514997186667
5514997186669
5514997186672
5514997186674
5514997186683
5514997186691
5514997186698
5514997186719
5514997186727
5514997186734
5514997186736
5514997186737
5514997186739
5514997186741
5514997186748
5514997186750
5514997186762
5514997186765
5514997186766
5514997186776
5514997186778
5514997186784
5514997186809
5514997186827
5514997186843
5514997186875
5514997186877
5514997186889
5514997186892
5514997186905
5514997186915
5514997186917
5514997186945
5514997186948
5514997186958
5514997186961
5514997186964
5514997186968
5514997186971
5514997186985
5514997186993
5514997186995
5514997186996
5514997187003
5514997187005
5514997187008
5514997187010
5514997187013
5514997187020
5514997187024
5514997187025
5514997187030
5514997187035
5514997187040
5514997187050
5514997187051
5514997187070
5514997187075
5514997187076
5514997187077
5514997187086
5514997187087
5514997187088
5514997187097
5514997187108
5514997187110
5514997187111
5514997187122
5514997187127
5514997187131
5514997187136
5514997187148
5514997187161
5514997187176
5514997187179
5514997187198
5514997187207
5514997187210
5514997187217
5514997187219
5514997187221
5514997187228
5514997187232
5514997187236
5514997187237
5514997187240
5514997187241
5514997187242
5514997187243
5514997187246
5514997187249
5514997187250
5514997187252
5514997187254
5514997187265
5514997187270
5514997187272
5514997187274
5514997187277
5514997187283
5514997187286
5514997187303
5514997187304
5514997187305
5514997187307
5514997187309
5514997187318
5514997187331
5514997187332
5514997187344
5514997187354
5514997187363
5514997187364
5514997187369
5514997187371
5514997187373
5514997187376
5514997187385
5514997187390
5514997187395
5514997187405
5514997187406
5514997187411
5514997187424
5514997187425
5514997187429
5514997187430
5514997187432
5514997187433
5514997187455
5514997187456
5514997187471
5514997187475
5514997187482
5514997187484
5514997187510
5514997187512
5514997187514
5514997187521
5514997187530
5514997187531
5514997187545
5514997187551
5514997187552
5514997187567
5514997187568
5514997187578
5514997187586
5514997187588
5514997187591
5514997187603
5514997187605
5514997187611
5514997187621
5514997187623
5514997187624
5514997187626
5514997187628
5514997187632
5514997187645
5514997187650
5514997187653
5514997187674
5514997187676
5514997187680
5514997187682
5514997187692
5514997187703
5514997187719
5514997187724
5514997187740
5514997187770
5514997187779
5514997187783
5514997187785
5514997187786
5514997187795
5514997187800
5514997187802
5514997187820
5514997187823
5514997187829
5514997187830
5514997187834
5514997187837
5514997187842
5514997187843
5514997187845
5514997187847
5514997187848
5514997187850
5514997187856
5514997187864
5514997187866
5514997187867
5514997187872
5514997187873
5514997187874
5514997187879
5514997187883
5514997187894
5514997187897
5514997187900
5514997187904
5514997187909
5514997187914
5514997187923
5514997187925
5514997187931
5514997187935
5514997187948
5514997187965
5514997187968
5514997187974
5514997187976
5514997187977
5514997187988
5514997187989
5514997187993
5514997187995
5514997187996
5514997188015
5514997188024
5514997188030
5514997188038
5514997188041
5514997188043
5514997188045
5514997188048
5514997188049
5514997188050
5514997188051
5514997188056
5514997188062
5514997188074
5514997188075
5514997188076
5514997188078
5514997188086
5514997188088
5514997188095
5514997188100
5514997188101
5514997188109
5514997188112
5514997188116
5514997188125
5514997188131
5514997188140
5514997188141
5514997188148
5514997188149
5514997188150
5514997188157
5514997188172
5514997188176
5514997188180
5514997188182
5514997188188
5514997188189
5514997188191
5514997188198
5514997188212
5514997188215
5514997188216
5514997188219
5514997188222
5514997188226
5514997188235
5514997188243
5514997188247
5514997188254
5514997188255
5514997188267
5514997188285
5514997188286
5514997188309
5514997188314
5514997188324
5514997188325
5514997188332
5514997188333
5514997188356
5514997188358
5514997188360
5514997188381
5514997188386
5514997188390
5514997188396
5514997188397
5514997188409
5514997188417
5514997188420
5514997188428
5514997188437
5514997188442
5514997188446
5514997188454
5514997188456
5514997188457
5514997188458
5514997188459
5514997188464
5514997188468
5514997188470
5514997188475
5514997188485
5514997188487
5514997188488
5514997188493
5514997188498
5514997188499
5514997188506
5514997188515
5514997188518
5514997188519
5514997188533
5514997188536
5514997188540
5514997188544
5514997188546
5514997188548
5514997188553
5514997188559
5514997188563
5514997188564
5514997188568
5514997188573
5514997188574
5514997188575
5514997188580
5514997188581
5514997188583
5514997188591
5514997188599
5514997188605
5514997188612
5514997188614
5514997188615
5514997188619
5514997188620
5514997188622
5514997188627
5514997188628
5514997188643
5514997188644
5514997188646
5514997188648
5514997188650
5514997188652
5514997188658
5514997188672
5514997188676
5514997188678
5514997188687
5514997188688
5514997188692
5514997188700
5514997188710
5514997188718
5514997188732
5514997188747
5514997188750
5514997188759
5514997188761
5514997188765
5514997188766
5514997188775
5514997188781
5514997188784
5514997188785
5514997188804
5514997188830
5514997188848
5514997188849
5514997188858
5514997188860
5514997188861
5514997188862
5514997188871
5514997188872
5514997188883
5514997188888
5514997188893
5514997188894
5514997188910
5514997188921
5514997188949
5514997188954
5514997188963
5514997188970
5514997188985
5514997188993
5514997189002
5514997189004
5514997189008
5514997189019
5514997189020
5514997189031
5514997189032
5514997189038
5514997189047
5514997189057
5514997189060
5514997189062
5514997189066
5514997189072
5514997189074
5514997189075
5514997189078
5514997189081
5514997189086
5514997189092
5514997189097
5514997189098
5514997189101
5514997189107
5514997189112
5514997189114
5514997189117
5514997189122
5514997189127
5514997189132
5514997189142
5514997189144
5514997189148
5514997189149
5514997189151
5514997189154
5514997189157
5514997189162
5514997189164
5514997189168
5514997189174
5514997189176
5514997189180
5514997189181
5514997189182
5514997189190
5514997189192
5514997189194
5514997189199
5514997189200
5514997189203
5514997189212
5514997189219
5514997189230
5514997189233
5514997189239
5514997189242
5514997189245
5514997189247
5514997189250
5514997189251
5514997189254
5514997189259
5514997189261
5514997189263
5514997189264
5514997189273
5514997189279
5514997189297
5514997189305
5514997189306
5514997189309
5514997189312
5514997189316
5514997189319
5514997189325
5514997189333
5514997189343
5514997189348
5514997189357
5514997189358
5514997189360
5514997189365
5514997189366
5514997189368
5514997189369
5514997189374
5514997189392
5514997189393
5514997189394
5514997189396
5514997189397
5514997189406
5514997189410
5514997189411
5514997189420
5514997189431
5514997189436
5514997189440
5514997189448
5514997189449
5514997189453
5514997189463
5514997189467
5514997189469
5514997189472
5514997189484
5514997189494
5514997189497
5514997189500
5514997189503
5514997189506
5514997189516
5514997189520
5514997189521
5514997189523
5514997189527
5514997189528
5514997189544
5514997189551
5514997189554
5514997189555
5514997189571
5514997189578
5514997189587
5514997189588
5514997189600
5514997189601
5514997189602
5514997189618
5514997189623
5514997189627
5514997189638
5514997189639
5514997189644
5514997189648
5514997189650
5514997189658
5514997189661
5514997189662
5514997189667
5514997189668
5514997189676
5514997189680
5514997189681
5514997189684
5514997189691
5514997189694
5514997189703
5514997189712
5514997189717
5514997189724
5514997189728
5514997189732
5514997189743
5514997189744
5514997189745
5514997189758
5514997189759
5514997189767
5514997189770
5514997189772
5514997189793
5514997189803
5514997189804
5514997189806
5514997189809
5514997189817
5514997189821
5514997189822
5514997189824
5514997189827
5514997189832
5514997189836
5514997189844
5514997189847
5514997189849
5514997189859
5514997189864
5514997189879
5514997189880
5514997189881
5514997189888
5514997189895
5514997189897
5514997189900
5514997189909
5514997189913
5514997189918
5514997189922
5514997189939
5514997189943
5514997189947
5514997189949
5514997189950
5514997189952
5514997189975
5514997190117
5514997190171
5514997190188
5514997190207
5514997190214
5514997190243
5514997190282
5514997190472
5514997190495
5514997190538
5514997190649
5514997190659
5514997190673
5514997190719
5514997190748
5514997190846
5514997190852
5514997190917
5514997190988
5514997191039
5514997191073
5514997191083
5514997191155
5514997191178
5514997191223
5514997191235
5514997191257
5514997191360
5514997191505
5514997191631
5514997191632
5514997191707
5514997191738
5514997191803
5514997191880
5514997191901
5514997191904
5514997191950
5514997192085
5514997192099
5514997192151
5514997192225
5514997192228
5514997192271
5514997192293
5514997192305
5514997192307
5514997192308
5514997192334
5514997192425
5514997192517
5514997192774
5514997192796
5514997192898
5514997192953
5514997193005
5514997193016
5514997193025
5514997193033
5514997193091
5514997193099
5514997193130
5514997193155
5514997193347
5514997193349
5514997193511
5514997193516
5514997193533
5514997193624
5514997193704
5514997193717
5514997193738
5514997193811
5514997193812
5514997193866
5514997193897
5514997193945
5514997193965
5514997193997
5514997194107
5514997194123
5514997194249
5514997194335
5514997194366
5514997194371
5514997194414
5514997194449
5514997194454
5514997194467
5514997194492
5514997194580
5514997194590
5514997194622
5514997194678
5514997194757
5514997194915
5514997194961
5514997195006
5514997195031
5514997195054
5514997195055
5514997195085
5514997195091
5514997195103
5514997195147
5514997195177
5514997195187
5514997195234
5514997195285
5514997195316
5514997195371
5514997195414
5514997195450
5514997195471
5514997195520
5514997195557
5514997195571
5514997195673
5514997195684
5514997195717
5514997195781
5514997195785
5514997195841
5514997195882
5514997195890
5514997195891
5514997195927
5514997195931
5514997195936
5514997195942
5514997195945
5514997195971
5514997195977
5514997196001
5514997196107
5514997196124
5514997196170
5514997196194
5514997196225
5514997196226
5514997196228
5514997196244
5514997196253
5514997196310
5514997196327
5514997196339
5514997196417
5514997196460
5514997196472
5514997196484
5514997196539
5514997196620
5514997196639
5514997196709
5514997196776
5514997196806
5514997196807
5514997196914
5514997196917
5514997196969
5514997197006
5514997197007
5514997197024
5514997197058
5514997197083
5514997197207
5514997197216
5514997197257
5514997197300
5514997197339
5514997197418
5514997197461
5514997197477
5514997197536
5514997197553
5514997197566
5514997197693
5514997197710
5514997197740
5514997197770
5514997197971
5514997198005
5514997198032
5514997198304
5514997198312
5514997198384
5514997198430
5514997198432
5514997198491
5514997198497
5514997198537
5514997198589
5514997198593
5514997198651
5514997198725
5514997198823
5514997198863
5514997198876
5514997198931
5514997199013
5514997199018
5514997199025
5514997199043
5514997199061
5514997199076
5514997199082
5514997199091
5514997199113
5514997199122
5514997199141
5514997199148
5514997199149
5514997199216
5514997199224
5514997199231
5514997199243
5514997199246
5514997199274
5514997199283
5514997199485
5514997199560
5514997199603
5514997199637
5514997199669
5514997199684
5514997199793
5514997199819
5514997199856
5514997199895
5514997199901
5514997199917
5514997199925
5514997199934
5514997199984
5514997199995
5514997200205
5514997200757
5514997200845
5514997200855
5514997200916
5514997200919
5514997201056
5514997201134
5514997201437
5514997201440
5514997201447
5514997201454
5514997201655
5514997201695
5514997201709
5514997201857
5514997201876
5514997201916
5514997201937
5514997201944
5514997201949
5514997201958
5514997201978
5514997202111
5514997202261
5514997202398
5514997202402
5514997202474
5514997202731
5514997203004
5514997203021
5514997203057
5514997203131
5514997203160
5514997203266
5514997203343
5514997203771
5514997203835
5514997203969
5514997204028
5514997204032
5514997204138
5514997204222
5514997204242
5514997204323
5514997204334
5514997204708
5514997204757
5514997204942
5514997204943
5514997204948
5514997204971
5514997205030
5514997205040
5514997205189
5514997205484
5514997205617
5514997205652
5514997205671
5514997205837
5514997205840
5514997205866
5514997205871
5514997205952
5514997205958
5514997206046
5514997206151
5514997206344
5514997206430
5514997207117
5514997207139
5514997207272
5514997207290
5514997207363
5514997207462
5514997207828
5514997207879
5514997208124
5514997208154
5514997208166
5514997208212
5514997208404
5514997208501
5514997208602
5514997208668
5514997208804
5514997208835
5514997208843
5514997208844
5514997208846
5514997208856
5514997208859
5514997208875
5514997208883
5514997208895
5514997208900
5514997209072
5514997209118
5514997209128
5514997209148
5514997209551
5514997209769
5514997209948
5514997210030
5514997210033
5514997210108
5514997210169
5514997210207
5514997210248
5514997210336
5514997210366
5514997210406
5514997210415
5514997210480
5514997210485
5514997210538
5514997210564
5514997210585
5514997210589
5514997210606
5514997210647
5514997210671
5514997210688
5514997210740
5514997210856
5514997210859
5514997210887
5514997210888
5514997210916
5514997210956
5514997210971
5514997210975
5514997210987
5514997211034
5514997211059
5514997211151
5514997211160
5514997211236
5514997211259
5514997211260
5514997211308
5514997211312
5514997211351
5514997211368
5514997211444
5514997211446
5514997211505
5514997211587
5514997211727
5514997211886
5514997211968
5514997212032
5514997212201
5514997212273
5514997212356
5514997212425
5514997212448
5514997212465
5514997212517
5514997212615
5514997212645
5514997212692
5514997212697
5514997212701
5514997212727
5514997212768
5514997212835
5514997212842
5514997212845
5514997212879
5514997212888
5514997212952
5514997212955
5514997212973
5514997212991
5514997213027
5514997213059
5514997213111
5514997213158
5514997213162
5514997213186
5514997213216
5514997213231
5514997213244
5514997213304
5514997213326
5514997213339
5514997213385
5514997213393
5514997213413
5514997213430
5514997213434
5514997213521
5514997213544
5514997213584
5514997213608
5514997213615
5514997213671
5514997213716
5514997213732
5514997213734
5514997213771
5514997213797
5514997213811
5514997213989
5514997214020
5514997214034
5514997214054
5514997214059
5514997214109
5514997214128
5514997214172
5514997214232
5514997214237
5514997214270
5514997214355
5514997214443
5514997214486
5514997214602
5514997214611
5514997214615
5514997214690
5514997214713
5514997214732
5514997214741
5514997214837
5514997214866
5514997214913
5514997215047
5514997215225
5514997215246
5514997215281
5514997215288
5514997215291
5514997215306
5514997215338
5514997215342
5514997215428
5514997215514
5514997215516
5514997215589
5514997215625
5514997215628
5514997215632
5514997215674
5514997215685
5514997215719
5514997215720
5514997215722
5514997215727
5514997215737
5514997215756
5514997215773
5514997215809
5514997215811
5514997215819
5514997215839
5514997215854
5514997215855
5514997215913
5514997215924
5514997215928
5514997216009
5514997216021
5514997216040
5514997216054
5514997216099
5514997216161
5514997216166
5514997216167
5514997216221
5514997216225
5514997216274
5514997216288
5514997216366
5514997216437
5514997216439
5514997216487
5514997216501
5514997216508
5514997216562
5514997216577
5514997216594
5514997216595
5514997216684
5514997216780
5514997216835
5514997216873
5514997216971
5514997216997
5514997217026
5514997217032
5514997217054
5514997217132
5514997217195
5514997217301
5514997217417
5514997217421
5514997217455
5514997217478
5514997217506
5514997217514
5514997217521
5514997217556
5514997217587
5514997217591
5514997217619
5514997217645
5514997217680
5514997217701
5514997217715
5514997217798
5514997217918
5514997217934
5514997217964
5514997217965
5514997217999
5514997218006
5514997218176
5514997218179
5514997218180
5514997218190
5514997218201
5514997218310
5514997218312
5514997218329
5514997218378
5514997218382
5514997218461
5514997218734
5514997218930
5514997218934
5514997219010
5514997219100
5514997219101
5514997219139
5514997219183
5514997219241
5514997219439
5514997219446
5514997219447
5514997219468
5514997219524
5514997219593
5514997219617
5514997219620
5514997219634
5514997219653
5514997219800
5514997219811
5514997219822
5514997219833
5514997219843
5514997219861
5514997219864
5514997219867
5514997219908
5514997219921
5514997219961
5514997219971
5514997219983
5514997220012
5514997220107
5514997220207
5514997220210
5514997220214
5514997220246
5514997220428
5514997220507
5514997220518
5514997220535
5514997220612
5514997220622
5514997220662
5514997220690
5514997220694
5514997220747
5514997220772
5514997220782
5514997220791
5514997220807
5514997220938
5514997220986
5514997221082
5514997221118
5514997221148
5514997221164
5514997221264
5514997221296
5514997221336
5514997221417
5514997221478
5514997221504
5514997221618
5514997221686
5514997221700
5514997221759
5514997221848
5514997221863
5514997221884
5514997221911
5514997221944
5514997221946
5514997222073
5514997222085
5514997222242
5514997222248
5514997222322
5514997222341
5514997222351
5514997222373
5514997222377
5514997222432
5514997222524
5514997222608
5514997222690
5514997222803
5514997222816
5514997222863
5514997222878
5514997222910
5514997222926
5514997222931
5514997222954
5514997222965
5514997222971
5514997222972
5514997222975
5514997222983
5514997223085
5514997223086
5514997223093
5514997223101
5514997223109
5514997223127
5514997223130
5514997223136
5514997223142
5514997223171
5514997223195
5514997223221
5514997223327
5514997223346
5514997223350
5514997223440
5514997223452
5514997223477
5514997223531
5514997223539
5514997223646
5514997223647
5514997223671
5514997223717
5514997223720
5514997223729
5514997223739
5514997223743
5514997223746
5514997223816
5514997223825
5514997223837
5514997223931
5514997223960
5514997223961
5514997223970
5514997224018
5514997224022
5514997224092
5514997224093
5514997224262
5514997224307
5514997224322
5514997224343
5514997224373
5514997224375
5514997224393
5514997224426
5514997224468
5514997224475
5514997224484
5514997224557
5514997224570
5514997224635
5514997224683
5514997224709
5514997224732
5514997224771
5514997224782
5514997224824
5514997224887
5514997225210
5514997225281
5514997225301
5514997225308
5514997225314
5514997225321
5514997225468
5514997225486
5514997225494
5514997225543
5514997225555
5514997225629
5514997225650
5514997225687
5514997225708
5514997225772
5514997225870
5514997225885
5514997225909
5514997225983
5514997226038
5514997226040
5514997226231
5514997226243
5514997226272
5514997226298
5514997226323
5514997226335
5514997226395
5514997226410
5514997226425
5514997226427
5514997226479
5514997226705
5514997226715
5514997226721
5514997226838
5514997226869
5514997226896
5514997226925
5514997226948
5514997226952
5514997226971
5514997226976
5514997226997
5514997227027
5514997227038
5514997227097
5514997227127
5514997227276
5514997227394
5514997227436
5514997227495
5514997227553
5514997227602
5514997227606
5514997227658
5514997227705
5514997227724
5514997227742
5514997227838
5514997227867
5514997227958
5514997227963
5514997228161
5514997228175
5514997228193
5514997228197
5514997228308
5514997228373
5514997228375
5514997228544
5514997228597
5514997228683
5514997228777
5514997228828
5514997228845
5514997228900
5514997228904
5514997228940
5514997228974
5514997228981
5514997228997
5514997229020
5514997229029
5514997229063
5514997229135
5514997229255
5514997229266
5514997229309
5514997229314
5514997229322
5514997229351
5514997229369
5514997229440
5514997229441
5514997229549
5514997229594
5514997229621
5514997229694
5514997229728
5514997229752
5514997229789
5514997229912
5514997229957
5514997229980
5514997230080
5514997230149
5514997230173
5514997230184
5514997230212
5514997230216
5514997230306
5514997230315
5514997230349
5514997230371
5514997230438
5514997230465
5514997230473
5514997230475
5514997230485
5514997230532
5514997230538
5514997230560
5514997230590
5514997230685
5514997230713
5514997230718
5514997230731
5514997230739
5514997230763
5514997230790
5514997230806
5514997230873
5514997230888
5514997230981
5514997230998
5514997231021
5514997231138
5514997231143
5514997231157
5514997231191
5514997231215
5514997231221
5514997231236
5514997231267
5514997231305
5514997231323
5514997231347
5514997231357
5514997231370
5514997231395
5514997231427
5514997231446
5514997231450
5514997231457
5514997231560
5514997231582
5514997231583
5514997231587
5514997231625
5514997231668
5514997231709
5514997231741
5514997231839
5514997231857
5514997232039
5514997232042
5514997232057
5514997232136
5514997232197
5514997232204
5514997232209
5514997232219
5514997232308
5514997232342
5514997232346
5514997232370
5514997232392
5514997232395
5514997232402
5514997232472
5514997232610
5514997232622
5514997232626
5514997232642
5514997232654
5514997232843
5514997232981
5514997233029
5514997233114
5514997233299
5514997233334
5514997233429
5514997233436
5514997233463
5514997233499
5514997233534
5514997233624
5514997233637
5514997233706
5514997233743
5514997233762
5514997233795
5514997233806
5514997233825
5514997233839
5514997233896
5514997233924
5514997233997
5514997234001
5514997234068
5514997234076
5514997234153
5514997234169
5514997234265
5514997234283
5514997234288
5514997234308
5514997234323
5514997234347
5514997234353
5514997234369
5514997234398
5514997234502
5514997234565
5514997234597
5514997234600
5514997234770
5514997234775
5514997234876
5514997235151
5514997235155
5514997235163
5514997235189
5514997235232
5514997235328
5514997235364
5514997235399
5514997235531
5514997235533
5514997235577
5514997235584
5514997235652
5514997235654
5514997235657
5514997235673
5514997235698
5514997235821
5514997235827
5514997235829
5514997235932
5514997235954
5514997235975
5514997236066
5514997236072
5514997236075
5514997236116
5514997236132
5514997236214
5514997236233
5514997236313
5514997236324
5514997236332
5514997236346
5514997236364
5514997236390
5514997236402
5514997236430
5514997236461
5514997236470
5514997236500
5514997236504
5514997236524
5514997236556
5514997236594
5514997236612
5514997236631
5514997236635
5514997236728
5514997236943
5514997236995
5514997237012
5514997237088
5514997237092
5514997237107
5514997237137
5514997237169
5514997237208
5514997237224
5514997237280
5514997237295
5514997237296
5514997237315
5514997237348
5514997237364
5514997237367
5514997237408
5514997237411
5514997237504
5514997237571
5514997237590
5514997237617
5514997237686
5514997237689
5514997237816
5514997237818
5514997237833
5514997237835
5514997237957
5514997238064
5514997238074
5514997238205
5514997238290
5514997238315
5514997238318
5514997238323
5514997238330
5514997238333
5514997238337
5514997238373
5514997238375
5514997238384
5514997238403
5514997238404
5514997238409
5514997238411
5514997238422
5514997238432
5514997238438
5514997238440
5514997238443
5514997238525
5514997238526
5514997238528
5514997238531
5514997238539
5514997238543
5514997238569
5514997238570
5514997238571
5514997238575
5514997238578
5514997238580
5514997238589
5514997238600
5514997238620
5514997238630
5514997238639
5514997238647
5514997238652
5514997238657
5514997238663
5514997238682
5514997238684
5514997238695
5514997238696
5514997238699
5514997238701
5514997238702
5514997238707
5514997238715
5514997238717
5514997238724
5514997238733
5514997238735
5514997238740
5514997238751
5514997238753
5514997238764
5514997238842
5514997238845
5514997238890
5514997238896
5514997238933
5514997238934
5514997238935
5514997238947
5514997238954
5514997238962
5514997238973
5514997238976
