5514997145403
5514997145442
5514997145505
5514997145510
5514997145576
5514997145621
5514997145637
5514997145671
5514997145709
5514997145844
5514997145854
5514997145902
5514997145965
5514997145972
5514997145995
5514997146046
5514997146085
5514997146146
5514997146256
5514997146303
5514997146353
5514997146420
5514997146495
5514997146559
5514997146570
5514997146575
5514997146577
5514997146697
5514997146701
5514997146708
5514997146714
5514997146742
5514997146786
5514997146791
5514997146800
5514997146933
5514997146939
5514997146944
5514997146958
5514997146995
5514997147056
5514997147092
5514997147097
5514997147129
5514997147241
5514997147284
5514997147338
5514997147452
5514997147461
5514997147465
5514997147472
5514997147474
5514997147496
5514997147549
5514997147569
5514997147638
5514997147665
5514997147676
5514997147713
5514997147716
5514997147747
5514997147758
5514997147761
5514997147772
5514997147793
5514997147850
5514997147873
5514997147878
5514997147886
5514997147933
5514997147934
5514997147973
5514997147975
5514997148008
5514997148078
5514997148137
5514997148144
5514997148158
5514997148160
5514997148267
5514997148303
5514997148372
5514997148462
5514997148490
5514997148671
5514997148814
5514997148863
5514997148878
5514997148936
5514997148951
5514997148960
5514997149042
5514997149239
5514997149341
5514997149345
5514997149362
5514997149377
5514997149428
5514997149460
5514997149536
5514997149547
5514997149592
5514997149604
5514997149628
5514997149864
5514997149928
5514997149954
5514997149997
5514997150044
5514997150144
5514997150147
5514997150257
5514997150530
5514997150562
5514997150676
5514997150761
5514997150810
5514997150825
5514997150898
5514997150954
5514997150975
5514997151030
5514997151105
5514997151151
5514997151194
5514997151318
5514997151369
5514997151493
5514997151498
5514997151517
5514997151538
5514997151556
5514997151621
5514997151650
5514997151663
5514997151670
5514997151678
5514997151687
5514997151711
5514997151813
5514997151814
5514997151816
5514997151847
5514997151865
5514997151908
5514997151936
5514997151986
5514997152044
5514997152109
5514997152239
5514997152279
5514997152377
5514997152414
5514997152578
5514997152651
5514997152685
5514997152812
5514997152827
5514997152835
5514997152995
5514997153012
5514997153111
5514997153145
5514997153206
5514997153210
5514997153245
5514997153248
5514997153253
5514997153299
5514997153300
5514997153328
5514997153377
5514997153442
5514997153552
5514997153628
5514997153699
5514997153718
5514997153756
5514997153838
5514997153877
5514997154021
5514997154078
5514997154131
5514997154275
5514997154400
5514997154412
5514997154439
5514997154465
5514997154570
5514997154585
5514997154623
5514997154727
5514997154763
5514997154769
5514997154787
5514997154897
5514997154933
5514997154934
5514997154970
5514997154986
5514997155042
5514997155049
5514997155158
5514997155183
5514997155194
5514997155225
5514997155275
5514997155320
5514997155368
5514997155407
5514997155482
5514997155505
5514997155538
5514997155553
5514997155571
5514997155635
5514997155637
5514997155643
5514997155650
5514997155652
5514997155653
5514997155663
5514997155664
5514997155719
5514997155857
5514997155875
5514997155898
5514997155907
5514997155921
5514997155932
5514997156027
5514997156070
5514997156166
5514997156200
5514997156225
5514997156275
5514997156294
5514997156310
5514997156360
5514997156397
5514997156493
5514997156623
5514997156645
5514997156701
5514997156735
5514997156744
5514997156876
5514997156898
5514997156952
5514997156986
5514997157031
5514997157034
5514997157037
5514997157084
5514997157106
5514997157176
5514997157204
5514997157212
5514997157357
5514997157440
5514997157507
5514997157509
5514997157518
5514997157563
5514997157845
5514997157871
5514997157885
5514997157894
5514997157938
5514997157986
5514997157991
5514997158072
5514997158081
5514997158099
5514997158115
5514997158129
5514997158151
5514997158164
5514997158216
5514997158236
5514997158254
5514997158308
5514997158375
5514997158423
5514997158428
5514997158430
5514997158450
5514997158478
5514997158488
5514997158490
5514997158529
5514997158535
5514997158538
5514997158578
5514997158581
5514997158624
5514997158632
5514997158639
5514997158672
5514997158715
5514997158775
5514997158793
5514997158824
5514997158834
5514997158851
5514997158923
5514997158946
5514997158964
5514997158978
5514997158987
5514997159063
5514997159115
5514997159177
5514997159187
5514997159193
5514997159223
5514997159233
5514997159262
5514997159291
5514997159332
5514997159441
5514997159765
5514997159798
5514997159799
5514997159823
5514997159857
5514997159871
5514997159888
5514997159903
5514997159951
5514997159952
5514997159969
5514997160044
5514997160061
5514997160064
5514997160090
5514997160091
5514997160093
5514997160140
5514997160159
5514997160162
5514997160299
5514997160315
5514997160317
5514997160361
5514997160401
5514997160438
5514997160466
5514997160467
5514997160490
5514997160504
5514997160523
5514997160527
5514997160536
5514997160563
5514997160566
5514997160575
5514997160601
5514997160606
5514997160640
5514997160642
5514997160667
5514997160675
5514997160693
5514997160694
5514997160700
5514997160729
5514997160735
5514997160749
5514997160752
5514997160755
5514997160758
5514997160759
5514997160760
5514997160813
5514997160823
5514997160829
5514997160847
5514997160850
5514997160863
5514997160899
5514997161005
5514997161021
5514997161074
5514997161078
5514997161126
5514997161128
5514997161139
5514997161190
5514997161243
5514997161247
5514997161324
5514997161420
5514997161441
5514997161493
5514997161557
5514997161603
5514997161656
5514997161775
5514997161806
5514997161812
5514997161813
5514997161866
5514997161869
5514997161876
5514997161892
5514997161903
5514997161908
5514997162011
5514997162051
5514997162057
5514997162061
5514997162119
5514997162120
5514997162134
5514997162178
5514997162209
5514997162212
5514997162240
5514997162260
5514997162291
5514997162320
5514997162343
5514997162372
5514997162379
5514997162388
5514997162395
5514997162405
5514997162429
5514997162430
5514997162440
5514997162458
5514997162500
5514997162501
5514997162516
5514997162520
5514997162549
5514997162553
5514997162562
5514997162566
5514997162587
5514997162588
5514997162599
5514997162677
5514997162791
5514997162810
5514997162818
5514997162824
5514997162856
5514997162881
5514997162918
5514997162999
5514997163023
5514997163036
5514997163045
5514997163048
5514997163118
5514997163150
5514997163168
5514997163173
5514997163174
5514997163213
5514997163219
5514997163258
5514997163332
5514997163342
5514997163489
5514997163505
5514997163506
5514997163511
5514997163526
5514997163531
5514997163533
5514997163539
5514997163608
5514997163655
5514997163672
5514997163697
5514997163745
5514997163768
5514997163774
5514997163852
5514997163872
5514997163875
5514997163888
5514997163912
5514997163919
5514997163978
5514997164018
5514997164026
5514997164047
5514997164139
5514997164212
5514997164267
5514997164336
5514997164346
5514997164362
5514997164368
5514997164392
5514997164464
5514997164469
5514997164484
5514997164487
5514997164493
5514997164515
5514997164541
5514997164627
5514997164638
5514997164647
5514997164657
5514997164681
5514997164772
5514997164900
5514997164978
5514997165018
5514997165029
5514997165066
5514997165075
5514997165116
5514997165131
5514997165133
5514997165157
5514997165159
5514997165172
5514997165192
5514997165201
5514997165223
5514997165233
5514997165235
5514997165242
5514997165300
5514997165348
5514997165501
5514997165532
5514997165537
5514997165561
5514997165603
5514997165634
5514997165640
5514997165649
5514997165654
5514997165677
5514997165746
5514997165753
5514997165761
5514997165786
5514997165792
5514997165845
5514997165875
5514997165878
5514997165881
5514997165906
5514997165912
5514997165923
5514997165924
5514997166057
5514997166087
5514997166191
5514997166221
5514997166225
5514997166287
5514997166361
5514997166391
5514997166440
5514997166464
5514997166496
5514997166514
5514997166515
5514997166525
5514997166549
5514997166603
5514997166619
5514997166636
5514997166639
5514997166641
5514997166643
5514997166645
5514997166648
5514997166667
5514997166671
5514997166683
5514997166705
5514997166750
5514997166778
5514997166801
5514997166809
5514997166817
5514997166854
5514997166860
5514997166862
5514997166868
5514997166880
5514997166885
5514997166888
5514997166907
5514997166908
5514997166917
5514997166919
5514997166930
5514997166931
5514997166948
5514997166951
5514997166957
5514997166959
5514997166999
5514997167006
5514997167019
5514997167043
5514997167108
5514997167154
5514997167181
5514997167192
5514997167199
5514997167280
5514997167282
5514997167287
5514997167295
5514997167325
5514997167343
5514997167357
5514997167362
5514997167366
5514997167400
5514997167402
5514997167462
5514997167470
5514997167508
5514997167531
5514997167548
5514997167575
5514997167593
5514997167693
5514997167702
5514997167712
5514997167771
5514997167775
5514997167777
5514997167799
5514997167804
5514997167807
5514997167812
5514997167813
5514997167821
5514997167824
5514997167852
5514997167858
5514997167879
5514997167883
5514997167888
5514997167892
5514997167894
5514997167902
5514997167903
5514997167912
5514997167921
5514997167937
5514997167950
5514997167953
5514997167956
5514997167987
5514997168015
5514997168045
5514997168052
5514997168063
5514997168104
5514997168150
5514997168164
5514997168165
5514997168166
5514997168242
5514997168300
5514997168302
5514997168339
5514997168357
5514997168429
5514997168437
5514997168449
5514997168623
5514997168640
5514997168701
5514997168738
5514997168750
5514997168774
5514997168779
5514997168797
5514997168801
5514997168804
5514997168825
5514997168891
5514997168948
5514997169041
5514997169043
5514997169046
5514997169090
5514997169102
5514997169177
5514997169184
5514997169229
5514997169246
5514997169293
5514997169352
5514997169361
5514997169372
5514997169395
5514997169417
5514997169525
5514997169536
5514997169612
5514997169626
5514997169634
5514997169666
5514997169667
5514997169677
5514997169713
5514997169768
5514997169808
5514997169848
5514997169908
5514997169933
5514997169978
5514997169985
5514997169996
5514997170015
5514997170027
5514997170028
5514997170081
5514997170128
5514997170134
5514997170147
5514997170150
5514997170222
5514997170225
5514997170277
5514997170314
5514997170316
5514997170330
5514997170359
5514997170360
5514997170362
5514997170415
5514997170439
5514997170447
5514997170487
5514997170512
5514997170521
5514997170614
5514997170622
5514997170667
5514997170696
5514997170710
5514997170865
5514997170889
5514997170906
5514997170923
5514997170959
5514997170983
5514997171021
5514997171041
5514997171067
5514997171096
5514997171103
5514997171152
5514997171170
5514997171236
5514997171244
5514997171265
5514997171290
5514997171312
5514997171420
5514997171432
5514997171467
5514997171509
5514997171566
5514997171597
5514997171611
5514997171634
5514997171655
5514997171700
5514997171718
5514997171736
5514997171746
5514997171753
5514997171773
5514997171786
5514997171792
5514997171824
5514997171894
5514997172029
5514997172041
5514997172048
5514997172051
5514997172062
5514997172078
5514997172079
5514997172121
5514997172132
5514997172142
5514997172143
5514997172208
5514997172226
5514997172258
5514997172270
5514997172272
5514997172273
5514997172307
5514997172319
5514997172327
5514997172359
5514997172367
5514997172369
5514997172397
5514997172416
5514997172428
5514997172450
5514997172468
5514997172557
5514997172709
5514997172770
5514997172808
5514997172818
5514997172822
5514997172834
5514997172861
5514997172960
5514997172962
5514997172988
5514997172989
5514997172995
5514997173007
5514997173046
5514997173051
5514997173115
5514997173123
5514997173131
5514997173177
5514997173219
5514997173321
5514997173346
5514997173386
5514997173438
5514997173537
5514997173558
5514997173582
5514997173623
5514997173638
5514997173673
5514997173731
5514997173769
5514997173776
5514997173790
5514997173805
5514997173855
5514997173857
5514997173860
5514997173865
5514997173877
5514997173930
5514997173975
5514997173996
5514997174039
5514997174074
5514997174075
5514997174180
5514997174187
5514997174203
5514997174215
5514997174231
5514997174244
5514997174257
5514997174289
5514997174291
5514997174336
5514997174343
5514997174363
5514997174384
5514997174389
5514997174398
5514997174399
5514997174424
5514997174458
5514997174506
5514997174517
5514997174523
5514997174525
5514997174578
5514997174609
5514997174692
5514997174723
5514997174766
5514997174782
5514997174791
5514997174848
5514997174850
5514997174904
5514997174910
5514997174954
5514997175014
5514997175017
5514997175046
5514997175082
5514997175086
5514997175090
5514997175092
5514997175114
5514997175153
5514997175171
5514997175188
5514997175231
5514997175253
5514997175271
5514997175277
5514997175297
5514997175305
5514997175354
5514997175359
5514997175361
5514997175370
5514997175391
5514997175421
5514997175441
5514997175451
5514997175514
5514997175516
5514997175520
5514997175539
5514997175558
5514997175627
5514997175653
5514997175699
5514997175735
5514997175762
5514997175801
5514997175807
5514997175831
5514997175893
5514997175930
5514997176067
5514997176070
5514997176072
5514997176170
5514997176188
5514997176189
5514997176218
5514997176224
5514997176231
5514997176232
5514997176251
5514997176252
5514997176254
5514997176258
5514997176265
5514997176339
5514997176355
5514997176472
5514997176495
5514997176512
5514997176514
5514997176522
5514997176527
5514997176553
5514997176585
5514997176625
5514997176631
5514997176707
5514997176724
5514997176766
5514997176848
5514997176849
5514997176861
5514997176862
5514997176875
5514997176896
5514997176948
5514997176950
5514997176991
5514997176998
5514997177034
5514997177130
5514997177139
5514997177142
5514997177181
5514997177196
5514997177203
5514997177221
5514997177241
5514997177256
5514997177262
5514997177300
5514997177305
5514997177309
5514997177312
5514997177315
5514997177351
5514997177363
5514997177372
5514997177402
5514997177408
5514997177413
5514997177432
5514997177548
5514997177564
5514997177570
5514997177576
5514997177579
5514997177622
5514997177697
5514997177718
5514997177723
5514997177740
5514997177764
5514997177765
5514997177844
5514997177858
5514997177930
5514997177952
5514997177987
5514997177997
5514997178008
5514997178018
5514997178019
5514997178033
5514997178075
5514997178091
5514997178094
5514997178104
5514997178108
5514997178120
5514997178124
5514997178127
5514997178136
5514997178161
5514997178184
5514997178186
5514997178187
5514997178202
5514997178235
5514997178239
5514997178255
5514997178259
5514997178316
5514997178327
5514997178336
5514997178343
5514997178459
5514997178469
5514997178481
5514997178510
5514997178511
5514997178529
5514997178547
5514997178639
5514997178655
5514997178662
5514997178678
5514997178725
5514997178746
5514997178756
5514997178800
5514997178847
5514997178851
5514997178853
5514997178855
5514997178895
5514997178937
5514997178944
5514997179020
5514997179042
5514997179048
5514997179075
5514997179110
5514997179164
5514997179170
5514997179220
5514997179260
5514997179287
5514997179334
5514997179462
5514997179470
5514997179521
5514997179569
5514997179595
5514997179608
5514997179671
5514997179721
5514997179726
5514997179784
5514997179805
5514997179807
5514997179808
5514997179810
5514997179843
5514997179878
5514997179949
5514997179980
5514997180000
5514997180009
5514997180010
5514997180011
5514997180017
5514997180020
5514997180030
5514997180032
5514997180034
5514997180036
5514997180040
5514997180045
5514997180047
5514997180056
5514997180058
5514997180070
5514997180077
5514997180082
5514997180090
5514997180092
5514997180096
5514997180099
5514997180102
5514997180103
5514997180105
5514997180107
5514997180108
5514997180109
5514997180112
5514997180122
5514997180127
5514997180128
5514997180137
5514997180138
5514997180140
5514997180146
5514997180147
5514997180148
5514997180149
5514997180152
5514997180155
5514997180164
5514997180173
5514997180174
5514997180180
5514997180181
5514997180182
5514997180187
5514997180202
5514997180206
5514997180207
5514997180213
5514997180218
5514997180224
5514997180228
5514997180229
5514997180235
5514997180240
5514997180246
5514997180252
5514997180254
5514997180256
5514997180263
5514997180271
5514997180276
5514997180277
5514997180286
5514997180289
5514997180291
5514997180292
5514997180296
5514997180297
5514997180300
5514997180302
5514997180307
5514997180310
5514997180316
5514997180323
5514997180324
5514997180336
5514997180338
5514997180349
5514997180351
5514997180354
5514997180364
5514997180371
5514997180374
5514997180378
5514997180381
5514997180382
5514997180383
5514997180386
5514997180388
5514997180390
5514997180392
5514997180398
5514997180399
5514997180400
5514997180402
5514997180407
5514997180412
5514997180414
5514997180422
5514997180430
5514997180431
5514997180442
5514997180443
5514997180446
5514997180452
5514997180457
5514997180459
5514997180468
5514997180469
5514997180475
5514997180476
5514997180478
5514997180479
5514997180487
5514997180489
5514997180499
5514997180502
5514997180507
5514997180524
5514997180527
5514997180531
5514997180536
5514997180538
5514997180550
5514997180567
5514997180581
5514997180589
5514997180591
5514997180595
5514997180597
5514997180607
5514997180625
5514997180637
5514997180638
5514997180651
5514997180664
5514997180669
5514997180670
5514997180673
5514997180676
5514997180681
5514997180689
5514997180690
5514997180697
5514997180700
5514997180701
5514997180704
5514997180706
5514997180714
5514997180715
5514997180727
5514997180729
5514997180737
5514997180739
5514997180740
5514997180741
5514997180742
5514997180743
5514997180745
5514997180746
5514997180748
5514997180749
5514997180763
5514997180766
5514997180785
5514997180801
5514997180804
5514997180806
5514997180807
5514997180809
5514997180810
5514997180814
5514997180817
5514997180818
5514997180820
5514997180823
5514997180825
5514997180845
5514997180855
5514997180859
5514997180860
5514997180864
5514997180865
5514997180873
5514997180880
5514997180883
5514997180891
5514997180904
5514997180908
5514997180909
5514997180922
5514997180923
5514997180932
5514997180935
5514997180936
5514997180942
5514997180953
5514997180960
5514997180961
5514997180969
5514997180970
5514997180975
5514997180978
5514997180980
5514997180999
5514997181008
5514997181022
5514997181029
5514997181035
5514997181036
5514997181044
5514997181055
5514997181092
5514997181095
5514997181100
5514997181103
5514997181105
5514997181120
5514997181121
5514997181126
5514997181128
5514997181131
5514997181132
5514997181142
5514997181152
5514997181159
5514997181161
5514997181162
5514997181163
5514997181170
5514997181180
5514997181184
5514997181197
5514997181200
5514997181207
5514997181217
5514997181225
5514997181226
5514997181228
5514997181238
5514997181239
5514997181240
5514997181248
5514997181249
5514997181270
5514997181280
5514997181288
5514997181290
5514997181301
5514997181308
5514997181310
5514997181314
5514997181315
5514997181322
5514997181326
5514997181333
5514997181341
5514997181347
5514997181362
5514997181365
5514997181403
5514997181405
5514997181418
5514997181424
5514997181429
5514997181452
5514997181455
5514997181472
5514997181477
5514997181478
5514997181495
5514997181502
5514997181512
5514997181513
5514997181533
5514997181540
5514997181543
5514997181547
5514997181551
5514997181555
5514997181561
5514997181566
5514997181567
5514997181569
5514997181574
5514997181577
5514997181580
5514997181583
5514997181595
5514997181600
5514997181601
5514997181605
5514997181611
5514997181613
5514997181614
5514997181618
5514997181619
5514997181623
5514997181625
5514997181636
5514997181637
5514997181645
5514997181679
5514997181681
5514997181692
5514997181694
5514997181716
5514997181731
5514997181740
5514997181749
5514997181795
5514997181797
5514997181800
5514997181820
5514997181838
5514997181840
5514997181846
5514997181855
5514997181857
5514997181863
5514997181865
5514997181877
5514997181882
5514997181891
5514997181896
5514997181903
5514997181920
5514997181935
5514997181937
5514997181941
5514997181951
5514997181952
5514997181959
5514997181962
5514997181965
5514997181968
5514997181971
5514997181976
5514997181989
5514997181995
5514997181996
5514997181997
5514997182002
5514997182003
5514997182017
5514997182018
5514997182029
5514997182040
5514997182048
5514997182064
5514997182069
5514997182073
5514997182080
5514997182081
5514997182083
5514997182086
5514997182087
5514997182088
5514997182090
5514997182095
5514997182100
5514997182106
5514997182111
5514997182112
5514997182116
5514997182124
5514997182134
5514997182138
5514997182148
5514997182160
5514997182169
5514997182171
5514997182172
5514997182178
5514997182182
5514997182189
5514997182193
5514997182204
5514997182206
5514997182217
5514997182220
5514997182222
5514997182223
5514997182239
5514997182245
5514997182247
5514997182250
5514997182260
5514997182264
5514997182271
5514997182272
5514997182296
5514997182297
5514997182303
5514997182304
5514997182309
5514997182310
5514997182312
5514997182315
5514997182332
5514997182334
5514997182336
5514997182339
5514997182348
5514997182358
5514997182362
5514997182380
5514997182383
5514997182387
5514997182388
5514997182402
5514997182405
5514997182406
5514997182407
5514997182410
5514997182412
5514997182416
5514997182417
5514997182418
5514997182432
5514997182438
5514997182442
5514997182446
5514997182451
5514997182454
5514997182463
5514997182472
5514997182474
5514997182475
5514997182476
5514997182477
5514997182479
5514997182480
5514997182485
5514997182487
5514997182501
5514997182508
5514997182509
5514997182510
5514997182513
5514997182517
5514997182518
5514997182519
5514997182528
5514997182530
5514997182540
5514997182545
5514997182546
5514997182563
5514997182564
5514997182566
5514997182575
5514997182576
5514997182578
5514997182579
5514997182581
5514997182582
5514997182589
5514997182591
5514997182594
5514997182595
5514997182598
5514997182601
5514997182605
5514997182608
5514997182616
5514997182617
5514997182625
5514997182628
5514997182633
5514997182634
5514997182640
5514997182655
5514997182656
5514997182668
5514997182670
5514997182675
5514997182682
5514997182685
5514997182686
5514997182697
5514997182700
5514997182701
5514997182704
5514997182707
5514997182708
5514997182717
5514997182722
5514997182727
5514997182734
5514997182735
5514997182738
5514997182740
5514997182743
5514997182758
5514997182759
5514997182764
5514997182765
5514997182767
5514997182781
5514997182792
5514997182794
5514997182796
5514997182797
5514997182799
5514997182800
5514997182803
5514997182812
5514997182827
5514997182843
5514997182845
5514997182848
5514997182852
5514997182863
5514997182873
5514997182879
5514997182886
5514997182887
5514997182891
5514997182896
5514997182904
5514997182906
5514997182907
5514997182909
5514997182915
5514997182918
5514997182932
5514997182936
5514997182938
5514997182947
5514997182952
5514997182958
5514997182960
5514997182964
5514997182973
5514997182983
5514997182996
5514997183000
5514997183002
5514997183004
5514997183005
5514997183006
5514997183007
5514997183009
5514997183016
5514997183019
5514997183024
5514997183027
5514997183037
5514997183041
5514997183047
5514997183048
5514997183053
5514997183078
5514997183079
5514997183080
5514997183089
5514997183099
5514997183101
5514997183108
5514997183112
5514997183113
5514997183116
5514997183117
5514997183119
5514997183124
5514997183128
5514997183129
5514997183141
5514997183145
5514997183161
5514997183171
5514997183172
5514997183180
5514997183181
5514997183188
5514997183194
5514997183195
5514997183204
5514997183207
5514997183214
5514997183226
5514997183229
5514997183245
5514997183261
5514997183268
5514997183272
5514997183278
5514997183286
5514997183297
5514997183305
5514997183306
5514997183308
5514997183309
5514997183310
5514997183325
5514997183327
5514997183332
5514997183335
5514997183336
5514997183338
5514997183343
5514997183344
5514997183349
5514997183353
5514997183356
5514997183358
5514997183370
5514997183373
5514997183381
5514997183386
5514997183399
5514997183402
5514997183407
5514997183408
5514997183413
5514997183414
5514997183416
5514997183417
5514997183418
5514997183419
5514997183423
5514997183424
5514997183428
5514997183432
5514997183436
5514997183441
5514997183447
5514997183460
5514997183462
5514997183469
5514997183470
5514997183479
5514997183482
5514997183485
5514997183492
5514997183504
5514997183508
5514997183519
5514997183521
5514997183522
5514997183523
5514997183525
5514997183528
5514997183533
5514997183537
5514997183543
5514997183546
5514997183550
5514997183551
5514997183552
5514997183554
5514997183555
5514997183572
5514997183574
5514997183583
5514997183585
5514997183589
5514997183590
5514997183600
5514997183619
5514997183621
5514997183634
5514997183642
5514997183644
5514997183646
5514997183649
5514997183652
5514997183656
5514997183659
5514997183663
5514997183665
5514997183666
5514997183672
5514997183675
5514997183683
5514997183686
5514997183693
5514997183696
5514997183725
5514997183734
5514997183747
5514997183748
5514997183756
5514997183764
5514997183768
5514997183770
5514997183771
5514997183780
5514997183789
5514997183792
5514997183794
5514997183795
5514997183804
5514997183807
5514997183815
5514997183818
5514997183823
5514997183828
5514997183834
5514997183844
5514997183847
5514997183852
5514997183861
5514997183873
5514997183879
5514997183884
5514997183909
5514997183911
5514997183919
5514997183921
5514997183932
5514997183933
5514997183936
5514997183937
5514997183940
5514997183944
5514997183951
5514997183953
5514997183954
5514997183955
5514997183956
5514997183957
5514997183959
5514997183962
5514997183969
5514997183975
5514997183978
5514997183999
5514997184009
5514997184019
5514997184037
5514997184043
5514997184044
5514997184045
5514997184053
5514997184056
5514997184061
5514997184072
5514997184074
5514997184077
5514997184082
5514997184087
5514997184089
5514997184090
5514997184098
5514997184099
5514997184104
5514997184107
5514997184130
5514997184141
5514997184146
5514997184148
5514997184156
5514997184161
5514997184169
5514997184171
5514997184178
5514997184179
5514997184184
5514997184192
5514997184195
5514997184198
5514997184200
5514997184202
5514997184203
5514997184204
5514997184205
5514997184208
5514997184212
5514997184214
5514997184222
5514997184227
5514997184247
5514997184254
5514997184262
5514997184273
5514997184274
5514997184276
5514997184281
5514997184286
5514997184290
5514997184293
5514997184295
5514997184299
5514997184301
5514997184304
5514997184306
5514997184307
5514997184332
5514997184344
5514997184355
5514997184361
5514997184373
5514997184378
5514997184386
5514997184389
5514997184394
5514997184398
5514997184400
5514997184403
5514997184406
5514997184407
5514997184408
5514997184409
5514997184410
5514997184418
5514997184420
5514997184422
5514997184425
5514997184445
5514997184450
5514997184454
5514997184455
5514997184462
5514997184466
5514997184469
5514997184473
5514997184479
5514997184480
5514997184494
5514997184500
5514997184501
5514997184504
5514997184505
5514997184510
5514997184520
5514997184531
5514997184534
5514997184537
5514997184549
5514997184550
5514997184555
5514997184557
5514997184562
5514997184573
5514997184578
5514997184580
5514997184589
5514997184594
5514997184596
5514997184597
5514997184613
5514997184614
5514997184622
5514997184623
5514997184625
5514997184638
5514997184642
5514997184652
5514997184660
5514997184663
5514997184664
5514997184666
5514997184670
5514997184674
5514997184682
5514997184686
5514997184691
5514997184698
5514997184699
5514997184707
5514997184709
5514997184710
5514997184718
5514997184719
5514997184721
5514997184722
5514997184726
5514997184730
5514997184736
5514997184737
5514997184738
5514997184741
5514997184746
5514997184751
5514997184771
5514997184778
5514997184782
5514997184791
5514997184794
5514997184795
5514997184799
5514997184812
5514997184815
5514997184821
5514997184823
5514997184834
5514997184844
5514997184845
5514997184849
5514997184852
5514997184855
5514997184892
5514997184898
5514997184910
5514997184929
5514997184930
5514997184933
5514997184941
5514997184942
5514997184950
