5519981769904
5519981770408
5519981770414
5519981770674
5519981771074
5519981771204
5519981771295
5519981771442
5519981771504
5519981771543
5519981771653
5519981771726
5519981771855
5519981772351
5519981772550
5519981773032
5519981773239
5519981773974
5519981774045
5519981774199
5519981774242
5519981774374
5519981774447
5519981774461
5519981774696
5519981774737
5519981774847
5519981774871
5519981775086
5519981775335
5519981775417
5519981775451
5519981775477
5519981775535
5519981775760
5519981775921
5519981776207
5519981777044
5519981777180
5519981777406
5519981777539
5519981777925
5519981778022
5519981778023
5519981778024
5519981778028
5519981778300
5519981778400
5519981778578
5519981779194
5519981779384
5519981779842
5519981779843
5519981779922
5519981780002
5519981780490
5519981780541
5519981780616
5519981780635
5519981781074
5519981781374
5519981781671
5519981781837
5519981781977
5519981782005
5519981782090
5519981782383
5519981782387
5519981783181
5519981783856
5519981784189
5519981784278
5519981784435
5519981784777
5519981785051
5519981785166
5519981785189
5519981785848
5519981785959
5519981786301
5519981786327
5519981786603
5519981786642
5519981786928
5519981787606
5519981787763
5519981787968
5519981788100
5519981788285
5519981788677
5519981788882
5519981789336
5519981789490
5519981789977
5519981789996
5519981790016
5519981790287
5519981790713
5519981791082
5519981791399
5519981791434
5519981791643
5519981791786
5519981792416
5519981792498
5519981792779
5519981792795
5519981792931
5519981793010
5519981793135
5519981793181
5519981793235
5519981793515
5519981793694
5519981793858
5519981794018
5519981794182
5519981794183
5519981794241
5519981794473
5519981794657
5519981794860
5519981795009
5519981795013
5519981795146
5519981795193
5519981795244
5519981795377
5519981795809
5519981796074
5519981796226
5519981796276
5519981796653
5519981797711
5519981798105
5519981799453
5519981799839
5519981800921
5519981802888
5519981803306
5519981803926
5519981804857
5519981806007
5519981806127
5519981806147
5519981806239
5519981806369
5519981807011
5519981807211
5519981807597
5519981807750
5519981808654
5519981810154
5519981810280
5519981810301
5519981810340
5519981810381
5519981810551
5519981810630
5519981810688
5519981810713
5519981810741
5519981810900
5519981811147
5519981811300
5519981811391
5519981811456
5519981811512
5519981811517
5519981811555
5519981811560
5519981811600
5519981811962
5519981811990
5519981812012
5519981812038
5519981812039
5519981812106
5519981812286
5519981812393
5519981812481
5519981812492
5519981812555
5519981812562
5519981812759
5519981812833
5519981812867
5519981812888
5519981812978
5519981813619
5519981813797
5519981813844
5519981814473
5519981814750
5519981814866
5519981815010
5519981815047
5519981815156
5519981815206
5519981815344
5519981815450
5519981815522
5519981815599
5519981815729
5519981816411
5519981816517
5519981816519
5519981816637
5519981816674
5519981817101
5519981817196
5519981817198
5519981817235
5519981817252
5519981817431
5519981817481
5519981817491
5519981817555
5519981817734
5519981817758
5519981817948
5519981817963
5519981818022
5519981818115
5519981818181
5519981818198
5519981818232
5519981818320
5519981818433
5519981818444
5519981818488
5519981818610
5519981818611
5519981818755
5519981819167
5519981819230
5519981819334
5519981819452
5519981819569
5519981819688
5519981819716
5519981819762
5519981819816
5519981820431
5519981820623
5519981821461
5519981821533
5519981821566
5519981821729
5519981821756
5519981821854
5519981821906
5519981821912
5519981821927
5519981821959
5519981822093
5519981822253
5519981822396
5519981823484
5519981824254
5519981824539
5519981824855
5519981825021
5519981825029
5519981825605
5519981825989
5519981826848
5519981828238
5519981828396
5519981828415
5519981828550
5519981829578
5519981830104
5519981830500
5519981830635
5519981830685
5519981830959
5519981831204
5519981831301
5519981831488
5519981831614
5519981831980
5519981832278
5519981832636
5519981832930
5519981833045
5519981833706
5519981833805
5519981833910
5519981834022
5519981834298
5519981834358
5519981834510
5519981834693
5519981834730
5519981834771
5519981834799
5519981834976
5519981834979
5519981835026
5519981835064
5519981835093
5519981835153
5519981835247
5519981835280
5519981835660
5519981835686
5519981835695
5519981835710
5519981836124
5519981836287
5519981836340
5519981836630
5519981836674
5519981836803
5519981836866
5519981837069
5519981837084
5519981837113
5519981837381
5519981837405
5519981837549
5519981837555
5519981837622
5519981837644
5519981837735
5519981837744
5519981837788
5519981837977
5519981837985
5519981838019
5519981838291
5519981838697
5519981838899
5519981838984
5519981839651
5519981839999
5519981840092
5519981840293
5519981840429
5519981840489
5519981840996
5519981841900
5519981841923
5519981842327
5519981843154
5519981843893
5519981843969
5519981843975
5519981843995
5519981844240
5519981844260
5519981844314
5519981844411
5519981844525
5519981845326
5519981845629
5519981846361
5519981846454
5519981847001
5519981847161
5519981847218
5519981847265
5519981847293
5519981847524
5519981847852
5519981847915
5519981847928
5519981848004
5519981848089
5519981848211
5519981848329
5519981848382
5519981848449
5519981848695
5519981848985
5519981848986
5519981849078
5519981850757
5519981851314
5519981851827
5519981852277
5519981853115
5519981853268
5519981853689
5519981854640
5519981854762
5519981854851
5519981854954
5519981855242
5519981855300
5519981855581
5519981855730
5519981855875
5519981856006
5519981856265
5519981856986
5519981857290
5519981857611
5519981858156
5519981858377
5519981858411
5519981858783
5519981859960
5519981860000
5519981860035
5519981860040
5519981860405
5519981860413
5519981860609
5519981860951
5519981861126
5519981861127
5519981861798
5519981862390
5519981862396
5519981862611
5519981862904
5519981863117
5519981863299
5519981863484
5519981863802
5519981864035
5519981864036
5519981864545
5519981865124
5519981865408
5519981865450
5519981865682
5519981865715
5519981866079
5519981866770
5519981867006
5519981867110
5519981867121
5519981867148
5519981867912
5519981867918
5519981868439
5519981868921
5519981869516
5519981869865
5519981869950
5519981870465
5519981870822
5519981871215
5519981871377
5519981871398
5519981871551
5519981871653
5519981871654
5519981871973
5519981872324
5519981872490
5519981872504
5519981872838
5519981872965
5519981873108
5519981873255
5519981873362
5519981873366
5519981873589
5519981873858
5519981873923
5519981874682
5519981874702
5519981874811
5519981874840
5519981874940
5519981875088
5519981875155
5519981875235
5519981875242
5519981876063
5519981876229
5519981876320
5519981876416
5519981876429
5519981876697
5519981876714
5519981876890
5519981876960
5519981877467
5519981877665
5519981877819
5519981878724
5519981879446
5519981879478
5519981880567
5519981880573
5519981880633
5519981881203
5519981881450
5519981881659
5519981881772
5519981881895
5519981883035
5519981884842
5519981885397
5519981885522
5519981885771
5519981885920
5519981886021
5519981886220
5519981886295
5519981886846
5519981887591
5519981887835
5519981887837
5519981887879
5519981888624
5519981889837
5519981890445
5519981890777
5519981890944
5519981891317
5519981891375
5519981891582
5519981892102
5519981892935
5519981892969
5519981893631
5519981893905
5519981893910
5519981894041
5519981894055
5519981894853
5519981894961
5519981895020
5519981895132
5519981895142
5519981895175
5519981895403
5519981895550
5519981895766
5519981895802
5519981895908
5519981896172
5519981897557
5519981897567
5519981898100
5519981898132
5519981898236
5519981898766
5519981899112
5519981899392
5519981899968
5519981899969
5519981900206
5519981900300
5519981901436
5519981901482
5519981901727
5519981901906
5519981901973
5519981902031
5519981902262
5519981902311
5519981902393
5519981902745
5519981902796
5519981902798
5519981902997
5519981903096
5519981903479
5519981906325
5519981906443
5519981907040
5519981907322
5519981908246
5519981909999
5519981910082
5519981910646
5519981910675
5519981911155
5519981911539
5519981911748
5519981911974
5519981912019
5519981912035
5519981912412
5519981912665
5519981913336
5519981913379
5519981913405
5519981913705
5519981914196
5519981914974
5519981915469
5519981915556
5519981915841
5519981916809
5519981916979
5519981917584
5519981918549
5519981919059
5519981919342
5519981919806
5519981920236
5519981920474
5519981920610
5519981920719
5519981920891
5519981921101
5519981921256
5519981921321
5519981921350
5519981921516
5519981921888
5519981922000
5519981922716
5519981922813
5519981922916
5519981923058
5519981923081
5519981923136
5519981923231
5519981923400
5519981923422
5519981923576
5519981923702
5519981923767
5519981923856
5519981923900
5519981924001
5519981924074
5519981924084
5519981924103
5519981924143
5519981924545
5519981924606
5519981925348
5519981927001
5519981927328
5519981927628
5519981927751
5519981928245
5519981928657
5519981928927
5519981930817
5519981930972
5519981930998
5519981931155
5519981932081
5519981932215
5519981932233
5519981932287
5519981932401
5519981932650
5519981933464
5519981933756
5519981933880
5519981933915
5519981934438
5519981935067
5519981935117
5519981935811
5519981935861
5519981935925
5519981936206
5519981936349
5519981936629
5519981936823
5519981936878
5519981937086
5519981937362
5519981937433
5519981937738
5519981939048
5519981939932
5519981940104
5519981940301
5519981941783
5519981941935
5519981942281
5519981942423
5519981942491
5519981942704
5519981942809
5519981942853
5519981943111
5519981945094
5519981945603
5519981945629
5519981945635
5519981945677
5519981945687
5519981945846
5519981945926
5519981945928
5519981945938
5519981945976
5519981946039
5519981946099
5519981946362
5519981946679
5519981946837
5519981946951
5519981947171
5519981947272
5519981947804
5519981947806
5519981947944
5519981948011
5519981948123
5519981948132
5519981948217
5519981948362
5519981948448
5519981948503
5519981948531
5519981948541
5519981948559
5519981948576
5519981948591
5519981948596
5519981948760
5519981948774
5519981948792
5519981948828
5519981948948
5519981949019
5519981949182
5519981949193
5519981949214
5519981949358
5519981949481
5519981949648
5519981949701
5519981949724
5519981949725
5519981949768
5519981949836
5519981951233
5519981951647
5519981952917
5519981953643
5519981953663
5519981953910
5519981954005
5519981954072
5519981954317
5519981954458
5519981954785
5519981955103
5519981955317
5519981955381
5519981955695
5519981956079
5519981956229
5519981956445
5519981956807
5519981957526
5519981957724
5519981957743
5519981957869
5519981958513
5519981958522
5519981958620
5519981958798
5519981959491
5519981959541
5519981959750
5519981960061
5519981960070
5519981960111
5519981960138
5519981960820
5519981960831
5519981961263
5519981961301
5519981961305
5519981961601
5519981961777
5519981961925
5519981962108
5519981962305
5519981962328
5519981962381
5519981962413
5519981962806
5519981962873
5519981964211
5519981964282
5519981964367
5519981964405
5519981964431
5519981964684
5519981965179
5519981965345
5519981965374
5519981966066
5519981966070
5519981966136
5519981966709
5519981966990
5519981967441
5519981967665
5519981967787
5519981968051
5519981968067
5519981968133
5519981968335
5519981968439
5519981968447
5519981968495
5519981968550
5519981968648
5519981968850
5519981968860
5519981968870
5519981968910
5519981969004
5519981969008
5519981969091
5519981969196
5519981969346
5519981969608
5519981969687
5519981970042
5519981970823
5519981971293
5519981971817
5519981971882
5519981971973
5519981972165
5519981972283
5519981972326
5519981972450
5519981972451
5519981972867
5519981972930
5519981973240
5519981973841
5519981973856
5519981973971
5519981974114
5519981974237
5519981974291
5519981974333
5519981974745
5519981974941
5519981974966
5519981975231
5519981977777
5519981977985
5519981978436
5519981978456
5519981979480
5519981979690
5519981980477
5519981980691
5519981980692
5519981981659
5519981982646
5519981983723
5519981984020
5519981984073
5519981984194
5519981984444
5519981985040
5519981985128
5519981985206
5519981985444
5519981985556
5519981985846
5519981985853
5519981986007
5519981986404
5519981986975
5519981986976
5519981987410
5519981987438
5519981987471
5519981987560
5519981987639
5519981987659
5519981987751
5519981987763
5519981987839
5519981988173
5519981988236
5519981988765
5519981989560
5519981989624
5519981990385
5519981990913
5519981991187
5519981991492
5519981991494
5519981991603
5519981991723
5519981991769
5519981992138
5519981993213
5519981993368
5519981993408
5519981993435
5519981993461
5519981993484
5519981993495
5519981993565
5519981993814
5519981993827
5519981993844
5519981993874
5519981993884
5519981993887
5519981993888
5519981993933
5519981994039
5519981994089
5519981994130
5519981994391
5519981994444
5519981994531
5519981994685
5519981994796
5519981994993
5519981995497
5519981995612
5519981996634
5519981997038
5519981997806
5519981997810
5519981998002
5519981998084
5519981998113
5519981998135
5519981998144
5519981998374
5519981998449
5519981998457
5519981998543
5519981998551
5519981998728
5519981999148
5519981999171
5519981999204
5519981999520
5519981999607
5519981999642
5519981999703
5519981999711
5519981999741
5519981999751
5519981999789
5519981999965
5519982000420
5519982001087
5519982001857
5519982002475
5519982003801
5519982004519
5519982004667
5519982007010
5519982007957
5519982008310
5519982008370
5519982009542
5519982010000
5519982010055
5519982010153
5519982010156
5519982010269
5519982010601
5519982010658
5519982011192
5519982011354
5519982011522
5519982012345
5519982013608
5519982014705
5519982016270
5519982016282
5519982016596
5519982016673
5519982016896
5519982017559
5519982018999
5519982020095
5519982020700
5519982020705
5519982020809
5519982020868
5519982021097
5519982022295
5519982026248
5519982026707
5519982026794
5519982027004
5519982027177
5519982027678
5519982028044
5519982028140
5519982028174
5519982028216
5519982028267
5519982028557
5519982028600
5519982028656
5519982028676
5519982028700
5519982029006
5519982029507
5519982029771
5519982029982
5519982030505
5519982030546
5519982031202
5519982032315
5519982033117
5519982033197
5519982033260
5519982033372
5519982033497
5519982033520
5519982033665
5519982033887
5519982034077
5519982034291
5519982034613
5519982034673
5519982034688
5519982035281
5519982035318
5519982035459
5519982035577
5519982035842
5519982035861
5519982036344
5519982037004
5519982037572
5519982038693
5519982038766
5519982039983
5519982040031
5519982040081
5519982040158
5519982040228
5519982040364
5519982040785
5519982040809
5519982040814
5519982041235
5519982041474
5519982041540
5519982041763
5519982041767
5519982041943
5519982042020
5519982042039
5519982042075
5519982042095
5519982042114
5519982042166
5519982042248
5519982042356
5519982042535
5519982042566
5519982042658
5519982042745
5519982042803
5519982042932
5519982043001
5519982043026
5519982043050
5519982043064
5519982043176
5519982043194
5519982043257
5519982043258
5519982043269
5519982043359
5519982043499
5519982043563
5519982043613
5519982043677
5519982043728
5519982043776
5519982043847
5519982043868
5519982043884
5519982043885
5519982044075
5519982044103
5519982044516
5519982044550
5519982044560
5519982044745
5519982044771
5519982044804
5519982044838
5519982044867
5519982044888
5519982044910
5519982045033
5519982045046
5519982045121
5519982045124
5519982045152
5519982045260
5519982045300
5519982045301
5519982045327
5519982045365
5519982045566
5519982046077
5519982046261
5519982046484
5519982047086
5519982047139
5519982047547
5519982048303
5519982048372
5519982048882
5519982049018
5519982050581
5519982050618
5519982050889
5519982050897
5519982051175
5519982051964
5519982052403
5519982053176
5519982053791
5519982053794
5519982054040
5519982054200
5519982054499
5519982054544
5519982054607
5519982054633
5519982054758
5519982054807
5519982055021
5519982055553
5519982056009
5519982056578
5519982056733
5519982056934
5519982057877
5519982057980
5519982059140
5519982060748
5519982060761
5519982062026
5519982063765
5519982063917
5519982063988
5519982064857
5519982065740
5519982066160
5519982068193
5519982068641
5519982069042
5519982069048
5519982069049
5519982069403
5519982070085
5519982070826
5519982071030
5519982071037
5519982071412
5519982071565
5519982071591
5519982072150
5519982072191
5519982072193
5519982072196
5519982072442
5519982072503
5519982072692
5519982073552
5519982073601
5519982074227
5519982074400
5519982074584
5519982075087
5519982076491
5519982076542
5519982076716
5519982076744
5519982076763
5519982077025
5519982077087
5519982077123
5519982077364
5519982077902
5519982077945
5519982077992
5519982078115
5519982078146
5519982078227
5519982078288
5519982078336
5519982078531
5519982079090
5519982079181
5519982079701
5519982079712
5519982080287
5519982081061
5519982081447
5519982082747
5519982083031
5519982083083
5519982083422
5519982083681
5519982086135
5519982086972
5519982088173
5519982088449
5519982088807
5519982089071
5519982091089
5519982091805
5519982092853
5519982093410
5519982094865
5519982095357
5519982095427
5519982095433
5519982095437
5519982095442
5519982095449
5519982095507
5519982095516
5519982095518
5519982095519
5519982096035
5519982096082
5519982096083
5519982096090
5519982096341
5519982096345
5519982097082
5519982098232
5519982098502
5519982099433
5519982099476
5519982099645
5519982100950
5519982101100
5519982101148
5519982101499
5519982102883
5519982102894
5519982103414
5519982103600
5519982103837
5519982103879
5519982104248
5519982104522
5519982104620
5519982104629
5519982104764
5519982104808
5519982104924
5519982104930
5519982104941
5519982104972
5519982105080
5519982107994
5519982108128
5519982108651
5519982108815
5519982110300
5519982110600
5519982110833
5519982111100
5519982111344
5519982111766
5519982113172
5519982114531
5519982114581
5519982114625
5519982114628
5519982114996
5519982115122
5519982116514
5519982116702
5519982117209
5519982117233
5519982117235
5519982117741
5519982117871
5519982120106
5519982121361
5519982121503
5519982121509
5519982121606
5519982121625
5519982121696
5519982122461
5519982122853
5519982123157
5519982123347
5519982124019
5519982124062
5519982124461
5519982124859
5519982125417
5519982125419
5519982125424
5519982126436
5519982126919
5519982127293
5519982127515
5519982127666
5519982127789
5519982128085
5519982128232
5519982128748
5519982130225
5519982130226
5519982130267
5519982130601
5519982131291
5519982131389
5519982131538
5519982132255
5519982132680
5519982134442
5519982134477
5519982134924
5519982135268
5519982136036
5519982136113
5519982137009
5519982138073
5519982138225
5519982138633
5519982138853
5519982139082
5519982140014
5519982140264
5519982140773
5519982141091
5519982141391
5519982141933
5519982142787
5519982144178
5519982144240
5519982144324
5519982144700
5519982145170
5519982145697
5519982145707
5519982145932
5519982146147
5519982146629
5519982148839
5519982149969
5519982150003
5519982150152
5519982150368
5519982150606
5519982151395
5519982152121
5519982153206
5519982155935
5519982156048
5519982157336
5519982158884
5519982159159
5519982159377
5519982159521
5519982159522
5519982159556
5519982159998
5519982160917
5519982161710
5519982162203
5519982164276
5519982164656
5519982165437
5519982165490
5519982165547
5519982165700
5519982166128
5519982166356
5519982166461
5519982166470
5519982166474
5519982167003
5519982167673
5519982167723
5519982168208
5519982168747
5519982170444
5519982171625
5519982171891
5519982171893
5519982172340
5519982173077
5519982173536
5519982173627
5519982173837
5519982174100
5519982174245
5519982174282
5519982174338
5519982174573
5519982174589
5519982174834
5519982174945
5519982174953
5519982175888
5519982176073
5519982177085
5519982177199
5519982177400
5519982177434
5519982177505
5519982177539
5519982177563
5519982177612
5519982177678
5519982177915
5519982177988
5519982178095
5519982178103
5519982178275
5519982178339
5519982178521
5519982178573
5519982178583
5519982178644
5519982178838
5519982179416
5519982179459
5519982180316
5519982180530
5519982180622
5519982180941
5519982181605
5519982181755
5519982182827
5519982183335
5519982183780
5519982183878
5519982184443
5519982185500
5519982187372
5519982187377
5519982187587
5519982188219
5519982189199
5519982189726
5519982189944
5519982191015
5519982191547
5519982191548
5519982191596
5519982192105
5519982192385
5519982193839
5519982194025
5519982194522
5519982194697
5519982195059
5519982195139
5519982195215
5519982195599
5519982197370
5519982198533
5519982199220
5519982199396
5519982200243
5519982200444
5519982202308
5519982202695
5519982203180
5519982203815
5519982204490
5519982204751
5519982206360
5519982206453
5519982206588
5519982206590
5519982206876
5519982206903
5519982207111
5519982207346
5519982207494
5519982208030
5519982208080
5519982208098
5519982208802
5519982209434
5519982209456
5519982209647
5519982210550
5519982210711
5519982210906
5519982212625
5519982212627
5519982213002
5519982213326
5519982215389
5519982216776
5519982216961
5519982218485
5519982219122
5519982219800
5519982221200
5519982222671
5519982222828
5519982223312
5519982223502
5519982223663
5519982224082
5519982224458
5519982224948
5519982225420
5519982225806
5519982226476
5519982226489
5519982227600
5519982228008
5519982228777
5519982228844
5519982229382
5519982229696
5519982229779
5519982230920
5519982231456
5519982231480
5519982232849
5519982233243
5519982233521
5519982233620
5519982234071
5519982235017
5519982236226
5519982236257
5519982236274
5519982236916
5519982237071
5519982237456
5519982237467
5519982237776
5519982238110
5519982238883
5519982239220
5519982239415
5519982239505
5519982239640
5519982239701
5519982239703
5519982239712
5519982240338
5519982240417
5519982240424
5519982240905
5519982241909
5519982243137
5519982243859
5519982243871
5519982244164
5519982244358
5519982244819
5519982244849
5519982244990
5519982245533
5519982245665
5519982245951
5519982246162
5519982246237
5519982246976
5519982247403
5519982247611
5519982247923
5519982249876
5519982250103
5519982250416
5519982250447
5519982250628
5519982251118
5519982251127
5519982251207
5519982251548
5519982252848
5519982254275
5519982255921
5519982255927
5519982257444
5519982257557
5519982257597
5519982257879
5519982259562
5519982259977
5519982260220
5519982261669
5519982261727
5519982262110
5519982262225
5519982262313
5519982262490
5519982262493
5519982262494
5519982262496
5519982263117
5519982263313
5519982263389
5519982263452
5519982263513
5519982263925
5519982264045
5519982264530
5519982264596
5519982264611
5519982264762
5519982264892
5519982265190
5519982265256
5519982266772
5519982266971
5519982267038
5519982267080
5519982267367
5519982267369
5519982267469
5519982267665
5519982268075
5519982268483
5519982268990
5519982269253
5519982269853
5519982270505
5519982271194
5519982271616
5519982271709
5519982271942
5519982271949
5519982272737
5519982273753
5519982274083
5519982274089
5519982275032
5519982275040
5519982275119
5519982275121
5519982275287
5519982276238
5519982276845
5519982277897
5519982278434
5519982280166
5519982280192
5519982280504
5519982281495
5519982282112
5519982282341
5519982282390
5519982282394
5519982282488
5519982282781
5519982282936
5519982282961
5519982284648
5519982285249
5519982285529
5519982285808
5519982286297
5519982286663
5519982286825
5519982287093
5519982287130
5519982287170
5519982287788
5519982287841
5519982288410
5519982288687
5519982289048
5519982289302
5519982289338
5519982289559
5519982292509
5519982292688
5519982293046
5519982293259
5519982293412
5519982293515
5519982293552
5519982294527
5519982294828
5519982296857
5519982297384
5519982298731
5519982299030
5519982301612
5519982301737
5519982301894
5519982302538
5519982305897
5519982305937
5519982306754
5519982306755
5519982306806
5519982307930
5519982308710
5519982308723
5519982308740
5519982308863
5519982308868
5519982309097
5519982309202
5519982309419
5519982309502
5519982310033
5519982310203
5519982310390
5519982310391
5519982310535
5519982310537
5519982310777
5519982311367
5519982312168
5519982312201
5519982312870
5519982312873
5519982312875
5519982313029
5519982313265
5519982313469
5519982313636
5519982314788
5519982315018
5519982315087
5519982315656
5519982315665
5519982315890
5519982316019
5519982316400
5519982316773
5519982316774
5519982317284
5519982317382
5519982317646
5519982318232
5519982318673
5519982320186
5519982320404
5519982321122
5519982321481
5519982321897
5519982322424
5519982322425
5519982323634
5519982324613
5519982324911
5519982325324
5519982325602
5519982327648
5519982328314
5519982329270
5519982329920
5519982330049
5519982330104
5519982330927
5519982331294
5519982333100
5519982333411
5519982333641
5519982333816
5519982333888
5519982333947
5519982334041
5519982334100
5519982334140
5519982334142
5519982335007
5519982335121
5519982335343
5519982335500
5519982335519
5519982335524
5519982335573
5519982335592
5519982336642
5519982336673
5519982336676
5519982337265
5519982337567
5519982337568
5519982337569
5519982337591
5519982337594
5519982337597
5519982337598
5519982337599
5519982337703
5519982337817
5519982338188
5519982338848
5519982339045
5519982339823
5519982339873
5519982340228
5519982341004
5519982341011
5519982341021
5519982341060
5519982341349
5519982341777
5519982341782
5519982343377
5519982343820
5519982344521
5519982345346
5519982346113
5519982346397
5519982346976
5519982348230
5519982348760
5519982348823
5519982348843
5519982349245
5519982349734
5519982350010
5519982350016
5519982350019
5519982350038
5519982350125
5519982350130
5519982350131
5519982350220
5519982350262
5519982350277
5519982350287
5519982350375
5519982350945
5519982351259
5519982352229
5519982352565
5519982353853
5519982353854
5519982353955
5519982354023
5519982354105
5519982354106
5519982354266
5519982354383
5519982354384
5519982354642
5519982355002
5519982355146
5519982355199
5519982355383
5519982355550
5519982355608
5519982355715
5519982357383
5519982357666
5519982358101
5519982358586
5519982359116
5519982359422
5519982359983
5519982360131
5519982360295
5519982360446
5519982361033
5519982361374
5519982361613
5519982361823
5519982363522
5519982363702
5519982365207
5519982365301
5519982366134
5519982366721
5519982367415
5519982367622
5519982373884
5519982375496
5519982376342
5519982378909
5519982379828
5519982379996
5519982380256
5519982380626
5519982380724
5519982380793
5519982381115
5519982381204
5519982381920
5519982382257
5519982382308
5519982382354
5519982382370
5519982382814
5519982383562
5519982383641
5519982384449
5519982386025
5519982386026
5519982387550
5519982388262
5519982388486
5519982388489
5519982388718
5519982390933
5519982391979
5519982392457
5519982395392
5519982396177
5519982397565
5519982397689
5519982397779
5519982398964
5519982399631
5519982400339
5519982400348
5519982400508
5519982400936
5519982401641
5519982402847
5519982404051
5519982404553
5519982404756
5519982405332
5519982405830
5519982406442
5519982406784
5519982407404
5519982408656
5519982408946
5519982409278
5519982409375
5519982410376
5519982410457
5519982410620
5519982411647
5519982411734
5519982412683
5519982413115
5519982413589
5519982413590
5519982414113
5519982414552
5519982417259
5519982417275
5519982417574
5519982417880
5519982419528
5519982419856
5519982419917
5519982420318
5519982420334
5519982420691
5519982420890
5519982421059
5519982421416
5519982421644
5519982421962
5519982421964
5519982422304
5519982422605
5519982424301
5519982425047
5519982425148
5519982425981
5519982426180
5519982426181
5519982426210
5519982426274
5519982426305
5519982426633
5519982427239
5519982428270
5519982428276
5519982429299
5519982429664
5519982429780
5519982430129
5519982430278
5519982430320
5519982431600
5519982431675
5519982432027
5519982432609
5519982433184
5519982433622
5519982433692
5519982434290
5519982434444
5519982436165
5519982438533
5519982439963
5519982440723
5519982441377
5519982442365
5519982442627
5519982443515
5519982443623
5519982443886
5519982444583
