5519981776069
5519981777450
5519981777825
5519981778364
5519981778434
5519981778619
5519981780156
5519981780531
5519981780561
5519981780562
5519981780563
5519981780565
5519981780592
5519981780619
5519981780620
5519981780627
5519981780903
5519981781005
5519981781045
5519981781046
5519981781086
5519981781184
5519981781721
5519981781755
5519981781769
5519981781772
5519981781780
5519981781783
5519981781788
5519981781789
5519981781810
5519981781811
5519981781813
5519981781921
5519981782345
5519981782424
5519981782425
5519981783298
5519981783350
5519981784066
5519981784977
5519981785108
5519981785190
5519981785413
5519981785430
5519981785720
5519981786171
5519981787589
5519981787742
5519981788043
5519981788573
5519981788784
5519981788885
5519981788945
5519981789021
5519981789119
5519981789260
5519981789566
5519981789570
5519981789874
5519981790081
5519981790107
5519981790113
5519981790203
5519981790339
5519981790546
5519981790571
5519981790626
5519981790824
5519981790909
5519981791022
5519981791064
5519981791094
5519981791245
5519981791273
5519981791277
5519981791374
5519981791435
5519981791461
5519981791489
5519981791611
5519981791648
5519981791679
5519981791765
5519981791989
5519981792060
5519981792217
5519981792317
5519981792419
5519981792510
5519981792656
5519981792831
5519981792856
5519981793298
5519981793590
5519981793620
5519981793771
5519981793775
5519981793788
5519981793845
5519981793982
5519981793992
5519981794028
5519981794058
5519981794156
5519981794238
5519981794268
5519981794296
5519981794363
5519981794370
5519981794371
5519981794372
5519981794491
5519981794533
5519981794591
5519981794621
5519981794640
5519981794685
5519981794687
5519981794768
5519981794793
5519981794944
5519981795361
5519981795383
5519981795459
5519981795840
5519981795927
5519981795928
5519981795952
5519981795953
5519981795957
5519981795960
5519981795961
5519981795967
5519981795972
5519981795988
5519981795992
5519981795993
5519981796047
5519981796094
5519981796099
5519981796154
5519981796166
5519981796264
5519981796740
5519981796814
5519981796882
5519981797185
5519981797688
5519981799787
5519981799966
5519981799974
5519981801545
5519981804310
5519981807513
5519981808228
5519981808295
5519981809611
5519981809626
5519981810101
5519981810202
5519981810223
5519981810231
5519981810251
5519981810254
5519981810256
5519981810303
5519981810315
5519981810316
5519981810317
5519981810318
5519981810319
5519981810404
5519981810477
5519981810479
5519981810488
5519981810505
5519981810606
5519981810787
5519981810823
5519981810854
5519981810855
5519981811032
5519981811200
5519981811299
5519981811381
5519981811473
5519981811488
5519981811828
5519981811879
5519981811897
5519981812020
5519981812069
5519981812175
5519981812315
5519981812320
5519981812450
5519981812842
5519981812851
5519981812852
5519981812863
5519981812935
5519981812944
5519981813025
5519981813096
5519981813171
5519981813230
5519981813676
5519981813683
5519981813810
5519981813830
5519981813964
5519981814060
5519981814071
5519981814113
5519981814338
5519981814489
5519981814524
5519981814714
5519981814796
5519981814800
5519981814855
5519981814900
5519981814909
5519981814925
5519981814928
5519981814940
5519981814941
5519981815101
5519981815460
5519981815475
5519981815488
5519981815490
5519981815564
5519981815700
5519981815788
5519981815800
5519981815946
5519981815948
5519981815994
5519981816027
5519981816033
5519981816039
5519981816172
5519981816204
5519981816437
5519981816506
5519981816509
5519981816512
5519981816596
5519981816613
5519981816691
5519981816960
5519981817142
5519981817295
5519981817305
5519981817401
5519981817454
5519981817455
5519981817600
5519981817638
5519981817655
5519981817660
5519981817685
5519981817687
5519981817689
5519981818001
5519981818082
5519981818099
5519981818129
5519981818134
5519981818256
5519981818716
5519981818869
5519981818966
5519981819035
5519981819104
5519981819185
5519981819217
5519981819220
5519981819275
5519981819469
5519981819520
5519981819606
5519981819801
5519981819829
5519981819853
5519981819892
5519981820489
5519981821444
5519981821457
5519981821914
5519981822438
5519981822700
5519981822813
5519981822900
5519981823456
5519981824424
5519981824788
5519981825112
5519981825447
5519981825623
5519981825764
5519981825798
5519981827013
5519981827251
5519981827994
5519981828453
5519981828721
5519981828752
5519981829206
5519981829267
5519981829389
5519981829706
5519981830016
5519981830049
5519981830297
5519981830451
5519981830684
5519981830729
5519981831109
5519981832143
5519981832207
5519981832287
5519981832381
5519981832671
5519981832785
5519981832804
5519981832923
5519981832924
5519981833009
5519981833020
5519981833140
5519981833211
5519981833268
5519981833352
5519981833381
5519981833386
5519981833441
5519981833538
5519981833547
5519981833548
5519981833641
5519981833797
5519981833908
5519981833930
5519981834048
5519981834192
5519981834269
5519981834328
5519981834397
5519981834557
5519981834613
5519981834626
5519981834818
5519981834849
5519981835014
5519981835037
5519981835170
5519981835304
5519981835340
5519981835840
5519981836111
5519981836139
5519981836196
5519981836835
5519981836875
5519981836920
5519981836968
5519981837105
5519981837109
5519981837280
5519981837281
5519981837282
5519981837287
5519981837398
5519981837418
5519981837489
5519981837515
5519981837540
5519981837548
5519981837580
5519981837593
5519981837690
5519981838123
5519981839346
5519981839771
5519981840125
5519981841515
5519981841642
5519981841682
5519981845497
5519981845786
5519981846167
5519981846437
5519981846531
5519981846558
5519981846684
5519981847127
5519981847169
5519981847199
5519981847466
5519981847500
5519981847580
5519981847773
5519981847863
5519981848292
5519981848324
5519981848364
5519981848530
5519981848537
5519981848541
5519981848543
5519981848545
5519981848546
5519981848647
5519981848648
5519981848683
5519981848684
5519981849088
5519981849352
5519981849384
5519981849390
5519981849989
5519981850089
5519981850657
5519981850761
5519981850882
5519981853241
5519981853394
5519981853628
5519981853666
5519981853759
5519981854188
5519981856687
5519981856692
5519981856738
5519981856784
5519981857218
5519981857367
5519981857859
5519981858424
5519981860026
5519981860027
5519981860028
5519981860098
5519981860148
5519981860180
5519981860254
5519981860299
5519981860413
5519981860728
5519981862649
5519981862703
5519981862859
5519981863409
5519981863519
5519981863886
5519981864042
5519981865872
5519981865889
5519981865914
5519981865922
5519981865932
5519981865968
5519981865981
5519981865985
5519981865989
5519981866042
5519981866198
5519981866245
5519981866247
5519981866257
5519981866375
5519981866438
5519981866458
5519981866473
5519981866482
5519981866539
5519981866604
5519981866737
5519981866835
5519981866836
5519981866888
5519981866924
5519981866970
5519981867077
5519981867079
5519981867336
5519981867462
5519981867466
5519981867543
5519981867545
5519981867675
5519981867717
5519981867803
5519981867855
5519981867858
5519981867939
5519981867947
5519981868056
5519981868115
5519981868174
5519981871158
5519981871248
5519981871263
5519981871381
5519981871389
5519981871412
5519981871432
5519981871470
5519981871511
5519981871628
5519981871629
5519981871745
5519981872570
5519981872578
5519981872854
5519981872892
5519981872910
5519981872942
5519981873129
5519981873157
5519981873241
5519981873274
5519981873278
5519981873408
5519981873414
5519981873517
5519981873595
5519981873597
5519981873598
5519981873599
5519981873608
5519981873610
5519981873611
5519981873613
5519981873614
5519981873615
5519981873652
5519981873693
5519981873775
5519981873920
5519981874697
5519981874725
5519981874995
5519981875364
5519981876798
5519981878199
5519981880247
5519981883394
5519981883706
5519981883845
5519981884526
5519981886232
5519981886473
5519981887799
5519981888019
5519981888302
5519981890398
5519981890500
5519981891342
5519981891343
5519981891391
5519981891679
5519981892138
5519981892214
5519981892253
5519981892347
5519981892518
5519981892617
5519981892833
5519981892838
5519981892949
5519981892975
5519981893166
5519981893169
5519981893506
5519981893940
5519981893970
5519981894453
5519981894845
5519981894847
5519981894869
5519981895136
5519981895138
5519981895241
5519981895334
5519981895347
5519981895349
5519981895416
5519981895429
5519981895436
5519981895437
5519981895439
5519981895708
5519981895950
5519981896129
5519981896306
5519981896928
5519981898022
5519981898429
5519981900003
5519981900027
5519981901180
5519981901264
5519981903463
5519981904516
5519981905253
5519981907379
5519981907554
5519981908857
5519981909251
5519981910020
5519981910069
5519981910071
5519981912467
5519981912801
5519981913759
5519981915422
5519981920779
5519981921326
5519981921586
5519981921599
5519981922044
5519981922103
5519981922439
5519981922502
5519981922596
5519981922605
5519981922711
5519981923199
5519981923477
5519981923599
5519981923635
5519981923766
5519981925802
5519981926312
5519981930131
5519981933121
5519981933758
5519981933762
5519981934390
5519981934405
5519981934407
5519981934463
5519981934616
5519981934617
5519981934619
5519981934620
5519981934621
5519981934624
5519981934625
5519981934866
5519981938724
5519981938740
5519981938759
5519981939078
5519981939671
5519981940560
5519981941407
5519981943563
5519981944133
5519981944467
5519981944516
5519981944524
5519981944740
5519981945091
5519981945124
5519981945313
5519981945316
5519981945319
5519981945320
5519981945323
5519981945358
5519981945573
5519981945575
5519981945838
5519981946183
5519981946184
5519981946188
5519981946194
5519981946196
5519981946198
5519981946199
5519981946201
5519981946203
5519981946207
5519981946208
5519981946211
5519981946218
5519981946220
5519981946223
5519981946225
5519981946227
5519981946230
5519981946232
5519981946889
5519981946943
5519981946982
5519981946989
5519981947130
5519981947736
5519981947833
5519981947865
5519981947881
5519981947947
5519981948053
5519981948055
5519981948192
5519981948694
5519981948719
5519981948789
5519981948853
5519981948871
5519981948984
5519981949053
5519981949164
5519981949344
5519981949646
5519981949668
5519981949767
5519981949965
5519981950147
5519981950226
5519981950249
5519981950474
5519981950527
5519981950979
5519981953264
5519981953267
5519981953303
5519981953317
5519981953589
5519981953597
5519981953753
5519981953931
5519981955417
5519981955510
5519981955542
5519981955571
5519981955710
5519981955712
5519981955714
5519981955721
5519981955724
5519981955726
5519981955839
5519981956431
5519981956734
5519981956936
5519981956965
5519981957057
5519981958432
5519981960012
5519981960924
5519981961061
5519981961121
5519981961472
5519981961543
5519981961687
5519981961721
5519981961748
5519981961775
5519981962011
5519981962233
5519981962245
5519981962449
5519981963450
5519981963747
5519981963793
5519981963797
5519981963878
5519981963882
5519981963942
5519981964444
5519981964953
5519981965270
5519981965866
5519981965968
5519981966741
5519981966742
5519981966757
5519981966774
5519981966784
5519981967491
5519981967492
5519981967493
5519981967595
5519981967750
5519981967779
5519981967898
5519981967927
5519981968052
5519981968313
5519981968480
5519981968526
5519981968528
5519981968575
5519981968666
5519981968676
5519981968680
5519981968728
5519981968835
5519981969088
5519981970030
5519981970399
5519981970442
5519981970457
5519981970584
5519981972060
5519981972151
5519981972298
5519981972460
5519981972547
5519981973452
5519981973854
5519981974319
5519981974751
5519981974951
5519981976113
5519981977833
5519981981337
5519981981643
5519981982341
5519981982419
5519981982496
5519981982509
5519981982529
5519981982771
5519981983007
5519981983514
5519981983748
5519981985122
5519981985227
5519981985247
5519981985316
5519981985317
5519981985426
5519981985504
5519981985711
5519981985985
5519981986064
5519981986261
5519981986596
5519981986845
5519981986979
5519981987189
5519981987250
5519981987339
5519981987360
5519981987655
5519981988175
5519981988601
5519981988766
5519981989272
5519981989886
5519981990037
5519981990058
5519981990593
5519981990647
5519981990913
5519981990916
5519981993363
5519981993475
5519981993739
5519981996232
5519981996380
5519981996448
5519981996673
5519981997160
5519981997183
5519981997948
5519981997951
5519981998056
5519981998145
5519981998373
5519981998519
5519981998861
5519981998885
5519981998890
5519981999123
5519981999282
5519982000722
5519982002611
5519982003777
5519982004142
5519982004156
5519982004243
5519982004948
5519982004954
5519982009417
5519982010099
5519982010471
5519982010786
5519982012161
5519982012404
5519982016021
5519982018089
5519982018357
5519982019144
5519982019479
5519982019783
5519982020717
5519982021319
5519982021472
5519982024232
5519982025166
5519982027000
5519982027878
5519982028548
5519982028899
5519982029595
5519982030002
5519982030133
5519982030279
5519982030784
5519982032492
5519982032849
5519982033444
5519982035837
5519982036212
5519982036215
5519982036260
5519982036375
5519982036432
5519982036516
5519982036592
5519982036910
5519982037350
5519982037358
5519982037878
5519982037900
5519982038535
5519982038608
5519982038972
5519982039029
5519982039099
5519982039230
5519982039696
5519982039766
5519982039773
5519982039858
5519982040012
5519982040169
5519982040488
5519982040590
5519982040597
5519982040786
5519982040787
5519982040805
5519982041156
5519982041287
5519982041294
5519982042172
5519982042271
5519982042498
5519982042582
5519982042786
5519982042891
5519982043200
5519982043230
5519982043388
5519982043552
5519982043687
5519982043823
5519982044007
5519982044316
5519982044356
5519982044893
5519982045001
5519982045061
5519982045093
5519982045189
5519982045204
5519982045995
5519982046850
5519982047345
5519982047774
5519982047999
5519982048510
5519982049899
5519982049944
5519982054321
5519982054950
5519982054994
5519982054999
5519982055005
5519982055577
5519982056072
5519982058283
5519982058444
5519982059195
5519982060003
5519982061282
5519982062721
5519982063535
5519982063988
5519982063999
5519982064004
5519982064039
5519982064242
5519982064300
5519982064916
5519982066030
5519982066114
5519982067728
5519982070116
5519982070213
5519982070255
5519982070259
5519982070301
5519982070324
5519982070336
5519982070361
5519982070652
5519982070669
5519982070688
5519982071118
5519982071233
5519982071260
5519982071285
5519982071386
5519982071769
5519982072092
5519982072116
5519982072327
5519982072481
5519982073354
5519982075377
5519982075526
5519982075660
5519982077016
5519982077172
5519982077208
5519982077242
5519982077605
5519982077815
5519982077895
5519982077903
5519982078022
5519982078088
5519982078093
5519982078176
5519982078230
5519982078276
5519982078362
5519982078373
5519982078376
5519982078391
5519982078497
5519982078547
5519982078627
5519982078668
5519982079695
5519982080215
5519982081216
5519982083253
5519982083304
5519982083434
5519982084659
5519982085522
5519982087441
5519982089675
5519982090004
5519982090035
5519982090046
5519982090106
5519982090542
5519982092768
5519982092808
5519982092812
5519982092836
5519982092848
5519982092862
5519982092883
5519982092889
5519982092958
5519982093002
5519982093051
5519982093056
5519982093570
5519982093571
5519982093579
5519982093811
5519982093813
5519982094158
5519982094166
5519982094176
5519982094587
5519982094701
5519982094739
5519982095751
5519982102128
5519982105310
5519982106161
5519982110441
5519982110874
5519982110996
5519982110999
5519982111600
5519982113900
5519982114848
5519982117056
5519982117151
5519982118254
5519982119018
5519982120005
5519982120269
5519982121168
5519982121244
5519982123355
5519982126077
5519982127169
5519982127333
5519982127400
5519982128293
5519982129900
5519982132481
5519982133113
5519982133128
5519982133132
5519982133222
5519982133231
5519982134251
5519982134877
5519982135005
5519982135032
5519982135033
5519982135034
5519982135100
5519982135200
5519982135400
5519982135600
5519982135900
5519982136100
5519982136200
5519982136300
5519982136400
5519982136500
5519982136600
5519982136800
5519982142904
5519982145976
5519982146569
5519982147266
5519982149645
5519982149646
5519982153770
5519982160451
5519982163053
5519982163247
5519982163485
5519982164162
5519982166297
5519982166800
5519982167778
5519982168392
5519982168775
5519982169753
5519982171138
5519982172019
5519982172119
5519982172518
5519982172662
5519982172829
5519982177399
5519982177430
5519982177454
5519982177586
5519982177599
5519982177601
5519982177604
5519982177605
5519982177607
5519982177610
5519982177613
5519982177614
5519982177615
5519982177616
5519982177624
5519982177701
5519982177990
5519982178071
5519982178072
5519982178073
5519982178074
5519982178111
5519982178316
5519982178342
5519982178448
5519982178585
5519982178594
5519982178712
5519982178764
5519982178779
5519982178818
5519982179454
5519982179499
5519982179635
5519982179798
5519982180004
5519982181555
5519982181886
5519982181927
5519982182223
5519982182224
5519982182442
5519982183443
5519982184241
5519982184321
5519982184700
5519982185522
5519982185615
5519982186061
5519982186886
5519982187472
5519982190021
5519982190442
5519982190444
5519982190447
5519982190452
5519982190459
5519982190475
5519982190532
5519982191815
5519982192895
5519982193219
5519982194966
5519982195999
5519982197711
5519982197755
5519982198087
5519982198219
5519982200473
5519982200618
5519982200935
5519982200991
5519982201020
5519982201089
5519982202683
5519982203550
5519982204005
5519982204977
5519982207453
5519982207455
5519982211388
5519982211535
5519982215844
5519982216571
5519982216700
5519982217356
5519982220002
5519982222104
5519982223923
5519982225286
5519982227200
5519982230044
5519982230146
5519982230433
5519982230909
5519982230986
5519982231010
5519982231114
5519982231115
5519982234849
5519982235874
5519982237227
5519982238257
5519982238489
5519982239700
5519982240036
5519982240096
5519982243003
5519982246480
5519982247744
5519982247774
5519982248500
5519982251230
5519982252678
5519982254558
5519982257853
5519982260268
5519982260321
5519982260327
5519982262961
5519982263159
5519982263272
5519982263354
5519982263557
5519982263769
5519982263785
5519982263792
5519982263793
5519982263794
5519982263877
5519982264070
5519982264118
5519982264225
5519982264233
5519982264261
5519982264306
5519982264309
5519982264312
5519982264347
5519982264388
5519982264532
5519982264550
5519982264560
5519982264570
5519982264666
5519982264746
5519982264768
5519982264771
5519982264912
5519982264987
5519982265147
5519982265166
5519982265323
5519982265388
5519982265405
5519982266226
5519982266228
5519982266261
5519982267547
5519982267549
5519982267640
5519982267677
5519982267800
5519982268151
5519982268427
5519982268701
5519982269621
5519982272643
5519982275859
5519982275885
5519982275900
5519982275958
5519982275959
5519982275960
5519982276116
5519982276160
5519982276161
5519982276162
5519982276200
5519982276226
5519982276261
5519982276262
5519982276263
5519982276300
5519982277666
5519982278444
5519982278448
5519982278483
5519982278485
5519982278500
5519982278558
5519982278585
5519982278586
5519982278642
5519982278666
5519982278668
5519982278685
5519982278686
5519982278700
5519982278736
5519982278777
5519982278786
5519982278787
5519982278788
5519982278800
5519982278811
5519982278822
5519982279293
5519982280203
5519982280246
5519982281763
5519982283593
5519982284501
5519982289500
5519982289600
5519982290606
5519982290682
5519982291876
5519982294613
5519982308045
5519982308313
5519982313547
5519982317100
5519982317200
5519982317300
5519982317600
5519982317700
5519982320024
5519982321222
5519982321312
5519982328073
5519982328440
5519982329277
5519982332661
5519982334546
5519982334555
5519982334645
5519982334646
5519982334647
5519982336463
5519982336789
5519982337350
5519982337475
5519982337614
5519982338162
5519982339555
5519982340319
5519982341778
5519982342066
5519982342885
5519982343115
5519982349624
5519982350033
5519982351127
5519982351829
5519982352038
5519982352423
5519982353773
5519982354443
5519982354445
5519982354747
5519982357184
5519982357491
5519982357835
5519982357949
5519982358281
5519982358282
5519982358434
5519982358583
5519982358651
5519982359819
5519982365689
5519982368249
5519982370005
5519982370227
5519982372299
5519982372332
5519982372333
5519982372423
5519982373232
5519982376265
5519982379665
5519982379753
5519982379898
5519982380783
5519982380790
5519982380796
5519982381103
5519982381125
5519982381130
5519982381184
5519982381677
5519982381901
5519982381952
5519982381953
5519982382109
5519982383081
5519982383669
5519982383676
5519982383727
5519982383757
5519982384071
5519982384203
5519982387575
5519982388093
5519982388570
5519982392606
5519982393914
5519982393942
5519982394156
5519982395598
5519982400440
5519982403587
5519982404726
5519982408419
5519982409901
5519982410504
5519982410652
5519982410691
5519982410877
5519982411119
5519982415987
5519982417158
5519982417482
5519982417604
5519982417613
5519982417688
5519982418162
5519982418244
5519982419401
5519982420017
5519982420024
5519982420036
5519982420066
5519982420088
5519982420099
5519982420100
5519982420101
5519982420184
5519982420437
5519982420628
5519982421708
5519982421950
5519982422018
5519982422831
5519982422879
5519982425096
5519982425723
5519982425834
5519982426638
5519982427838
5519982432860
5519982436584
5519982440198
5519982440215
5519982440277
5519982440295
5519982440353
5519982440359
5519982440364
5519982440584
5519982440605
5519982442433
5519982443871
5519982445213
5519982445642
5519982447000
5519982447771
5519982447847
5519982448158
5519982448253
5519982450096
5519982450289
5519982450292
5519982450293
5519982450308
5519982457509
5519982460056
5519982460059
5519982460423
5519982460476
5519982460523
5519982460524
5519982460525
5519982460526
5519982460527
5519982460539
5519982460540
5519982460542
5519982460543
5519982460544
5519982460546
5519982460557
5519982460559
5519982460560
5519982460561
5519982460565
5519982460566
5519982460581
5519982460582
5519982460583
5519982460584
5519982460590
5519982460591
5519982460592
5519982460593
5519982460690
5519982460704
5519982460705
5519982460841
5519982460842
5519982460940
5519982461053
5519982463888
5519982465796
5519982466001
5519982467777
5519982469974
5519982470217
5519982470225
5519982470241
5519982470269
5519982470311
5519982470314
5519982470510
5519982470719
5519982470756
5519982471568
5519982471887
5519982472585
5519982475428
5519982479602
5519982479886
5519982480157
5519982480181
5519982480901
5519982480911
5519982482143
5519982484233
5519982484392
5519982487057
5519982488274
5519982488923
5519982490334
5519982490480
5519982490481
5519982490484
5519982490809
5519982490853
5519982490861
5519982491212
5519982491312
5519982491313
5519982492297
5519982495607
5519982500032
5519982500036
5519982500142
5519982500711
5519982501777
5519982501817
5519982501818
5519982502174
5519982503458
5519982504438
5519982504658
5519982506209
5519982508313
5519982508926
5519982508927
5519982508929
5519982508930
5519982508931
5519982510066
5519982510302
5519982511313
5519982512552
5519982512555
5519982512931
5519982513374
5519982513467
5519982513962
5519982514018
5519982514576
5519982514700
5519982517086
5519982517365
5519982517693
5519982519823
5519982530156
5519982530157
5519982530686
5519982530979
5519982531079
5519982531833
5519982531870
5519982531921
5519982531922
5519982540026
5519982540219
5519982540281
5519982540607
5519982540707
5519982540970
5519982541009
5519982541106
5519982541556
5519982542599
5519982543515
5519982543562
5519982543639
5519982544072
5519982544113
5519982544227
5519982544340
5519982544790
5519982545748
5519982546675
5519982546902
5519982546935
5519982547541
5519982547742
5519982548179
5519982548623
5519982549782
5519982549844
5519982549875
5519982549999
5519982550631
5519982552572
5519982552864
5519982554191
5519982554374
5519982554550
5519982554739
5519982555133
5519982555774
5519982557196
5519982557239
5519982557244
5519982557630
5519982557777
5519982558004
5519982559339
5519982559398
5519982560099
5519982561001
5519982561010
5519982561424
5519982561450
5519982561455
5519982561465
5519982561501
5519982561513
5519982562796
5519982565563
5519982570200
5519982573729
5519982573749
5519982573834
5519982574079
5519982574950
5519982574996
5519982575351
5519982575548
5519982576766
5519982577082
5519982578377
5519982578532
5519982578888
5519982579000
5519982579493
5519982580132
5519982580134
5519982580268
5519982580310
5519982580544
5519982580757
5519982580912
5519982581409
5519982581566
5519982582732
5519982583030
5519982583031
5519982583111
5519982583113
5519982584183
5519982584360
5519982585604
5519982585661
5519982585735
5519982586046
5519982588685
5519982588895
5519982590000
5519982590909
5519982590910
5519982590990
5519982593322
5519982594888
5519982594948
5519982595427
5519982598272
5519982599267
5519982599394
5519982599888
5519982600056
5519982600058
5519982600063
5519982600073
5519982600090
5519982600108
5519982604575
5519982606556
5519982606564
5519982606699
5519982608568
5519982608700
5519982609166
5519982611144
5519982611331
5519982612665
5519982613034
5519982613035
5519982613038
5519982613266
5519982613517
5519982613518
5519982613519
5519982614323
5519982615200
5519982618166
5519982619999
5519982621010
5519982622254
5519982622554
5519982622662
5519982622666
5519982622700
5519982624461
5519982625111
5519982625830
5519982626708
5519982628552
5519982630048
5519982630083
5519982630595
5519982630709
5519982630713
5519982630765
5519982631308
5519982631418
5519982631428
5519982631450
5519982631474
5519982631583
5519982631719
5519982631784
5519982631873
5519982632213
5519982632348
5519982632567
5519982632683
5519982633032
5519982633062
5519982633227
5519982633375
5519982633508
5519982633937
5519982634153
5519982634742
5519982635129
5519982635159
5519982635780
5519982635801
5519982636077
5519982637214
5519982637369
5519982638538
5519982639045
5519982639051
5519982640061
5519982640078
5519982640692
5519982641076
5519982641259
5519982641710
5519982641749
5519982641765
5519982642323
5519982642324
5519982642332
5519982642339
5519982642512
5519982642530
5519982642856
5519982642925
5519982643065
5519982643244
5519982643582
5519982643596
5519982643647
5519982643933
5519982644366
5519982644375
5519982644378
5519982644537
5519982644592
5519982644600
5519982644804
5519982645244
5519982645877
5519982646000
5519982646078
5519982647307
5519982647321
5519982647557
5519982648402
5519982648512
5519982648535
5519982648769
5519982649116
5519982649236
5519982649533
5519982650360
5519982650565
5519982650607
5519982650696
5519982650704
5519982650729
5519982650758
5519982650795
5519982650838
5519982650847
5519982651226
5519982651959
5519982652033
5519982652054
5519982652109
5519982652284
5519982652591
5519982652907
5519982653048
5519982653060
5519982653156
5519982653184
5519982653217
5519982653565
5519982654115
5519982654314
5519982654417
5519982654664
5519982655410
5519982656348
5519982656598
5519982656612
5519982656647
5519982660016
5519982660220
5519982661646
5519982663020
5519982666492
5519982666831
5519982667271
5519982667733
5519982670004
5519982670010
5519982670015
5519982670031
5519982670059
5519982670062
5519982670063
5519982670068
5519982670069
5519982670082
5519982670084
5519982670085
5519982670095
5519982670098
5519982671900
5519982672100
5519982672120
5519982672121
5519982673154
5519982675630
5519982676093
5519982677373
5519982678161
5519982678236
5519982679147
5519982682556
5519982683663
5519982685445
5519982686405
5519982687424
5519982688283
5519982688300
5519982692159
5519982693843
5519982694824
5519982694982
5519982695960
5519982695995
5519982696570
5519982697000
5519982699542
5519982700042
5519982702880
5519982703111
5519982706222
5519982710094
5519982710251
5519982710252
5519982710254
5519982712556
5519982712991
5519982716125
5519982716838
5519982717230
5519982717608
5519982717775
5519982719431
5519982720342
5519982720702
5519982720703
5519982720723
5519982720735
5519982720743
5519982723000
5519982724430
5519982726115
5519982730145
5519982730390
5519982730595
