10439631890;5514996468757;CLAUDETE;_1.549,89_
10439631890;5514997834541;CLAUDETE; 1.549,89 
04982241805;5511954341993;FRANCISCA; 1.623,34 
03596250889;5511949171919;IZABEL; 5.229,97 
61863050582;5511979792101;MARIA; 2.115,48 
58591044649;5511998876237;NEIDE; 2.314,70 
08841715820;5519988310009;TERESINHA; 3.075,66 
70367566834;5511983486751;VICENTE; 1.430,10 
53677870887;5516992835812;ABDIAS; 2.270,70 
53677870887;5519996696209;ABDIAS; 2.270,70 
64022382872;5511965846920;ABELARDO; 4.917,34 
81236913868;5511968589139;ABIL; 3.059,26 
81236913868;5511993452848;ABIL; 3.059,26 
74234781800;5516997866802;ABILIO; 5.356,89 
04047469858;5513992039633;ABRAAO; 5.538,55 
49777688849;5511946324907;ADAIL; 1.404,59 
49777688849;5511967278859;ADAIL; 1.404,59 
10824303822;5513991372392;ADAILTON; 13.428,40 
10824303822;5513992013132;ADAILTON; 13.428,40 
10824303822;5513996005787;ADAILTON; 13.428,40 
10824303822;5513997427549;ADAILTON; 13.428,40 
20647903814;5518996336250;ADAIR; 2.414,71 
30038228882;5511963489919;ADAIVA; 3.639,88 
30038228882;5511964952235;ADAIVA; 3.639,88 
30038228882;5511973202796;ADAIVA; 3.639,88 
01059737850;5514981862011;ADALBERTO; 6.623,84 
01059737850;5514997774139;ADALBERTO; 6.623,84 
85568660859;5513997320388;ADALBERTO; 1.384,24 
83455183891;5515997775737;ADALBERTO; 1.256,04 
71010777815;5518991137403;ADALGISA; 1.176,83 
01399681800;5519993129473;ADALGIZA; 1.361,48 
01399681800;5519994412794;ADALGIZA; 1.361,48 
78581583687;5511943002454;ADALTO; 2.160,70 
23366664800;5514997750874;ADAO; 1.276,00 
00648898822;5511987751670;ADAO; 3.715,50 
00557494885;5515981027634;ADAO; 1.636,84 
00557494885;5515996550933;ADAO; 1.636,84 
00557494885;5515998353587;ADAO; 1.636,84 
24583950829;5515996125577;ADAO; 1.266,45 
07828510888;5511962161025;ADAO; 8.723,49 
07828510888;5511965158181;ADAO; 8.723,49 
47749717820;5517981083937;ADAO; 1.430,60 
47749717820;5517981297571;ADAO; 1.430,60 
83424598887;5516993145705;ADAO; 1.173,49 
68240880991;5519981945399;ADAO; 6.488,72 
21454572833;5517997574883;ADAYL; 3.080,09 
98091697872;5514996786077;ADAYL; 6.273,15 
93666632815;5511985317648;ADEILDO; 8.058,72 
52530850925;5511953079167;ADEIR; 2.507,28 
30744956854;5514998748431;ADELAIDE; 1.672,34 
49941313687;5512996010413;ADELAIDE; 1.856,00 
30170834700;5512997315819;ADELAIDE; 1.881,30 
16034856949;5512991592005;ADELAIDO; 1.710,28 
05895790887;5511998439910;ADELFI; 1.294,14 
25041625883;5513991613994;ADELI; 2.756,90 
32414148845;5519993705642;ADELIA; 1.588,34 
12252982888;5515996186674;ADELIA; 1.328,07 
12252982888;5515996516878;ADELIA; 1.328,07 
12252982888;5515996701773;ADELIA; 1.328,07 
12252982888;5515996921459;ADELIA; 1.328,07 
79774903820;5514997026950;ADELIA; 3.111,25 
79774903820;5514997898345;ADELIA; 3.111,25 
12918804886;5511958272063;ADELIA; 1.394,21 
15564795814;5511947979769;ADELIANO; 3.149,73 
15427344870;5516996009382;ADELICE; 1.548,72 
11368893880;5511960891861;ADELINA; 4.377,72 
11368893880;5511995333857;ADELINA; 4.377,72 
11368893880;5511996908823;ADELINA; 4.377,72 
00263976840;5517997035266;ADELINA; 1.469,87 
93751710868;5511984777706;ADELINA; 2.199,41 
96345241849;5511997000631;ADELINO; 1.239,45 
96345241849;5519997153434;ADELINO; 1.239,45 
74496298872;5516991245065;ADELMO; 12.743,00 
74496298872;5516991743367;ADELMO; 12.743,00 
53729099868;5511977469160;ADEMAR; 1.460,82 
53729099868;5513997291802;ADEMAR; 1.460,82 
09892398882;5517981190050;ADEMAR; 1.682,25 
09892398882;5517991944601;ADEMAR; 1.682,25 
09892398882;5517992406409;ADEMAR; 1.682,25 
09892398882;5517997433703;ADEMAR; 1.682,25 
32694300278;5511977837969;ADEMAR; 2.974,10 
22572473887;5516996125726;ADEMAR; 1.411,89 
19742146802;5511996673669;ADEMAR; 1.188,49 
01654434809;5514997570087;ADEMAR; 6.224,29 
20277141893;5517992624965;ADEMILDE; 2.933,83 
36551947816;5516991886069;ADEMILSON; 1.519,71 
05485100830;5511997615826;ADEMIR; 5.010,06 
09605527820;5519996669444;ADEMIR; 1.410,65 
09605527820;5519998664930;ADEMIR; 1.410,65 
72446471820;5519991138497;ADEMIR; 1.523,98 
05614614818;5514991813658;ADEMIR; 3.798,64 
05614614818;5514996664746;ADEMIR; 3.798,64 
00020143605;5516991016852;ADEMIR; 4.518,61 
06740993890;5518997081542;ADEMIR; 1.940,04 
06740993890;5518997723764;ADEMIR; 1.940,04 
00500087814;5518981489872;ADEMIR; 1.237,32 
00500087814;5518996458536;ADEMIR; 1.237,32 
03890792863;5518991495182;ADEMIR; 2.622,49 
03890792863;5518991663893;ADEMIR; 2.622,49 
03890792863;5518991663906;ADEMIR; 2.622,49 
09385575805;5516993747767;ADEMIRO; 1.567,66 
56069456149;5517991313617;ADENIR; 3.635,40 
74938304872;5514997914420;ADENIR; 1.619,40 
25192469872;5512996190776;ADERCIO; 1.696,23 
30955914892;5516991565223;ADETINA; 2.453,90 
14132556808;5514997665165;ADIGE; 2.748,16 
14132556808;5514997893177;ADIGE; 2.748,16 
18744557833;5511974286411;ADILSO; 2.279,47 
16747633873;5517992477803;ADILSON; 1.873,06 
16747633873;5517992618890;ADILSON; 1.873,06 
16091973800;5513996537739;ADILSON; 2.172,97 
41287398553;5515996022236;ADILSON; 1.760,53 
41287398553;5515997714593;ADILSON; 1.760,53 
41287398553;5515997985533;ADILSON; 1.760,53 
16430740838;5519996998855;ADILSON; 10.406,90 
07227446840;5514997092341;ADILSON; 3.311,45 
07227446840;5514998992027;ADILSON; 3.311,45 
10804310807;5519992265373;ADILSON; 2.412,44 
97050253804;5518981320085;ADILSON; 1.337,25 
97050253804;5518998132008;ADILSON; 1.337,25 
21309553807;5511949056937;ADILSON; 5.392,57 
21309553807;5511969587709;ADILSON; 5.392,57 
21309553807;5518997045644;ADILSON; 5.392,57 
33807335803;5514996281712;ADILSON; 1.214,86 
33807335803;5518997585526;ADILSON; 1.214,86 
37135007891;5518996118514;ADJAYME; 2.926,20 
37135007891;5518997737839;ADJAYME; 2.926,20 
08298715861;5511957830731;ADONIAS; 1.571,57 
25348701572;5513997120697;ADONIDIO; 3.212,09 
25348701572;5513997977526;ADONIDIO; 3.212,09 
26784780841;5518996347068;ADRIANA; 2.114,93 
26784780841;5518997001361;ADRIANA; 2.114,93 
26051932844;5513981159486;ADRIANA; 1.443,32 
00132856883;5511993512752;ADRIANA; 3.473,56 
00132856883;5511999295562;ADRIANA; 3.473,56 
16950069847;5513988375543;ADRIANA; 7.906,88 
18305203859;5511993625706;ADRIANA; 3.866,44 
05272568893;5517991237869;ADRIANA; 3.457,39 
18178609843;5511998656076;ADRIANA; 1.885,82 
28909896825;5516996031063;ADRIANA; 1.296,41 
28909896825;5516996318486;ADRIANA; 1.296,41 
24701921882;5518991980270;ADRIANA; 1.230,44 
04426048583;5511956695258;ADRIANA; 3.091,81 
28420728802;5519996122206;ADRIANA; 1.422,19 
28420728802;5519997670413;ADRIANA; 1.422,19 
30116450860;5515974041680;ADRIANO; 2.904,28 
21990512852;5511968184044;ADRIANO; 2.268,49 
37794086868;5511968260250;AFONSO; 2.187,93 
45350477820;5511975257101;AFONSO; 1.554,17 
45350477820;5511997608918;AFONSO; 1.554,17 
49879545834;5515997193121;AGENOR; 1.767,44 
49879545834;5515997712614;AGENOR; 1.767,44 
76725901115;5511984047768;AGENTILIA; 2.439,16 
25694461819;5513991029108;AGNALDO; 1.245,37 
26176585899;5518997769248;AGNALDO; 1.429,06 
32876237881;5515997150385;AGNALDO; 1.463,62 
17168687859;5514997535303;AGNALDO; 1.478,13 
17168687859;5514998670468;AGNALDO; 1.478,13 
44236859149;5517996167982;AGNELO; 1.748,72 
43026303615;5516992110983;AGOSTINHO; 1.475,90 
07215475832;5517992212414;AHMED; 1.176,28 
04697199820;5511965548957;AIDE; 4.972,87 
04697199820;5511966692645;AIDE; 4.972,87 
04697199820;5511977552805;AIDE; 4.972,87 
14474172833;5512982630009;AIDE; 3.113,62 
05763299833;5515988068058;AILTON; 4.176,05 
97474002868;5517991476212;AILTON; 2.305,94 
97474002868;5517997427108;AILTON; 2.305,94 
07952732820;5511996043753;AILTON; 1.427,92 
07952732820;5511999781554;AILTON; 1.427,92 
07952732820;5519997475845;AILTON; 1.427,92 
79870686834;5518981536967;AIRTON; 2.755,47 
79870686834;5518997467260;AIRTON; 2.755,47 
35535512915;5511988185800;AIRTON; 1.683,70 
35535512915;5511991359193;AIRTON; 1.683,70 
07292378854;5515997461435;AIRTON; 2.195,75 
04193037827;5516991050542;AIRTON; 2.815,04 
07317159859;5519989376218;AIRTON; 1.994,23 
07317159859;5519996596453;AIRTON; 1.994,23 
02581440848;5517991097749;ALAIDE; 2.367,37 
02581440848;5517996802436;ALAIDE; 2.367,37 
21459346858;5517996790799;ALAIDE; 2.605,69 
03248862840;5511965113586;ALAIDE; 8.872,50 
03248862840;5511971741991;ALAIDE; 8.872,50 
36457019153;5511961063120;ALAIR; 1.252,91 
92992676853;5516992326107;ALAOR; 1.826,42 
92992676853;5516993619040;ALAOR; 1.826,42 
77292251820;5519988359045;ALARICO; 6.301,82 
65127544849;5511991880792;ALBANI; 4.803,94 
11675025827;5511999042942;ALBERTINA; 1.743,93 
11675025827;5511999928550;ALBERTINA; 1.743,93 
08118993817;5512988036637;ALBERTO; 5.474,82 
03501170807;5518996016264;ALBERTO; 1.943,52 
11348936800;5511986103510;ALBINA; 1.270,32 
11348936800;5517996185408;ALBINA; 1.270,32 
11348936800;5517996716547;ALBINA; 1.270,32 
08208806803;5518997127546;ALBINO; 2.342,24 
19083653900;5514996814387;ALCEU; 1.208,72 
19083653900;5514997797459;ALCEU; 1.208,72 
05153323803;5517991868555;ALCIDES; 1.559,33 
03484063807;5513996094736;ALCIDES; 1.324,71 
03484063807;5513997309405;ALCIDES; 1.324,71 
03484063807;5513997919834;ALCIDES; 1.324,71 
00249755831;5513996336687;ALCIDES; 1.338,57 
36685500859;5519991241460;ALCIDES; 1.826,28 
55100341815;5516996238782;ALCIDES; 5.394,53 
55100341815;5516997694483;ALCIDES; 5.394,53 
09127831841;5518991190193;ALCIDES; 1.445,25 
92133274804;5513991710859;ALCIDES; 1.178,86 
15658487803;5515997176429;ALCINDA; 1.593,65 
06160295861;5518991037211;ALCIONE; 2.328,85 
25023359816;5518996286772;ALDA; 1.550,19 
97083658820;5518997127184;ALDACI; 1.177,97 
97083658820;5518997474518;ALDACI; 1.177,97 
24677952841;5514997886804;ALDAIR; 1.289,48 
00892247878;5518996981221;ALDARI; 1.529,71 
09499578790;5511993392834;ALDEMIR; 1.825,13 
00402173880;5511947053299;ALDIR; 2.945,83 
50108433820;5514981572228;ALDO; 1.694,09 
50108433820;5514997737644;ALDO; 1.694,09 
77866959820;5514997943202;ALDO; 2.138,80 
77866959820;5518997076030;ALDO; 2.138,80 
83273832800;5516982197308;ALECIO; 1.328,79 
83273832800;5516988065422;ALECIO; 1.328,79 
27196923871;5516991222513;ALESSANDRA; 2.034,94 
27196923871;5516993104309;ALESSANDRA; 2.034,94 
15797460807;5511952438902;ALESSANDRA; 1.322,29 
15797460807;5512988279522;ALESSANDRA; 1.322,29 
33412045802;5511985301458;ALESSANDRO; 1.197,56 
25940083897;5514997242060;ALESSANDRO; 1.803,43 
25940083897;5514997780945;ALESSANDRO; 1.803,43 
25940083897;5514998300188;ALESSANDRO; 1.803,43 
31745325824;5511992740032;ALEX; 2.958,89 
21335866876;5511981990858;ALEX; 2.024,93 
21335866876;5511986856544;ALEX; 2.024,93 
00389869570;5511942467733;ALEXANDRA; 1.336,68 
28233394858;5512991971909;ALEXANDRE; 3.024,83 
28233394858;5512997508048;ALEXANDRE; 3.024,83 
03969498864;5511975138910;ALEXANDRE; 2.908,68 
15907935871;5513991606360;ALEXANDRE; 1.869,78 
12680691830;5511975355233;ALEXANDRE; 1.717,99 
18555226830;5511941772655;ALEXANDRE; 4.319,04 
18555226830;5511973018058;ALEXANDRE; 4.319,04 
58102183853;5519991027532;ALEXANDRE; 4.430,73 
58102183853;5519991028297;ALEXANDRE; 4.430,73 
01526124831;5514981687775;ALFEU; 4.543,01 
01526124831;5514996849363;ALFEU; 4.543,01 
56270771820;5511948718797;ALFREDO; 2.155,58 
00091904811;5511991811321;ALFREDO; 5.677,35 
15891364549;5511953189542;ALFREDO; 1.273,65 
08613345824;5515997720147;ALFREDO; 1.354,30 
04457558818;5511972286352;ALHURAS; 1.347,56 
04457558818;5511996969620;ALHURAS; 1.347,56 
04457558818;5519996993552;ALHURAS; 1.347,56 
02172030864;5511975944189;ALIBERTINO; 4.176,55 
92038824800;5511994416086;ALICE; 1.776,80 
02167020899;5517997240132;ALICE; 5.166,07 
25591700861;5511948292137;ALICE; 2.947,68 
25591700861;5511982916203;ALICE; 2.947,68 
05150923800;5511958518620;ALICINHA; 1.962,73 
05150923800;5511996956811;ALICINHA; 1.962,73 
07795089801;5513997954675;ALICINIO; 4.835,68 
79024360978;5519992545091;ALICIO; 1.639,18 
31261183991;5511975514896;ALICIO; 1.219,26 
62549758820;5511953095100;ALINA; 1.624,49 
32591729808;5514997576340;ALINE; 2.504,99 
01221427806;5518981079787;ALIONES; 1.175,54 
01221427806;5518991335836;ALIONES; 1.175,54 
72334428949;5514991458024;ALIPIO; 1.265,93 
72334428949;5514996201142;ALIPIO; 1.265,93 
40892026804;5514981471778;ALIPIO; 5.773,54 
13871918881;5516992308680;ALIRIO; 2.318,96 
90844890120;5511994079420;ALMERINDA; 1.340,93 
27041162885;5511948562652;ALMEZINA; 3.215,69 
27041162885;5511987257265;ALMEZINA; 3.215,69 
62537156153;5513997755649;ALMIR; 5.253,35 
73836508834;5512988995853;ALMIR; 3.096,40 
98399926868;5515997304712;ALMIRO; 4.319,57 
43172636887;5517981155135;ALOISIO; 3.828,80 
93709587891;5511948198313;ALOISIO; 1.483,09 
01126804886;5513996889181;ALONCIO; 1.538,66 
05903114920;5519997383652;ALONSO; 2.497,47 
87162440878;5518981529840;ALOYSIO; 2.105,64 
87162440878;5518997243490;ALOYSIO; 2.105,64 
23663871649;5513988386027;ALTAIR; 1.355,26 
23663871649;5513996241789;ALTAIR; 1.355,26 
10120083809;5511967844244;ALTAMIRES; 2.581,50 
10120083809;5511982793935;ALTAMIRES; 2.581,50 
60704586568;5516997279808;ALTINA; 1.776,66 
03734475821;5517991745815;ALUISIO; 3.356,10 
02817609859;5518996355070;ALUIZ; 1.514,86 
76882802815;5511998919617;ALUIZIO; 3.917,74 
38080605491;5511962625827;ALUIZIO; 2.410,78 
38080605491;5511982079945;ALUIZIO; 2.410,78 
64026035891;5511997798247;ALUIZIO; 1.574,73 
64026035891;5513991050311;ALUIZIO; 1.574,73 
15421228800;5518996142743;ALVARINDO; 2.414,46 
15421228800;5518996348895;ALVARINDO; 2.414,46 
15421228800;5518997231773;ALVARINDO; 2.414,46 
74736370882;5516997399724;ALVARO; 13.022,20 
92271596815;5511960636994;ALVARO; 1.209,02 
44165897949;5519991344310;ALVARO; 3.396,31 
44165897949;5519992296744;ALVARO; 3.396,31 
44165897949;5519996133552;ALVARO; 3.396,31 
42120098115;5518996868879;ALVINA; 1.696,47 
30016317831;5514996934641;ALVINA; 1.268,86 
99242753815;5511957823919;ALVINO; 3.824,02 
49053000887;5518996346664;ALVINO; 2.639,08 
08663921810;5511992776589;ALZIRA; 1.288,05 
10618652825;5513988537564;ALZIRA; 1.391,12 
02981105809;5514998131530;ALZIRA; 2.763,92 
13041802805;5511957206299;ALZIRA; 1.447,13 
73609072849;5519989674043;ALZIRA; 1.248,72 
11737406861;5518997379949;ALZIRA; 1.327,19 
35299203802;5518991803013;ALZIRA; 3.082,86 
29800695826;5518988154834;ALZIRA; 3.286,28 
29800695826;5518997671162;ALZIRA; 3.286,28 
07865462808;5518996529083;ALZIRA; 1.244,32 
71074643887;5518996433173;AMADEU; 4.737,86 
35593011818;5511951429379;AMANDA; 3.409,67 
41611292972;5515996574635;AMANTINO; 2.056,10 
41611292972;5515997301436;AMANTINO; 2.056,10 
41611292972;5515998411440;AMANTINO; 2.056,10 
26479184491;5511980790130;AMARA; 2.288,16 
04528555867;5519997407829;AMARILDO; 1.463,20 
12737685826;5511966183627;AMARO; 1.730,49 
00291027822;5515997510969;AMAURI; 1.517,05 
27259416874;5516992274428;AMAURI; 1.524,43 
64621286820;5511957758988;AMBROSIO; 1.519,41 
64621286820;5511963003409;AMBROSIO; 1.519,41 
64621286820;5511993716341;AMBROSIO; 1.519,41 
56218931587;5511992512054;AMELIA; 2.647,48 
09036319897;5517991300205;AMELIA; 1.268,18 
07424630873;5511971928596;AMILTON; 6.803,22 
07424630873;5511996139164;AMILTON; 6.803,22 
84935995815;5519971382839;AMILTON; 1.199,92 
09540252881;5518997097293;AMILTON; 1.206,11 
25538925862;5517997219952;ANA; 2.925,72 
49171488553;5511961926839;ANA; 1.817,12 
32727333889;5514997971530;ANA; 2.438,53 
32727333889;5514997975864;ANA; 2.438,53 
32727333889;5514998306664;ANA; 2.438,53 
13591726885;5517992433810;ANA; 2.338,03 
10394926811;5514997224775;ANA; 2.287,30 
10394926811;5514998102680;ANA; 2.287,30 
39819960894;5517997095284;ANA; 1.974,05 
15012309804;5512991000440;ANA; 2.698,22 
15012309804;5512991271791;ANA; 2.698,22 
15012309804;5512991595380;ANA; 2.698,22 
17191169893;5519998220676;ANA; 2.480,18 
17191169893;5519998837098;ANA; 2.480,18 
13694256865;5518997332221;ANA; 2.333,26 
13694256865;5518997482862;ANA; 2.333,26 
11695137272;5511947507001;ANA; 3.020,78 
11695137272;5511977516519;ANA; 3.020,78 
10799067890;5514981303603;ANA; 2.624,26 
10799067890;5514997317724;ANA; 2.624,26 
05023806839;5511970213459;ANA; 1.666,09 
83465618815;5515996215439;ANA; 5.414,55 
83465618815;5515997327470;ANA; 5.414,55 
09730310858;5511975961219;ANA; 2.902,89 
00876710852;5511948552401;ANA; 1.307,09 
17407843830;5514988336123;ANA; 3.984,03 
06676582899;5511998059691;ANA; 2.391,42 
11773467883;5518998104987;ANA; 2.149,09 
11773467883;5518998122571;ANA; 2.149,09 
76399958920;5513997001958;ANA; 1.284,65 
76399958920;5513997268686;ANA; 1.284,65 
76399958920;5513997348289;ANA; 1.284,65 
20726015849;5515997731466;ANA; 8.085,01 
04326827831;5511972428359;ANA; 2.855,85 
04326827831;5511972541421;ANA; 2.855,85 
04326827831;5511997133769;ANA; 2.855,85 
00694988570;5517992300720;ANA; 1.238,68 
08151470828;5516993771228;ANA; 3.488,84 
01531708323;5513991673392;ANA; 1.181,80 
08144620810;5516991629288;ANA; 2.588,23 
29530263805;5511981543275;ANA; 10.080,30 
32133430563;5511965940816;ANA; 2.247,52 
32133430563;5511969020795;ANA; 2.247,52 
18456623857;5517988255849;ANA; 2.139,04 
18456623857;5517997839447;ANA; 2.139,04 
01552849830;5511974589754;ANA; 1.481,03 
01552849830;5511998957465;ANA; 1.481,03 
68742568820;5517997351520;ANA; 3.720,82 
05359432888;5511961448725;ANA; 2.497,37 
01582395802;5514996652389;ANA; 1.386,34 
31082101818;5512988293174;ANA; 1.433,52 
19285495869;5513997351153;ANA; 14.482,80 
06716379835;5511983302107;ANA; 11.926,10 
37442110886;5518996540533;ANA; 2.143,66 
37442110886;5518998042214;ANA; 2.143,66 
22241166839;5518996947806;ANA; 1.380,10 
35114107895;5514996263454;ANA; 2.850,84 
30520695860;5511997349102;ANA; 2.906,96 
18213566831;5519995329555;ANA; 3.109,41 
88097900815;5511964997195;ANA; 5.643,50 
09883801882;5516992258084;ANA; 3.088,07 
99675099534;5511971161871;ANA; 1.413,91 
42481015800;5519998438333;ANA; 1.458,79 
31675526893;5515998028458;ANA; 1.632,62 
13347690877;5517997044114;ANA; 1.408,58 
13347690877;5517997810649;ANA; 1.408,58 
28930095810;5511984642070;ANA; 2.153,22 
28930095810;5511985884452;ANA; 2.153,22 
32643130812;5517997586613;ANA; 5.679,78 
10176964894;5514998170706;ANABEL; 1.934,57 
20450971880;5518997215017;ANADIR; 1.637,59 
20450971880;5518997526243;ANADIR; 1.637,59 
04552711865;5511959702097;ANALIA; 1.819,66 
13222484864;5517991144653;ANALIA; 2.211,26 
28716123824;5518997187992;ANANIAS; 1.318,60 
09926954812;5515981656289;ANDERSON; 6.425,06 
09926954812;5515997734677;ANDERSON; 6.425,06 
31042261806;5514996821563;ANDERSON; 2.064,09 
04208445890;5513996930455;ANDRE; 3.751,20 
27713634886;5511994661553;ANDRE; 1.559,66 
28868196549;5511958760787;ANDRE; 2.801,29 
02830836707;5511930631767;ANDREA; 2.499,37 
14983948848;5515997267722;ANDREA; 1.206,33 
27355641859;5514996251351;ANDREA; 1.387,27 
13181278823;5513974079220;ANDREA; 5.570,91 
13341657851;5517996650433;ANDREA; 3.256,50 
31192391861;5511961677296;ANDREA; 2.261,14 
31192391861;5511996723621;ANDREA; 2.261,14 
35542515851;5518997390043;ANDREIA; 1.850,10 
18368180848;5511969036767;ANDREIA; 4.290,04 
18368180848;5511971385760;ANDREIA; 4.290,04 
31227402813;5518997397550;ANDREIA; 4.386,05 
12043899856;5519991731415;ANDREIA; 1.627,44 
27295611886;5511974735853;ANDRELINA; 2.327,17 
25307360819;5518988053747;ANDRESA; 1.325,33 
25307360819;5518988066170;ANDRESA; 1.325,33 
14388441821;5511971323168;ANELITA; 1.738,39 
18154128870;5517991066258;ANESIA; 1.982,67 
07848618897;5518991022088;ANESIA; 2.313,25 
07848618897;5518996996651;ANESIA; 2.313,25 
13458448837;5511973747505;ANGELA; 1.269,59 
13458448837;5511973747510;ANGELA; 1.269,59 
07115214840;5512991711474;ANGELA; 1.340,75 
07115214840;5512991808295;ANGELA; 1.340,75 
31501427334;5511954899334;ANGELA; 1.662,66 
06953138866;5518996410416;ANGELA; 1.186,25 
06953138866;5518996411041;ANGELA; 1.186,25 
09801445823;5518991246765;ANGELA; 1.886,78 
09801445823;5518991742108;ANGELA; 1.886,78 
04534167482;5511967762725;ANGELA; 2.382,75 
25569351892;5518996068290;ANGELA; 1.265,82 
25569351892;5518996392187;ANGELA; 1.265,82 
25569351892;5518997175070;ANGELA; 1.265,82 
25569351892;5518997175078;ANGELA; 1.265,82 
14081861870;5511977952499;ANGELA; 1.610,57 
23226887890;5518997924954;ANGELA; 2.491,51 
15663083804;5515991562841;ANGELA; 1.779,77 
15663083804;5515997747568;ANGELA; 1.779,77 
78216940882;5513992012781;ANGELA; 7.304,80 
78216940882;5513997634136;ANGELA; 7.304,80 
08373942874;5511955002604;ANGELA; 1.723,47 
08373942874;5511961925592;ANGELA; 1.723,47 
59754346615;5511952343664;ANGELICA; 1.548,92 
59754346615;5511969430185;ANGELICA; 1.548,92 
59754346615;5511998238962;ANGELICA; 1.548,92 
08201397851;5518998114259;ANGELINA; 1.611,33 
17763180803;5519992186176;ANGELO; 1.627,78 
10236042807;5519981186063;ANGELO; 7.071,14 
06963619816;5518998202651;ANGELO; 1.705,48 
26318563172;5511972864068;ANGELY; 1.187,19 
13716837865;5514991444469;ANIBAL; 2.590,78 
27355778803;5515997669390;ANIBAL; 2.415,51 
13586763808;5516988724599;ANISIO; 1.357,74 
13586763808;5516999714724;ANISIO; 1.357,74 
05184669817;5515996996210;ANISIO; 1.418,65 
10589410890;5515998329593;ANITA; 1.319,30 
73667790830;5517996650387;ANTENOR; 4.330,80 
73667790830;5517997615353;ANTENOR; 4.330,80 
02070518876;5515996387440;ANTENOR; 1.389,80 
56336640868;5514997838253;ANTENOR; 4.120,35 
41690060891;5511999495665;ANTERO; 1.276,72 
68466196820;5512996077305;ANTHERO; 1.638,92 
02509005804;5511962831981;ANTONIA; 1.866,49 
02509005804;5511962831999;ANTONIA; 1.866,49 
04613919886;5511941445130;ANTONIA; 2.089,33 
91763886891;5511960785687;ANTONIA; 2.249,42 
13593901897;5518997112129;ANTONIA; 2.925,63 
13593901897;5518997248975;ANTONIA; 2.925,63 
13593901897;5518998056266;ANTONIA; 2.925,63 
15428337877;5511996861326;ANTONIA; 2.069,03 
29326959830;5518997743516;ANTONIA; 1.570,44 
34928851870;5516997704519;ANTONIA; 1.530,26 
05835207824;5517991050444;ANTONIA; 3.353,07 
08785507806;5517996336733;ANTONIA; 2.066,31 
01717086870;5519988379776;ANTONIA; 12.091,30 
01717086870;5519988738194;ANTONIA; 12.091,30 
90690354800;5517996187774;ANTONIA; 1.992,26 
29069003899;5511983624271;ANTONIA; 1.228,45 
33889915884;5511996454078;ANTONIA; 1.495,06 
33889915884;5511997920844;ANTONIA; 1.495,06 
33889915884;5511998271145;ANTONIA; 1.495,06 
00313235880;5511947504842;ANTONIA; 2.637,24 
00313235880;5511947753530;ANTONIA; 2.637,24 
57834580230;5511957174523;ANTONIA; 2.737,71 
16466531813;5518997091793;ANTONIA; 2.936,66 
16466531813;5518997978687;ANTONIA; 2.936,66 
34136087896;5519989599090;ANTONIA; 1.989,85 
06346188810;5511948251158;ANTONIA; 10.878,10 
06346188810;5511995428079;ANTONIA; 10.878,10 
99208270610;5511998391456;ANTONIA; 1.816,33 
03678213898;5518996023925;ANTONIA; 1.826,81 
08661969867;5517996378185;ANTONIA; 2.366,03 
08661969867;5517997462853;ANTONIA; 2.366,03 
08661969867;5517997517487;ANTONIA; 2.366,03 
05537732670;5511991014719;ANTONIA; 1.591,78 
03411807857;5518998026631;ANTONIA; 6.863,96 
27269717842;5519999746002;ANTONIA; 1.224,88 
29292660829;5511987609565;ANTONIA; 1.657,97 
07287748878;5514991056593;ANTONIA; 1.434,89 
02768571946;5511969256233;ANTONIAA; 2.015,15 
79765017804;5518996306485;ANTONIO; 4.832,59 
02589348835;5517992442887;ANTONIO; 1.271,43 
02589348835;5517992812171;ANTONIO; 1.271,43 
96110430820;5514991836307;ANTONIO; 2.617,19 
15734870315;5511985911156;ANTONIO; 2.355,94 
04046555807;5511991417866;ANTONIO; 1.855,14 
04046555807;5511992850559;ANTONIO; 1.855,14 
95610960800;5511969525512;ANTONIO; 1.686,55 
95610960800;5511989629951;ANTONIO; 1.686,55 
82822263868;5514981408025;ANTONIO; 2.245,54 
04272391844;5519996017943;ANTONIO; 4.344,68 
04272391844;5519997248625;ANTONIO; 4.344,68 
02351941829;5518997985467;ANTONIO; 3.265,91 
00261806858;5517997251112;ANTONIO; 1.553,05 
12848557834;5511986110504;ANTONIO; 3.772,13 
96350830849;5519987818166;ANTONIO; 1.226,78 
70178356891;5511964074264;ANTONIO; 3.924,61 
64759520872;5511957779777;ANTONIO; 1.653,48 
02056501805;5516991830032;ANTONIO; 1.794,44 
10161228968;5512981625909;ANTONIO; 1.329,36 
94625913853;5511963549352;ANTONIO; 1.765,02 
02721558889;5511961641928;ANTONIO; 3.429,42 
02721558889;5511992243170;ANTONIO; 3.429,42 
78685141834;5517988347608;ANTONIO; 2.772,08 
78685141834;5517991587675;ANTONIO; 2.772,08 
59140305872;5511987911920;ANTONIO; 1.547,89 
59140305872;5511999148649;ANTONIO; 1.547,89 
85739987253;5515991702680;ANTONIO; 1.588,11 
04442981850;5514998579240;ANTONIO; 2.910,56 
04442981850;5518997158878;ANTONIO; 2.910,56 
55098614872;5516981242062;ANTONIO; 1.254,20 
02045844854;5516992329337;ANTONIO; 1.754,82 
93958773834;5511958146079;ANTONIO; 1.304,19 
76007065804;5511943961438;ANTONIO; 1.497,06 
57214956853;5512991229989;ANTONIO; 1.343,36 
17382095800;5519992454638;ANTONIO; 1.175,53 
11827358866;5513997679046;ANTONIO; 1.652,10 
00274628899;5516997837618;ANTONIO; 3.149,57 
97903191853;5514998585623;ANTONIO; 3.340,21 
13796531857;5519971246107;ANTONIO; 1.756,62 
13796531857;5519998470213;ANTONIO; 1.756,62 
02571884875;5517991667995;ANTONIO; 2.184,04 
02571884875;5517996093183;ANTONIO; 2.184,04 
08340813854;5518996395368;ANTONIO; 1.772,75 
83484116820;5514998708544;ANTONIO; 1.588,22 
00656397829;5511972703514;ANTONIO; 1.244,98 
44073275887;5512997537197;ANTONIO; 1.717,52 
07655503850;5514991447393;ANTONIO; 1.209,57 
07655503850;5514991447477;ANTONIO; 1.209,57 
07655503850;5514998709550;ANTONIO; 1.209,57 
02592403892;5517997530423;ANTONIO; 1.193,34 
02592403892;5517997530425;ANTONIO; 1.193,34 
02592403892;5518998219251;ANTONIO; 1.193,34 
07052412896;5511966385343;ANTONIO; 1.388,19 
07052412896;5511991390635;ANTONIO; 1.388,19 
07052412896;5517991102134;ANTONIO; 1.388,19 
98465775834;5511972154230;ANTONIO; 2.090,41 
98465775834;5511972323470;ANTONIO; 2.090,41 
09462881863;5511973191012;ANTONIO; 1.736,48 
56376375804;5511940662542;ANTONIO; 8.609,61 
56376375804;5511992010342;ANTONIO; 8.609,61 
05631316838;5511993401889;ANTONIO; 4.944,45 
98780433804;5511975970900;ANTONIO; 2.325,85 
01697034870;5511946891225;ANTONIO; 1.420,95 
01697034870;5511962259492;ANTONIO; 1.420,95 
01697034870;5511969545285;ANTONIO; 1.420,95 
77797590834;5519982565156;ANTONIO; 1.403,99 
58886095872;5514996567704;ANTONIO; 1.971,74 
02957641801;5517992331286;ANTONIO; 1.191,66 
02016581867;5516991703413;ANTONIO; 1.761,44 
39799255953;5518981379635;ANTONIO; 1.190,59 
06373994805;5514991169055;ANTONIO; 1.227,63 
06373994805;5515997945816;ANTONIO; 1.227,63 
96080183820;5514997184643;ANTONIO; 6.182,71 
96080183820;5514997952902;ANTONIO; 6.182,71 
00285540866;5515996386794;ANTONIO; 6.319,36 
00285540866;5515997556096;ANTONIO; 6.319,36 
78728983815;5517991117086;ANTONIO; 3.033,62 
78728983815;5517997026943;ANTONIO; 3.033,62 
32800134887;5516991439942;ANTONIO; 3.343,57 
32800134887;5516991925883;ANTONIO; 3.343,57 
93153473820;5514997203279;ANTONIO; 4.833,06 
93153473820;5514997290896;ANTONIO; 4.833,06 
88999998800;5515996588104;ANTONIO; 5.830,27 
03526918830;5511994474287;ANTONIO; 4.134,88 
92657648800;5518996106009;ANTONIO; 7.241,53 
92657648800;5518996184216;ANTONIO; 7.241,53 
92657648800;5518997166551;ANTONIO; 7.241,53 
71012796868;5518991634091;ANTONIO; 3.105,14 
13748232870;5519996067049;ANTONIO; 1.880,63 
06011055834;5511967427092;ANTONIO; 4.634,93 
91214661815;5515996604453;ANTONIO; 2.265,53 
91214661815;5515997401315;ANTONIO; 2.265,53 
91214661815;5515998154155;ANTONIO; 2.265,53 
11810738806;5511962884112;ANTONIO; 3.065,21 
11810738806;5511978053948;ANTONIO; 3.065,21 
84101288887;5514996464300;ANTONIO; 3.682,14 
78453607834;5517997252789;ANTONIO; 1.770,62 
51727102649;5516981480367;ANTONIO; 1.849,54 
73554936804;5517996395661;ANTONIO; 4.860,71 
03941018809;5511951664765;ANTONIO; 1.197,09 
06027099895;5518981740649;ANTONIO; 4.289,53 
97451053849;5517991165657;ANTONIO; 3.128,80 
92888275872;5512992302475;ANTONIO; 1.822,90 
03156334847;5511966311820;ANTONIO; 1.286,01 
46493921872;5518998169876;ANTONIO; 2.370,88 
73413992872;5517981114410;ANTONIO; 2.096,23 
73413992872;5517996065416;ANTONIO; 2.096,23 
01573943878;5514997013578;ANTONIO; 6.593,21 
90163940878;5511999994005;ANTONIO; 2.519,72 
80925723800;5517992569227;ANTONIO; 3.409,94 
69551375815;5511960582106;ANTONIO; 1.639,40 
69633282853;5511961110001;ANTONIO; 6.624,06 
69633282853;5511970561161;ANTONIO; 6.624,06 
01869149890;5517996744091;ANTONIO; 2.339,10 
83714600906;5518981143479;ANTONIO; 1.176,62 
04383834868;5511995904267;ANTONIO; 5.901,94 
04383834868;5511996285810;ANTONIO; 5.901,94 
03570082865;5515996013747;ANTONIO; 1.551,78 
03570082865;5515997848440;ANTONIO; 1.551,78 
39129766869;5517996625413;ANTONIO; 2.671,90 
39129766869;5517997572850;ANTONIO; 2.671,90 
28242700800;5511941837780;ANTONIO; 2.568,51 
89024575834;5515997924319;ANTONIO; 7.469,64 
89024575834;5515998008129;ANTONIO; 7.469,64 
89024575834;5515998572642;ANTONIO; 7.469,64 
53581016834;5511949010163;ANTONIO; 2.077,17 
53581016834;5511998218985;ANTONIO; 2.077,17 
77943732804;5515997350896;ANTONIO; 1.864,69 
47542438891;5514997982996;ANTONIO; 1.304,79 
12177304865;5517991970423;ANTONIO; 1.458,66 
37868810815;5511945103985;ANTONIO; 3.213,31 
37868810815;5511966244306;ANTONIO; 3.213,31 
23842237634;5519981555886;ANTONIO; 1.559,79 
00670327883;5514991214267;ANTONIO; 3.451,09 
00670327883;5514996690621;ANTONIO; 3.451,09 
00670327883;5514997360530;ANTONIO; 3.451,09 
05588730810;5513996523387;ANTONIO; 1.867,62 
69065110844;5511970683736;ANTONIO; 4.000,25 
84967749887;5519996027993;ANTONIO; 2.392,17 
84967749887;5519998436117;ANTONIO; 2.392,17 
29420076806;5514998287642;ANTONIO; 2.060,39 
02937807810;5518996907389;ANTONIO; 8.927,68 
02937807810;5518997140000;ANTONIO; 8.927,68 
09939090862;5515996933130;ANTONIO; 1.598,85 
09939090862;5515997571944;ANTONIO; 1.598,85 
85125636800;5519992837042;ANTONIO; 3.216,07 
01768324832;5518996442849;ANTONIO; 9.909,77 
01768324832;5518996636192;ANTONIO; 9.909,77 
01768324832;5518997661964;ANTONIO; 9.909,77 
03787581367;5516981386788;ANTONIO; 2.259,16 
25995769898;5511993810969;ANTONIO; 1.498,16 
25995769898;5511997238036;ANTONIO; 1.498,16 
63004623668;5518981625052;ANTONIO; 1.674,51 
03958460801;5515997123782;ANTONIO; 2.703,69 
03958460801;5519999604555;ANTONIO; 2.703,69 
03607430802;5513991728746;ANTONIO; 3.666,33 
02736650301;5516991141405;ANTONIO; 2.694,48 
00406010803;5511991432600;ANTONIO; 6.578,08 
00406010803;5511999905300;ANTONIO; 6.578,08 
27303357815;5511961714445;ANTONIO; 1.194,21 
27303357815;5513997238366;ANTONIO; 1.194,21 
74917536804;5515997625650;ANTONIO; 2.295,14 
86819089872;5511997316229;ANTONIO; 6.896,81 
08977203856;5516997632626;ANTONIO; 3.995,31 
18185908249;5511944621029;ANTONIO; 1.289,60 
18185908249;5518996020907;ANTONIO; 1.289,60 
34732535372;5511950441821;ANTONIO; 2.508,31 
18754155800;5517991943216;ANTONIO; 4.014,54 
01609767829;5514996141940;ANTONIO; 1.258,85 
04978860814;5514997462574;ANTONIO; 5.088,50 
04978860814;5514998058842;ANTONIO; 5.088,50 
17181658620;5512981719028;ANTONIO; 1.251,83 
17181658620;5516981488243;ANTONIO; 1.251,83 
02731817852;5511975750649;ANTONIO; 1.991,42 
72356510834;5511974632685;ANTONIO; 4.103,16 
24657647806;5517996226111;ANTONIO; 9.295,89 
87374293887;5511947958274;ANTONIO; 8.762,56 
01043147888;5511945694233;ANTONIO; 2.862,22 
44869541815;5511943357717;ANTONIO; 1.628,06 
07031644810;5513988562119;ANTONIO; 2.052,92 
07031644810;5513991954724;ANTONIO; 2.052,92 
00950837318;5517992786995;ANTONIO; 1.247,19 
75581523800;5511964218968;ANTONIO; 3.592,08 
58920471800;5511940048249;ANTONIO; 2.707,46 
03285256850;5519994441936;ANTONIO; 1.457,75 
57287325853;5511981400590;ANTONIO; 1.455,01 
95884750820;5518997514848;ANTONIO; 2.579,21 
95884750820;5518997922210;ANTONIO; 2.579,21 
92303552834;5518997143911;ANTONIO; 7.050,63 
92303552834;5518997595330;ANTONIO; 7.050,63 
30848105834;5518991433981;ANTONIO; 1.752,35 
00886289149;5518981014674;ANTONIO; 1.551,34 
02098217870;5514996598179;ANTONIO; 1.188,01 
29598028100;5519999055380;ANTONIO; 3.270,75 
01782489835;5513988710167;ANTONIO; 2.973,51 
02844765874;5517992323861;ANTONIO; 5.157,85 
58510184887;5511957296123;ANTONIO; 2.233,55 
58510184887;5511965813167;ANTONIO; 2.233,55 
58510184887;5511983444037;ANTONIO; 2.233,55 
58510184887;5511986326497;ANTONIO; 2.233,55 
74246526800;5516981168658;ANTONIO; 2.628,30 
74246526800;5516991199869;ANTONIO; 2.628,30 
10850290856;5513997224741;ANTONIO; 1.417,07 
80383149800;5518991039610;ANTONIO; 2.216,12 
80383149800;5518997639374;ANTONIO; 2.216,12 
09664484806;5511960173174;ANTONIO; 1.979,34 
00187745803;5518996669846;ANTONIO; 3.214,85 
00234848880;5519993888664;ANTONIO; 1.873,51 
82774862868;5514981112281;ANTONIO; 3.013,20 
82774862868;5514988048028;ANTONIO; 3.013,20 
21772045349;5511967209657;ANTONIO; 2.429,28 
06005397842;5511977927757;ANTONIO; 1.415,05 
73521752887;5517988054686;ANTONIO; 2.521,46 
73521752887;5517996323413;ANTONIO; 2.521,46 
26650703834;5511960938622;ANTONIO; 1.401,41 
26650703834;5514997747700;ANTONIO; 1.401,41 
53690974887;5511973375388;ANTONIO; 1.898,50 
95691537504;5511956397314;ANTONIO; 2.635,84 
38945975853;5511941942633;ANTONIO; 3.134,31 
38945975853;5511996981703;ANTONIO; 3.134,31 
06720131850;5518991390314;ANTONIO; 3.758,67 
98018345872;5516997924256;ANTONIO; 3.612,24 
77161122872;5511981115218;ANTONIO; 1.579,95 
77161122872;5511994089900;ANTONIO; 1.579,95 
01005046808;5511953484890;ANTONIO; 2.469,70 
75679680882;5511983291514;ANTONIO; 1.343,88 
74463497868;5516997111818;ANTONIO; 2.027,26 
02311813889;5511930083791;ANTONIO; 3.082,09 
65970691887;5517996168777;ANTONIO; 1.776,92 
65970691887;5517997557306;ANTONIO; 1.776,92 
60899972934;5516992385724;ANTONIO; 1.620,25 
46537554420;5513988037405;ANTONIO; 2.150,24 
09826519880;5517991627299;APARECIDA; 1.589,12 
91643147668;5512996528229;APARECIDA; 3.671,08 
91643147668;5512996627447;APARECIDA; 3.671,08 
97050920878;5518996490719;APARECIDA; 1.576,23 
97050920878;5518997709608;APARECIDA; 1.576,23 
31010842889;5517992053781;APARECIDA; 3.294,18 
15423959845;5517996088055;APARECIDA; 1.873,80 
15423959845;5517996088056;APARECIDA; 1.873,80 
15934724800;5517991859593;APARECIDA; 1.196,48 
00851049818;5511974816986;APARECIDA; 1.429,44 
00851049818;5511976341478;APARECIDA; 1.429,44 
20063441888;5516997275417;APARECIDA; 1.551,26 
05240231826;5519996622090;APARECIDA; 1.299,48 
57505543091;5511947259227;APARECIDA; 2.386,46 
57505543091;5511964818541;APARECIDA; 2.386,46 
21470220806;5519993889413;APARECIDA; 1.170,98 
78729467853;5517992001452;APARECIDA; 1.976,68 
78729467853;5517997022071;APARECIDA; 1.976,68 
01545436835;5514997486060;APARECIDA; 1.296,22 
01545436835;5514998456823;APARECIDA; 1.296,22 
09513044882;5514996547317;APARECIDA; 1.437,42 
09513044882;5514997224374;APARECIDA; 1.437,42 
09513044882;5514998169066;APARECIDA; 1.437,42 
08036143810;5518997893825;APARECIDA; 2.142,61 
02569968811;5517991309205;APARECIDA; 5.534,28 
02569968811;5517996491401;APARECIDA; 5.534,28 
09874173807;5516992770620;APARECIDA; 1.394,94 
12169840850;5518997110371;APARECIDA; 2.745,20 
12169840850;5518997441691;APARECIDA; 2.745,20 
28798784897;5512996184309;APARECIDA; 4.173,76 
28798784897;5512997312626;APARECIDA; 4.173,76 
28798784897;5512997759762;APARECIDA; 4.173,76 
28798784897;5512997799384;APARECIDA; 4.173,76 
08416237832;5511954299351;APARECIDA; 1.205,50 
08416237832;5511974077809;APARECIDA; 1.205,50 
87105934891;5519992013865;APARECIDA; 1.316,59 
34641122687;5511971172512;APARECIDA; 4.061,00 
25696302840;5518997178123;APARECIDA; 3.024,59 
66352789900;5519987721661;APARECIDA; 1.446,46 
10172044898;5519991128447;APARECIDA; 2.027,92 
08912093878;5511977346036;APARECIDA; 3.306,51 
17049692808;5514991876854;APARECIDA; 1.674,80 
09375218848;5511997391914;APARECIDA; 1.669,24 
16438122890;5511997966645;APARECIDA; 1.190,39 
11603698876;5519992564205;APARECIDA; 2.214,75 
15854161850;5519982432115;APARECIDA; 3.475,12 
15854161850;5519999984627;APARECIDA; 3.475,12 
20056906862;5516992024974;APARECIDA; 1.637,69 
20056906862;5516997660544;APARECIDA; 1.637,69 
08373580867;5517997118286;APARECIDA; 2.432,33 
21727859898;5519999844002;APARECIDA; 1.506,40 
07893998814;5514996235773;APARECIDA; 2.161,32 
11146879873;5518981415991;APARECIDA; 2.711,89 
25384749814;5518996988204;APARECIDA; 1.201,62 
65430956872;5511966945327;APARECIDA; 2.051,05 
86535854868;5511998512901;APARECIDA; 1.344,23 
09081907867;5517991326848;APARECIDA; 1.381,39 
21378038878;5511973165874;APARECIDA; 1.548,36 
21378038878;5511982791370;APARECIDA; 1.548,36 
21378038878;5514997055656;APARECIDA; 1.548,36 
13826988876;5514996059449;APARECIDA; 1.199,30 
13826988876;5514996600110;APARECIDA; 1.199,30 
13826988876;5514998592546;APARECIDA; 1.199,30 
27316485892;5518991753387;APARECIDA; 1.740,05 
19729816840;5515996557096;APARECIDA; 2.018,06 
03436389838;5511983131539;APARECIDA; 1.344,96 
15777729894;5518996394779;APARECIDA; 2.131,69 
15777729894;5518996540531;APARECIDA; 2.131,69 
15777729894;5518998210090;APARECIDA; 2.131,69 
92746748800;5513996161775;APARECIDA; 2.441,50 
92746748800;5513997407454;APARECIDA; 2.441,50 
06861878812;5519983298613;APARECIDA; 2.269,66 
06861878812;5519997898377;APARECIDA; 2.269,66 
86559494934;5514982149971;APARECIDA; 3.050,76 
30956281885;5518991140367;APARECIDA; 4.257,04 
04791900898;5518997837328;APARECIDA; 2.157,05 
92652824872;5518996181562;APARECIDA; 2.479,34 
11146779810;5511958218846;APARECIDA; 2.050,26 
11146779810;5511994112226;APARECIDA; 2.050,26 
09519326839;5511960943609;APARECIDA; 1.613,43 
09262258801;5517997434236;APARECIDA; 2.546,06 
16191093870;5514996606359;APARECIDA; 1.600,13 
16191093870;5514998553921;APARECIDA; 1.600,13 
06752477809;5518997847046;APARECIDA; 1.612,62 
01561469831;5514991095730;APARECIDA; 2.631,38 
01561469831;5514991815252;APARECIDA; 2.631,38 
01561469831;5514991930279;APARECIDA; 2.631,38 
02701281822;5518981089290;APARECIDA; 2.473,57 
05704457878;5511961354772;APARECIDA; 2.324,34 
05704457878;5511961386704;APARECIDA; 2.324,34 
05704457878;5511969811408;APARECIDA; 2.324,34 
04830224894;5515996428201;APARECIDA; 3.357,99 
09807006805;5517996348444;APARECIDA; 2.343,82 
06782372800;5514996967738;APARECIDA; 4.401,21 
01774805804;5518981243212;APARECIDO; 1.691,36 
01774805804;5518981846500;APARECIDO; 1.691,36 
17366088862;5518997992362;APARECIDO; 5.340,41 
65191595815;5511941595291;APARECIDO; 9.403,16 
65191595815;5514981688461;APARECIDO; 9.403,16 
66616336891;5511986958143;APARECIDO; 3.376,63 
05999909880;5516997698040;APARECIDO; 1.322,53 
00073673846;5517997460380;APARECIDO; 4.168,55 
72569514853;5518996976713;APARECIDO; 2.058,94 
80461395800;5518981198903;APARECIDO; 1.582,67 
80461395800;5518991192818;APARECIDO; 1.582,67 
80461395800;5518996478913;APARECIDO; 1.582,67 
80461395800;5518997468913;APARECIDO; 1.582,67 
04696024814;5515988095851;APARECIDO; 5.791,90 
92815383853;5517992220094;APARECIDO; 1.812,18 
05891877830;5516993170641;APARECIDO; 1.424,61 
00254235840;5517996465296;APARECIDO; 3.987,24 
29611483830;5514996400442;APARECIDO; 2.821,37 
00228003873;5519996574550;APARECIDO; 1.382,65 
00228003873;5519999929313;APARECIDO; 1.382,65 
13260147810;5517981022193;APARECIDO; 1.558,75 
13260147810;5517996078232;APARECIDO; 1.558,75 
82774510830;5514996120525;APARECIDO; 1.185,03 
01623211808;5519996276243;APARECIDO; 2.519,21 
01886804893;5517997122494;APARECIDO; 2.852,90 
19547715844;5514996255649;APARECIDO; 2.786,24 
38045613815;5511949272428;APARECIDO; 1.554,97 
38045613815;5511997828331;APARECIDO; 1.554,97 
80843492872;5511985555678;APARECIDO; 2.036,96 
80843492872;5518998188002;APARECIDO; 2.036,96 
02354664842;5518996698354;APARECIDO; 2.106,01 
79940684991;5511971217736;APARECIDO; 5.582,61 
79940684991;5511989014856;APARECIDO; 5.582,61 
07421000810;5514998585623;APARECIDO; 2.862,80 
53871561800;5514996108820;APARECIDO; 2.248,02 
02371977829;5519993189659;APARECIDO; 10.269,30 
02371977829;5519993293203;APARECIDO; 10.269,30 
02371977829;5519996365960;APARECIDO; 10.269,30 
70913722804;5511999334526;APARECIDO; 1.312,43 
12103317807;5518997128069;APARECIDO; 1.540,52 
57466041868;5511961150974;APARECIDO; 14.505,10 
57466041868;5511973774678;APARECIDO; 14.505,10 
57466041868;5511987588643;APARECIDO; 14.505,10 
03481216874;5518991214431;APARECIDO; 1.271,13 
00576759880;5516997332578;APARECIDO; 4.053,58 
00576759880;5516997850043;APARECIDO; 4.053,58 
08466751882;5518997068133;APARECIDO; 2.956,05 
08466751882;5518997209060;APARECIDO; 2.956,05 
08466751882;5518998044589;APARECIDO; 2.956,05 
06238790857;5511963302748;APARECIDO; 1.339,54 
82810230820;5514991910193;APARECIDO; 1.687,70 
82810230820;5514996300819;APARECIDO; 1.687,70 
11144662800;5511940113764;APARECIDO; 2.165,88 
36372080915;5514997318078;APARECIDO; 2.525,04 
98493337820;5514991957450;APARECIDO; 4.569,98 
83453962834;5515997266535;APARICIO; 2.528,89 
25416694882;5511992765475;ARACI; 2.414,62 
05873917825;5518996576632;ARACI; 3.903,12 
05873917825;5518997858365;ARACI; 3.903,12 
06641285804;5511941971466;ARACI; 1.388,95 
64907996853;5511962444021;ARACI; 1.496,49 
64907996853;5511962986925;ARACI; 1.496,49 
02695190840;5515996025950;ARALDO; 1.256,82 
18157977894;5517996228912;ARANIDES; 2.449,39 
72493070887;5511994727890;ARAO; 1.467,00 
07388907823;5518996080120;ARCANJO; 3.166,83 
07388907823;5518997135686;ARCANJO; 3.166,83 
13898729800;5515997872174;ARCILIA; 1.386,56 
22055664824;5517997528052;ARETHUSA; 2.467,58 
65657993853;5513996297077;ARGEMIRO; 1.202,93 
85817384868;5515996060819;ARIDELMI; 1.369,78 
85817384868;5515997733569;ARIDELMI; 1.369,78 
41711084700;5513981441251;ARIDES; 2.427,60 
14015681819;5511978069418;ARISMAR; 1.456,74 
14015681819;5513991986147;ARISMAR; 1.456,74 
14015681819;5513996484461;ARISMAR; 1.456,74 
01842311832;5511962885694;ARISTEU; 1.217,64 
49674633715;5511930141082;ARISTEU; 1.855,40 
80310400872;5518996236617;ARISTIDES; 1.778,27 
04200088886;5518997936044;ARISTIDES; 4.548,74 
10093916825;5511996452590;ARLETE; 1.572,31 
11955187819;5511984182311;ARLINDA; 1.377,11 
01986652882;5516997571212;ARLINDA; 1.364,99 
30251397491;5511981096365;ARLINDO; 1.814,46 
30251397491;5516993132716;ARLINDO; 1.814,46 
10411521837;5516996356814;ARLINDO; 2.214,51 
24801925804;5515997253102;ARLINDO; 2.206,12 
03654102840;5514996264671;ARLINDO; 1.699,88 
86370278815;5516988420388;ARLINDO; 7.182,82 
58975330834;5517996064265;ARLINDO; 2.392,78 
58975330834;5517996186753;ARLINDO; 2.392,78 
54266157800;5511975896472;ARLINDO; 3.014,24 
02089348801;5511995753235;ARLINDO; 1.294,93 
02089348801;5511999442633;ARLINDO; 1.294,93 
11807577856;5511995484578;ARLINDO; 4.730,81 
00320647803;5511971844290;ARLIVETE; 1.496,23 
51300060891;5517997280174;ARMANDO; 2.347,96 
50016849868;5513991228811;ARMANDO; 2.157,51 
50016849868;5513991493203;ARMANDO; 2.157,51 
04051592855;5516999995136;ARMANDO; 1.192,32 
30966280172;5516991862659;ARMANDO; 4.107,14 
03978857847;5511967636241;ARMANDO; 2.525,41 
03978857847;5511999218610;ARMANDO; 2.525,41 
64111377815;5518996088458;ARMANDO; 4.709,98 
04028649803;5514997270886;ARMINDA; 1.412,01 
01008962864;5511988133460;ARMINDO; 2.317,15 
70560790830;5511977869442;ARMINDO; 5.921,99 
34348832587;5512982820991;ARNALDINA; 1.340,89 
00440929890;5518997360109;ARNALDO; 2.286,76 
00471343803;5519991718879;ARNALDO; 1.511,22 
00471343803;5519992530780;ARNALDO; 1.511,22 
00471343803;5519997794503;ARNALDO; 1.511,22 
07862144813;5518996185221;ARQUIMEDES; 2.318,19 
13140108672;5516991943715;ARSENIO; 2.807,50 
58253629591;5513996851981;ARTUR; 3.474,51 
01612669913;5511947695744;ARZIRA; 1.663,31 
99417006800;5511995658194;ASMINDIA; 1.503,93 
12122290889;5513974088982;ASSUNTA; 5.152,44 
91088429815;5516996307040;ASTIR; 3.360,48 
68661568820;5511966539114;ASTROGILDO; 2.321,98 
58962549891;5519983787136;ATAIDE; 3.530,18 
58962549891;5519987073986;ATAIDE; 3.530,18 
12169591885;5517988252802;ATHOS; 1.447,39 
12169591885;5517991161714;ATHOS; 1.447,39 
04996202831;5511967747409;ATILA; 2.950,24 
04996202831;5511971089703;ATILA; 2.950,24 
56851995891;5516992961995;ATILIO; 2.203,57 
56851995891;5516999754487;ATILIO; 2.203,57 
34554351815;5511982578803;AUCILIA; 1.603,25 
34554351815;5511994750177;AUCILIA; 1.603,25 
92553737815;5519981110490;AUDALIO; 2.417,99 
92553737815;5519981554039;AUDALIO; 2.417,99 
92553737815;5519988042763;AUDALIO; 2.417,99 
04935500891;5511987557237;AUGUSTA; 2.251,21 
04935500891;5511989657237;AUGUSTA; 2.251,21 
05374327879;5519995996567;AUGUSTO; 2.367,90 
05763590848;5517988133145;AUGUSTO; 1.213,55 
05763590848;5517997266605;AUGUSTO; 1.213,55 
16928547120;5511964960556;AUGUSTO; 1.186,98 
16928547120;5511998624224;AUGUSTO; 1.186,98 
12905983809;5519988759646;AUREA; 3.275,31 
03183368803;5513996129313;AUREA; 1.600,56 
69175373815;5511992998855;AUREA; 2.053,95 
99664623849;5511966316933;AUREA; 1.311,58 
26133248807;5519987028387;AURELIANO; 1.969,68 
41013875591;5519991171452;AURELINA; 1.334,73 
96841893891;5519997157436;AUREMIL; 7.739,95 
78948444891;5512982324556;AUREO; 5.914,85 
31006779868;5513996030838;AUREO; 6.319,46 
25606412837;5511947844981;AURORA; 1.488,65 
05643016800;5516996136638;AUTA; 3.988,06 
05643016800;5516997064410;AUTA; 3.988,06 
12305220855;5511964042424;AUXILIADORA; 4.113,92 
01311627804;5511998323711;AVANI; 3.087,21 
29716936869;5515996767800;AVELINA; 3.606,06 
76546268191;5511940628194;AVELINO; 4.560,00 
06879126871;5519987023796;AZILIO; 1.276,10 
94853509887;5513997484716;BADIO; 1.189,69 
53829905815;5518997836663;BEATRIZ; 5.360,11 
08660248406;5513997088459;BEATRIZ; 1.382,71 
23323890833;5515997258352;BELINHA; 1.700,57 
23323890833;5515997654983;BELINHA; 1.700,57 
23323890833;5515997678545;BELINHA; 1.700,57 
80285503804;5516992209146;BELIRDO; 1.230,55 
00862647886;5515996670694;BELIRIO; 8.240,41 
92657940897;5518996360902;BELMIRO; 2.312,02 
04953317831;5514996070908;BELMIRO; 1.596,42 
04953317831;5514996620430;BELMIRO; 1.596,42 
09821584837;5517996618381;BENEDICTA; 1.874,18 
09821584837;5517997136543;BENEDICTA; 1.874,18 
27575021825;5512982031790;BENEDITA; 2.115,56 
24720273890;5518997117823;BENEDITA; 3.212,86 
39450945187;5511932065444;BENEDITA; 1.940,03 
33237773875;5511942218391;BENEDITA; 2.263,75 
27058684880;5518996538299;BENEDITA; 1.564,89 
96849355872;5519989615967;BENEDITA; 3.812,97 
13762677808;5519996754258;BENEDITA; 1.436,46 
13762677808;5519999688115;BENEDITA; 1.436,46 
18639409870;5514981437983;BENEDITA; 2.387,87 
18639409870;5514981587726;BENEDITA; 2.387,87 
18639409870;5514996188595;BENEDITA; 2.387,87 
10131381806;5516991353190;BENEDITA; 3.231,09 
10131381806;5516992532168;BENEDITA; 3.231,09 
36128085830;5516992548595;BENEDITA; 8.214,59 
15048294840;5515996026885;BENEDITA; 1.584,01 
15048294840;5515996124384;BENEDITA; 1.584,01 
15048294840;5515998233246;BENEDITA; 1.584,01 
01140415808;5511961197562;BENEDITA; 2.035,56 
18760646845;5511947010674;BENEDITA; 4.546,42 
18760646845;5511953633272;BENEDITA; 4.546,42 
18760646845;5511975526862;BENEDITA; 4.546,42 
25428914866;5514991268508;BENEDITA; 1.231,36 
69438536604;5511943897097;BENEDITA; 1.955,13 
69438536604;5519971160903;BENEDITA; 1.955,13 
49780930825;5515997154623;BENEDITA; 2.864,26 
03076204840;5511991119542;BENEDITA; 6.809,59 
14136132840;5514996611630;BENEDITA; 1.731,44 
41809614821;5514996884605;BENEDITA; 2.733,80 
20448989859;5518997417336;BENEDITA; 2.263,88 
32272662889;5515998023784;BENEDITA; 6.440,82 
22728785805;5519996982401;BENEDITA; 4.475,90 
00212508806;5519988087021;BENEDITA; 1.662,44 
26705616830;5516993284579;BENEDITA; 1.558,33 
26705616830;5516996096999;BENEDITA; 1.558,33 
18509347468;5514997636958;BENEDITA; 3.702,00 
85421227120;5518991696116;BENEDITA; 2.046,87 
98554255887;5515981322211;BENEDITA; 1.639,94 
98554255887;5515998504118;BENEDITA; 1.639,94 
12714351875;5512991012344;BENEDITA; 1.974,47 
12714351875;5512991456973;BENEDITA; 1.974,47 
12714351875;5512997292686;BENEDITA; 1.974,47 
25045153838;5519996598042;BENEDITA; 3.112,64 
02120653860;5515996363830;BENEDITA; 1.556,22 
03577537809;5518991558775;BENEDITA; 2.415,39 
30190130890;5511996028786;BENEDITA; 2.384,09 
30190130890;5515996600181;BENEDITA; 2.384,09 
09140593860;5519999018494;BENEDITA; 3.931,89 
15279803839;5517991860260;BENEDITA; 1.455,93 
05894462827;5516997311536;BENEDITO; 1.445,74 
08548373881;5512991681529;BENEDITO; 1.336,91 
08548373881;5512991772688;BENEDITO; 1.336,91 
89534735868;5511969222735;BENEDITO; 9.604,95 
32470096804;5518991591007;BENEDITO; 3.069,55 
32470096804;5518997465699;BENEDITO; 3.069,55 
77639103800;5511995528669;BENEDITO; 2.701,84 
98102478853;5516997976113;BENEDITO; 2.279,44 
08784466804;5517997166310;BENEDITO; 1.590,36 
87080931800;5519996541136;BENEDITO; 15.003,80 
70748624872;5519982410513;BENEDITO; 2.580,90 
31042651604;5519993641545;BENEDITO; 1.253,55 
46910875834;5511993322426;BENEDITO; 1.755,64 
06433453880;5512996005685;BENEDITO; 2.212,93 
96403012800;5519998361441;BENEDITO; 1.396,40 
15219897888;5518997262389;BENEDITO; 3.222,13 
15219897888;5518997827101;BENEDITO; 3.222,13 
11687221871;5511964870221;BENEDITO; 3.552,96 
11687221871;5511989880021;BENEDITO; 3.552,96 
11687221871;5511989935605;BENEDITO; 3.552,96 
07406962894;5518991351171;BENEDITO; 1.259,25 
70465614868;5518997042286;BENEDITO; 3.103,92 
70465614868;5518997432811;BENEDITO; 3.103,92 
70465614868;5518997668119;BENEDITO; 3.103,92 
48994057820;5512991444107;BENEDITO; 2.228,38 
48994057820;5512991868605;BENEDITO; 2.228,38 
01888448806;5517988229743;BENEDITO; 11.180,70 
01888448806;5517997590175;BENEDITO; 11.180,70 
53958187820;5519996317287;BENEDITO; 3.194,46 
21714541800;5511972514852;BENEDITO; 2.460,63 
76599680844;5511998091190;BENEDITO; 3.920,70 
01909261807;5511950351431;BENEDITO; 1.947,11 
88832139804;5517996584102;BENEDITO; 2.410,06 
88832139804;5517997440482;BENEDITO; 2.410,06 
96372311887;5519996479272;BENEDITO; 4.097,37 
00106367811;5511999609892;BENEDITO; 4.262,60 
02358576883;5518991471244;BENEDITO; 1.482,77 
01634724836;5519995389056;BENEDITO; 1.580,83 
01634724836;5519996528379;BENEDITO; 1.580,83 
00552052833;5515981700558;BENEDITO; 4.531,61 
00552052833;5515997150218;BENEDITO; 4.531,61 
00552052833;5515997565765;BENEDITO; 4.531,61 
03065980860;5511941591225;BENEDITO; 5.001,12 
13514238863;5511959361154;BENEDITO; 2.471,45 
51209624834;5516999919747;BENEDITO; 2.143,05 
08400174801;5518997108463;BENEDITO; 4.436,93 
08400174801;5518997465120;BENEDITO; 4.436,93 
08400174801;5518997953671;BENEDITO; 4.436,93 
93576250891;5511963448190;BENEDITO; 9.770,24 
93576250891;5513996512578;BENEDITO; 9.770,24 
94739285800;5511983699464;BENEDITO; 1.467,93 
94739285800;5511983741413;BENEDITO; 1.467,93 
94739285800;5511998596278;BENEDITO; 1.467,93 
13807262806;5511947162321;BENEDITO; 1.554,14 
13807262806;5519993187945;BENEDITO; 1.554,14 
38780895549;5511965865279;BENICIO; 3.009,66 
64278409834;5513997371150;BENTO; 2.241,85 
62830457820;5512997918496;BENTO; 1.919,82 
06197079844;5519988272942;BENTO; 8.277,81 
02547324881;5513988639821;BERENICE; 4.502,15 
02547324881;5519988211844;BERENICE; 4.502,15 
08746223878;5518996306600;BERNADETE; 2.703,32 
11864575891;5511968299000;BERNADETE; 5.340,17 
88113817891;5511973993820;BERNADETE; 12.958,80 
02021135829;5516991464678;BERNARDETE; 1.723,20 
16480165888;5511998483435;BETANIA; 1.509,89 
09671704867;5511981493308;BONFIM; 2.860,89 
00074283839;5516981693513;BRAUDIN; 1.742,97 
00074283839;5516993161326;BRAUDIN; 1.742,97 
00374718563;5511980661466;BRAULINA; 2.728,29 
58199390859;5513981136110;BRUNO; 1.583,84 
58199390859;5513991069117;BRUNO; 1.583,84 
25606498880;5519991826406;CACILDA; 2.070,95 
25606498880;5519991993787;CACILDA; 2.070,95 
04249308898;5511998106951;CALEB; 3.858,98 
26067730553;5511964097034;CALISTO; 2.665,58 
26067730553;5511997598150;CALISTO; 2.665,58 
12030092835;5519998232394;CANDIDA; 1.751,66 
33023654549;5511967516240;CANDIDO; 1.407,42 
19289643897;5513997322926;CARLESITA; 1.323,82 
07053505685;5511950719578;CARLOS; 1.500,31 
13233445865;5511981966087;CARLOS; 2.881,38 
04374633898;5518996074901;CARLOS; 1.261,01 
04374633898;5518996666234;CARLOS; 1.261,01 
04374633898;5518997130159;CARLOS; 1.261,01 
14759137882;5511955706497;CARLOS; 5.037,29 
14759137882;5511983199771;CARLOS; 5.037,29 
97223190868;5513991439941;CARLOS; 4.764,48 
04882991870;5511984016792;CARLOS; 4.301,11 
53380681849;5512991307731;CARLOS; 1.907,81 
13390880372;5511998436491;CARLOS; 1.738,19 
05648872852;5519989846941;CARLOS; 3.831,87 
52752658915;5512978122289;CARLOS; 1.851,02 
94220166491;5511960980115;CARLOS; 1.724,97 
77565967815;5519981553073;CARLOS; 1.672,53 
77565967815;5519996266660;CARLOS; 1.672,53 
92994458853;5516988334221;CARLOS; 3.243,71 
05544079811;5511991364135;CARLOS; 2.827,03 
78893690853;5512997639912;CARLOS; 4.971,55 
62576712800;5513997878877;CARLOS; 27.879,40 
32010110889;5511983863687;CARLOS; 9.444,89 
29573658801;5511998675790;CARLOS; 8.556,71 
64454851891;5511961790187;CARLOS; 1.314,31 
54509530897;5513997669742;CARLOS; 6.625,72 
68346344791;5519992929248;CARLOS; 1.684,85 
65639758872;5511981864755;CARLOS; 1.444,64 
65639758872;5517981985259;CARLOS; 1.444,64 
89233816834;5514996425462;CARLOS; 2.537,59 
73250686891;5513997456010;CARLOS; 16.832,60 
08068351841;5517996565495;CARLOS; 1.533,89 
06491665828;5517996630734;CARLOS; 2.173,51 
06491665828;5517997934263;CARLOS; 2.173,51 
06491665828;5518997575132;CARLOS; 2.173,51 
63944103815;5511952658215;CARLOS; 5.545,07 
09518846464;5515981573768;CARLOS; 1.826,09 
00990982882;5511969262485;CARLOS; 6.726,32 
00990982882;5511982115671;CARLOS; 6.726,32 
06876274861;5519997988428;CARLOS; 1.209,06 
06604887871;5513982134017;CARLOS; 3.672,49 
07334632826;5518997232257;CARLOS; 3.202,60 
07334632826;5518997876867;CARLOS; 3.202,60 
04780744253;5517981590085;CARLOS; 1.780,59 
02094210880;5515988077408;CARLOS; 3.221,01 
00398205809;5511969452322;CARLOS; 5.251,21 
04987615843;5512997124211;CARLOS; 11.396,30 
04987615843;5512997693935;CARLOS; 11.396,30 
04987615843;5512997798410;CARLOS; 11.396,30 
56672098887;5511972180185;CARLOS; 2.375,60 
56672098887;5511982772573;CARLOS; 2.375,60 
56672098887;5511995964069;CARLOS; 2.375,60 
39492630800;5511969782349;CARLOS; 4.363,50 
05406994891;5511973279615;CARLOS; 1.357,13 
05406994891;5511995517936;CARLOS; 1.357,13 
07151779828;5516992571412;CARLOS; 1.411,63 
98081594868;5516991141348;CARLOS; 2.306,15 
34446319876;5511959451045;CARLOS; 1.996,44 
58528822834;5512991100915;CARLOS; 1.695,56 
58528822834;5512997132066;CARLOS; 1.695,56 
03463396858;5518997416321;CARMELA; 2.179,87 
35604433187;5514998136858;CARMELINA; 1.487,74 
35604433187;5514998616908;CARMELINA; 1.487,74 
15055112832;5511942909316;CARMELINA; 2.190,52 
15055112832;5511963960835;CARMELINA; 2.190,52 
15779541817;5516981691040;CARMELITA; 3.269,04 
15779541817;5516992429589;CARMELITA; 3.269,04 
16602362828;5514997949254;CARMELITA; 1.895,51 
16010059895;5515997565743;CARMELITA; 1.366,37 
01838689869;5513988732227;CARMELITA; 3.092,90 
03387779895;5517996038201;CARMEM; 6.230,34 
24703761653;5511993376789;CARMEM; 6.908,82 
30512404860;5518991253994;CARMEM; 1.228,88 
28521581831;5513991557674;CARMEM; 1.750,21 
06265582801;5517997084254;CARMEM; 2.023,34 
06265582801;5517997275247;CARMEM; 2.023,34 
08555560802;5511976115442;CARMEM; 1.313,48 
03222445877;5515998118111;CARMEN; 15.393,50 
08525073806;5511992720565;CARMEN; 3.415,75 
15886547886;5514997045277;CARMEN; 11.675,90 
15886547886;5514998587474;CARMEN; 11.675,90 
08786183842;5518991477351;CARMEN; 2.067,40 
24788272806;5516991838031;CARMEN; 2.222,08 
24763553801;5514997030564;CARMEN; 1.565,64 
24763553801;5514999065777;CARMEN; 1.565,64 
24763553801;5515996356737;CARMEN; 1.565,64 
03239459884;5511985530531;CARMEN; 3.199,06 
03239459884;5511991006386;CARMEN; 3.199,06 
10231183860;5515981317067;CARMEN; 2.086,41 
58858490649;5516999796058;CARMEN; 1.412,15 
21908714840;5517991079091;CARMEN; 2.939,88 
63155761849;5511997729756;CARMO; 3.222,66 
63155761849;5517991142206;CARMO; 3.222,66 
63155761849;5517991999362;CARMO; 3.222,66 
18599272896;5511999216934;CARMOSINA; 1.583,82 
16550796890;5518991635793;CARMOZINA; 8.492,44 
16550796890;5518997952204;CARMOZINA; 8.492,44 
10099621835;5511984158655;CASEMIRO; 5.855,72 
10099621835;5513996572582;CASEMIRO; 5.855,72 
01954843801;5512981244039;CASSIA; 6.763,98 
26534058812;5515996080514;CASSIMIRO; 3.047,85 
26534058812;5515996618649;CASSIMIRO; 3.047,85 
26534058812;5515997101192;CASSIMIRO; 3.047,85 
28207880848;5514998795242;CASTORINA; 2.643,46 
04226592905;5511971370778;CASTORINA; 2.254,06 
58950303868;5517982021280;CATARINA; 3.087,34 
87082675887;5519988631329;CATARINA; 4.289,37 
87082675887;5519992626282;CATARINA; 4.289,37 
87082675887;5519992646198;CATARINA; 4.289,37 
11773593838;5517988272350;CATARINA; 2.108,70 
24939967808;5516991948360;CATARINA; 2.688,21 
08301780827;5511982300764;CATIA; 1.543,36 
17563644865;5519983653319;CECILIA; 3.037,78 
17563644865;5519992936321;CECILIA; 3.037,78 
10262955806;5511972541225;CECILIA; 1.306,73 
48115282987;5518981564749;CECILIA; 4.797,88 
00468251855;5518997160077;CECILIA; 1.447,82 
00468251855;5518998030805;CECILIA; 1.447,82 
10772260800;5512997015758;CECILIA; 3.013,07 
10772260800;5512997129640;CECILIA; 3.013,07 
10772260800;5512997490707;CECILIA; 3.013,07 
94661731891;5511999001968;CECILIA; 4.968,23 
94661731891;5511999766055;CECILIA; 4.968,23 
10391553836;5518996095866;CECILIA; 1.506,56 
10391553836;5518997069651;CECILIA; 1.506,56 
10391553836;5518998122454;CECILIA; 1.506,56 
05567372884;5511972431387;CELENISIA; 1.165,13 
01642377805;5519995934400;CELIA; 1.567,34 
23400788813;5518996650408;CELIA; 2.791,69 
01833043812;5513991415005;CELIA; 1.420,87 
01833043812;5513991448123;CELIA; 1.420,87 
54671523868;5517988053263;CELIA; 13.513,30 
54671523868;5517996671301;CELIA; 13.513,30 
14605519823;5513997024106;CELIA; 3.380,16 
04196871810;5514991269762;CELIA; 1.915,61 
02093923807;5511976403269;CELIA; 2.785,26 
32727361823;5515996196058;CELIA; 2.737,40 
32727361823;5515996592684;CELIA; 2.737,40 
32727361823;5515998598916;CELIA; 2.737,40 
28088607817;5518988117482;CELIA; 6.691,23 
28088607817;5519995804925;CELIA; 6.691,23 
09750815866;5518996271133;CELIA; 2.200,71 
09750815866;5518996632986;CELIA; 2.200,71 
03931193861;5517991086642;CELIA; 2.763,72 
94336601615;5511974668535;CELIA; 1.756,95 
61206970715;5513988547411;CELIA; 2.806,71 
27685240858;5514997884544;CELIA; 2.754,46 
15505423892;5519981281570;CELIA; 2.165,23 
02109850892;5514996948637;CELIA; 1.360,33 
32405211807;5514996819742;CELIA; 2.528,76 
91164273515;5518997653018;CELICE; 2.524,16 
04559049874;5511970669690;CELINA; 2.047,44 
09714360889;5513996082593;CELINA; 1.533,35 
09714360889;5515996090248;CELINA; 1.533,35 
29378466885;5514996925851;CELINA; 2.124,50 
29378466885;5514998340278;CELINA; 2.124,50 
30762310812;5514996269901;CELINA; 1.396,95 
30762310812;5514996269961;CELINA; 1.396,95 
30762310812;5514998171048;CELINA; 1.396,95 
14080420889;5511996678088;CELINA; 2.436,20 
42545463604;5511988986327;CELINA; 1.908,13 
16864272800;5519994804715;CELINA; 2.487,66 
13304395890;5511964134408;CELINA; 3.696,26 
02609322801;5512992324425;CELIO; 1.289,15 
16502843816;5518996360065;CELIO; 2.958,64 
04716480860;5511993517404;CELIO; 1.173,88 
04716480860;5511996351846;CELIO; 1.173,88 
87365693800;5511947570248;CELIO; 2.688,84 
05857754860;5514996737298;CELIO; 1.388,71 
05837569804;5514996255636;CELIO; 3.063,43 
05837569804;5514997940563;CELIO; 3.063,43 
05332973896;5511988511490;CELIS; 2.906,24 
95855939804;5518998006752;CELIZETE; 2.340,50 
02688896865;5519991565870;CELSO; 3.133,93 
08803206809;5512991558374;CELSO; 1.233,15 
10171828844;5518997114572;CELSO; 7.461,87 
01592152856;5519982541065;CELSO; 9.624,84 
01592152856;5519997832325;CELSO; 9.624,84 
02355995818;5518991843850;CELSO; 5.790,21 
01532698801;5514996556321;CELSO; 6.106,17 
01532698801;5514998565679;CELSO; 6.106,17 
96267909891;5511943121370;CELSO; 1.551,34 
96267909891;5511995561459;CELSO; 1.551,34 
77983572972;5515997161646;CELSO; 1.381,52 
03309739830;5511965963527;CENIRA; 1.992,40 
03309739830;5518991540153;CENIRA; 1.992,40 
03205576853;5515991126789;CESAR; 1.809,64 
03205576853;5515991233618;CESAR; 1.809,64 
03205576853;5515991526904;CESAR; 1.809,64 
84223324853;5511962753616;CHARLES; 7.875,52 
84223324853;5511976663116;CHARLES; 7.875,52 
31752101553;5513996553956;CHRISTOVAM; 6.519,79 
09740458882;5518996110779;CICERA; 1.663,98 
09740458882;5518996163110;CICERA; 1.663,98 
09740458882;5518996430889;CICERA; 1.663,98 
08166329875;5516991618453;CICERA; 4.617,14 
18592919886;5511986058094;CICERA; 2.148,68 
06903394885;5511994909716;CICERA; 1.203,18 
06903394885;5511999823580;CICERA; 1.203,18 
82840539853;5518997093870;CICERO; 2.328,54 
11147710821;5516997203230;CICERO; 2.745,18 
05015589859;5518997421521;CICERO; 4.344,28 
47116870920;5518997992362;CICERO; 1.620,91 
87767910849;5513996826819;CICERO; 3.073,06 
55403867449;5511974062199;CICERO; 1.300,79 
55403867449;5511985516460;CICERO; 1.300,79 
04339565857;5518991543467;CICERO; 2.036,66 
07619454829;5514997665428;CICERO; 2.631,61 
08922459808;5518996582541;CICERO; 1.703,81 
08922459808;5518996988462;CICERO; 1.703,81 
04878018810;5515997477428;CICERO; 2.043,79 
02548479862;5513997617229;CICERO; 3.303,37 
18923710814;5516992300854;CIDALIA; 1.590,23 
84347090668;5516997242389;CIDRONIO; 3.792,93 
24744277837;5517997546195;CILSA; 6.532,16 
25999199832;5517981262877;CINTIA; 1.218,26 
39073005809;5511984476984;CINTIA; 2.197,38 
26381319895;5511960124873;CINTIA; 2.477,56 
25046021897;5518991396379;CIRCO; 3.283,88 
14491130876;5515997416674;CIRINEU; 1.932,83 
30223251852;5513988017508;CIRLENE; 2.122,84 
30223251852;5513988024075;CIRLENE; 2.122,84 
30223251852;5513991673375;CIRLENE; 2.122,84 
15771180815;5514997454917;CIRO; 3.337,23 
07024055820;5513992113202;CIRO; 1.611,81 
07024055820;5513996003878;CIRO; 1.611,81 
15502119866;5519997522189;CLARICE; 3.870,34 
27074604860;5519989494153;CLARICE; 1.536,38 
27074604860;5519992948506;CLARICE; 1.536,38 
26075590811;5518996063403;CLARICE; 1.233,89 
26075590811;5518996793703;CLARICE; 1.233,89 
56502931200;5516993614187;CLARICE; 2.140,61 
36719952897;5518997210353;CLARICE; 1.616,18 
36719952897;5518997954467;CLARICE; 1.616,18 
11079134115;5518997997998;CLARO; 1.905,87 
16081550800;5516993018969;CLAUDECY; 1.295,57 
16081550800;5516999710573;CLAUDECY; 1.295,57 
15778515871;5519994475480;CLAUDEMIR; 9.969,48 
07375369852;5519998872030;CLAUDEMIR; 1.398,13 
13443834833;5512991883750;CLAUDEMIR; 2.877,79 
26534406870;5511997860615;CLAUDEMIR; 1.985,75 
25386784803;5518996492942;CLAUDEMIR; 4.614,42 
11993651810;5518997211371;CLAUDEMIR; 6.297,69 
16968697149;5511965994647;CLAUDEMIRO; 1.518,36 
05382055637;5517996792531;CLAUDENICE; 3.056,71 
02240016809;5514996084260;CLAUDETE; 1.229,50 
02240016809;5514996932738;CLAUDETE; 1.229,50 
02240016809;5514997384511;CLAUDETE; 1.229,50 
35252368830;5511954040138;CLAUDIA; 2.415,36 
10802995802;5519991967144;CLAUDIA; 1.273,85 
10802995802;5519994506274;CLAUDIA; 1.273,85 
30007118805;5511956577013;CLAUDIA; 2.320,99 
11958437808;5515996674609;CLAUDIA; 2.202,82 
06722247805;5518991265597;CLAUDIA; 4.231,68 
06722247805;5518997930337;CLAUDIA; 4.231,68 
05748195844;5514981543791;CLAUDIA; 1.185,98 
15622166861;5516997658755;CLAUDIA; 3.247,54 
21709848871;5511975637450;CLAUDIA; 5.382,31 
06222356800;5513997406464;CLAUDIA; 1.364,01 
11931940835;5511965042107;CLAUDIA; 1.519,04 
27598621861;5514998404283;CLAUDIA; 2.005,31 
54277060625;5516991130193;CLAUDIA; 1.213,72 
54277060625;5516992866369;CLAUDIA; 1.213,72 
13070671829;5515996060558;CLAUDIANA; 4.098,74 
13070671829;5515997674887;CLAUDIANA; 4.098,74 
13070671829;5515998547660;CLAUDIANA; 4.098,74 
09890571862;5516981277036;CLAUDIANE; 4.348,10 
17346381840;5511948942007;CLAUDICE; 1.544,84 
17346381840;5511999644624;CLAUDICE; 1.544,84 
15250328873;5511962996494;CLAUDINEI; 1.617,21 
15250328873;5511963506858;CLAUDINEI; 1.617,21 
08457023861;5516993290754;CLAUDINEI; 1.508,75 
08457023861;5516993867899;CLAUDINEI; 1.508,75 
31866628852;5517999764701;CLAUDINEI; 1.493,99 
31866628852;5517999784719;CLAUDINEI; 1.493,99 
22662949899;5511995395054;CLAUDINEIA; 2.737,99 
56251726849;5511940127098;CLAUDIO; 2.528,58 
56251726849;5511947359047;CLAUDIO; 2.528,58 
06083577829;5511945030411;CLAUDIO; 1.311,84 
06207441893;5518997462024;CLAUDIO; 1.171,02 
29122155872;5513997011137;CLAUDIO; 6.426,18 
01621098818;5519993733665;CLAUDIO; 1.177,98 
80778127834;5514996213880;CLAUDIO; 1.682,53 
80778127834;5514997274449;CLAUDIO; 1.682,53 
00476259886;5514997088502;CLAUDIO; 1.353,66 
01797423886;5513974105043;CLAUDIO; 5.350,90 
01797423886;5513988237967;CLAUDIO; 5.350,90 
23504200430;5514981259921;CLAUDIO; 4.056,35 
05927437800;5516997080276;CLAUDIO; 1.625,30 
07129183888;5512991234951;CLAUDIO; 4.023,19 
07129183888;5512991235833;CLAUDIO; 4.023,19 
57381445620;5511931092889;CLAUDIO; 2.186,06 
57381445620;5511966806088;CLAUDIO; 2.186,06 
57381445620;5511967958285;CLAUDIO; 2.186,06 
57381445620;5511969812889;CLAUDIO; 2.186,06 
14031186800;5513981855176;CLAUDIO; 1.182,08 
14031186800;5513996175734;CLAUDIO; 1.182,08 
09966391878;5511965714527;CLAUDIO; 2.739,21 
08927628888;5516991229470;CLAUDIO; 1.631,74 
08576748894;5513996575509;CLAUDIO; 2.263,72 
03376447802;5511964705418;CLAUDIO; 9.733,82 
03376447802;5511968553018;CLAUDIO; 9.733,82 
03376447802;5511968559122;CLAUDIO; 9.733,82 
03376447802;5511997425250;CLAUDIO; 9.733,82 
07546334896;5516991643531;CLAUDIO; 1.283,27 
07546334896;5516991926592;CLAUDIO; 1.283,27 
17406639856;5514996602057;CLAUDIO; 1.186,33 
66085110863;5511996777052;CLAUDIO; 5.824,33 
29949635829;5514997654777;CLAUDIONICI; 1.494,37 
09117510848;5517991094416;CLAUDIONOR; 1.419,41 
43497373834;5516992351464;CLAUDIONOR; 1.395,43 
07464954807;5514996899480;CLAUDIONOR; 1.640,15 
07464954807;5514997526248;CLAUDIONOR; 1.640,15 
20444749802;5518996557826;CLAUDITE; 1.318,97 
20444749802;5518998161365;CLAUDITE; 1.318,97 
09113989880;5517996720857;CLAUDOMIRO; 1.321,63 
09113989880;5517996720897;CLAUDOMIRO; 1.321,63 
00848002830;5511949428598;CLAURIDES; 1.418,49 
02004708840;5511963714417;CLAUSER; 1.782,92 
02004708840;5511991644310;CLAUSER; 1.782,92 
18702599805;5511982633537;CLAYTON; 1.889,79 
18702599805;5511996883597;CLAYTON; 1.889,79 
46203290963;5511986734657;CLEA; 1.815,72 
21642704873;5517997191971;CLEBER; 3.159,33 
09866024857;5512997236980;CLEBER; 1.318,25 
27950564881;5513988043111;CLEBIOMARCO; 3.380,49 
27950564881;5513988236338;CLEBIOMARCO; 3.380,49 
27950564881;5513988432727;CLEBIOMARCO; 3.380,49 
21676389814;5516993237584;CLEIA; 1.649,32 
26864925897;5514991758050;CLEIDE; 1.219,35 
26864925897;5514996977585;CLEIDE; 1.219,35 
14527183850;5511984169818;CLEIDE; 2.620,97 
14450120817;5516997353929;CLEIDE; 2.174,29 
22442608871;5513981265600;CLEIDE; 1.487,36 
22442608871;5513981265927;CLEIDE; 1.487,36 
22442608871;5513981271484;CLEIDE; 1.487,36 
09820337100;5511971724424;CLEIDE; 10.792,80 
08982674802;5511971210508;CLEIDE; 1.562,35 
08982674802;5511981678920;CLEIDE; 1.562,35 
14087648818;5518997590515;CLEIDE; 1.274,01 
14087648818;5518997969504;CLEIDE; 1.274,01 
82809267391;5511988295050;CLEITON; 8.231,20 
18652711879;5516992894401;CLEITON; 1.384,62 
11733992839;5518996447031;CLELDER; 2.432,06 
11733992839;5518997014955;CLELDER; 2.432,06 
07621137827;5514991110666;CLELIA; 1.286,63 
00354055895;5511996299985;CLELIO; 3.919,59 
00354055895;5519987392407;CLELIO; 3.919,59 
00354055895;5519994830895;CLELIO; 3.919,59 
55778119887;5518991511870;CLEMENTE; 1.168,11 
26618084857;5519997190089;CLEMENTINA; 4.576,43 
63272393900;5517997731493;CLEMILDA; 4.089,11 
30541116878;5513974172389;CLEONALDO; 1.325,47 
30541116878;5513997481338;CLEONALDO; 1.325,47 
14646482800;5511970788058;CLEONICE; 5.282,41 
14646482800;5511993758570;CLEONICE; 5.282,41 
16292098800;5516997935633;CLEONICE; 1.641,25 
16870383847;5517991497155;CLEONICE; 2.660,79 
16870383847;5517996291112;CLEONICE; 2.660,79 
16546063832;5518996787382;CLEONICE; 1.249,43 
31846009553;5511965651096;CLEONICE; 1.255,30 
04171064830;5511996468459;CLEONICE; 1.973,55 
00924454890;5511971250204;CLEONICE; 2.545,55 
90299515834;5511962114061;CLESIO; 1.915,28 
04321964806;5516993729138;CLESIO; 1.165,56 
17565598801;5519992542386;CLEUCI; 1.852,79 
17565598801;5519998724951;CLEUCI; 1.852,79 
00499453867;5517996232334;CLEUSA; 2.467,83 
07896810808;5519993785981;CLEUSA; 3.648,94 
10201450801;5511995333225;CLEUSA; 2.206,21 
18448881850;5517991864470;CLEUSA; 2.373,65 
79603319872;5511975660243;CLEUSA; 1.272,29 
79603319872;5515996124800;CLEUSA; 1.272,29 
79603319872;5515998087877;CLEUSA; 1.272,29 
14813474896;5516997093383;CLEUSA; 2.829,68 
09213413858;5511995569883;CLEUSA; 5.286,15 
14401006836;5516992119497;CLEUSA; 1.485,17 
14401006836;5516993088921;CLEUSA; 1.485,17 
09818571835;5517981355690;CLEUSA; 4.784,54 
24980308830;5518997700960;CLEUZA; 2.767,82 
33143698837;5513991419151;CLEUZA; 1.837,83 
06277433822;5515997320134;CLEUZA; 5.249,00 
11408245892;5519983403574;CLEUZA; 4.021,64 
11408245892;5519996924986;CLEUZA; 4.021,64 
76947750920;5518997112129;CLEUZA; 2.330,91 
76947750920;5518997413558;CLEUZA; 2.330,91 
03740316810;5511956963061;CLEUZA; 3.711,28 
03740316810;5511960427429;CLEUZA; 3.711,28 
02806430801;5511995555231;CLEUZA; 1.264,25 
02806430801;5519995258912;CLEUZA; 1.264,25 
17057088892;5518997236415;CLEUZA; 2.426,64 
21365851850;5511964324492;CLEUZA; 1.203,61 
31067419888;5518996042087;CLEUZA; 2.305,86 
31067419888;5518996394881;CLEUZA; 2.305,86 
31067419888;5518997743373;CLEUZA; 2.305,86 
11433141825;5517997344762;CLEUZA; 1.703,33 
11433141825;5517997625003;CLEUZA; 1.703,33 
07971185863;5519992893454;CLEUZA; 1.672,36 
07971185863;5519993374237;CLEUZA; 1.672,36 
89139135500;5511971173264;CLEUZELI; 2.802,62 
16465462885;5514997210070;CLODOMEIRE; 10.833,40 
52593681420;5518981739763;CLOTILDES; 1.345,23 
52593681420;5518996240341;CLOTILDES; 1.345,23 
21258578808;5511989261495;CLOVES; 1.505,78 
16359550091;5519971661707;CLOVIS; 1.654,64 
79324452800;5518996624953;CLOVIS; 2.156,16 
79324452800;5518998220338;CLOVIS; 2.156,16 
00910462895;5511996094247;CLOVIS; 1.741,33 
37069853815;5514997947826;CLOVIS; 2.658,32 
16213481800;5516992892868;CLOVIS; 1.559,47 
16213481800;5516997557985;CLOVIS; 1.559,47 
14443981802;5516993299114;CONCEICAO; 1.334,18 
06069919807;5514996810060;CONCEICAO; 1.696,78 
09781535881;5513997017998;CONCEICAO; 1.312,96 
09781535881;5513997669947;CONCEICAO; 1.312,96 
11277683875;5518991162957;CONCEICAO; 5.336,57 
10401491897;5512988092184;CONCEICAO; 1.376,12 
10401491897;5512988133754;CONCEICAO; 1.376,12 
38258170830;5518997333075;COSMO; 2.747,16 
30173426468;5518998034940;COSMO; 2.571,33 
17690893813;5516991936922;CREMILDA; 2.930,34 
17690893813;5516996186713;CREMILDA; 2.930,34 
90538404868;5511947814806;CREUNICE; 1.444,20 
90538404868;5511995883678;CREUNICE; 1.444,20 
05561233874;5518998117131;CREUSA; 2.518,73 
03619610819;5511942129178;CREUSA; 7.447,71 
03619610819;5511964725701;CREUSA; 7.447,71 
18736394815;5519991349470;CREUSA; 1.803,70 
18736394815;5519994456962;CREUSA; 1.803,70 
19814592862;5511981386466;CREUSA; 2.043,87 
15241810803;5517991866437;CREUSA; 1.396,86 
12779856858;5511997322114;CREUSA; 1.485,01 
06162269850;5518996282945;CREUSA; 1.535,86 
06162269850;5518996372289;CREUSA; 1.535,86 
06162269850;5518997753109;CREUSA; 1.535,86 
05887660899;5518991275587;CREUZA; 1.281,05 
05887660899;5518996961151;CREUZA; 1.281,05 
08274108833;5513991048720;CREUZA; 1.511,60 
01552801802;5516996010160;CREUZA; 2.809,01 
01552801802;5516997162417;CREUZA; 2.809,01 
03534612884;5515996782467;CREUZA; 2.918,59 
39397475991;5511973721904;CRISANTO; 3.101,23 
76786870872;5511994864391;CRISOLITO; 2.318,84 
23393882520;5519996394214;CRISPIM; 3.570,15 
26370685828;5513997468676;CRISTIANE; 2.643,99 
26370685828;5513997686070;CRISTIANE; 2.643,99 
26370685828;5513997721513;CRISTIANE; 2.643,99 
14636762800;5511944787999;CRISTIANE; 4.990,29 
12241591874;5516981126222;CRISTIANE; 10.694,30 
12241591874;5516997078171;CRISTIANE; 10.694,30 
12130741851;5513996194938;CRISTIANE; 2.464,00 
12130741851;5513997300019;CRISTIANE; 2.464,00 
12130741851;5513997679045;CRISTIANE; 2.464,00 
41634656857;5518981145676;CRISTIANE; 3.152,46 
41634656857;5518981284506;CRISTIANE; 3.152,46 
89067878804;5515996354738;CRISTIANO; 3.086,74 
89067878804;5515997094072;CRISTIANO; 3.086,74 
29422225817;5513988352750;CRISTIANO; 3.755,36 
75102706853;5515981326898;CRISTIANO; 2.052,07 
75102706853;5515997314284;CRISTIANO; 2.052,07 
00741041871;5511954520164;CRISTINA; 5.162,02 
00741041871;5511988107192;CRISTINA; 5.162,02 
08662612814;5519998886181;CRISTINA; 1.820,63 
46440534815;5511999547940;CRISTINA; 3.346,88 
51535670363;5511957027688;CRISTOVAM; 1.409,85 
06460944830;5519996768413;DAGMAR; 1.755,18 
91333164815;5511996555993;DAGNA; 4.344,01 
08061899833;5513996856508;DAGOBERTO; 3.370,16 
08061899833;5513997841077;DAGOBERTO; 3.370,16 
29965998884;5513974242257;DAIANE; 5.471,08 
30526836830;5511994943890;DAILZA; 1.632,29 
29365759668;5515996838876;DALTON; 1.641,13 
03961638829;5512981400776;DALVA; 2.696,34 
03961638829;5512996551428;DALVA; 2.696,34 
64112438320;5511980478548;DALVA; 2.637,31 
85598615800;5511997745043;DALVA; 4.170,67 
06651731807;5511930199299;DALVA; 1.459,25 
06651731807;5511961195670;DALVA; 1.459,25 
13719286819;5514981487474;DALVINA; 1.711,61 
13719286819;5514997367910;DALVINA; 1.711,61 
17872194880;5516991410499;DALVINA; 2.204,91 
40148459820;5515997727513;DALVINO; 9.594,03 
03888149851;5511973113347;DAMARES; 3.626,61 
07000603836;5513974238843;DAMARIS; 1.198,87 
07000603836;5513991041846;DAMARIS; 1.198,87 
95850457453;5511949801975;DAMIANA; 1.601,73 
30448001888;5512996724210;DANIEL; 7.494,44 
30448001888;5512997760014;DANIEL; 7.494,44 
04612723856;5511997666891;DANIEL; 2.111,14 
32456999991;5519981911767;DANIEL; 4.302,98 
32456999991;5519996555648;DANIEL; 4.302,98 
72176571800;5519991050363;DANIEL; 2.083,16 
27896933829;5511947373036;DANIEL; 15.316,50 
27896933829;5511985905215;DANIEL; 15.316,50 
27896933829;5511994532420;DANIEL; 15.316,50 
33898020886;5516991701188;DANIEL; 3.060,10 
33898020886;5516992129075;DANIEL; 3.060,10 
10394364805;5516991731440;DANIEL; 1.869,82 
28235591839;5511973816776;DANIELA; 2.118,84 
28235591839;5511996648709;DANIELA; 2.118,84 
36188029864;5511992502363;DANIELE; 2.998,82 
33782263820;5518996849227;DANILO; 3.108,14 
03148613864;5515996341240;DARCI; 2.220,08 
11082637807;5514996777186;DARCI; 2.528,61 
11082637807;5514998118223;DARCI; 2.528,61 
11082637807;5514998483721;DARCI; 2.528,61 
14177599840;5515996984902;DARCI; 1.647,76 
14177599840;5515997312904;DARCI; 1.647,76 
74486632915;5518997108622;DARCI; 2.865,10 
83308555891;5516981219181;DARCY; 1.485,25 
83308555891;5516993927458;DARCY; 1.485,25 
83308555891;5516993936954;DARCY; 1.485,25 
12503958877;5518996445554;DARIA; 2.489,38 
08153632817;5516981433813;DARIO; 1.312,82 
83298070882;5516992317680;DARIO; 1.830,95 
83298070882;5516997210253;DARIO; 1.830,95 
98593340806;5515991525378;DARLI; 3.470,62 
42901448615;5517991822054;DASILIA; 1.437,39 
42901448615;5517991856793;DASILIA; 1.437,39 
45383936815;5511994781991;DAURI; 2.551,16 
45383936815;5512997201400;DAURI; 2.551,16 
30443636834;5511997896170;DAVI; 3.639,34 
01781797870;5518997129503;DAVI; 3.390,94 
03425729896;5511954061242;DAVID; 1.543,09 
01267351829;5511953015849;DAVID; 7.222,81 
05682785851;5515996047133;DAVID; 2.356,50 
07388125876;5511998379433;DAVID; 2.521,43 
11066758867;5518996776070;DAVINA; 1.243,93 
11066758867;5518996776077;DAVINA; 1.243,93 
30128281847;5515991577834;DEBORA; 2.140,76 
30128281847;5515998530031;DEBORA; 2.140,76 
04450740866;5516993979390;DEBORA; 2.936,73 
88974839849;5515997191335;DECIO; 3.295,76 
02681057825;5515997795909;DECIO; 12.672,00 
02681057825;5515998223207;DECIO; 12.672,00 
32318596620;5516991360090;DECIO; 3.773,94 
02102513874;5515997605373;DECIO; 1.186,41 
56681887872;5518997707127;DECIO; 9.250,93 
32016140844;5514981373397;DECIO; 1.615,05 
52914461100;5518996169001;DEISE; 1.337,86 
52914461100;5518997380114;DEISE; 1.337,86 
01401443826;5511962165167;DEJANIRA; 2.685,42 
17902150568;5511951262224;DEJANIRA; 1.689,29 
83907769872;5512997009335;DELAMAR; 1.836,33 
74626035868;5517999759334;DELFIM; 6.418,59 
74626035868;5517999790472;DELFIM; 6.418,59 
17548558813;5516991544879;DELICIA; 3.084,63 
17548558813;5516992085223;DELICIA; 3.084,63 
36191892853;5513991083537;DELIO; 2.273,71 
26219809882;5511950381198;DELMAN; 2.116,21 
26219809882;5511957206823;DELMAN; 2.116,21 
12442069890;5511963938712;DELVAIR; 2.823,15 
12442069890;5511975471281;DELVAIR; 2.823,15 
12884191801;5511932198971;DELVANIR; 1.245,79 
12884191801;5519987178434;DELVANIR; 1.245,79 
47275030187;5511943777877;DELZIDIA; 4.596,71 
14184616798;5512988875644;DEMILSON; 1.172,78 
63764920530;5516981822068;DENAILDE; 1.572,28 
63764920530;5516993886294;DENAILDE; 1.572,28 
74163361553;5511954836321;DENICE; 1.651,17 
74163361553;5511974722860;DENICE; 1.651,17 
27133213877;5511967026920;DENIS; 3.475,95 
27133213877;5511971932735;DENIS; 3.475,95 
27133213877;5511972595882;DENIS; 3.475,95 
82270155815;5519981868561;DENISE; 2.311,83 
32230516191;5518991492727;DENISE; 1.398,78 
16244694856;5512982329306;DENISE; 7.385,32 
20098222856;5511948900219;DENISE; 2.054,89 
33075199800;5511955596769;DENISE; 1.483,25 
02234533821;5511983470228;DENIZE; 1.369,04 
02234533821;5519988440704;DENIZE; 1.369,04 
11512252824;5511945188208;DEOCRECIO; 2.467,08 
14940212858;5514997263497;DEOLINDA; 1.457,74 
30630975191;5517997159294;DEOLINDA; 1.816,78 
29926438822;5511973309259;DEOLINDA; 1.460,70 
06505115811;5516992079697;DEQUINHA; 1.772,06 
42581150106;5511998077024;DEUSAMAR; 2.427,16 
86949012853;5519971368541;DEUSDEDITE; 2.417,38 
27008932553;5517991546276;DEUSDEDITH; 1.461,17 
43866468849;5517997773214;DEVAIRO; 1.801,33 
78065330878;5518997025981;DEVANICE; 1.538,41 
12025302819;5514996365972;DEVANIR; 1.998,50 
10930034805;5517996417974;DILCEIA; 2.052,24 
10930034805;5517996815755;DILCEIA; 2.052,24 
70955425549;5511957582339;DILMA; 1.491,49 
07558980879;5511987824388;DILNIRA; 1.330,30 
27643419892;5511973403199;DINA; 1.563,27 
04902350858;5515997644099;DINA; 1.699,71 
16868773072;5511979693563;DINA; 3.842,29 
16868773072;5511988875649;DINA; 3.842,29 
08830373869;5511964333210;DINALVA; 2.954,76 
02661106901;5511981922336;DINORA; 1.571,06 
02661106901;5511981930696;DINORA; 1.571,06 
36372383810;5511975576658;DIODEMIA; 7.851,87 
39655161838;5513991541217;DIOGO; 1.537,30 
00192674870;5514997567857;DIOMAR; 1.677,51 
11079677836;5518997128044;DIOMAR; 1.644,96 
87084945849;5519981860894;DIONE; 2.064,43 
87084945849;5519989833519;DIONE; 2.064,43 
70443564868;5518991493836;DIONISIO; 3.009,33 
43659772887;5518988088584;DIRAM; 9.574,78 
43659772887;5518991995355;DIRAM; 9.574,78 
43659772887;5518996372268;DIRAM; 9.574,78 
00522834884;5517991003342;DIRCE; 1.745,41 
27094177828;5518997761743;DIRCE; 2.897,16 
96921757820;5518997650378;DIRCE; 3.089,69 
01190155877;5511985778944;DIRCE; 1.770,82 
39365949882;5516997087136;DIRCE; 2.139,42 
39365949882;5516997897712;DIRCE; 2.139,42 
04146297877;5515997945554;DIRCE; 4.093,65 
34938074818;5515996103342;DIRCE; 1.330,22 
34938074818;5515996124598;DIRCE; 1.330,22 
25159110801;5518997414508;DIRCE; 2.138,87 
25159110801;5518997944472;DIRCE; 2.138,87 
05438084831;5511972958497;DIRCE; 1.695,83 
14371386830;5511969589496;DIRCE; 2.371,86 
14371386830;5513996956465;DIRCE; 2.371,86 
08146089810;5516981172642;DIRCE; 2.531,34 
13850862895;5516991117911;DIRCE; 1.687,39 
13850862895;5516991137911;DIRCE; 1.687,39 
13850862895;5516991775316;DIRCE; 1.687,39 
88920917868;5517991084007;DIRCEU; 7.357,74 
88920917868;5517992270496;DIRCEU; 7.357,74 
71164570897;5514996618871;DIRCEU; 1.281,72 
81422326853;5511956363354;DIRSON; 4.223,57 
00553810812;5515997710609;DIVA; 2.975,81 
31489939857;5515997466005;DIVA; 1.689,18 
31489939857;5517997377662;DIVA; 1.689,18 
53037260882;5511969050111;DIVAL; 3.280,01 
43402054949;5514991260859;DIVALDO; 1.777,21 
43402054949;5514996293051;DIVALDO; 1.777,21 
43402054949;5514998959356;DIVALDO; 1.777,21 
34905978858;5519996035032;DIVINA; 2.261,96 
73545139891;5518981048400;DJALMA; 3.672,99 
06860846836;5511983548583;DJALMA; 3.222,75 
06860846836;5511995574404;DJALMA; 3.222,75 
85538310434;5513981265981;DJALMA; 5.146,75 
03151836836;5518996707278;DOADIR; 1.253,06 
32563047889;5519999243289;DOIL; 1.358,90 
03762527903;5519996415980;DOLORES; 2.808,41 
09742139857;5518998114100;DOLORES; 1.278,51 
15871977820;5518997271284;DOMINGAS; 2.445,17 
43583970853;5516981411311;DOMINGOS; 1.775,48 
62028383887;5511940226095;DOMINGOS; 1.331,63 
62028383887;5511973175282;DOMINGOS; 1.331,63 
62028383887;5513996359334;DOMINGOS; 1.331,63 
02910260879;5517997385671;DOMINGOS; 2.531,89 
08024340534;5511989169691;DOMINGOS; 2.976,77 
79587984820;5515997596282;DOMINGOS; 4.336,43 
21732346844;5519991914010;DONATA; 2.303,32 
21732346844;5519994152240;DONATA; 2.303,32 
73372846834;5511971139435;DONATO; 4.161,86 
73372846834;5513988756940;DONATO; 4.161,86 
06306346880;5519993151668;DONIZETE; 1.588,37 
06306346880;5519998509348;DONIZETE; 1.588,37 
04222719854;5514997913066;DONIZETE; 2.191,29 
51158043953;5518981482663;DONIZETE; 2.970,12 
05189710823;5516991228466;DONIZETI; 1.403,50 
05189710823;5516992618246;DONIZETI; 1.403,50 
00953501876;5511960374084;DONIZETI; 2.850,28 
73605808891;5517997150073;DONIZETT; 2.907,51 
03074955821;5518996759898;DORACI; 1.797,55 
03074955821;5518997019833;DORACI; 1.797,55 
13042853837;5514991868832;DORACI; 1.419,36 
03524252885;5518997182861;DORACI; 3.616,19 
10943748810;5517996584129;DORALICE; 2.174,12 
30804046883;5513988711073;DORALICE; 2.802,91 
30804046883;5513996728507;DORALICE; 2.802,91 
21806740826;5517981251540;DORALICE; 2.415,36 
14412566870;5514996582524;DORALICE; 2.396,07 
03075808814;5514981068882;DORALICE; 1.528,42 
48924008072;5512996028776;DORALICE; 3.077,59 
33231882842;5516992847959;DORCELINA; 3.897,33 
99207826887;5515981771039;DORIS; 2.195,09 
99207826887;5515996963604;DORIS; 2.195,09 
60517697815;5511979562296;DORIVAL; 3.529,19 
01884058876;5519991098985;DORIVAL; 6.711,65 
25822529801;5513997640232;DORIVAL; 1.913,85 
92482643872;5519982819339;DORIVAL; 1.493,58 
92482643872;5519992135335;DORIVAL; 1.493,58 
92482643872;5519997279249;DORIVAL; 1.493,58 
13505174882;5511972179599;DOROTEIA; 3.672,70 
72102152634;5511995229700;DORVIRO; 1.346,17 
72102152634;5511997439474;DORVIRO; 1.346,17 
09312867865;5519982281252;DOUGLAS; 1.629,00 
26325668863;5511996407623;DUCINALVA; 2.580,77 
00302145800;5511941779878;DUILIO; 1.510,73 
03839535883;5516994668629;DULCE; 1.873,05 
16681698867;5511957247980;DULCE; 1.227,12 
16681698867;5511995584810;DULCE; 1.227,12 
15912082890;5517988024219;DULCEMEIRE; 1.674,99 
15912082890;5517988296261;DULCEMEIRE; 1.674,99 
15912082890;5517991096840;DULCEMEIRE; 1.674,99 
57613729834;5511988445491;DULCINEA; 2.858,37 
57613729834;5511988451050;DULCINEA; 2.858,37 
12349559890;5519992597673;DURCILIA; 3.098,19 
00239388895;5518997314448;DURVAL; 2.788,14 
50978276868;5518997349917;DURVAL; 2.712,10 
30529565820;5514998544888;DURVAL; 3.055,85 
18824331815;5516997711200;EDEMAR; 2.792,85 
18824331815;5517997094481;EDEMAR; 2.792,85 
18824331815;5517997741200;EDEMAR; 2.792,85 
09992009845;5511986920912;EDENILSA; 1.753,69 
25404474904;5515998288733;EDEOMAR; 1.335,01 
15734201820;5519992434216;EDERLEIA; 3.652,95 
08330803856;5518981188061;EDEVAL; 5.049,41 
01177052849;5517997111108;EDEVALDE; 3.297,15 
78064848849;5511979942980;EDEVALDO; 15.381,90 
78064848849;5511986674113;EDEVALDO; 15.381,90 
78064848849;5518998212000;EDEVALDO; 15.381,90 
18777198972;5519992345282;EDGAR; 1.184,43 
01238503802;5511985833674;EDGARD; 1.560,93 
28801426879;5516991192920;EDILAINE; 1.495,72 
28801426879;5516992327159;EDILAINE; 1.495,72 
09583493805;5518996044887;EDILAINE; 1.469,97 
09583493805;5518996282145;EDILAINE; 1.469,97 
09583493805;5518996666761;EDILAINE; 1.469,97 
14602876811;5519982058771;EDILEIS; 1.488,29 
12325226867;5511960443427;EDILENA; 2.818,98 
12325226867;5511998144771;EDILENA; 2.818,98 
31437701809;5511962362920;EDILENE; 1.963,90 
29444558851;5515991185540;EDILENE; 8.231,71 
29444558851;5515998534906;EDILENE; 8.231,71 
03165232830;5511950569882;EDILSON; 7.969,62 
03165232830;5511960750008;EDILSON; 7.969,62 
11891335553;5513988212936;EDILSON; 1.839,92 
26382974889;5511945500344;EDIMAR; 1.990,59 
06569788809;5515981284218;EDIMILSON; 3.002,51 
06569788809;5515981353867;EDIMILSON; 3.002,51 
05219446860;5519992114311;EDIMILSON; 4.085,73 
05219446860;5519997179698;EDIMILSON; 4.085,73 
04790749843;5511972929194;EDINA; 1.566,30 
01764208862;5518996125987;EDINA; 2.087,97 
27428787858;5512981619350;EDINALDO; 1.970,23 
27428787858;5512991225884;EDINALDO; 1.970,23 
27428787858;5512991232984;EDINALDO; 1.970,23 
25431065882;5511980653257;EDINALVA; 2.912,12 
25431065882;5511993230514;EDINALVA; 2.912,12 
13197966805;5519992249139;EDINARTE; 1.322,19 
93669275800;5511988848395;EDINILVA; 2.201,76 
52623289549;5511958925945;EDIO; 2.204,58 
52623289549;5511977527698;EDIO; 2.204,58 
03687085864;5518997775281;EDIRCEU; 1.575,09 
14736460814;5511974210069;EDITE; 2.398,04 
70867356472;5511973152569;EDITE; 6.795,32 
31691668591;5514996970623;EDIVALDO; 1.281,09 
17572029191;5518981083777;EDIVALDO; 2.459,31 
09539208874;5518997171149;EDIVALDO; 2.187,11 
09539208874;5518997236738;EDIVALDO; 2.187,11 
53045386687;5519987635223;EDIVANI; 1.712,93 
53045386687;5519988923190;EDIVANI; 1.712,93 
53045386687;5519988934124;EDIVANI; 1.712,93 
11214280889;5517997191026;EDIVIRGEM; 2.651,61 
11886339880;5515997527120;EDMEIA; 1.578,14 
06742128860;5518996593896;EDMEIA; 1.333,23 
06742128860;5518997898592;EDMEIA; 1.333,23 
60344865487;5513988731019;EDMILSON; 1.395,09 
28673635861;5518997762442;EDNA; 1.352,30 
28673635861;5518998225942;EDNA; 1.352,30 
48666106972;5518997074160;EDNA; 2.625,57 
17167869830;5519996368170;EDNA; 1.249,12 
17167869830;5519996368277;EDNA; 1.249,12 
25717856806;5512996216234;EDNA; 3.177,08 
06259653883;5516997084615;EDNA; 1.403,78 
06259653883;5516997323889;EDNA; 1.403,78 
03320168894;5511982160182;EDNA; 5.887,07 
03320168894;5511987173746;EDNA; 5.887,07 
02845215827;5516981005775;EDNA; 1.504,11 
02845215827;5516996257114;EDNA; 1.504,11 
10381131807;5511969439749;EDNA; 6.867,40 
10381131807;5511985653484;EDNA; 6.867,40 
00217608884;5519986030929;EDNA; 1.558,04 
00018364802;5511984704222;EDNA; 2.537,42 
01773509896;5518997575148;EDNA; 1.729,86 
26206471268;5511972117556;EDNALDO; 4.705,54 
00997814845;5511998200134;EDNALDO; 5.318,45 
15575705587;5511982227613;EDNALVA; 1.192,26 
00984717838;5517996722268;EDNEI; 4.223,78 
30373941889;5517981840803;EDNEI; 1.604,20 
30373941889;5517999759914;EDNEI; 1.604,20 
35058778831;5511976120148;EDNEIA; 2.269,48 
17399198829;5514991982522;EDNEIA; 2.013,12 
16173937549;5514998688391;EDNEUZA; 2.167,35 
17199942850;5512992217992;EDSOM; 1.475,68 
17199942850;5519991810002;EDSOM; 1.475,68 
06759532864;5519992482731;EDSON; 1.823,49 
93332696815;5516988058381;EDSON; 1.353,77 
25048294858;5511997310013;EDSON; 1.899,59 
79315429168;5511986462817;EDSON; 1.685,08 
79315429168;5512997529498;EDSON; 1.685,08 
27338118868;5511984953680;EDSON; 2.281,95 
27338118868;5511986422203;EDSON; 2.281,95 
27338118868;5511989020498;EDSON; 2.281,95 
01654865893;5519993737486;EDSON; 2.702,26 
01654865893;5519997468953;EDSON; 2.702,26 
93676565800;5511981213153;EDSON; 1.403,43 
93676565800;5511997845153;EDSON; 1.403,43 
25905409811;5514996057790;EDSON; 1.320,99 
25905409811;5514996762559;EDSON; 1.320,99 
10003368831;5517991082597;EDSON; 1.199,33 
10003368831;5517996651019;EDSON; 1.199,33 
96932732815;5517991144563;EDSON; 2.381,94 
96932732815;5517991982900;EDSON; 2.381,94 
39988520859;5511963245031;EDSON; 12.888,20 
14819343840;5511949837146;EDSON; 1.928,02 
14819343840;5511984490242;EDSON; 1.928,02 
24977632834;5519998060115;EDSON; 1.703,57 
24977632834;5519999326767;EDSON; 1.703,57 
01226876803;5511947128990;EDSON; 4.403,52 
07865302860;5518996446176;EDSON; 5.131,56 
07865302860;5518998222061;EDSON; 5.131,56 
78994411453;5519981745453;EDUARDO; 1.499,88 
10066756987;5515981446500;EDUARDO; 1.640,01 
59003227853;5517991039277;EDUARDO; 2.956,58 
05548780891;5511971861541;EDUARDO; 6.379,95 
14458885804;5512991214425;EDUARDO; 2.322,66 
83339353891;5516997353120;EDUARDO; 9.146,01 
83339353891;5516997766333;EDUARDO; 9.146,01 
83339353891;5516997768955;EDUARDO; 9.146,01 
57424640887;5511961456040;EDUARDO; 1.926,12 
01317976894;5511997324171;EDUARDO; 1.390,77 
41222679434;5519983214010;EDVALDO; 1.310,48 
53156498572;5513997172518;EDVALDO; 4.832,50 
04951559854;5519981601814;EDVALDO; 7.389,36 
06646679886;5517992099971;EDVALDO; 2.813,81 
90202449572;5511946105587;EDVALDO; 2.969,17 
05150751839;5511950200882;EDVALDO; 3.734,63 
72566507872;5518996980236;EDVALDO; 2.708,95 
87897601820;5511996431130;EDVALDO; 1.558,22 
04530530841;5519982589974;EDVALDO; 1.476,85 
89153952553;5511969170784;EGMAR; 1.437,80 
89153952553;5511979706171;EGMAR; 1.437,80 
89153952553;5511985188859;EGMAR; 1.437,80 
27415971892;5516997482599;ELAINE; 1.714,10 
09598482820;5519974055689;ELAINE; 1.900,49 
35508151826;5511975926262;ELAINE; 1.539,49 
18267102809;5511940167383;ELAINE; 11.258,30 
08468299839;5514991444929;ELCE; 1.391,74 
07287299895;5514991065446;ELCIO; 1.483,42 
07287299895;5514991295268;ELCIO; 1.483,42 
07287299895;5514997295225;ELCIO; 1.483,42 
31107002800;5517991060847;ELEN; 2.329,76 
31107002800;5517991064564;ELEN; 2.329,76 
15801606890;5511943875008;ELENI; 2.148,61 
86566695915;5511946803101;ELENICE; 1.175,80 
20048961833;5517988034395;ELENICE; 2.244,06 
15815834866;5514981285706;ELENICE; 4.740,33 
15815834866;5514991987990;ELENICE; 4.740,33 
15121063806;5517997357338;ELENICE; 1.424,56 
15121063806;5518981385388;ELENICE; 1.424,56 
01045892807;5511977199757;ELENICE; 3.337,46 
01045892807;5511989383295;ELENICE; 3.337,46 
62537407172;5511976215135;ELENILDE; 2.264,15 
32553183860;5511971245647;ELENILDE; 4.404,27 
15527951875;5511973245891;ELENIR; 2.930,63 
15527951875;5519999830074;ELENIR; 2.930,63 
43371531520;5514997989149;ELENITA; 1.879,55 
15422844220;5516997479260;ELEONAI; 1.633,51 
04225737870;5512991377214;ELI; 12.157,30 
02688293818;5515997494288;ELI; 1.362,40 
