9294883046;20001
2199262645;20002
6192510961;20003
16997508822;20004
6984469895;20005
13997051686;20006
92937407270;20007
6182370899;20008
7991386644;20009
7581939481;20010
5196763595;20011
5599666417;20012
6984124179;20013
8399624269;20014
2175115537;20015
19992104156;20016
4896393182;20017
3391630510;20018
85854188681;20019
4499252475;20020
9187286939;20021
4491733861;20022
7988753545;20023
7388717433;20024
6781431265;20025
3192383514;20026
2187610222;20027
6292001874;20028
11964883205;20029
6481043909;20030
4599337034;20031
11963524666;20032
7999883064;20033
3186061062;20034
19983012736;20035
2299930098;20036
6791912207;20037
8498980038;20038
9391656519;20039
9882774105;20040
3199846020;20041
21976799560;20042
19982166948;20043
3798214269;20044
11970497264;20045
8587261866;20046
11953917996;20047
6292100213;20048
3195418265;20049
6293776835;20050
6796222561;20051
11962573802;20052
2183389660;20053
4498976666;20054
21991806754;20055
18996064545;20056
6186193279;20057
22992217993;20058
6193087520;20059
11987457352;20060
18997947665;20061
3498049734;20062
24998226660;20063
3188876572;20064
11971649453;20065
8191767977;20066
5185230837;20067
18997023991;20068
11965653830;20069
8288614272;20070
3198054208;20071
6296841849;20072
4399857446;20073
11961516284;20074
8587191893;20075
8791044758;20076
9281540593;20077
6596264723;20078
4488563228;20079
2192714881;20080
1197978394;20081
6592392791;20082
8496388431;20083
11957922512;20084
2798131906;20085
17997211670;20086
8388862118;20087
4784299223;20088
11997170532;20089
11994923410;20090
2169695469;20091
11969554104;20092
6792189674;20093
3189642105;20094
11948099993;20095
2181026165;20096
3592183226;20097
11989119701;20098
4599519634;20099
3191989104;20100
27996219973;20101
2798105279;20102
9282416041;20103
6284742238;20104
4598207250;20105
11981560250;20106
8199860314;20107
19996811339;20108
93886760011;20109
9882571422;20110
11981057910;20111
9293726578;20112
11948181194;20113
7181024635;20114
19999645656;20115
1997517606;20116
2297039953;20117
6799069584;20118
18996343100;20119
14996345434;20120
12981783237;20121
8181788991;20122
5481311853;20123
14988332836;20124
6199266144;20125
8288348574;20126
7599363339;20127
5484173297;20128
7499301864;20129
6696995168;20130
9891298557;20131
11969007722;20132
8197047823;20133
11999648784;20134
3898483562;20135
13988668164;20136
2892584570;20137
27995132596;20138
19998317087;20139
3496481410;20140
11972212436;20141
4788732442;20142
6291544693;20143
4896481638;20144
1997885549;20145
6581006902;20146
13997289868;20147
2177494643;20148
11998128000;20149
2196724099;20150
2799414553;20151
11953407242;20152
6992817056;20153
27973893381;20154
3184466443;20155
24999469001;20156
5,52E+11;20157
11964130032;20158
3173025300;20159
13997187969;20160
7581168088;20161
6696747791;20162
2183483214;20163
1987219301;20164
8487747211;20165
1122425764;20166
3184736395;20167
11974015143;20168
6999552014;20169
4399306508;20170
2172575970;20171
77915591440;20172
8187945006;20173
15996590806;20174
4599599029;20175
3185649542;20176
4799352686;20177
11964911069;20178
6599086283;20179
11985453691;20180
11964862906;20181
11854749491;20182
11994985621;20183
19991916428;20184
4384782237;20185
8291342988;20186
3182903532;20187
3198920591;20188
1396086405;20189
11970696392;20190
2199824922;20191
3188957260;20192
6684058405;20193
1278126736;20194
8386422888;20195
6699650231;20196
11958327631;20197
6232920206;20198
18996289597;20199
13981066701;20200
7599515212;20201
8299406963;20202
11963420001;20203
18 81185941;20204
5,56E+11;20205
3175786649;20206
2174859342;20207
4399025050;20208
2196300528;20209
9888088281;20210
11423736370;20211
13991025064;20212
6184729219;20213
2172424643;20214
5491794138;20215
5484014142;20216
11986207183;20217
8291156232;20218
2185172187;20219
9294378709;20220
12991618388;20221
4788380145;20222
11948283678;20223
6791010187;20224
4432630275;20225
2193485904;20226
3187843497;20227
5185357562;20228
4209554511;20229
3197112791;20230
41889136070;20231
11972213422;20232
6696475688;20233
7391422231;20234
2179710291;20235
11996253812;20236
11962278863;20237
3187815534;20238
2796439115;20239
21985745974;20240
9291705952;20241
8293575958;20242
3194236842;20243
11962161186;20244
3191568036;20245
8587075057;20246
5,60E+11;20247
11987204625;20248
4197498575;20249
11998689986;20250
16599855980;20251
7499728722;20252
4198308989;20253
9991744848;20254
2191557291;20255
8496711942;20256
2197910897;20257
9181321892;20258
8599723838;20259
55 81357504;20260
21 81110922;20261
11999863880;20262
3186244839;20263
11984020383;20264
3193109793;20265
11997463154;20266
11956384680;20267
3187532328;20268
11993249547;20269
21823274171;20270
3188558542;20271
8198209480;20272
11951485322;20273
2199117270;20274
4896629185;20275
11992704800;20276
8188271948;20277
21998144877;20278
8198741703;20279
5194495388;20280
6599825251;20281
2187981738;20282
4899222998;20283
1288047127;20284
6181580992;20285
2184336129;20286
3192161259;20287
12982112328;20288
1181463088;20289
11996038640;20290
11982682428;20291
6384066273;20292
6796872198;20293
6599457188;20294
11958002356;20295
11981748312;20296
6581602594;20297
8488049298;20298
3192686222;20299
9199493842;20300
8834581524;20301
8196861000;20302
11966661871;20303
2180081809;20304
1792137681;20305
11984632246;20306
21981267476;20307
7599292498;20308
5185062999;20309
11994279485;20310
8897428920;20311
11976325213;20312
2183540452;20313
3291348301;20314
8188670065;20315
2187769229;20316
8796285248;20317
11969236599;20318
3291423727;20319
98988398298;20320
2492035910;20321
11983895267;20322
8597164800;20323
11976749186;20324
8188169208;20325
11995541026;20326
11961477676;20327
11972210358;20328
27981168395;20329
11982103030;20330
8197944413;20331
11960352647;20332
11980293595;20333
4198533782;20334
8196277183;20335
9691120274;20336
37882250681;20337
11968131714;20338
1798517010;20339
4399734019;20340
3492437608;20341
4884056541;20342
8388938304;20343
7598066936;20344
6281899028;20345
4488567721;20346
6296884436;20347
2198152065;20348
9981021003;20349
11 86963169;20350
18981322667;20351
6184286038;20352
16991499748;20353
9182546335;20354
11953836980;20355
1180401404;20356
6299051746;20357
6696430068;20358
11968908080;20359
2288325526;20360
13996586936;20361
4999028778;20362
3192470445;20363
3175563892;20364
5199000456;20365
7499503143;20366
6696711161;20367
3195072672;20368
4591550207;20369
19992307387;20370
7186727824;20371
5199999196;20372
11986111642;20373
1995545985;20374
21972657913;20375
2198280130;20376
7188766657;20377
2174606487;20378
8498046677;20379
8699764173;20380
3194398463;20381
3592152374;20382
4784752662;20383
6999680204;20384
8799990020;20385
6584041955;20386
4999847645;20387
4788237826;20388
8188530890;20389
3892466820;20390
19993974293;20391
5193221487;20392
4998125260;20393
8291390868;20394
11987142372;20395
8184483590;20396
19993159215;20397
11941356733;20398
3498107543;20399
2186130033;20400
11958562137;20401
12996274361;20402
7998332812;20403
8788344155;20404
21992112784;20405
4197206855;20406
9191647000;20407
6892260559;20408
4598256268;20409
7399834718;20410
5,52E+12;20411
7391085005;20412
6181721112;20413
4498237040;20414
3182584132;20415
11968901261;20416
19981674063;20417
19982215577;20418
8199876918;20419
6192877750;20420
8499874971;20421
3184171199;20422
11999486275;20423
6984547661;20424
21974754698;20425
11957497343;20426
5185193750;20427
2799916869;20428
11970487076;20429
11994805757;20430
11949882055;20431
7186261212;20432
9292040767;20433
11952933876;20434
15997246511;20435
3182061045;20436
8193016622;20437
8388465420;20438
5192857303;20439
11961313007;20440
7191547818;20441
19992494615;20442
4896159611;20443
4591388490;20444
5197309216;20445
6798173973;20446
3191039677;20447
11981636962;20448
2799100184;20449
6181450498;20450
11987583997;20451
13996610202;20452
11972260734;20453
6384088373;20454
7186721848;20455
2196713940;20456
11983500468;20457
4298322819;20458
2197337522;20459
8394444905;20460
8688511252;20461
2179852304;20462
8681172607;20463
19995030955;20464
11963679467;20465
12982029463;20466
9881272540;20467
5,56E+11;20468
6499222601;20469
4784464044;20470
4888218382;20471
6892282131;20472
8187410603;20473
14997762947;20474
11963787907;20475
2192440789;20476
11958545529;20477
19993035474;20478
1497427816;20479
7998574431;20480
9292199137;20481
6182904035;20482
3191845567;20483
12988015340;20484
3197481839;20485
3491661452;20486
7188120442;20487
2191723883;20488
3492650898;20489
2298771540;20490
3194746275;20491
7187918119;20492
11954492567;20493
2183505730;20494
9981539605;20495
6186391969;20496
11961563094;20497
11986488056;20498
3192697813;20499
11954644743;20500
9181167583;20501
11972460951;20502
5,51E+12;20503
18982063002;20504
3183157372;20505
8581788308;20506
22998389111;20507
9292995462;20508
6796021226;20509
11983940349;20510
3184807305;20511
5192448144;20512
7788128164;20513
1163647562;20514
11959563448;20515
3187311985;20516
4893764320;20517
3189577110;20518
4788126173;20519
3284667349;20520
4791118944;20521
4288395605;20522
11962136711;20523
2175834493;20524
8799082524;20525
13981863261;20526
2797281780;20527
3199029901;20528
6796181933;20529
6284407394;20530
4384065076;20531
11999308691;20532
17981797814;20533
2188608722;20534
7187191776;20535
8185781583;20536
27997137481;20537
3199388055;20538
13997078444;20539
2899227177;20540
3791198915;20541
11950505320;20542
2179134566;20543
6199947006;20544
3188757111;20545
11983087978;20546
11989763223;20547
21996644695;20548
2199870840;20549
11989535071;20550
3191434992;20551
17997761984;20552
11948591686;20553
6184826978;20554
2198370859;20555
8299511017;20556
5399956767;20557
2792451065;20558
7181310728;20559
2799068661;20560
5196540422;20561
16993109783;20562
3192989393;20563
7998686626;20564
6484485425;20565
11960226146;20566
8488596927;20567
17997797670;20568
3498109630;20569
2187234437;20570
6282335150;20571
9188044596;20572
4196809998;20573
11980927074;20574
9291459501;20575
3191164210;20576
11996534146;20577
2173503403;20578
19994689444;20579
11979598704;20580
6892475499;20581
5198400048;20582
8388117129;20583
9281356838;20584
4884842104;20585
11964837860;20586
2182086270;20587
9181484182;20588
5193434481;20589
3488059736;20590
5,58E+11;20591
2192419471;20592
11941119463;20593
8498128114;20594
11985267416;20595
5496189995;20596
8699210148;20597
13981416693;20598
7788157270;20599
9291208330;20600
4391877882;20601
11974692883;20602
7181668568;20603
2795247639;20604
11960616153;20605
12988136085;20606
11951574242;20607
14998579413;20608
6284960026;20609
11985571277;20610
2181302829;20611
7332682508;20612
4199936488;20613
4198239967;20614
3891457675;20615
4491019516;20616
3491638392;20617
8188615895;20618
3791912159;20619
2195419353;20620
8299331835;20621
6791551195;20622
2193485846;20623
7999929744;20624
6282655603;20625
12981720403;20626
2187670236;20627
4899292671;20628
6185168288;20629
6798225533;20630
11959937450;20631
2176125810;20632
1992485471;20633
4888014702;20634
2181493235;20635
8388521173;20636
8185538374;20637
11969965205;20638
4196505103;20639
11959770133;20640
7196287205;20641
12981561008;20642
11982182048;20643
11976768448;20644
7391766601;20645
6292928569;20646
8192552934;20647
3184827930;20648
6181637780;20649
11941961995;20650
6285496303;20651
8488167226;20652
4991052830;20653
6293010258;20654
8199803572;20655
3188441560;20656
3184936608;20657
8194356831;20658
11974786666;20659
11969244752;20660
6799773956;20661
19981256392;20662
12997147962;20663
13981174710;20664
11965076219;20665
2182005120;20666
11952062917;20667
11994882226;20668
8288721056;20669
4799632433;20670
3584246450;20671
7182587300;20672
11962843013;20673
11966488772;20674
11953868431;20675
11999786341;20676
6799970996;20677
7197281066;20678
11951597678;20679
17996325256;20680
5198573642;20681
3194775129;20682
5591066870;20683
3888225546;20684
5184603719;20685
3183444394;20686
6281268372;20687
6293748085;20688
6796835345;20689
14996790896;20690
5591011713;20691
2195983191;20692
4399297646;20693
21979434126;20694
6892082666;20695
14997686070;20696
3784063052;20697
11995968112;20698
7188150344;20699
11981234533;20700
9134253085;20701
21999452908;20702
2195277367;20703
7388671977;20704
14998256806;20705
8488206527;20706
1291915129;20707
8393911840;20708
4188879370;20709
3186147657;20710
19988983392;20711
11982653541;20712
3187848254;20713
9291504124;20714
8498142400;20715
11957871722;20716
11984266222;20717
3194332122;20718
6183203995;20719
11953510268;20720
9191524575;20721
4884367049;20722
6788646851;20723
16993312376;20724
21969435148;20725
8396750110;20726
11992883682;20727
3199747706;20728
11984610131;20729
8186058474;20730
3185517798;20731
2174434376;20732
9294413540;20733
11974666647;20734
2169015982;20735
2898854191;20736
2796903676;20737
2198715220;20738
5196967994;20739
11983105728;20740
3192382800;20741
2199610719;20742
3591288475;20743
6784424517;20744
6191747938;20745
6294095914;20746
7988181520;20747
2798722155;20748
11997439821;20749
11981391270;20750
17991727899;20751
11996251102;20752
3187530732;20753
18991662988;20754
8481696827;20755
8189293991;20756
11997512626;20757
5491894565;20758
8491725761;20759
4691344564;20760
8196482202;20761
11956394372;20762
2194113366;20763
4599800392;20764
27999026314;20765
8197013149;20766
4188895025;20767
5,51E+12;20768
21964296129;20769
15981530363;20770
1992730208;20771
11991534481;20772
5499024601;20773
8486009706;20774
11960857090;20775
3799917818;20776
16993991866;20777
5199244656;20778
6291071208;20779
8496596830;20780
6781756616;20781
11971218842;20782
9196064522;20783
9888046625;20784
2172213047;20785
19988290764;20786
3185968880;20787
8587102111;20788
16996552356;20789
5197596467;20790
2173120393;20791
5181047915;20792
7199786125;20793
1896977257;20794
6291763663;20795
19997055034;20796
16982089940;20797
6284644390;20798
4799477518;20799
9981496632;20800
11986566797;20801
3798130040;20802
11987566107;20803
3799178487;20804
11993922979;20805
8498184108;20806
4399628143;20807
3799163743;20808
6181539395;20809
5196288213;20810
11958374350;20811
1193131001;20812
8391931601;20813
6692481145;20814
2498460529;20815
2499735555;20816
3186386907;20817
7488144964;20818
3188474358;20819
2799234523;20820
8199457361;20821
8191299226;20822
6881264768;20823
15981848188;20824
16997782051;20825
3799942792;20826
21973194382;20827
3599550189;20828
8288585038;20829
3799930075;20830
5184174663;20831
19983917029;20832
11966460526;20833
17997523658;20834
6291434732;20835
24992243013;20836
17997539559;20837
9282747301;20838
2136177382;20839
6285620062;20840
3798031107;20841
3799343446;20842
11960801243;20843
11992152992;20844
7391239527;20845
3193053256;20846
4187275485;20847
4899418923;20848
17981532854;20849
2197871512;20850
2192130940;20851
8399147881;20852
16988077466;20853
2795868901;20854
3799130582;20855
4796636297;20856
11964956675;20857
11962411112;20858
8897066336;20859
8781403589;20860
11985749390;20861
6199986722;20862
11968506821;20863
92981734040;20864
11985619095;20865
11996149019;20866
21965654042;20867
6286356158;20868
6793038118;20869
7791214624;20870
8381571243;20871
7998539998;20872
4498293570;20873
5197822008;20874
8481227397;20875
3799328386;20876
8499547441;20877
1897363513;20878
3192352119;20879
2174057822;20880
2193186456;20881
9180115559;20882
8287269967;20883
8688576616;20884
6195326115;20885
19999227600;20886
9891555400;20887
6792508846;20888
6899971979;20889
3399612577;20890
6796808841;20891
6592177366;20892
13997573959;20893
2184124692;20894
5181742639;20895
6196044599;20896
3184375755;20897
11983254857;20898
11951163832;20899
11958680051;20900
7188121544;20901
8586076826;20902
8185771207;20903
6992212064;20904
6192966597;20905
11959997628;20906
21981840713;20907
8491705843;20908
6285697495;20909
9881404149;20910
2187286774;20911
8195214740;20912
18981643715;20913
3399522577;20914
11987545580;20915
4197987529;20916
11959240710;20917
6299692026;20918
6992140700;20919
7388548229;20920
11969755810;20921
17991438810;20922
6292149534;20923
7799854204;20924
8388440972;20925
6281150513;20926
5185887307;20927
9181399310;20928
13981253888;20929
11995802356;20930
3498304234;20931
13981551316;20932
2488181349;20933
8196897777;20934
9182218256;20935
16981340012;20936
15996886595;20937
11970258741;20938
2184416859;20939
9291714757;20940
6292819482;20941
11970302615;20942
3197722417;20943
91 80121331;20944
11948161064;20945
8589543223;20946
2185063774;20947
19988504704;20948
3492229030;20949
8187831986;20950
11972224449;20951
5591878598;20952
2799392839;20953
15981593997;20954
6195402815;20955
8296941934;20956
8196851960;20957
11980353915;20958
5196510444;20959
11964664969;20960
7192137440;20961
8694390422;20962
3799178382;20963
11985407851;20964
11974993252;20965
2173839285;20966
16988015542;20967
7192525553;20968
8299141514;20969
4898008995;20970
11992214262;20971
3197950156;20972
12988143951;20973
21960151384;20974
6791669872;20975
11986294544;20976
6696721776;20977
11952115326;20978
3183023083;20979
17997298808;20980
8899200843;20981
8896248047;20982
11969677217;20983
6699973753;20984
17997734482;20985
8398602821;20986
5181252431;20987
3199975545;20988
73 91385594;20989
12991760538;20990
9183694519;20991
3799535486;20992
11988585233;20993
8584046308;20994
6699212704;20995
11969374769;20996
11964465311;20997
15996466325;20998
3188514381;20999
7192870336;21000
19997062754;21001
21971112574;21002
3196294890;21003
16992492495;21004
8187514135;21005
11981086464;21006
27999248159;21007
5182629717;21008
11957923961;21009
3188172476;21010
5181018200;21011
18997225953;21012
5194122495;21013
6496630813;21014
2198611507;21015
5496625160;21016
7788732984;21017
16992610222;21018
2191206989;21019
4888881111;21020
11977206195;21021
4299516404;21022
7583151817;21023
3491153193;21024
17981935613;21025
6392417619;21026
11955408302;21027
11951288100;21028
11948087546;21029
5492195457;21030
5197916737;21031
2795010620;21032
5198974827;21033
7187629991;21034
5484250500;21035
7582604041;21036
11991068252;21037
5192171794;21038
8185955724;21039
1197984353;21040
5,53E+11;21041
19982991305;21042
27997816157;21043
11989825565;21044
5496121020;21045
7592511169;21046
19996195953;21047
2193920512;21048
2182684855;21049
7491993518;21050
4688170720;21051
8299010109;21052
7781595055;21053
6796399067;21054
2187080085;21055
8496087119;21056
3891691817;21057
4498954572;21058
13982104949;21059
3188479669;21060
3898130068;21061
2797646399;21062
2798227623;21063
11986001686;21064
73 98242400;21065
3191303399;21066
3488307645;21067
11975021535;21068
8296320001;21069
91984995979;21070
8293232033;21071
11952973087;21072
12991545511;21073
5193432130;21074
5491394156;21075
8899978899;21076
8191727823;21077
8188241284;21078
27 97211615;21079
8296104845;21080
12988271028;21081
11980946721;21082
22998345917;21083
16991758000;21084
3291082045;21085
11987346638;21086
9492546284;21087
8299975313;21088
2189268794;21089
5,58E+11;21090
6384944355;21091
11956109987;21092
3192652071;21093
5184928609;21094
7991142598;21095
4499419639;21096
19982895480;21097
17996540334;21098
21997509891;21099
3184221029;21100
19988377038;21101
3175765062;21102
4791924265;21103
7999377167;21104
7199261204;21105
11973982643;21106
11985854266;21107
5491673958;21108
11953771478;21109
9881276611;21110
2288363339;21111
3199712697;21112
11949503009;21113
11950506781;21114
2798670627;21115
3193824147;21116
6282102171;21117
8585787497;21118
93992055407;21119
3185124458;21120
3193055012;21121
5399741641;21122
3184232108;21123
2195286651;21124
18991975516;21125
3199393933;21126
3384570605;21127
3182092087;21128
83 96340070;21129
21996442484;21130
4398447038;21131
21995759980;21132
2171487215;21133
2899558934;21134
21999818964;21135
27996038030;21136
1481356978;21137
8487028716;21138
3197442362;21139
11970450050;21140
11984921264;21141
8181084277;21142
3299704311;21143
3195106506;21144
2181397477;21145
3185155695;21146
2167117989;21147
11980976582;21148
4796369322;21149
6592842040;21150
3173428336;21151
7391299997;21152
3184650679;21153
5195846059;21154
11951697767;21155
11998551104;21156
6284030353;21157
2184092363;21158
8488480000;21159
3183350239;21160
11948934437;21161
3198277105;21162
3184482847;21163
11958497851;21164
4498812588;21165
2298377540;21166
11968993924;21167
9991735100;21168
2195287593;21169
19999280802;21170
3183188663;21171
12982062545;21172
3193448821;21173
11981968232;21174
3185633075;21175
3184968613;21176
11992126789;21177
11986163495;21178
9888235865;21179
6196046850;21180
11981529363;21181
9888889894;21182
7193432090;21183
6191626710;21184
8587261496;21185
3175022031;21186
4598074544;21187
19982629898;21188
5199625489;21189
3791040086;21190
12988166846;21191
3182766060;21192
3891530917;21193
21980645018;21194
3195400790;21195
9191378012;21196
7193586858;21197
6293221761;21198
11986258994;21199
6284864787;21200
8288941628;21201
11968300777;21202
3899398158;21203
7199822000;21204
4499883156;21205
5192548964;21206
15996688778;21207
11954683439;21208
2173423927;21209
8698180442;21210
19981913861;21211
15997326006;21212
6185506368;21213
8194102495;21214
3186286243;21215
11982944830;21216
8187863243;21217
4899063760;21218
5182662350;21219
4591119881;21220
5192848149;21221
6999609051;21222
7491313806;21223
2481290400;21224
14997221598;21225
3193810292;21226
8688044077;21227
6181244592;21228
11984894858;21229
4896339727;21230
14998039529;21231
7591381175;21232
11989528533;21233
14996865096;21234
11982577519;21235
4796156856;21236
3173029913;21237
11941102243;21238
2187630598;21239
4184045318;21240
8491757525;21241
19988329687;21242
22992214491;21243
11959898859;21244
11997038239;21245
4797307623;21246
5182935933;21247
4899174234;21248
7999630619;21249
6792283387;21250
11965425994;21251
9888330573;21252
6181314318;21253
8293706666;21254
11985357393;21255
8688148772;21256
2281432621;21257
2175092754;21258
8299596797;21259
2169102176;21260
6992363790;21261
21994955131;21262
4791949149;21263
1983457245;21264
4791519671;21265
2173226922;21266
3188897790;21267
15998245638;21268
19996756364;21269
5491571517;21270
4899586112;21271
6281002595;21272
6699572001;21273
8896041204;21274
3284595779;21275
6792006883;21276
11976282443;21277
11971366969;21278
15997657339;21279
8488564724;21280
11958114406;21281
17996275222;21282
8296997694;21283
2168394866;21284
4197030913;21285
13997452825;21286
8195210273;21287
3788136042;21288
2166100222;21289
3591287353;21290
8589458358;21291
3388313529;21292
9881977234;21293
4399950814;21294
11956104114;21295
1198224114;21296
5,59E+11;21297
11953179783;21298
7391280162;21299
3192892120;21300
5599063556;21301
9281294350;21302
11953413738;21303
1993557484;21304
8194695941;21305
4196536509;21306
8892138188;21307
11957939193;21308
11985806421;21309
11989655474;21310
11984205990;21311
4896160722;21312
1178258185;21313
11985464981;21314
7182032745;21315
11995308141;21316
11980144096;21317
11954198249;21318
3284214038;21319
11994563031;21320
88996035911;21321
21997572044;21322
19983139180;21323
5193074376;21324
8199931614;21325
11957262078;21326
11996691135;21327
8496113644;21328
7188561779;21329
7998991727;21330
2181953273;21331
11954233170;21332
11995205610;21333
21981472194;21334
4898212596;21335
6791287538;21336
3791119706;21337
2174909696;21338
5192983597;21339
19988182515;21340
3188060086;21341
14982246871;21342
7599549428;21343
4599924003;21344
4884007110;21345
2172468283;21346
6681230506;21347
2798220962;21348
11963261599;21349
2185989733;21350
8193355909;21351
3191929788;21352
7188648144;21353
11974591194;21354
3188211353;21355
16997894192;21356
11983023929;21357
8588810128;21358
6191279009;21359
4891010699;21360
2196550684;21361
11954823399;21362
11997677287;21363
3288426028;21364
11967756081;21365
2198401768;21366
5181020688;21367
11951440306;21368
17997590901;21369
18981962090;21370
21972422281;21371
3188651242;21372
7791414167;21373
6596315607;21374
1991439397;21375
4598253675;21376
3193425927;21377
12981917382;21378
11949741101;21379
4499990850;21380
9282000390;21381
11995903533;21382
4799751835;21383
21989591990;21384
2299827390;21385
3592583301;21386
8192651616;21387
9888609319;21388
8391090383;21389
19992378980;21390
14996971041;21391
21988280618;21392
7499896038;21393
13981815477;21394
11982637755;21395
6186126235;21396
9196194176;21397
11987322948;21398
4598008693;21399
11976791860;21400
5,54E+11;21401
7988474894;21402
4188757920;21403
12981867743;21404
6781549575;21405
11984374502;21406
3492527858;21407
6731492295;21408
11999430406;21409
11999691025;21410
11952261629;21411
9888398802;21412
7991519600;21413
8197937265;21414
11979789519;21415
8196056196;21416
3186171778;21417
11975295475;21418
3278966879;21419
5181384415;21420
5184438557;21421
4988384218;21422
11961581902;21423
3189510335;21424
6193104960;21425
4796649173;21426
11996257719;21427
11982280233;21428
4198462429;21429
21979214026;21430
11958551906;21431
6281041309;21432
11952511781;21433
21971561992;21434
7591952299;21435
3186842861;21436
6792468285;21437
3199213322;21438
22998967633;21439
8396925116;21440
3191236831;21441
8195719433;21442
13997513595;21443
6293517607;21444
11957934020;21445
3599039945;21446
2796484877;21447
11995687892;21448
27998555078;21449
6281637702;21450
8699602579;21451
3891433726;21452
11961074900;21453
4896850910;21454
21986620490;21455
2191508320;21456
21982942914;21457
18996818100;21458
5181265735;21459
2296111725;21460
5,51E+12;21461
8182000158;21462
3188381247;21463
8194952114;21464
11975589437;21465
11985919608;21466
9981102553;21467
5182258009;21468
11960200929;21469
11991894461;21470
5194425762;21471
8291479296;21472
11950485861;21473
4893290875;21474
6186230988;21475
6596077602;21476
11992466965;21477
21981960001;21478
8791910601;21479
19997281777;21480
8491593409;21481
6186362603;21482
11966425760;21483
11993956604;21484
19982298622;21485
11971829985;21486
13997781103;21487
6292881221;21488
21993300264;21489
11953572292;21490
4191394992;21491
6799695383;21492
8188535336;21493
1497320859;21494
12997550804;21495
1177547053;21496
8187219449;21497
3193740460;21498
8288211658;21499
7799505005;21500
8387421156;21501
1178900862;21502
19991159301;21503
2174864312;21504
6599492970;21505
6781142410;21506
4184140263;21507
6899334987;21508
6182026946;21509
6284922986;21510
11974358684;21511
27997225581;21512
8586912369;21513
8581423300;21514
4396420866;21515
3185695459;21516
7199008112;21517
7583037374;21518
21981856391;21519
5193928930;21520
4196355956;21521
8398025442;21522
11959691718;21523
11987612242;21524
8796422273;21525
28999746799;21526
6184068141;21527
27998221229;21528
11954213404;21529
11982776808;21530
6799030803;21531
8196773661;21532
11951980871;21533
8195147408;21534
7193829694;21535
7381472473;21536
11947189000;21537
11967554421;21538
6796444907;21539
3791450902;21540
6792110676;21541
8199354916;21542
15998167878;21543
7998160809;21544
13991433278;21545
7191986044;21546
5596753439;21547
6481403448;21548
21983265838;21549
11972123677;21550
8199511260;21551
11994517641;21552
11966373784;21553
22999087913;21554
22997015100;21555
12997365184;21556
5591747995;21557
5198597222;21558
3891575549;21559
19982361181;21560
6181744064;21561
8197750602;21562
11980665819;21563
4788797838;21564
4896428252;21565
1997844826;21566
6192196605;21567
13981419801;21568
5,60E+11;21569
15998055823;21570
11975560106;21571
21981326584;21572
6181874126;21573
21979362813;21574
11968299779;21575
9180465508;21576
9882411087;21577
12996321256;21578
8296719319;21579
11953652251;21580
8487134153;21581
3291226536;21582
2195016859;21583
7388139418;21584
1141557016;21585
7192215624;21586
16992392575;21587
12982393934;21588
14998765607;21589
6281819779;21590
3799719876;21591
8182192971;21592
6499191778;21593
21974836786;21594
11977077102;21595
19991600660;21596
27998775122;21597
6599011705;21598
27999192546;21599
15996906500;21600
3199473871;21601
21973553850;21602
1288115270;21603
4799387839;21604
3186217172;21605
2177743574;21606
11949145209;21607
6899843097;21608
6699394833;21609
11973292464;21610
4791415982;21611
4884953172;21612
1288133348;21613
3188167354;21614
24988299270;21615
1796565356;21616
11984281494;21617
21986012701;21618
8192425723;21619
5185161579;21620
11975300549;21621
5599962921;21622
5184751726;21623
11966848273;21624
2191769144;21625
3891312882;21626
4498070866;21627
13996503902;21628
4399649099;21629
11984662695;21630
11962303131;21631
4299110965;21632
3798354360;21633
7192236770;21634
11963412383;21635
11981043343;21636
11949466897;21637
27998046242;21638
8399311610;21639
6792904624;21640
4791474930;21641
14998655094;21642
11973362029;21643
12991979202;21644
13981977376;21645
1291114760;21646
8291639240;21647
4185128085;21648
8296624940;21649
11966653846;21650
3191226384;21651
19982169424;21652
5191459873;21653
21973063922;21654
4896051118;21655
5199204618;21656
16991339796;21657
11987777283;21658
11999143740;21659
2181044439;21660
8599038202;21661
7391139467;21662
6282727097;21663
11967335345;21664
3187459805;21665
11953746776;21666
11967312633;21667
3198331000;21668
9291671335;21669
5185019158;21670
7599450362;21671
16993723268;21672
5191863707;21673
4599777614;21674
2184572100;21675
6796145626;21676
8588843395;21677
7591258006;21678
5184916425;21679
12988496687;21680
11984544951;21681
3199235355;21682
21983668151;21683
8182329695;21684
92984447668;21685
4399225980;21686
1988586002;21687
4896010976;21688
8197074338;21689
8596271427;21690
16988070727;21691
11976405034;21692
6282820662;21693
27996255708;21694
3183025901;21695
6291005029;21696
8498480418;21697
8288647821;21698
6699772946;21699
4199705247;21700
8499815557;21701
3584467583;21702
11964823515;21703
6291870609;21704
4984850831;21705
12973230987;21706
22 997442129;21707
21974276580;21708
13997469813;21709
9981167179;21710
8699749471;21711
9188116282;21712
12988776647;21713
6992930228;21714
11985512749;21715
12988180079;21716
4699706450;21717
19981132261;21718
8586951474;21719
6684152241;21720
11972533303;21721
11979518021;21722
8694961500;21723
16997991864;21724
11941998204;21725
21981951044;21726
19996395801;21727
5192908151;21728
11973787758;21729
7196997373;21730
5597063166;21731
6292231239;21732
21983305805;21733
18997000808;21734
8695598721;21735
11976137507;21736
11989083365;21737
3191870122;21738
11984873344;21739
2194825155;21740
6784497212;21741
3175934765;21742
3599769897;21743
21975765630;21744
6281107434;21745
6684532490;21746
2181061426;21747
5182109972;21748
16982628353;21749
5189083883;21750
7191698632;21751
4896559309;21752
21965391142;21753
3185063184;21754
11962469001;21755
3488240398;21756
6696889851;21757
6599768898;21758
5196029361;21759
11972084495;21760
6792527025;21761
21994553281;21762
11980409831;21763
8192419764;21764
11991182263;21765
6184269188;21766
24992889056;21767
3191442114;21768
12991447963;21769
6598016215;21770
9281434053;21771
11960707142;21772
21976991757;21773
21975078730;21774
11987270578;21775
9293633274;21776
21996423812;21777
4191887551;21778
8585218189;21779
21983843408;21780
11981169845;21781
11951482514;21782
8488726755;21783
11978871099;21784
11951076247;21785
8694107082;21786
21988057437;21787
11976098194;21788
5491234485;21789
21997207746;21790
21987659370;21791
1191415870;21792
4896569235;21793
4896982818;21794
12996441972;21795
4497150640;21796
11973340817;21797
21974836598;21798
3175038382;21799
11981810364;21800
3195950649;21801
3791532507;21802
11986888904;21803
11973403875;21804
3192065309;21805
8586299218;21806
8199973666;21807
9291322519;21808
4299571399;21809
11987643060;21810
7199150024;21811
2193524189;21812
4298087388;21813
6799950775;21814
11941493988;21815
8796136501;21816
8796282619;21817
6499534216;21818
7998284464;21819
5193515084;21820
21987949583;21821
27997933040;21822
8498001952;21823
11982612827;21824
6696376821;21825
6285025522;21826
6181634075;21827
8488918742;21828
1992559203;21829
3488127485;21830
6792038558;21831
6181159313;21832
3791213747;21833
11953447142;21834
5198066421;21835
2199767434;21836
11999822022;21837
5195923009;21838
11975991422;21839
6798148153;21840
21994416594;21841
15996306258;21842
11975437753;21843
6992842992;21844
11967768665;21845
22992552197;21846
3488451538;21847
1896523719;21848
6182002758;21849
8186626220;21850
7582033248;21851
3599230458;21852
11959027534;21853
4591397522;21854
3196320523;21855
8499376166;21856
11997455529;21857
5184536585;21858
11981012785;21859
11968685849;21860
8588411851;21861
3287041531;21862
4184409124;21863
11980134801;21864
14991469659;21865
6592199195;21866
6592644915;21867
11998947921;21868
11930111610;21869
16997773093;21870
4184062938;21871
16993820221;21872
3199188191;21873
13997210532;21874
8396310238;21875
5,56E+11;21876
4499066432;21877
8186148198;21878
21983688751;21879
3788345459;21880
4884139669;21881
4896670668;21882
16992628939;21883
11964302759;21884
7582142804;21885
21992350978;21886
11958803253;21887
3194375057;21888
9183118724;21889
21980772284;21890
4599116225;21891
7592494096;21892
11964230830;21893
9188488098;21894
4599311387;21895
7582174353;21896
3288276397;21897
3891691172;21898
7181707536;21899
19991896652;21900
4984066714;21901
5381349715;21902
11992587327;21903
4791409002;21904
11951634343;21905
31 85169639;21906
28999246288;21907
11985707298;21908
11967080733;21909
6599398909;21910
19992292373;21911
5195697620;21912
6796621052;21913
14998480163;21914
14996925454;21915
5384049738;21916
6281105218;21917
3196983958;21918
13981612941;21919
4491147254;21920
3299213397;21921
2199664695;21922
6184012170;21923
91999677497;21924
11982197179;21925
6791556632;21926
5596540116;21927
8288533986;21928
4398474426;21929
4388207000;21930
6183341674;21931
4599019540;21932
31996973545;21933
4884209068;21934
8189102312;21935
2130226797;21936
21996321967;21937
11996764711;21938
7191498058;21939
3171449581;21940
3194129871;21941
3599717900;21942
11981852734;21943
8498025000;21944
11992662510;21945
4199014875;21946
1481335687;21947
3186084035;21948
3185935767;21949
11967254714;21950
8197952547;21951
2797714425;21952
8187144050;21953
3288445692;21954
4799573017;21955
4799030015;21956
7388149701;21957
11978983978;21958
3387125460;21959
11997579406;21960
6696529008;21961
3488615642;21962
6784113663;21963
19991688170;21964
6292837663;21965
11977060112;21966
9988084830;21967
6183286058;21968
5181423719;21969
5198597170;21970
6796988152;21971
5194156474;21972
5193713803;21973
19991461351;21974
21996579442;21975
11964183861;21976
7481198542;21977
11974845935;21978
24998582918;21979
8596147960;21980
3387230943;21981
3599053136;21982
19983279224;21983
8184725363;21984
15988250427;21985
27998992580;21986
11970871032;21987
8899098897;21988
7999942270;21989
4197860655;21990
17997273376;21991
3198179035;21992
4788490404;21993
4891786698;21994
22981281852;21995
11970537404;21996
5196753457;21997
6193054227;21998
4184325263;21999
6182690059;22000
