5511947986909;30976854805
5592993360549;63318385204
5522999029079;07635980700
5521995161504;08427304781
5513997823164;19863891894
5511998898047;22337033830
5512974070615;29514110811
5524988275988;08033648732
5521991596801;08448721721
5521970341050;09923030792
5548991921741;27778281805
5511976682856;28185937869
5595991486541;61538183234
5531999419367;01231213612
5584988225398;00818289422
5521999443941;02550294700
5599984371111;02898953407
5522999362685;05572496782
5516991991515;26209944892
5573981535569;00109208544
5584988640518;00989281477
5531983035313;02922939685
5521982385228;07007080731
5522992027115;07303303707
5512996731529;16162958809
5519991811461;21937539890
5519999502866;27560567827
5594992303703;51046431234
5519994617634;66629446291
5563992339346;69017000163
5564993229453;60469889187
5583991263739;02709395479
5527999355394;08196819706
5511959444412;29784461889
5521995789690;01451887604
5527998220447;07712575703
5511984619494;17452151828
5514996962965;26527615876
5516992235779;28199519886
5511945046226;28122918859
5516988569429;18441401802
5517996123163;21778356826
5511994058951;26566809805
5531998912316;01392045630
5511991799340;19344572801
5512982801612;21953927890
5515997659111;27184679830
5566997177059;65182618115
5531998061796;01295800667
5521964347838;08551258702
5522988341441;09215019782
5522998761933;09163355779
5517992624438;13532735806
5583988152012;00843841400
5522999786834;07510999707
5522988097353;08638382782
5517996715695;22141075840
5562992337131;69938660134
5564992740960;70442380178
5592992299924;60333952200
5521970432673;02925936784
5534996792246;05695166683
5511994851250;29588945844
5524992623967;09553251706
5566996744977;72335564153
5511986590593;26720207873
5511982877683;31755832885
5511983445436;31797766848
5511973514758;31159179883
5511973945895;22133741801
5511998001282;25783102890
5511965976424;27370736857
5511944499175;93118210559
5511992421827;26630611829
5511961404210;31322083886
5511948764817;26632746829
5561999844940;70021520178
5592992292782;63676788249
5532998392551;02646372671
5528998869231;10250422719
5519994474445;22084642817
5519996862702;27011644865
5562981894623;27259999870
5592988193954;65994051268
5561982749367;69383804149
5511967408377;00814256430
5581982040640;02479402401
5521984102738;09576309727
5519997334394;22303904811
5519999660073;30895602830
5521998481905;08853586788
5511941804847;17502660836
5521974056011;09516061745
5511940389631;16689278883
5511994434254;27224991856
5511967246366;25916189842
5581995716695;02538192455
5511996780986;27276526828
5511992729737;31272327809
5521987107314;08202253713
5513974047734;16696481842
5519982401934;22295403863
5522988488272;08557143796
5519991944665;22191484832
5519974129338;27095853835
5515996743088;28499939805
5562984107450;70067740120
5569999306368;71388079291
5521970392990;08320333750
5516988701328;26669881800
5511941900150;28697379806
5511986857445;28633298805
5511947309764;21487271840
5515996356824;21453626816
5569993074923;71866027204
5569993171052;71641777249
5592984685751;71416412204
5511999024679;29119552858
5511987669206;31437196802
5511966666555;03683108410
5515996467262;31174065818
5511966621894;28392031890
5511947717228;25400705820
5511980636981;31512406821
5511969197276;21888419806
5511971548859;17697134845
5511981368817;27606739870
5511982601429;31338787861
5511984701834;28993379807
5511999901597;86858351515
5519998880883;30815705816
5519997898960;33169147811
5511995439501;30777835843
5511940843405;33595651855
5511955772129;21939961807
5511995245386;32659949883
5511995378871;26027972866
5518996906586;90171144104
5534991697634;16841619838
5511947521167;32190508835
5511997318348;27938815896
5511982432642;26565791805
5514998515160;31830673823
5566996135297;51390256200
5517992788072;21893511898
5511976124538;33997597898
5511976189675;04638884482
5512988934589;26232370856
5511999124331;33192101814
5511947814033;32293523861
5511988388847;30862045835
5511987473404;31258661896
5511959868004;28793813805
5511972540494;27247440805
5511947678626;29848205845
5511985468178;29408907817
5511947757858;33471784837
5511972766462;27316304855
5511970388663;29872354880
5511957231382;02621032494
5511990194995;32724610865
5511975029235;21964249864
5511940175950;27500351801
5511977330053;30274003805
5511993982853;34519189861
5511947969290;29616081802
5511940671057;32225868883
5511974999250;22906146889
5511967551220;33315064865
5511991499096;30321789830
5511975105029;31627887814
5524998167270;21441823883
5511984809182;27640410800
5511942343410;27612912805
5511945066627;30133250890
5511946704472;28405116818
5511946322830;29901680875
5511985574017;28106109836
5511999772961;18632044826
5511991092212;32189089816
5511975497612;32419243862
5542984323817;31282510886
5511943977470;27777655884
5511947448072;25821096812
5511993150056;19459863876
5512988712904;28243294830
5512988435505;30612714810
5512988172987;29288889850
5512997318404;33114467806
5512991076647;22207077845
5512997580070;21997374897
5512996853505;22191751890
5534998014055;32541326882
5512991417095;21895802857
5512988885234;21796733881
5512996372455;28499210848
5512996106201;28477040869
5512991429540;22949823807
5512988899861;30762487828
5579999034200;32397235811
5512996428059;31856072878
5512974017501;21522443894
5512997181878;22972124880
5511950502227;29514913876
5512982539185;27659475894
5512997570704;33475433869
5512992424372;32363527879
5512988810826;22624067825
5512988216956;22242555863
5521991338567;08576962705
5512981357028;29853511894
5512991877569;22122716894
5512988019332;31523903864
5512996042557;30158784847
5512997620532;32165786827
5512988695939;25386430823
5512988092819;32304190812
5512992542643;32782182803
5512991453694;29778940800
5512996371998;29548978806
5511947929854;29828881810
5511977488031;31595725873
5512991645928;22045316858
5512991242645;26239021865
5512996398835;21870371852
5565984037459;31306331897
5512991268280;22916883835
5512991589444;34412569802
5511940171369;32964252840
5512991093793;19912090888
5512997418207;26076719818
5512997982647;21662578873
5512991687783;25765963803
5521970360343;27932420806
5512992043707;28200049892
5512991793195;32535731843
5512996868748;32755158883
5512991436526;22435759819
5512996255391;31558591800
5515996459344;21547010860
5512988461807;21634593812
5512981158800;29549951812
5512988692025;33513241895
5512981392520;30131246879
5544991140212;34519349818
5594991130273;33691572847
5512992502980;32422011837
5512982288495;33435418850
5512988148974;30249510839
5512974104809;32110594829
5512997381864;28584424873
5512988925665;27579145880
5512974023534;31559145803
5512996325913;98144197100
5512997183054;21393985807
5512974098700;32062306830
5512997382244;22697664823
5512981604444;05462247761
5512991771734;31505934842
5511994339138;32822203830
5512988348568;27054173899
5512988934559;33010493894
5512997038970;27867778870
5512988069879;32562340892
5513991779075;31433139863
5513991297051;22609285876
5513997831008;26454951847
5513996664849;32085924859
5513996109806;26788400857
5513997371134;22273487800
5513997887115;28243460861
5513981282299;30492478864
5513997237564;31626911843
5513996584536;31978116829
5513996020041;00519856597
5513974053291;33504201843
5513974227616;29480910802
5513991397960;31294439839
5513997090091;33546813812
5519998900452;28165473883
5513997798417;33348975832
5513997757581;26885329878
5513997369607;30256185824
5513992133948;29107967870
5513996542867;30538681802
5513974046663;27907494850
5513997474301;35228378863
5513988064898;32481703871
5518997785236;30573841888
5511967701586;32346580805
5511996751087;27758193897
5513974187791;27919832870
5513988390522;27100299870
5513991504735;30452246873
5513988366330;03492413412
5535998179449;32623978816
5513974139878;26734511880
5512996825764;30579524884
5513997440052;30753046890
5587988672448;35037893836
5513997755498;31218900857
5513997663293;30211578827
5513997681763;27084369880
5513996145412;22448842876
5513974166103;28440556802
5513988021530;33716522899
5514988169858;22188788877
5514999038996;26402448842
5514996902912;26962216858
5514981263835;31145166881
5514991481852;21490739866
5514998696184;32161861808
5514997924436;21550221825
5514997738702;30164323821
5514991287856;28520854885
5514997903499;27804211856
5514991898197;21559480858
5514998331752;22555303847
5514988228668;26520518816
5514997966812;26796183860
5514998918208;30758374828
5514991523202;21936989883
5514996984871;22055080830
5514996777756;26555227885
5515974011625;28874402848
5518996776596;28681490818
5514997466848;29621730805
5514996610303;18085037831
5514996342121;21903953804
5514998247114;22015209840
5514998046601;33543981838
5514991579391;35081753831
5514998726098;29243110802
5514991172020;32109838876
5514991254738;27504572896
5514998971370;30127838813
5514996737106;26106391807
5514996085622;30307388840
5514999029464;31211977897
5514996215959;25304386841
5514998104426;29103679837
5514997315200;28611364805
5514997923516;29088306800
5514996239301;27778265877
5514998926682;30899092861
5514998051907;30563344890
5511993843798;22591410801
5514997820058;28675734832
5514991093097;21552272800
5514998001660;29146374892
5514981591349;28691688882
5514998752527;33440218856
5514997699499;29921571800
5511991454225;31492490822
5514997674029;29719523808
5514991539125;25139413817
5514997944178;31544556802
5514998066853;26780056820
5514988031103;25330429862
5514997440623;28797141844
5514997645807;29139002837
5514991522741;31172846804
5514991172592;28186162801
5514997207075;83680268149
5519974066315;29596359819
5514998724184;29641058800
5515997213605;28889175800
5516988326594;31170644864
5514996751163;31091074810
5514998935025;27748721890
5514991152189;02771406926
5516997737258;27361824803
5514998359688;33457202800
5551997401934;33208600895
5514997253762;32598915879
5514998823010;34447977885
5519992400416;21967450811
5514997523020;29419229890
5516996257262;27507026825
5514997386667;31834820880
5514996655055;32214101829
5514988179066;31971800899
5514997715154;32569911810
5514998683804;30773840869
5514981162748;32891521897
5514997344946;22182687874
5567996387852;29731824847
5514997216601;31328529886
5514988248982;34162833842
5514997216084;34266426895
5514997312456;27145538857
5514997929348;31727214854
5514997358332;32101930889
5514999063334;29234916883
5514998942059;31636652840
5514998334476;28157560802
5514998329074;33750879850
5511945323453;34398938800
5514997021109;32484567871
5514998634730;31250083877
5514997274940;27998593806
5514998006769;33765206822
5561985837285;27469746811
5514997810404;22803241803
5514996357827;34514051802
5514998817550;26866725879
5514998785274;27657319852
5514996381102;31182094880
5514997368963;30549424814
5535987116696;28869127869
5514997396352;33262907804
5543991856494;32802445871
5514998208744;31114038822
5514991720554;21595938850
5514998613165;26733395827
5514998883387;30508842824
5515988281389;31071027840
5515991636054;30529774828
5515988228097;30933825803
5515991578929;25770396890
5515988331769;28524334860
5515997040411;31416286888
5515997683710;20323524869
5515996253404;26988537864
5515988386030;21284665801
5519971268715;29344843864
5516988448505;22783256800
5519996284085;29765178867
5515996391352;29134662812
5515997333113;17732384857
5515996918136;28521899840
5511974960052;25905624895
5515988009000;32037931808
5515991300647;28779260870
5515988057892;21422059847
5515991099204;27244096801
5511970734976;32222322880
5515998516701;21327590816
5511997932733;19811909881
5515991642896;27297193852
5515996937669;25294319810
5515997970470;31684331870
5515997131530;31081853816
5514982064427;29040907897
5515997572060;28682474824
5515981219981;30268056889
5511943153247;33216899870
5515974040052;25432734842
5515997198293;31603715819
5515991298246;31251157874
5515997138035;30456148841
5515996880248;26142548869
5515991316035;22136133896
5515997246371;31967960860
5571983396347;29963848818
5515991773310;25872137893
5515988421001;28540252880
5515988261627;21674359837
5518988115906;21402097883
5516988742500;30951784846
5511964892969;32074792867
5516991114952;22317159889
5567991601371;32816254879
5519999282325;28350322829
5516991717334;26531043857
5516996074167;22251328874
5511975466603;21851245871
5516997289421;21641823836
5511947583110;27631536821
5516988205218;88816214104
5516991572547;28975504816
5516997267097;27809831836
5516997158708;30776756842
5516993493006;28975437876
5516997413387;26367875859
5516991946648;22345467886
5516993227914;29806184890
5512997688811;28287650836
5514997508249;28183087809
5516996446813;34516571803
5519991192954;30733582850
5516992374120;33455016863
5516993210538;22170976876
5564996058972;00588747122
5519988397611;28416377863
5516997846241;30061739880
5516997596779;28567138825
5516993459494;31539345840
5516993805515;31343938830
5516997306611;27820641851
5516991544880;30990456838
5516988239142;32881441823
5516994569852;22103124855
5516992933949;30929846842
5516991351578;21732241821
5516991813700;28028756808
5516994560845;31502384809
5516997797222;28518350840
5516997414364;29464987863
5516993088130;32621618880
5516993008742;31889478873
5516993763082;29083632830
5516996454804;34467208801
5516988541000;22053060816
5517997831119;31822534844
5516994198690;32302480821
5516991517767;28864811818
5516997822691;27674083837
5516997961156;29270526895
5516997833360;29324393839
5516988762528;31155854896
5516991832175;29587297881
5516992144994;33296209867
5516991373796;22404521888
5516996433139;29973688805
5516997645441;25092584866
5516992356967;32806344824
5516997250509;22903584877
5516993346185;33879118825
5516997978720;32709648890
5511975085956;35792395896
5516992140356;33414282836
5516981346976;29138786877
5516992265223;25466715883
5516992298328;35077782890
5516992687814;34113925844
5516996262196;25056001805
5516991391091;21898032840
5516988295935;30016043871
5517992442000;33022568843
5517997090290;34441129807
5517997489236;22453808869
5517997774300;22525886836
5517988119138;27534056896
5567991492525;33122455838
5517991095388;34441114877
5517992136814;26462546875
5567998933569;27925020881
5519994119551;32048518850
5517997753446;22777039828
5517992496507;04201803627
5516996029663;30498734854
5517996749530;18158899854
5517997377042;21882437810
5517997021723;22376938899
5517988187942;28835047846
5517997772272;26747070895
5517992644998;32011498880
5517988296149;18186808825
5517991133588;21709431881
5517996635659;21308143877
5519993082031;33544919818
5517997268898;31526671832
5517988300703;29626316810
5517997599142;30809566800
5534984341364;30583124828
5517996235032;22552585876
5517992707924;98422464691
5517996699437;30965744809
5517988013960;21380159806
5518981995001;32697306838
5517997661009;34357877830
5517991687395;27185946832
5517991485828;28430895817
5517996438487;21800492855
5517992779583;21339036827
5517996061479;32769340867
5514997677872;31448769841
5517992227847;30329313800
5517996140219;28949055805
5517988226252;26428147858
5517997656730;27320393816
5567992816663;22655274830
5517997215940;30400174898
5517996794541;22087946809
5517981140676;18144621808
5517996793095;23007396824
5517997220600;32857222823
5517991257420;30370431804
5517991641002;22171849894
5517988052592;21295022885
5516992767042;28667909874
5517988106664;32695981813
5517988266827;32204137812
5518996971004;22575663865
5517981128053;35716284892
5517996767704;34101061890
5517992114287;33602022870
5512991375859;27196529898
5517992162722;31921079878
5517988257455;33067888804
5517996339400;34046673877
5517997710412;08078675860
5517996579710;27320886847
5534999893708;20243604831
5531998369077;32466958813
5516992863414;21323960864
5517981325911;21951153863
5531993211437;34724417803
5517992776092;29150079859
5517997569494;33901079831
5517997837751;30774072806
5517997687210;29982274813
5517997210114;21970923830
5517988193649;27213931890
5518997032901;20631036822
5518996755213;22195328878
5518996685541;30555570851
5511971705274;31056878827
5518991015147;34797703806
5518997032712;22436381852
5567996165428;04304595644
5518998085293;33706823896
5518998121864;31017968810
5518996926265;29562036812
5518988139402;21775629880
5518997424078;30497071860
5518998191291;32948243866
5512974085470;21414210809
5518997545378;30149461844
5518996952507;28168031806
5518997996319;21991664818
5518988129284;13695861835
5565996981428;28744266871
5518998212961;30364484896
5519996454401;22888561816
5518996674123;28721145806
5537998331055;28780932835
5511991303136;27688711843
5518988269908;26736812801
5518996284989;30065287860
5518991629388;31953102875
5518997024192;30039688828
5518997823190;22433668867
5518996709210;33434766847
5518991348329;29375928802
5565999678507;31539116816
5518996918597;16561135890
5518997581544;32954307803
5518997242966;22047097860
5518997415010;28582774869
5518996275840;31727031857
5512996444683;29054685808
5518981354068;29409265819
5518996536167;27950798874
5518996264556;29200124879
5566999003403;21653029862
5518991258767;31048747867
5518997193363;32248340800
5518997182151;21620965879
5519994296492;27897237885
5517991936125;34659866874
5514996147884;22157495800
5518997734542;24835701860
5519987045050;29254106852
5518997865805;30472919857
5511981848903;33159988848
5518996664671;22539567835
5566996906970;33520203880
5514998157516;15806202801
5518996746863;34761125861
5518996512810;30963306898
5518996929211;23039945866
5518996797195;22464185850
5519988820990;25669348869
5519987073883;33251077880
5519974208727;30931298857
5519993819387;28913155885
5519988846739;00163993157
5519993446144;22661935894
5514996663386;30381260801
5519991556822;21571629840
5519974170271;29588254850
5519997647910;32437497862
5519974077889;21382755821
5519992915001;27952962841
5519989323169;30753534851
5519996114791;29346781807
5511968584194;17633217898
5519998245253;30279705859
5519971302225;16812412856
5519997639342;33863608828
5585985132210;21908107871
5519997007895;15846219829
5511967963347;01015849466
5511962521629;02480610462
5535991949707;03225456683
5521970314952;03545587657
5537988488255;05288774617
5511949217969;06705191627
5511977560332;07285189707
5511946023928;07309182626
5517992401329;15274166822
5518997036235;16552425805
5511986643340;18300703802
5511975803803;18544551840
5511965369245;19066844809
5511986120795;19077617809
5516992464747;20048046884
5511979683625;20102812845
5516993192667;21437131859
5517997411211;21442476842
5511974808444;21617421839
5516994083929;21642799807
5511947611636;21648189890
5519974186341;21782587861
5517991058215;21861635869
5511981608176;21949011836
5518996288153;22093833824
5519998477190;22203691883
5519987115556;22273183844
5511942233767;22385570831
5511980154586;22390412858
5511947210208;22392048851
5512988898577;22409834850
5511984440338;22599305810
5511947354714;22859263837
5518997032397;22884170804
5511983607963;24556003865
5511976570931;24760569871
5585994276987;25304546806
5511997123489;25897127824
5519989141431;26818727824
5511947685579;26979966804
5514997895231;27170577810
5511965436284;27542846809
5515988283512;27576853840
5511975390056;27723144806
5519997747706;27953779854
5511982924250;28020161805
5511994067252;28182917808
5516999925929;28037564800
5519991827280;28339378813
5511962632002;28476577893
5513981331531;28956196893
5512996427899;28617151897
5514988034727;28641496807
5511953539859;28662048838
5511947432180;29025536840
5513996294662;29086872832
5516993068785;29205747874
5517996806265;29264320890
5519999401715;29326681882
5516997596476;29671289886
5516993482777;29681557840
5518997195709;29701782810
5516991536147;29788699847
5511965006669;29829428877
5511981765182;29979177861
5511992828548;29984951847
5511947519171;30030582822
5566999999434;30129309818
5514998666074;30264846877
5514997472373;30271527854
5519994424599;30297641840
5511947238032;30371501814
5511980676737;30408591889
5511993577014;30493147888
5511983923944;30724466878
5518996375488;30735430829
5513997981694;30772084823
5512996826511;30808697889
5511984269498;31015572839
5519987633133;31051048877
5511946340963;31172218838
5533987066447;31180514858
5511968481379;31191104850
5514996486417;31184897824
5515996693355;31234414821
5516999610066;31331352878
5511988108478;31347781811
5511964555181;31355603846
5511966732734;31376885824
5511982843659;31387842838
5511972164602;31413308830
5511982382214;31514300826
5511950433595;31870946863
5511973554745;32003594809
5511940357659;32086754884
5519999532536;32114327876
5518991182362;32129141811
5561986025667;32127058844
5511959117092;32631718879
5513996800983;32685549897
5512988432648;32958511820
5511977605832;32453631845
5535988998075;33061976884
5511985142638;33084306818
5511990081209;33101053854
5511987779638;33104479879
5518996628792;33134133822
5515996408815;33206873878
5519997142163;33297219874
5511944438048;33343975800
5519992813410;33354433817
5519992103270;33358073831
5519993092821;33403796884
5512991811760;33403966801
5515988144138;33625434806
5516996450503;33638265838
5515997973640;33660022802
5511959050304;33788557893
5511960230294;33837702812
5519982673350;34003186800
5511988153938;34097433830
5516992137054;34123325858
5513996402787;34204921892
5512991412649;34348570876
5571987345393;34356042808
5519988064896;34436946835
5513991051087;34442761841
5516997376616;34552373803
5511977046785;34741552888
5516997415742;34842725893
5513997679133;34918042805
5516999759396;35161687819
5511952387483;35666878808
5531991926313;35768114866
5511980841947;35883468802
5511959435496;36106703809
5519996393907;36331652825
5517982138479;36413608897
5511996755268;36585682831
5511947328535;37423099864
5514991061653;37399498806
5561981798339;72929219149
5511977363961;74882406349
5577999429553;82243271591
5511986413911;95016619549
5519992317483;21051366801
5515991283715;20244875804
5516996140115;35939077803
5511967268574;22491787806
5519974129183;28536776803
5577988782678;27559129870
5581993939878;01115396412
5563992752600;79514979168
5521990334044;07864904700
5565993217945;01310619174
5561986240477;10287715760
5587988664850;03803723477
5521966666356;09820034710
5562999825876;94495793187
5565993196032;69175187191
5585986910841;02271274397
5585985132568;82076774300
5567984190034;99244497115
5521970005016;10244901732
5585999530161;00205432395
5521996370663;08488684711
5566999614137;01153693178
5585988190037;78076498368
5521964992720;05766773706
5534991154621;04164611669
5527996894875;05542662706
5524999477764;05637976732
5522998624509;07580221748
5561986180261;80422403172
5528999627751;10229815790
5585987241261;62774050391
5521964315765;10328674770
5583987403547;02475098414
5527997178134;01392915635
5522999019067;05650460710
5521994849408;08084968750
5567996265921;96589868115
5535987218248;06178937644
5595991161615;61681725215
5567996464651;99881756120
5531988481998;01408285673
5521964687718;02818534798
5521974526933;08353163780
5565984779222;70051631172
5565984685972;94380910172
5535988540291;01432240692
5571985147955;02108576509
5521993994061;08963942716
5521984661771;08334981775
5592992241444;63798948291
5527999529393;09402838759
5521976558257;07333023788
5531994577468;04519461626
5581998512064;03254290577
5565984436090;69703345115
5521995551065;07786246762
5567991924013;00274203103
5521996777683;10515278726
5579988455066;99906562587
5583987669781;01024764460
5575992511185;01867976560
5521964644880;05474975716
5564984434373;04967145620
5535998882988;08249250680
5527988487396;09351154718
5521999254941;10516465708
5577999275517;00754047105
5561985119954;01461994136
5522998648438;08158404707
5531996247539;01320434673
5532984139101;03673315609
5583986248562;04910890408
5571996145053;77707095553
5561984172232;01195005156
5575998118237;01147499578
5562993936159;89664680125
5527992474385;07889752776
5562993578626;80620396172
5574988484931;81078625549
5527999491101;11835430775
5521987931836;10338622748
5531984021849;01335021639
5531987705741;06350511689
5562999527346;51454670282
5568999715400;67259499249
5582988125420;03341159495
5592992366422;69835101272
5534992306880;07013796697
5534999769844;05607708632
5567992615742;70852251149
5531989623269;03932897617
5534988630989;02450009680
5521999788112;10550479724
5521991181933;09425848726
5521996655092;08819557797
5524988397565;60415860210
5521985609715;08338082732
5569993094671;70170568253
5521996725646;05598911728
5592994339080;79384447234
5585987046819;62886665304
5583988622307;04563320650
5599984241648;65131517320
5562998250317;00852204183
5521996721739;10260834785
5565993174495;91723523100
5569999959573;74445995215
5585987835496;96889896300
5592999981712;70590800230
5561984730812;70066710197
5538999511661;07432477604
5573998406849;07651507789
5561981085583;69059934172
5531985383001;04690756600
5535997389038;08021379626
5586994143018;92329438320
5585989319479;55510523387
5562982626235;97451240100
5569984754542;01294559460
5521986303598;09330866794
5567992169079;89101251104
5569999664891;63242214234
5533988486089;03239182637
5585986809049;62448927391
5531996188881;03674702681
5527998098969;07919509726
5521985320239;10182958795
5534999601501;03405689686
5561995909045;89085795168
5521974953532;05185844701
5596991171482;61081922249
5561993594302;72477482149
5568999721832;50892894253
5582988071222;06748267447
5534991465901;05557047697
5598988810001;94874557368
5588992756361;07615394767
5564996473909;79249590172
5535999516040;03075880680
5594992055125;76196488287
5521986275553;10186472790
5527988954334;09372450707
5521986094335;08104502751
5534988267613;01301857602
5531989184855;01262244633
5522998362375;09890736705
5571988509711;92003680500
5561998376063;08882822737
5579999402969;98148206520
5567998280243;85798401120
5584999474497;01182694454
5516991616661;30108056830
5569999036222;76198375234
5568999535551;81122241291
5598988404915;01432943340
5534988398721;01361136642
5563984633296;89730585172
5581994917320;04882147424
5585987236529;64283267368
5521986704442;09728400799
5521995671109;98772139315
5562992622404;85901911334
5563984375267;70813647134
5515991979087;29092755826
5537999231825;07991638642
5586999875403;87205122368
5531985962948;06529641688
5538999603005;03411819600
5537988273701;06993035677
5521987501698;09246869796
5522988356621;07463927709
5562981036044;05444226600
