5519996184404
5519996185340
5519996186251
5519996186885
5519996187898
5519996190503
5519996193551
5519996193799
5519996196747
5519996198028
5519996198073
5519996198852
5519996202019
5519996202075
5519996202116
5519996202206
5519996202262
5519996202293
5519996202353
5519996202377
5519996202392
5519996202438
5519996202442
5519996202460
5519996202472
5519996202583
5519996202644
5519996202658
5519996202713
5519996202735
5519996202766
5519996202778
5519996202780
5519996202809
5519996204635
5519996204649
5519996207840
5519996210227
5519996213309
5519996225441
5519996229634
5519996231244
5519996232864
5519996233801
5519996239209
5519996240462
5519996242656
5519996245147
5519996245335
5519996247708
5519996250592
5519996251227
5519996258002
5519996258346
5519996259564
5519996260671
5519996266333
5519996270829
5519996273583
5519996275815
5519996278862
5519996280624
5519996286124
5519996286275
5519996286436
5519996289445
5519996292315
5519996293124
5519996294379
5519996296700
5519996298058
5519996298505
5519996298698
5519996298828
5519996301408
5519996304687
5519996306527
5519996307019
5519996307558
5519996311624
5519996319731
5519996324085
5519996325377
5519996325938
5519996325990
5519996326501
5519996330520
5519996330714
5519996334691
5519996348199
5519996348810
5519996355075
5519996357159
5519996357205
5519996366402
5519996366824
5519996367054
5519996367877
5519996369127
5519996370665
5519996374945
5519996379764
5519996380971
5519996387353
5519996391186
5519996393550
5519996393956
5519996394298
5519996394596
5519996396739
5519996405974
5519996408572
5519996409151
5519996409245
5519996411539
5519996414735
5519996414806
5519996415770
5519996420891
5519996425033
5519996425585
5519996425726
5519996429861
5519996430630
5519996440422
5519996442421
5519996443562
5519996447085
5519996447324
5519996450417
5519996463588
5519996463887
5519996464572
5519996466379
5519996467952
5519996467980
5519996475099
5519996475928
5519996483266
5519996484341
5519996490092
5519996490642
5519996493321
5519996493627
5519996494068
5519996497943
5519996500732
5519996501071
5519996501266
5519996502012
5519996504812
5519996510261
5519996511666
5519996519929
5519996520435
5519996531285
5519996537292
5519996544254
5519996544833
5519996547075
5519996549239
5519996552279
5519996559486
5519996560980
5519996563663
5519996569106
5519996570205
5519996570761
5519996571629
5519996580650
5519996582125
5519996582671
5519996584618
5519996588062
5519996591981
5519996593718
5519996598835
5519996613550
5519996614642
5519996618182
5519996621733
5519996622791
5519996624002
5519996628272
5519996630782
5519996631007
5519996631051
5519996632177
5519996632402
5519996634937
5519996635716
5519996637368
5519996638544
5519996641398
5519996642570
5519996643380
5519996644795
5519996647804
5519996652009
5519996656273
5519996663164
5519996665478
5519996671220
5519996672379
5519996678774
5519996680491
5519996685162
5519996689859
5519996696369
5519996699080
5519996704473
5519996707282
5519996708957
5519996710806
5519996713552
5519996715771
5519996718974
5519996720525
5519996720550
5519996720683
5519996721017
5519996721834
5519996723196
5519996729562
5519996730085
5519996730423
5519996741651
5519996742338
5519996743671
5519996749823
5519996750945
5519996751516
5519996755632
5519996758985
5519996759709
5519996760041
5519996764378
5519996765628
5519996766690
5519996767675
5519996769396
5519996769603
5519996769900
5519996770100
5519996778397
5519996779465
5519996783964
5519996788158
5519996793649
5519996798470
5519996798912
5519996799832
5519996802126
5519996802590
5519996803642
5519996809037
5519996810831
5519996812673
5519996813666
5519996816409
5519996816739
5519996817033
5519996818538
5519996820067
5519996821198
5519996821715
5519996823137
5519996826636
5519996832085
5519996832227
5519996835272
5519996838434
5519996844274
5519996845472
5519996847367
5519996848038
5519996848109
5519996849256
5519996850567
5519996854956
5519996856852
5519996858148
5519996867681
5519996870280
5519996872119
5519996880427
5519996882605
5519996893018
5519996893137
5519996894875
5519996896014
5519996898453
5519996899532
5519996899721
5519996909274
5519996912322
5519996912623
5519996912727
5519996913147
5519996919582
5519996922350
5519996926678
5519996927242
5519996929384
5519996929892
5519996931106
5519996937821
5519996942040
5519996948008
5519996950542
5519996950633
5519996953377
5519996956270
5519996958167
5519996958333
5519996960110
5519996961099
5519996964602
5519996967575
5519996968608
5519996968653
5519996970259
5519996971382
5519996979620
5519996980662
5519996981278
5519996982030
5519996997331
5519997003747
5519997004098
5519997006686
5519997007050
5519997007097
5519997009716
5519997010204
5519997011578
5519997019214
5519997019314
5519997020275
5519997020802
5519997022825
5519997023244
5519997025276
5519997026361
5519997026444
5519997028515
5519997028855
5519997035848
5519997037103
5519997037236
5519997040246
5519997040852
5519997041970
5519997045461
5519997045894
5519997046214
5519997046308
5519997047103
5519997051623
5519997052359
5519997053637
5519997058034
5519997060710
5519997064366
5519997070028
5519997070292
5519997070444
5519997072703
5519997073108
5519997073198
5519997074553
5519997075324
5519997075624
5519997077117
5519997077752
5519997080472
5519997082874
5519997083080
5519997086280
5519997089964
5519997091659
5519997093368
5519997097178
5519997104341
5519997107014
5519997110510
5519997121120
5519997124573
5519997125390
5519997126282
5519997134579
5519997135836
5519997135859
5519997136912
5519997144512
5519997145630
5519997148977
5519997154477
5519997156846
5519997159445
5519997159947
5519997161315
5519997166621
5519997171214
5519997173045
5519997179126
5519997179757
5519997186986
5519997188633
5519997194670
5519997196791
5519997198635
5519997202469
5519997203936
5519997204686
5519997209958
5519997210230
5519997211666
5519997213374
5519997215062
5519997215328
5519997217340
5519997221418
5519997223987
5519997225515
5519997226375
5519997227917
5519997230999
5519997234501
5519997236990
5519997237973
5519997243229
5519997246193
5519997249495
5519997250171
5519997253390
5519997253604
5519997254404
5519997259288
5519997266649
5519997267815
5519997269655
5519997270161
5519997270202
5519997271724
5519997275902
5519997277507
5519997277771
5519997279144
5519997282458
5519997283630
5519997283725
5519997286237
5519997286977
5519997288205
5519997289648
5519997289720
5519997289733
5519997296562
5519997296975
5519997301598
5519997303138
5519997306937
5519997307510
5519997308609
5519997308859
5519997308969
5519997316593
5519997316709
5519997320154
5519997320915
5519997322893
5519997327069
5519997327892
5519997333124
5519997337705
5519997338625
5519997338938
5519997340728
5519997343924
5519997344439
5519997347466
5519997350558
5519997355542
5519997362510
5519997363768
5519997363820
5519997373440
5519997373965
5519997374350
5519997380879
5519997394342
5519997396001
5519997396696
5519997399095
5519997409947
5519997411391
5519997415052
5519997415201
5519997420854
5519997420970
5519997421556
5519997425404
5519997428614
5519997429217
5519997433055
5519997434994
5519997438477
5519997439330
5519997443577
5519997447713
5519997449522
5519997450617
5519997452434
5519997455385
5519997465035
5519997467491
5519997468884
5519997468948
5519997473990
5519997477282
5519997477431
5519997481400
5519997483374
5519997486087
5519997489717
5519997489867
5519997491203
5519997493329
5519997497994
5519997500062
5519997504131
5519997509241
5519997514939
5519997520595
5519997520767
5519997521856
5519997522189
5519997528406
5519997528788
5519997530350
5519997532686
5519997533479
5519997538433
5519997545320
5519997546555
5519997549188
5519997555203
5519997558936
5519997560308
5519997564674
5519997565408
5519997571999
5519997575457
5519997576572
5519997582922
5519997583202
5519997595514
5519997599142
5519997599819
5519997599825
5519997599949
5519997601406
5519997601456
5519997601491
5519997601531
5519997601546
5519997605524
5519997605624
5519997609027
5519997617916
5519997619441
5519997619607
5519997622360
5519997623345
5519997625126
5519997630160
5519997630942
5519997635886
5519997638178
5519997642335
5519997643006
5519997646446
5519997647331
5519997652266
5519997653125
5519997653586
5519997654405
5519997655012
5519997659577
5519997663332
5519997667246
5519997667641
5519997672328
5519997675987
5519997677278
5519997679482
5519997683770
5519997684127
5519997685814
5519997686099
5519997688633
5519997695315
5519997701828
5519997703666
5519997705181
5519997705563
5519997710493
5519997713497
5519997717879
5519997717994
5519997723903
5519997726599
5519997737339
5519997738438
5519997741996
5519997743520
5519997744901
5519997746635
5519997747908
5519997750172
5519997750992
5519997753485
5519997754850
5519997760973
5519997771834
5519997773452
5519997775315
5519997775628
5519997779664
5519997783608
5519997786975
5519997788791
5519997789969
5519997790710
5519997790789
5519997814307
5519997814945
5519997818197
5519997823764
5519997825578
5519997827765
5519997827860
5519997828866
5519997830381
5519997831375
5519997832176
5519997841837
5519997845438
5519997845768
5519997847233
5519997863134
5519997865333
5519997872292
5519997872588
5519997878533
5519997881788
5519997885400
5519997889195
5519997894844
5519997896743
5519997900707
5519997903075
5519997903197
5519997903282
5519997903295
5519997903847
5519997903889
5519997907260
5519997910522
5519997911000
5519997911562
5519997913489
5519997917336
5519997917823
5519997922829
5519997922946
5519997927798
5519997927799
5519997928505
5519997928766
5519997930025
5519997930770
5519997937332
5519997937928
5519997938645
5519997938664
5519997940933
5519997943676
5519997946258
5519997946302
5519997951377
5519997951484
5519997953524
5519997953662
5519997954055
5519997956736
5519997958223
5519997958895
5519997960343
5519997961270
5519997962405
5519997963539
5519997964519
5519997969200
5519997971600
5519997973333
5519997975001
5519997979117
5519997979699
5519997979845
5519997980404
5519997983738
5519997985335
5519997991681
5519997992095
5519997998642
5519997998991
5519998004350
5519998005723
5519998007548
5519998009780
5519998011264
5519998012199
5519998015320
5519998015988
5519998017457
5519998022011
5519998023961
5519998025808
5519998026229
5519998027617
5519998028722
5519998029404
5519998042501
5519998042509
5519998042798
5519998049582
5519998049584
5519998049587
5519998049590
5519998049608
5519998049706
5519998052245
5519998054814
5519998055791
5519998056195
5519998060710
5519998060818
5519998065232
5519998068480
5519998069185
5519998084488
5519998085042
5519998085583
5519998085717
5519998087318
5519998088114
5519998088117
5519998089854
5519998094917
5519998097749
5519998100390
5519998114601
5519998114627
5519998114698
5519998117851
5519998118315
5519998122672
5519998123428
5519998126240
5519998126807
5519998132212
5519998135860
5519998136418
5519998137278
5519998139537
5519998142193
5519998143594
5519998145222
5519998147664
5519998148256
5519998149755
5519998151031
5519998154816
5519998156157
5519998157456
5519998158315
5519998159299
5519998160501
5519998160896
5519998163508
5519998166470
5519998169031
5519998171613
5519998173388
5519998176480
5519998179302
5519998180191
5519998181010
5519998181143
5519998183575
5519998185996
5519998186234
5519998186445
5519998191544
5519998191647
5519998199622
5519998203552
5519998204341
5519998204721
5519998208054
5519998208281
5519998210841
5519998216966
5519998217115
5519998221987
5519998222163
5519998223322
5519998223481
5519998224314
5519998224822
5519998229804
5519998230947
5519998231186
5519998233437
5519998233487
5519998233684
5519998234742
5519998241363
5519998248382
5519998255421
5519998262245
5519998263616
5519998263636
5519998265043
5519998265155
5519998266267
5519998270143
5519998282099
5519998282393
5519998283626
5519998284713
5519998285096
5519998286870
5519998287738
5519998287752
5519998287842
5519998289422
5519998291430
5519998292783
5519998292787
5519998292950
5519998298146
5519998302071
5519998303807
5519998307551
5519998309252
5519998309832
5519998314290
5519998317161
5519998320035
5519998320470
5519998320752
5519998322413
5519998325646
5519998328742
5519998330025
5519998331304
5519998331329
5519998336981
5519998344116
5519998349415
5519998350326
5519998361162
5519998373929
5519998374248
5519998378675
5519998380699
5519998380977
5519998383515
5519998384893
5519998385442
5519998386782
5519998391041
5519998392333
5519998394619
5519998399969
5519998401266
5519998412828
5519998414425
5519998414826
5519998415118
5519998416987
5519998417880
5519998419175
5519998420000
5519998426369
5519998431129
5519998431819
5519998434025
5519998438529
5519998439327
5519998447553
5519998465157
5519998465850
5519998473759
5519998474720
5519998475500
5519998480458
5519998484015
5519998484064
5519998484534
5519998488423
5519998490315
5519998491215
5519998493718
5519998494107
5519998496774
5519998499010
5519998504415
5519998516650
5519998522408
5519998522420
5519998524206
5519998542111
5519998542313
5519998543031
5519998545912
5519998549323
5519998554213
5519998555002
5519998558240
5519998561056
5519998562329
5519998566304
5519998573266
5519998580018
5519998582025
5519998584797
5519998587282
5519998595561
5519998596895
5519998603414
5519998607326
5519998608858
5519998613028
5519998615496
5519998625804
5519998627764
5519998641778
5519998644519
5519998644573
5519998644587
5519998651404
5519998666502
5519998666830
5519998671741
5519998671867
5519998672535
5519998677700
5519998682084
5519998685300
5519998686964
5519998687471
5519998689661
5519998689691
5519998689701
5519998717878
5519998721952
5519998725949
5519998730474
5519998739139
5519998739618
5519998741892
5519998746190
5519998753939
5519998769627
5519998782266
5519998790765
5519998797521
5519998808831
5519998809709
5519998811043
5519998820665
5519998848628
5519998849105
5519998851070
5519998854927
5519998856971
5519998859089
5519998862669
5519998863686
5519998868293
5519998868425
5519998868465
5519998868504
5519998868540
5519998869291
5519998870059
5519998874794
5519998876171
5519998879593
5519998883162
5519998883934
5519998888929
5519998889839
5519998891043
5519998891230
5519998891952
5519998892531
5519998897506
5519998902220
5519998906469
5519998914161
5519998916618
5519998921484
5519998924095
5519998934878
5519998935665
5519998948029
5519998950532
5519998951314
5519998951762
5519998965905
5519998966222
5519998966354
5519998966804
5519998967550
5519998968093
5519998972143
5519998973218
5519998976106
5519998977058
5519998977938
5519998979694
5519998990055
5519998994763
5519999002315
5519999003044
5519999016456
5519999016483
5519999018935
5519999021239
5519999023188
5519999023776
5519999042603
5519999050557
5519999053358
5519999055180
5519999057296
5519999061259
5519999061318
5519999065012
5519999065391
5519999070602
5519999074885
5519999086094
5519999093434
5519999095525
5519999096384
5519999098608
5519999111008
5519999114230
5519999120960
5519999121227
5519999126509
5519999127593
5519999129541
5519999136056
5519999138303
5519999144050
5519999166729
5519999171291
5519999173524
5519999174442
5519999174686
5519999174910
5519999176370
5519999178857
5519999179215
5519999191369
5519999193738
5519999196319
5519999201400
5519999205058
5519999207243
5519999213184
5519999218142
5519999225795
5519999227180
5519999228616
5519999228628
5519999235603
5519999235711
5519999236106
5519999236153
5519999236175
5519999237520
5519999247519
5519999252533
5519999252628
5519999265198
5519999272032
5519999272146
5519999289247
5519999289551
5519999292034
5519999295003
5519999297531
5519999307580
5519999312190
5519999317454
5519999317771
5519999318341
5519999340671
5519999342171
5519999344877
5519999345674
5519999346742
5519999347011
5519999355401
5519999379417
5519999383668
5519999383700
5519999391674
5519999394978
5519999399123
5519999404178
5519999410780
5519999417117
5519999427479
5519999443362
5519999444164
5519999445436
5519999456832
5519999459163
5519999466919
5519999468199
5519999469811
5519999470127
5519999471531
5519999471537
5519999474010
5519999483464
5519999501578
5519999502959
5519999506135
5519999513050
5519999514706
5519999520306
5519999528499
5519999537719
5519999546789
5519999549011
5519999551651
5519999555277
5519999558459
5519999559562
5519999560422
5519999560590
5519999570817
5519999572870
5519999600943
5519999624564
5519999627746
5519999629476
5519999632211
5519999632991
5519999641558
5519999643902
5519999643904
5519999655351
5519999656650
5519999661544
5519999662203
5519999663443
5519999663789
5519999663840
5519999663942
5519999664062
5519999664377
5519999678330
5519999689714
5519999698970
5519999700991
5519999702953
5519999703514
5519999706870
5519999708301
5519999715247
5519999722577
5519999723550
5519999727224
5519999753040
5519999759485
5519999760111
5519999774549
5519999775357
5519999776747
5519999777757
5519999780881
5519999782747
5519999783038
5519999791459
5519999792818
5519999794068
5519999795782
5519999804451
5519999805301
5519999823922
5519999825964
5519999826781
5519999830161
5519999835021
5519999843122
5519999847601
5519999850492
5519999850585
5519999851585
5519999852445
5519999856741
5519999861871
5519999863773
5519999865405
5519999867634
5519999868715
5519999869810
5519999881460
5519999886633
5519999886909
5519999903060
5519999903597
5519999908697
5519999910651
5519999917926
5519999922335
5519999928118
5519999931231
5519999935092
5519999942003
5519999945055
5519999950524
5519999956807
5519999961312
5519999961382
5519999968849
5519999970017
5519999975450
5519999979063
5519999980539
5519999981654
5519999981715
5519999982566
5519999989291
5521968457880
5521968607923
5521968999820
5521969489000
5521969590081
5521969590095
5521969590114
5521969590121
5521969590143
5521969590150
5521969590153
5521969590169
5521969590170
5521972960631
5521973072079
5521973658344
5521975108551
5521975394628
5521975805434
5521975925020
5521976295271
5521976295388
5521976299486
5521976322921
5521979214770
5521980508454
5521980773480
5521980991114
5521981919977
5521981981470
5521981981474
5521981981534
5521981981541
5521981981780
5521981981786
5521981981926
5521981982026
5521981982103
5521981982138
5521981982168
5521981982215
5521981982252
5521981982261
5521981982287
5521981982314
5521981982329
5521981982347
5521981982407
5521981982454
5521981982535
5521981982582
5521981982750
5521981982754
5521981982758
5521982069226
5521982813457
5521983270058
5521990135888
5521991194384
5521991196949
5521991310617
5521991395957
5521991530070
5521991626857
5521991961319
5521991964171
5521991964658
5521991967961
5521991971884
5521992032979
5521992156690
5521992240059
5521992353974
5521992635342
5521992680723
5521992777951
5521992867265
5521992977719
5521993036847
5521993165242
5521993183302
5521993370280
5521993453907
5521993649199
5521993910175
5521994020362
5521994077541
5521994078345
5521994078457
5521994078585
5521994078730
5521994078832
5521994078842
5521994171704
5521994214232
5521994214306
5521994214309
5521994214311
5521994214314
5521994289012
5521994293628
5521994346002
5521994419750
5521994452214
5521994483327
5521994514810
5521994515463
5521994515713
5521994515835
5521994547937
5521994549403
5521994549412
5521994680028
5521994800787
5521994800857
5521994807852
5521994816395
5521994934067
5521994943789
5521999947185
5522992093738
5522992093745
5522992093782
5522992455664
5522992684558
5522992687678
5522992773804
5524981158624
5524981278624
5524981532999
5524981606465
5524981606500
5524981606543
5524981606555
5524981606556
5524981606564
5524981606566
5524981606600
5524981606622
5524981606633
5524981606644
5524981606655
5524981606660
5524981606661
5524981606663
5524981721116
5524981721117
5524992170688
5524992176189
5524992198558
5524992233559
5524992429601
5524992702029
5527981036490
5527981851996
5527992239223
5527992358449
5527992438024
5527992438641
5527992439570
5527992743521
5527992987893
5527999709053
5528992564251
5528992564253
5528992710002
5531981086234
5531982039010
5531982041588
5531982073493
5531982277516
5531982318632
5531982707227
5531982829341
5531983028645
5531983037522
5531983044533
5531983046132
5531983055398
5531983061347
5531983061694
5531983064935
5531983074614
5531983116389
5531983353690
5531983429627
5531983448665
5531983559676
5531983617689
5531983817072
5531984012144
5531984012219
5531984019549
5531984028943
5531984030943
5531984034526
5531984046688
5531984047435
5531984048377
5531984049154
5531984053654
5531984056086
5531984057916
5531984064855
5531984064871
5531984064948
5531984065541
5531984077579
5531984077845
5531984078196
5531984081808
5531984083899
5531984090973
5531984094279
5531984096033
5531984100273
5531984115389
5531984117921
5531984119894
5531984120500
5531984121683
5531984121709
5531984134796
5531984134941
5531984136862
5531984137188
5531984138121
5531984155333
5531984164010
5531984165570
5531984166566
5531984182266
5531984191770
5531984200336
5531984210908
5531984261007
5531984270828
5531984271699
5531984279498
5531984281055
5531984290274
5531984313849
5531984338667
5531984360231
5531984364693
5531984366888
5531984369139
5531984394807
5531984395200
5531984402490
5531984439885
5531984442702
5531984461579
5531984466719
5531984473470
5531984473822
5531984483316
5531984494251
5531984530168
5531984562041
5531984562071
5531984562150
5531984562587
5531984652250
5531984727570
5531984729714
5531984761232
5531984761343
5531984853091
5531984853350
5531984853469
5531984853774
5531984876274
5531984970565
5531991147139
5531991157119
5531991157966
5531991158094
5531991159842
5531991169424
5531991171869
5531991172894
5531991234961
5531991443181
5531991635598
5531991986139
5531992600067
5531992967496
5531999966934
5532984023728
5532984024196
5532984122738
5532984186400
5532984212437
5532984251399
5532984303369
5532984327706
5532984346576
5532984394471
5532984540634
5532984545787
5532984907750
5532984908016
5532984908179
5532984910406
5532984910657
5532984911554
5532984911797
5532984911897
5532985083196
5532999919119
5533984126700
5533984144835
5533984263034
5533984381062
5533984533292
5533984549704
5533984551350
5533984551684
5533984554620
5533984555057
5534984006785
5534984008880
5534984020335
5534984042711
5534984064644
5534984065514
5534984065941
5534984069589
5534984097271
5534984111351
5534984129506
5534984129626
5534984134103
5534984146188
5534984151888
5534984154302
5534984172356
5534984181972
5534984236455
5534984259640
5534984315481
5534984315498
5534984315514
5534984315566
5534984315572
5534984315573
5534984315589
5534984342967
5534991186829
5534991843667
5534991998887
5534993208259
5535984016686
5535984031046
5535984032621
5535984039980
5535984061694
5535984061836
5535984061897
5535984065044
5535984136613
5535984163257
5535984227140
5535984231656
5535984246841
5535984270159
5535984270862
5535984272348
5535984282760
5535984386227
5535984386452
5535984392740
5535984471918
5535984472196
5535984568078
5535984592647
5535984671752
5535984671922
5535984674973
5535984675129
5535984675345
5535988124446
5535991250209
5535991358225
5535991612228
5535992205085
5537984025278
5537984058451
5537984100885
5537984100901
5537984100924
5537984101473
5537984183330
5538984080527
5538984268375
5538984268640
5538984268690
5538984268694
5538991153011
5541984759896
5541987088502
5541987118243
5541987437620
5541987438407
5541987438408
5541987564709
5541987587692
5541987594954
5541988031387
5541988048756
5541988179823
5541988213274
5541988215509
5541988348675
5541988348758
5541988413242
5541988546451
5541988547905
5541988587916
5541988588246
5541988588994
5541988589486
5541988673102
5541988673686
5541992719990
5541996910057
5541996910066
5541996910080
5541996910123
5541996910124
5541996910125
5541996910130
5541996910134
5541996910142
5541996910145
5541996910146
5541996910149
5541996910155
5541997420094
5541998091349
5541998303000
5541999437073
5541999580043
5541999580340
5541999767081
5542988227832
5542988232661
5542988756988
5543984761919
5543988021632
5543988023353
5543988036344
5543988080115
5543988092386
5543988094033
5544988127599
5544988162296
5544988250050
5544988250091
5544988250182
5544988324003
5544988367630
5544991136632
5544991429710
5544991663898
5544999440015
5545988254005
5547984974696
5547988021284
5547988053048
5547988055455
5547988055469
5547988058831
5547988221965
5547988232419
5547988234019
5547988237914
5547988331636
5547988331639
5547988332480
5547988848971
5547992338808
5547997181773
5548988121361
5548988255786
5548988347950
5548988362264
5548988424865
5548988425581
5548988425584
5548991419606
5548998495000
5548999197532
5548999220505
5549988125027
5549988338510
5549999846128
5549999898899
5551981452834
5551981822003
5551983378584
5551983378685
5551983378687
5551984246643
5551984246646
5551984247615
5551984247625
5551984247693
5551984247855
5551984255510
5551984449819
5551984449820
5551984449821
5551984473962
5551984474031
5551989069805
5551989073750
5551989140129
5551991147078
5551991214242
5551991576286
5551991581806
5551991591942
5551991749273
5551991874115
5551992033922
5551992064205
5551992086018
5551992168950
5551992183964
5551992185156
5551992392674
5551992515133
5551992764159
5551993087532
5551993406160
5551993992539
5551993992560
5551993992562
5551993992566
5551993992567
5551993992593
5551993998771
5551993999113
5551993999124
5551993999149
5551993999205
5551995581698
5553991397333
5553991445068
5553991551305
5553991551855
5553991557924
5553991660708
5553991835637
5554991004668
5554991042634
5554991063579
5554991292978
5554991384193
5554991451850
5554991463522
5554991503794
5554991525662
5554991617409
5554991639702
5554991852730
5554991912865
5554991912888
5554991912890
5554991912898
5554991912903
5554992067632
5555991318634
5555991318646
5555991318658
5555991578436
5555991644478
5555991758951
5555991811734
5555991811847
5555992161022
5561981164913
5561981164914
5561982730116
5561985300222
5561991044401
5561991172990
5561991228562
5561991842099
5561991842139
5561991842153
5561991842159
5561992731343
5561992828553
5561992876050
5561993330274
5561993330281
5561993330294
5562981113079
5562984580487
5562986317525
5562986321847
5562991720464
5562991809979
5562991809985
5562992035844
5562992036316
5562992044319
5562992173372
5562992180210
5562992234231
5562992238923
5562992555277
5562992708622
5562992825501
5562992910044
5562994037622
5562998142011
5563992080922
5563992171354
5563992171359
5563992171381
5563992187668
5563992216212
5563992216273
5563992235255
5563992277184
5563992410200
5563992410626
5563992411147
5564996999575
5565992088841
5565992173551
5565992181913
5565992284926
5565992428806
5565992428821
5565992428863
5565992428879
5565992428882
5565992428897
5565992428899
5565992512192
5565992512215
5565992512223
5565992563678
5565992563852
5565992806481
5565992807960
5565992888019
5565992891803
5565993077872
5566992348157
5567981578710
5567991010110
5567991240278
5567991290024
5567991570670
5567992029261
5567992263925
5567992268756
5567992458429
5567992458430
5567992458431
5567992502814
5567992544638
5567992890334
5567992979282
5567992979465
5567992979644
5567992979963
5567999250991
5568992284656
5568992820543
5569984038292
5569992241408
5569992241415
5569992241482
5569992241485
5569992298389
5569992584898
5569992585192
5569992585525
5569992587042
5569992836475
5569992836855
5569993612597
5571981126640
5571981141057
5571981255194
5571981255819
5571981267062
5571981887889
5571981970600
5571982016784
5571982017976
5571982018949
5571982019161
5571982186634
5571982187877
5571982215745
5571982558804
5571982559702
5571982799624
5571982958954
5571983482378
5571984214555
5571984215917
5571984216477
5571991911776
5571993440329
5571999194363
5573981240044
5573981240171
5573981240382
5573981240608
5573981337608
5573981431961
5573981770069
5573981792210
5573982257420
5573988151247
5573988554350
5575981159224
5575981159664
5575981159901
5575981336869
5575999015878
5577981046377
5577981152001
5577981160683
5577981160988
5577981170667
5579981190460
5579981244169
5579981310318
5579981310460
5579991228120
5581991087943
5581991371346
5581991410174
5581991473020
5581991733446
