COD;CLIENTE;CPF;Celular
127522;JULIO;29907136620;5537999290164
127595;JESUS;21025045653;5532999064890
127605;ANAIR;92868401953;5548984122781
127761;JOAQUIM;26248034672;5534999547415
128000;NEQUINHAS;91769825991;5544984293344
128326;JUVENCIO;02640826301;5598991514039
129156;ZENIDE;64679098015;5554999194380
129173;MARIA;68522487472;5581993568358
129751;SEBASTIAO;23391642734;5524999157762
130141;MARIA;90893026115;5565993113660
130203;SANTINA;33008086004;5554996867591
130557;CARMEM;16709758869;5516991750371
131133;JOSE;03319836994;5546984049825
131477;GLAUSI;24956686900;5546991206636
132551;CLEIDNILSON;43859429191;5562996650604
133871;IVANILDO;97287385872;5511992264739
133889;SEBASTIAO;03619052468;5581989432781
134628;EVA;12270645863;5515998476257
134705;EDNALVA;51996987100;5564992751230
135366;EVA;62246852900;5546984194824
135413;EUCLIDES;60361344015;5555999528240
137665;TEREZINHA;00878020152;5566996480693
138621;MARILU;13942565234;5569992609050
139744;FRANCISCO;18629520604;5538999662299
140982;IOLANDA;41727614020;5555984464559
141456;MARIA;09278847801;5517997552803
142960;EPONINA;26023644104;5562984668620
143185;VALDEMAR;30905672020;5565999377734
143192;LUCIENE;00255244100;5566984538025
145039;ARLENE;41284232387;5599992317999
145634;MARIA;02895026408;5581991804975
146445;IVON;36425443120;5561999288476
146979;MARIA;93483333720;5521987376720
148108;ADEVAIR;51118068653;5534988530956
148380;IVONE;73743275015;5551997348589
148613;JOSE;02846756104;5569999670951
148805;RONERI;15675459200;5596991890166
149161;ANA;34209948500;5577988848634
150208;MARLENE;44625928168;5567984570368
150268;EVA;00412441098;5551998182225
150469;ELISEU;84695315734;5522998820366
150857;ILZA;37147030044;5551992925451
150932;VICENCIA;77066553187;5562993272897
151121;ELIDIA;59504455620;5537999676220
151270;ERONIZA;00259315125;5567996697880
153090;JOSE;58188053600;5531987818825
153346;ANTONIO;11891858068;5551998220976
153435;SONIA;52135144134;5562999242960
153524;GERALDO;00384465706;5521993788006
153686;MARIA;07531492814;5512991539672
154596;MARLENE;20759738300;5599988098888
156690;ISAURA;26559229807;5518996271951
156832;VALTAIR;55869041015;5554991246588
157137;IDELEIA;56840748049;5554910037902
157205;MORENO;92196713520;5573999145058
157351;MANOEL;57103356815;5581981955727
157389;ODELCIO;08007136053;5551999821836
157814;MALVINA;04721527187;5564984617736
157841;NATALINA;07413804719;5528999450191
158507;ROSIANE;48209627287;5593991804338
158574;TERESINHA;22579400320;5598999664640
158715;APARECIDA;60169460878;5514998254559
158852;VALDECIR;80950337900;5566996623302
159160;EULALIA;05111000860;5513988767485
159497;RAIMUNDA;31007244372;5585992550390
160176;MARIA;90369890604;5533999833362
160259;ANTONIA;58094792272;5591993813646
161833;ELZA;10109684168;5562996176707
162291;GERCINO;41626656134;5561993962705
163145;MARINEIDE;86069845153;5566996435856
163702;ANITA;21365709787;5522997208529
163921;SEBASTIANA;00514254670;5531910216509
164700;ANTONIO;08125384987;5543991584671
165683;TEREZINHA;04928598172;5562992988190
166200;HELENA;24727725134;5564993284853
166316;MANOEL;44584318620;5534999380300
166781;BERNADETE;24783485860;5519996190496
167060;EUNICE;94764000130;5564996274191
167204;TEREZINHA;77783212972;5547992252599
167671;ANA;68918380100;5565993242694
167848;ZILDA;93022573715;5528999388880
168142;ROMERIO;74986546520;5577999296323
168343;DIRLEI;39226387087;5555991130274
168397;CICERA;02950229301;5588988584858
168463;ITAMAR;43665586100;5567999380903
168615;ANA;38474450497;5582991362073
168634;ISABEL;46567534591;5577999317381
168757;ALBERTO;31325246115;5567999500325
168861;TEREZA;10000024899;5515997439216
169994;MARIA;34541160315;5599991224625
170894;THOMAZIA;01928570534;5571985111757
171063;NOELTON;34737090182;5564992667165
171079;IRANI;50215736168;5567999794227
172361;ODILA;34118551004;5563984577133
172499;FLORIANA;30735670110;5562996752263
172903;JOAO;43406327672;5564999854122
172986;ANA;01504445910;5549991198337
173003;ZEFERINO;23404078004;5555999944014
173456;CINIRA;00522220630;5531989580314
174190;ELINETE;01488761370;5598910000315
174452;MARINA;03469006628;5531983574536
174832;JULIA;01719967121;5564984456656
174846;ELIDA;24170100034;5551997227571
175465;MARIA;11990963854;5518991355993
176924;RAIMUNDO;00815055153;5561981294933
177018;ROSEMEIRE;21608767809;5519991816185
177603;ROSE;14880735892;5513997381559
177674;EDNEIDE;43046630468;5584991293179
177680;ROSA;72309385034;5554996701310
178214;NEIVA;91558549072;5554999716916
179083;ANESIO;11349930059;5551998288898
179181;MOACIR;17435323187;5562985266917
179682;MARIA;64855244104;5563999560105
180636;MARIA;54246245968;5549988558659
180763;ILDE;01870227808;5517996018875
181485;IRINEU;75638894853;5568999078194
181542;DANIELLA;02781380636;5534988280424
184022;JOSE;62654080625;5537998146566
184162;CIRENE;44702035720;5524999544771
189086;JOSE;78258960687;5533999949029
189601;NEUSA;09637908897;5518996145128
189967;LUZIA;35788186668;5537999999161
190443;ADELIA;76369757772;5527999181281
190787;GEILSON;05193800530;5579999065729
191158;AGENOR;13976893153;5567998888387
191657;ANASTACIO;36390810644;5537999830926
192101;ADIMAR;75908492604;5511957556367
192127;IVONE;16069056515;5571983265672
192196;ZULEICA;02857839553;5571988517796
192516;MARISA;49432036049;5549991630895
192615;IVONE;91735823015;5566999649055
193478;ISALTINA;22338659104;5564996265809
193526;VERGILIO;11703083768;5527998362580
195185;INACIO;92125174120;5567996979786
196301;OSVALDO;81533373949;5515981618406
196415;LEONILLA;56248784000;5554996180698
196887;LURDES;16980149881;5517996292096
196971;MARGARIDA;16425096802;5511972637463
197753;LAZARO;27189406115;5567999048635
197785;ANTONIA;57023077120;5565992731431
197907;JULIA;18961851268;5591993316213
198297;CLAUDIONOR;52293513815;5519993209652
199169;VILMAR;05928220952;5547984695851
199402;FATIMA;62775820034;5551991330619
199504;DEUZENI;78272599104;5563999974086
199639;MARIA;56374801687;5532999592468
199979;EPIFANIA;43668909172;5567999367318
201878;VLADIMIR;02100982877;5515997720499
202051;MATILDE;24851013884;5518991752838
202111;MARIA;64705412087;5551996244936
202248;MARIA;34453857691;5531910043377
202457;ROSA;03598464835;5512997750226
203052;MANOEL;07003536234;5595984080124
203078;OLIRIO;21173257934;5566996181093
203095;SALETE;82906068934;5551998894189
203109;LUCIA;67412327020;5551998550614
203296;CARLOS;93517564672;5532998360655
203612;MARIA;16222652115;5595991410287
203917;MARIA;09181290870;5511998013937
204553;JOSE;44990731972;5541984403063
204725;CEZARINO;32631960149;5566997203050
204868;NARCISO;28053176100;5565999375524
205877;CARLOS;91361800682;5531999479351
206910;FRANCISCO;41427157472;5538999657251
207624;JOSE;19601271449;5581988788208
207947;MOESEIS;86135350978;5544991630296
208042;EUNICE;79560385100;5562996686648
208127;SERGIO;32546777149;5567998801852
208658;MARLENE;01546820710;5528999653812
208993;MARIA;24755242860;5516997093843
208999;CLAUDETE;39475280944;5546991155399
211899;ANTONIO;03825758818;5511973830814
212041;MARIA;58326200468;5581988195068
213701;LENI;92324860163;5567999725542
213866;DOMINGOS;67141706615;5538999547115
213979;LUCINEY;01164569147;5567996675972
214044;NIUZA;04974568698;5535998494818
214815;MARIA;53480112900;5514996637070
214917;OSMAR;56794193604;5511973627569
215078;DIOGENES;08676810206;5591996319903
215199;FRANCISCO;68235330210;5568984043905
216686;MARINES;95663380078;5555999569024
217715;TAMAE;10590774859;5515997754748
218215;VITALINO;05215779694;5561996601697
218232;VALDIVINO;74706152887;5516991245525
218459;MARIA;76566900691;5511958265191
218847;MARIA;91192595300;5585992219894
220797;GUIOMAR;36788236615;5538999522997
221338;LUIZ;97007706720;5528999461088
221983;DEOLINDA;00312790155;5565999646768
221999;HELENA;09700857883;5511971359237
222027;MARIA;00040201546;5571981901960
222888;ROSENILDA;78957044353;5585984359224
223267;MARIA;60498927091;5554999383573
223480;SERGIO;20646720104;5565999174735
223503;GILBERTO;32509740059;5554991388060
223970;MARIA;92435548753;5524988375953
224104;ELISA;46682201834;5535984236826
224151;DIVINA;14057662987;5538988053612
224705;SONIA;66882680000;5553991627144
224739;IVANIR;00069134669;5531986191566
224762;VITALINA;89795393120;5562999915807
224905;MARIA;03902231661;5535910086078
225448;ANA;23879084653;5535999797605
225596;MARISA;05072960870;5512997254453
225610;OTACILIO;55014160182;5566996160989
225634;ODILIA;10514483873;5519992589252
226105;ENIR;59049650791;5521992309812
226189;IRENE;16441852888;5511998388659
226374;REGINA;27968228859;5518997259594
226404;REGINA;34526838772;5521983941115
226845;ANTONIO;02735180115;5567984059711
227831;MARIA;12285667809;5511973405530
227888;JORGE;10808047817;5519994087025
228209;ANIZIO;26579995068;5551997219311
228258;MARIA;75911051672;5533999494230
229148;JOSE;17543576600;5537998558540
229601;LUIZ;59875518620;5531993568710
229818;LUZIA;45352020100;5566996535533
230859;NELI;37872605287;5594991618726
230919;JOSE;01546724672;5531984033364
231054;ROSANA;05257750996;5544984628959
231270;BERNADETE;24131180120;5565999331088
231617;BRUNILDE;89509919004;5551995538698
232347;CARLOS;37612506653;5535999075322
232491;MANOELINA;55930786100;5565999727402
232555;ADEMIR;82026106800;5519987417610
232879;MARIA;54921090653;5535999068593
232913;CARLOS;40162214553;5574981125412
232919;LUIS;38691779934;5549910027922
233050;RENATO;80790119900;5547988355464
233861;MARIA;36814318504;5577999931212
234259;ELIANE;05367622607;5535997536243
234836;MARIA;67229760682;5534988002287
234892;ADIVALDO;85081280887;5519997092578
235075;ANA;11844523187;5562992952024
235496;VILSON;45458502949;5548984259380
235945;GRAZIELA;88855147153;5565999922616
236412;RONILDO;26610094187;5566996705783
236421;NAIR;92243380110;5566999861244
236450;JOSE;78259320800;5513988198502
236464;EGIDIO;22531130934;5567996463277
236479;JOSE;53204620182;5565999247340
236730;VALENTIM;08811235871;5517997540930
237206;SUELI;15055240830;5511968584970
237793;JOSE;13485263869;5511959173290
237810;JOAO;02760174638;5533999581051
237812;JOSE;07870362859;5533988985184
238605;VALDIR;14510863691;5564999754273
238836;JUAREZ;52015955020;5551999981474
239156;MIGUEL;03456834802;5511992008301
239470;ALVARO;35718226091;5555996956082
241015;GERALDA;78523656634;5533999379004
241342;LOURIVAL;26365464134;5562999536917
241378;MARIA;46275762691;5561999610489
241536;JOSE;00526754168;5569985017948
242291;CARLA;07260724609;5533988160398
242389;MARIA;50178474053;5567999756511
242701;ANTONIO;36920940949;5567999793606
243010;ADELAIDE;48153419587;5574998025326
243657;INEZ;43856837949;5542991282626
244133;ANA;05829700832;5517991297291
245123;VERA;22188088620;5531986801807
246050;GASPARINA;80087787687;5534998286527
247633;GERALDO;66771358615;5537999651572
247910;JOAO;14918900291;5591991363430
249219;JOAO;26249316868;5519998150728
249334;ALCIDES;57629153791;5527999478328
251807;RONALDO;24926943808;5512997225866
253053;FRANCISCO;00455718644;5537999610854
253684;NEUZA;10296018287;5591910018043
255617;UMBELINO;25961373720;5522998038058
257421;MARIA;02783478609;5531999402306
257558;ANA;93694172149;5567999982110
259159;MARIA;66894220034;5555991203898
260924;ROSIMAR;47301996420;5587988167852
261384;CARLOS;37390759615;5531999357678
264684;NEREU;34476180191;5566999055542
265645;MARIA;03227708906;5545988062181
267006;HILDA;10557168821;5515996017067
268603;RENILDA;94828628991;5547991566058
269042;AROLDO;07591408801;5519998983526
269115;JOAO;52721450620;5534988045512
269246;EVALDO;10715096168;5565984797006
270241;RONALDO;25727508649;5531986361958
271116;ANGELO;71631674820;5519997934269
271734;JOSE;00370255623;5531987450766
271900;AMANDIO;28456343072;5555997196755
272354;WERNO;11309512000;5551995323542
273499;SADAYOSHI;98423592804;5535999516137
273851;NATALINA;65224175704;5527997144137
274187;MARIA;04358760821;5535997463689
274343;JOAQUIM;69322945672;5533998108362
275197;ADNEI;83715428104;5566984143304
275240;AM?LIA;72346388653;5532988854493
276010;EMILIA;59868520100;5564984037298
276412;MARIA;07318503782;5527998134728
277481;JADILSON;58337830115;5567998400307
277557;MANOEL;87781328868;5511969736488
277842;GRACIEMA;05284717678;5535999014149
277932;NAIR;99625504834;5514996129310
278123;LAZARO;10154523615;553534840448
278193;ROSMARI;84182806115;5567996116174
278558;ANA;36058700906;5513997749894
278868;SAIURE;04674813344;5598987382404
279672;JOSEFA;70041989600;5534999894752
279777;JOAO;33136726391;5599984160478
281336;MARIA;61296740153;5564984552545
281601;IVONE;46818987087;5555999311863
281907;TEREZINHA;22363637453;5511989494167
283065;DERCI;09574220087;5551996879657
284659;SHEILA;31158668287;5511997035470
285372;MARILZA;80856934291;5597984138645
286073;FRANCISCA;14157909810;5512988968754
286095;MARLUCE;35440163468;5583993087454
286348;JOSE;15875997753;5521981396120
286939;JAIR;18421164600;5535998681125
287068;SEBASTIANA;77559037615;5531988339815
287285;ANA;34296808168;5562992396151
287700;ISOLINA;28896642876;5513997353560
287754;MISAEL;07141246134;5564992054689
288167;JOSELIA;20563043334;5598988071211
289580;HILDA;88402126634;5531995556969
289808;MARIA;01359687122;5562996446381
289915;IRACEMA;44120877000;5554996476560
290011;GERALDO;90447000659;5535999616128
290187;ENEDI;33067716191;5563999841727
290410;MARIA;59602295287;5594992745011
290894;ISALETE;83259376968;5547984674060
291568;MARIA;52944999320;5599984112274
293134;HELENA;01974801870;5511943891882
293638;LUDOVICO;41532716915;5547910048454
293683;JOSE;08540492822;5511930431718
293976;IRIS;00348466625;5533999987438
296765;CELIA;12360691880;5519998896868
297140;EDNA;02180025998;5545988216548
297524;JOSE;06016583537;5577981383146
298379;ZULMIRA;85017434968;5549988324159
298606;TEREZINHA;35926698855;5535999138443
298665;MARINA;10653586795;5527996050404
298737;OLIMPIA;40899381391;5599999032374
299193;MARIA;45550670615;5531986534092
301182;ROQUE;65988094015;5555996891372
301197;CARMOSINA;88376567500;5575988336639
301329;NALDINA;95522573953;5546991274146
303717;CLEIDE;61674729120;5566984651536
303792;OBEDULIA;26967669168;5562999208428
304002;DERIVALDO;55812562504;5579999132396
304229;WIDSON;22054465844;5533999363718
304522;ARNALDO;08325634553;5575988881074
306015;GLORIA;10362404879;5519991186447
306828;MAURICIO;23380195804;5517996510197
307106;VERA;41699779805;5517992701832
309065;DURILIO;00051689960;5546991247135
309105;SEZARIO;01889330850;5519982253866
309134;CREONICE;73453838572;5573988422565
309682;ISRAEL;36584606872;5511950689797
310496;LENIR;89599829972;5547988865010
313851;GILDA;30233072888;5514998425467
315163;ARGENI;29215544100;5564992828429
316042;ALTAMIRO;33969353653;5535987088848
316498;AFONSO;10761529888;5519999706706
317072;ALEXANDRE;33885253828;5511964004666
317388;LUIS;07630662300;5563992140224
318042;GENESIO;41838858687;5533999613057
318671;MARIA;79504094600;5531985516204
319294;RONALDO;96734205800;5563985001884
320178;PERSEU;00470678100;5562999792254
335420;JOSE;50724525653;5531995237216
353755;CONCEICAO;96144041672;5531996639569
5141;ARNALDO;44107617149;5562999663010
7459;INACIA;52224716591;5575998626506
10590;TISUKO;41237172845;5515997036230
12083;MIRACI;81210140934;5549988351412
13228;ERLY;02209658977;5548985014920
14488;MARIA;31514600110;5562991193178
14658;IVONE;58898190034;5554996231550
14678;RAIMUNDO;05400694500;5531999046673
15763;MARIA;22883924104;5562985613337
15907;JOVANILCE;04398594922;5544991390586
17446;ROSA;95241817700;5527999432519
17593;JOSEFA;11328157890;5511995426027
18167;CELSINA;73707139549;5577999703492
18237;LUIZA;36426911704;5527999810010
19419;MARISETE;84619880191;5565999583686
19881;ANA;16906764187;5565984115180
21954;CONCEICAO;60833939149;5544984351234
22036;ALBERTO;37015974720;5521999997766
22428;APARECIDA;62588940897;5517997515397
25340;DILZA;02228795801;5511972421943
25462;LUIS;05414239835;5519998385394
26625;MARIA;63736896620;5532988865314
26700;ANTONIO;03131343249;5511991729935
26962;DULCE;04486738861;5512996760077
30084;MARLENE;01536185906;5541985339356
30278;TEREZINHA;58821783120;5564996525009
31274;MARIA;86847678100;5566999423966
34004;MARIA;23921382491;5581992607635
37409;RAIMUNDO;66889073304;5585985302682
37575;ADENAIDE;87424835220;5594991261190
41683;MARIA;04629947833;5528910036133
45089;ISMAEL;10423796704;5522999427011
48077;VANIR;93185766091;5551997468812
50077;MARIA;04772726659;5535988775304
55624;DALVA;01408132761;5521984559259
55883;VANDA;02886242624;5535999625145
58426;DEVANIR;44548818715;5521974893196
58489;NATALIA;58256946504;5575998072291
58993;LEVINA;53953029053;5554996655755
59226;BERENICE;44256655204;5511969804870
59233;LIEGE;50970216904;5547988446868
60053;LEONORIA;86705148772;5527997227036
60260;TEREZINHA;88238679087;5554999132724
60313;MARIA;45037400759;5527999224449
60337;MARIA;88715035115;5566996322604
60461;MARIA;00002266105;5564999027250
60517;SANDOVAL;03995291104;5563910031161
61542;LAURITA;29496420125;5562999581866
61857;GERALDA;90867793104;5562994892709
62446;ADAIDE;54410444972;5541984213356
63665;MILTON;40138933715;5531985865243
64573;ZILDA;21008744115;5561994293957
65017;RAIMUNDA;18473750225;5594992338169
65553;RAIMUNDA;44737114120;5567999483552
66374;OTAVIO;10301054991;5547910101702
66417;ROZANGELA;02766587608;5535998342739
67208;CARMEN;10886796172;5567999734083
67831;MARIA;47204966600;5531989592005
68667;MIGUEL;08398003634;5531971105891
69228;PEDRINHO;12160261149;5561996666459
70819;VILMA;92181627134;5565996045920
70876;PAULO;39593800620;5519993598921
70931;MARINA;51328860868;5517996564192
72439;APARECIDO;28576764687;5535999240085
72457;MARIA;98312405100;5563992633192
73635;CLEONICE;50490320678;5534998409776
73848;MARIA;31616488115;5561995838590
73990;ARLINDO;72588535887;5518997334740
74061;BENEDITA;51653516615;5535998342643
74547;AECIO;60686146204;5569999891394
74633;MARIA;36141895387;5561999352510
75253;MARLI;55720935720;5528998827182
76155;IVANILDE;48837377134;5561986512509
76472;ANA;26493373549;5579998969402
76569;JOSE;07766955687;5532910030030
76906;OLYNTHA;03947521120;5518997444719
78708;MARIA;07388296840;5587981665856
78828;TEREZA;24377767968;5566984610012
79271;LIANE;49053850082;5551995727304
80044;NATAL;28413318149;5566996464663
80129;ANA;93869851449;5584988877200
81352;MARIA;71000518272;5568992234534
82651;MARIA;02423427603;5532999989545
84949;IVONE;05016372900;5541987604469
85759;HELOISA;58387080691;5531998527893
86170;IRACEMA;42225833249;5569993902277
86669;JUDITH;01472206967;5544984628209
87193;SEBASTIAO;40167615815;5512997783344
88789;ANTONIA;98377850044;5551996173863
88968;MARIA;10136576249;5569992451062
89115;LURDES;56328702949;5551998049440
89205;EDITH;38033372753;5528999853145
89216;ANA;33437619829;5514991816805
89985;NAIR;65753330606;5535999663058
90001;ANA;89968166634;5534999409328
90737;ALTARIDES;28241991720;5573999991404
92124;MARGARETH;45117640420;5583991811555
94977;OTILIO;05746400106;5561984428429
95148;MAURI;11111275149;5567992636868
96170;MARIA;42706300272;5591988707005
96393;SIDNEY;93116489572;5571996481405
96506;JAIR;45299625987;5577999545135
97007;SILVIO;64410480944;5541992291429
97674;VILSON;31945406020;5551989090427
98559;FLORANI;46576967187;5511980498198
100056;MARIA;32576099149;5566996337018
100511;ONOFRE;15371433953;5511944835290
101065;JOANA;99306379153;5564999192658
101760;EDNALVA;13215062879;5514997330035
103974;EVA;09825049855;5517996780231
104397;MARIA;69145768315;5588992216568
106172;MARIA;54522269153;5565992212155
106538;MARIA;35978473072;5551994231837
108734;SANDRA;15812769826;5567996392629
109091;JOANA;07822885618;5511974946746
109677;ZEMELINA;52359077953;5545988253014
109985;ARNO;40104320982;5549910024646
110401;THALES;05878516780;5521988679004
110712;ADEMAR;16093941191;5562992950363
111057;INEZ;16089243191;5562996488646
111659;LAZARA;13279947120;5564992641917
111755;JOAO;33240752700;5547988771508
111768;ANTONIA;73390275215;5593984160144
112102;LUZIANO;01821830172;5599988078802
112134;NELSON;81048521672;5537988259977
112255;JAIR;27415422015;5554999045668
112811;ANA;72677090287;5591999926970
113038;MARIA;22853308200;5591992133328
113130;MARIA;02351911911;5544991358846
113383;CLAUDIOMIRIO;59765585004;5554999183616
113638;CAROLINA;62905007168;5562984541893
113767;RUBENS;02673728767;5524999694822
114479;MARIA;02837376620;5532984487327
115018;HOMERO;15220532049;5555996610091
116263;ENOCH;06719478850;5518997262155
116439;NAIR;55908675172;5567991040241
117438;MARIA;73425435434;5511998446744
117940;MARIA;55966993734;5528999078872
118120;LUZIRENE;66792720330;5594992110391
118257;EVALDO;08715254020;5551999772985
118321;ISALDINA;03169592785;5527996480015
118370;ZULEIDE;06333311391;5598999858967
118413;BALBINA;23199733115;5564992496920
118824;DOMINGAS;42603315153;5562999476355
118935;ERCILIA;01763128970;5542988398819
119495;ANA;71733272615;5538998737121
119586;ARLINDO;23928743953;5544988188516
119657;MARIA;46088130130;5566996381767
119935;MARIA;11101023805;5518997398076
120452;FATIMA;56922531191;5567996845511
120547;MARIA;05369599602;5531986336159
120711;OSMAR;03943488004;5551999205024
120798;DIVANEIDE;17865204604;5538999720527
120995;DEOLINDO;22386742920;5548984400359
121016;MARIA;66980054015;5551997354988
121569;OZIEL;97152315868;5513996067413
121855;MARINA;72052406115;5565999678662
122193;IRACEMA;61285340078;5554996197371
122893;ALAIDE;24208248220;5569999464381
123135;JOSE;79443974304;5585992474461
123387;MARIA;47646632104;5561998528104
124209;MARIA;64656632600;5531996815018
124582;IVONE;78795265015;5555999476429
124647;JOSE;28171063500;5573981396333
124846;DULCE;03825451844;5562998274380
125330;ANANIAS;78878624772;5527997912603
125475;SEBASTIAO;14653435391;5593999789709
125490;JOSE;51283808234;5595991131874
125900;NELCI;80721958672;5534988518981
125908;CUSTODIO;47521619668;5533984233570
126411;MARIO;63378264691;5532984435752
127246;ADORCINA;58079718172;5538999989083
127280;MARIA;74170783034;5555991130918
