5519994058710
5519994058769
5519994059100
5519994059147
5519994059200
5519994059439
5519994059995
5519994060045
5519994060272
5519994060313
5519994060513
5519994060760
5519994060841
5519994060964
5519994061094
5519994061134
5519994061267
5519994061374
5519994061430
5519994061456
5519994061515
5519994061708
5519994061781
5519994061869
5519994061923
5519994062144
5519994062197
5519994062252
5519994062304
5519994062361
5519994062500
5519994062576
5519994062680
5519994062948
5519994063030
5519994063060
5519994063214
5519994063274
5519994063302
5519994063485
5519994063619
5519994063904
5519994064284
5519994064447
5519994064465
5519994064499
5519994064554
5519994064805
5519994064865
5519994065033
5519994065940
5519994066027
5519994066089
5519994066226
5519994066322
5519994066567
5519994066667
5519994066681
5519994067066
5519994067097
5519994067103
5519994067432
5519994067447
5519994067622
5519994067678
5519994067799
5519994068233
5519994068302
5519994068409
5519994068631
5519994068726
5519994068734
5519994068816
5519994069066
5519994069107
5519994069205
5519994069455
5519994069493
5519994069620
5519994069763
5519994069806
5519994069874
5519994070094
5519994070632
5519994070801
5519994070884
5519994071324
5519994071390
5519994071398
5519994071655
5519994071739
5519994072383
5519994072518
5519994072677
5519994072835
5519994072847
5519994072857
5519994073030
5519994073262
5519994073568
5519994073688
5519994073726
5519994073944
5519994073983
5519994074670
5519994074742
5519994075178
5519994075332
5519994076041
5519994076080
5519994076085
5519994076195
5519994076335
5519994076345
5519994076394
5519994076555
5519994076564
5519994077105
5519994077171
5519994077201
5519994077224
5519994077497
5519994077589
5519994077669
5519994077699
5519994077786
5519994078422
5519994078780
5519994078826
5519994079278
5519994079350
5519994079652
5519994079740
5519994079818
5519994080224
5519994080440
5519994080609
5519994080706
5519994080815
5519994080894
5519994081040
5519994081556
5519994081811
5519994081862
5519994081878
5519994081922
5519994081936
5519994081966
5519994082070
5519994082098
5519994082107
5519994082288
5519994082388
5519994082550
5519994082746
5519994082923
5519994083614
5519994083843
5519994084040
5519994084179
5519994084185
5519994084213
5519994084257
5519994085271
5519994085305
5519994085347
5519994085411
5519994085427
5519994086212
5519994086224
5519994086225
5519994086246
5519994086249
5519994086252
5519994086262
5519994086286
5519994086782
5519994086861
5519994087084
5519994087233
5519994087848
5519994087856
5519994087863
5519994087865
5519994087898
5519994088073
5519994088201
5519994088338
5519994088529
5519994088561
5519994088592
5519994088623
5519994088651
5519994088818
5519994089124
5519994089180
5519994089332
5519994089378
5519994089544
5519994089572
5519994089872
5519994090316
5519994090610
5519994090980
5519994090995
5519994091558
5519994091758
5519994091770
5519994092112
5519994092335
5519994092518
5519994092765
5519994092849
5519994092956
5519994093020
5519994093114
5519994093266
5519994094280
5519994094563
5519994095011
5519994095102
5519994095150
5519994095398
5519994095411
5519994095412
5519994095425
5519994095468
5519994095492
5519994095509
5519994095622
5519994096035
5519994096151
5519994096328
5519994096345
5519994096583
5519994096647
5519994096654
5519994096846
5519994096891
5519994096950
5519994096982
5519994097012
5519994097087
5519994097171
5519994097408
5519994097472
5519994097623
5519994098467
5519994098548
5519994098585
5519994098809
5519994098925
5519994098964
5519994099023
5519994099090
5519994099220
5519994099223
5519994099263
5519994099694
5519994099891
5519994099953
5519994100168
5519994100176
5519994100326
5519994100946
5519994100985
5519994101001
5519994101067
5519994101150
5519994101331
5519994101654
5519994101730
5519994101881
5519994101923
5519994101961
5519994102008
5519994102142
5519994102229
5519994102389
5519994102657
5519994102780
5519994102953
5519994103111
5519994103118
5519994103152
5519994103722
5519994103798
5519994103805
5519994103845
5519994104066
5519994104242
5519994104898
5519994105051
5519994105266
5519994105282
5519994105384
5519994105560
5519994105613
5519994105682
5519994105871
5519994105880
5519994105950
5519994106072
5519994106281
5519994106508
5519994106584
5519994106705
5519994106804
5519994107153
5519994107274
5519994107409
5519994107608
5519994107611
5519994107658
5519994107948
5519994108182
5519994108338
5519994108656
5519994109120
5519994109819
5519994109880
5519994110202
5519994110412
5519994111086
5519994111550
5519994111623
5519994111775
5519994111813
5519994111857
5519994111867
5519994112153
5519994112351
5519994112352
5519994112477
5519994112485
5519994112576
5519994112726
5519994112727
5519994112741
5519994112806
5519994112887
5519994112963
5519994113031
5519994113063
5519994113226
5519994113342
5519994113401
5519994113663
5519994113849
5519994114043
5519994114264
5519994114359
5519994114677
5519994114848
5519994115061
5519994115085
5519994115119
5519994115335
5519994115549
5519994115551
5519994115566
5519994115717
5519994116115
5519994116127
5519994116202
5519994116252
5519994116407
5519994116639
5519994116831
5519994117214
5519994117355
5519994117389
5519994117473
5519994117542
5519994117682
5519994118003
5519994118118
5519994118125
5519994118273
5519994118787
5519994119348
5519994119357
5519994119494
5519994119793
5519994119821
5519994119918
5519994120067
5519994120144
5519994120306
5519994120310
5519994120319
5519994120435
5519994120880
5519994121023
5519994121057
5519994121075
5519994121090
5519994121091
5519994121107
5519994121182
5519994121346
5519994121404
5519994121657
5519994121871
5519994121886
5519994122365
5519994122480
5519994122663
5519994122742
5519994122933
5519994123225
5519994123265
5519994123271
5519994123491
5519994123786
5519994123841
5519994123954
5519994124187
5519994124400
5519994124508
5519994124831
5519994124946
5519994124951
5519994124997
5519994125129
5519994125624
5519994125756
5519994125785
5519994125798
5519994125838
5519994125892
5519994125953
5519994126030
5519994126363
5519994126393
5519994126483
5519994126538
5519994126544
5519994127047
5519994127093
5519994127219
5519994127412
5519994127441
5519994127713
5519994127722
5519994127779
5519994128191
5519994128411
5519994128669
5519994128921
5519994128969
5519994129042
5519994129168
5519994129173
5519994129210
5519994129627
5519994130147
5519994130402
5519994130411
5519994130550
5519994130609
5519994130742
5519994130770
5519994130835
5519994131524
5519994131618
5519994131879
5519994132070
5519994132351
5519994132487
5519994132547
5519994132593
5519994132803
5519994132992
5519994133771
5519994134207
5519994134227
5519994134426
5519994134565
5519994134663
5519994134749
5519994134941
5519994134972
5519994134979
5519994135490
5519994135493
5519994135716
5519994135798
5519994136023
5519994136178
5519994137082
5519994137228
5519994137251
5519994137287
5519994137557
5519994137661
5519994137981
5519994137982
5519994138005
5519994138029
5519994138178
5519994138404
5519994138454
5519994138757
5519994138891
5519994138958
5519994138989
5519994139428
5519994140444
5519994140571
5519994140599
5519994140721
5519994140769
5519994141015
5519994141036
5519994141166
5519994141234
5519994141291
5519994141555
5519994141654
5519994141975
5519994142049
5519994142204
5519994142370
5519994142595
5519994142729
5519994142874
5519994143141
5519994143318
5519994143722
5519994143993
5519994144000
5519994144114
5519994144214
5519994144228
5519994144375
5519994144747
5519994144884
5519994145172
5519994145225
5519994145304
5519994145320
5519994145577
5519994145707
5519994145879
5519994145951
5519994145959
5519994146228
5519994146248
5519994146262
5519994146465
5519994147011
5519994147255
5519994147318
5519994147556
5519994148282
5519994148383
5519994148915
5519994149009
5519994149221
5519994149551
5519994149632
5519994149728
5519994149994
5519994150201
5519994150500
5519994150720
5519994150856
5519994150864
5519994150949
5519994150996
5519994151252
5519994151260
5519994151282
5519994151300
5519994151385
5519994151623
5519994151649
5519994151726
5519994151728
5519994152069
5519994152274
5519994152355
5519994152358
5519994152442
5519994152503
5519994152636
5519994152985
5519994153063
5519994153065
5519994153107
5519994153197
5519994153207
5519994153454
5519994153922
5519994154040
5519994154141
5519994154557
5519994154614
5519994154739
5519994155067
5519994155153
5519994155511
5519994155641
5519994155730
5519994155890
5519994155896
5519994155990
5519994156079
5519994156249
5519994156336
5519994156564
5519994156768
5519994156770
5519994156797
5519994157150
5519994157278
5519994157340
5519994157359
5519994157777
5519994158033
5519994158138
5519994158305
5519994158372
5519994158426
5519994158434
5519994158659
5519994158730
5519994159060
5519994159232
5519994159559
5519994159772
5519994159850
5519994159853
5519994159986
5519994160059
5519994160333
5519994160337
5519994160678
5519994160718
5519994160972
5519994161047
5519994161900
5519994162648
5519994162731
5519994162778
5519994163054
5519994163217
5519994163234
5519994163343
5519994163396
5519994163491
5519994163595
5519994163783
5519994164169
5519994164334
5519994164346
5519994164781
5519994165068
5519994165343
5519994165454
5519994165763
5519994166351
5519994166479
5519994166761
5519994167122
5519994167328
5519994167464
5519994167487
5519994168835
5519994168852
5519994168951
5519994169274
5519994169354
5519994169488
5519994169817
5519994169852
5519994169898
5519994170014
5519994170023
5519994170375
5519994170378
5519994170397
5519994170541
5519994170616
5519994170812
5519994171024
5519994171041
5519994171730
5519994171737
5519994171818
5519994171824
5519994171930
5519994172056
5519994172222
5519994172290
5519994172331
5519994172344
5519994172415
5519994172708
5519994173003
5519994173769
5519994173836
5519994173952
5519994173966
5519994174425
5519994174686
5519994175020
5519994175085
5519994175094
5519994175359
5519994175618
5519994175684
5519994175815
5519994175995
5519994176220
5519994176256
5519994176328
5519994176370
5519994176551
5519994176809
5519994177273
5519994177380
5519994177396
5519994177503
5519994177506
5519994177674
5519994177722
5519994177738
5519994177749
5519994177759
5519994177871
5519994177985
5519994178169
5519994178601
5519994178606
5519994178671
5519994178686
5519994178946
5519994178968
5519994178983
5519994179004
5519994179062
5519994179090
5519994179225
5519994179230
5519994179577
5519994179739
5519994179811
5519994179826
5519994181111
5519994181551
5519994181969
5519994182323
5519994182674
5519994182814
5519994183098
5519994183884
5519994183977
5519994184034
5519994184343
5519994185058
5519994185079
5519994185420
5519994185704
5519994185790
5519994185795
5519994186345
5519994186475
5519994186596
5519994186826
5519994186838
5519994187181
5519994187366
5519994187675
5519994187760
5519994187903
5519994188010
5519994188216
5519994188228
5519994189045
5519994189427
5519994189505
5519994189567
5519994190110
5519994190620
5519994190671
5519994190678
5519994191092
5519994191122
5519994191139
5519994191275
5519994191764
5519994191769
5519994191972
5519994192112
5519994192662
5519994192713
5519994192732
5519994192772
5519994192891
5519994193130
5519994193223
5519994193271
5519994193333
5519994193339
5519994193355
5519994193517
5519994193541
5519994193573
5519994193582
5519994193616
5519994193634
5519994193638
5519994193979
5519994194032
5519994194233
5519994194501
5519994194536
5519994194546
5519994194813
5519994195496
5519994195560
5519994195858
5519994196021
5519994196396
5519994196414
5519994196416
5519994196431
5519994196487
5519994197069
5519994197132
5519994197174
5519994197286
5519994197499
5519994197710
5519994197946
5519994198001
5519994198041
5519994198143
5519994198532
5519994198899
5519994199204
5519994199310
5519994199328
5519994199336
5519994199614
5519994199631
5519994199918
5519994200712
5519994201059
5519994201119
5519994201161
5519994201524
5519994201556
5519994201640
5519994201927
5519994202022
5519994202288
5519994202354
5519994202371
5519994202430
5519994202450
5519994202461
5519994202517
5519994202520
5519994202569
5519994202714
5519994202736
5519994202779
5519994203169
5519994203223
5519994203559
5519994203645
5519994203908
5519994204088
5519994204111
5519994204327
5519994204710
5519994204799
5519994204831
5519994205019
5519994205317
5519994205447
5519994205556
5519994205691
5519994206006
5519994206016
5519994206192
5519994206321
5519994206355
5519994206984
5519994206990
5519994207038
5519994207060
5519994207135
5519994207566
5519994207717
5519994207755
5519994207878
5519994207890
5519994207927
5519994208009
5519994208642
5519994208816
5519994208912
5519994209030
5519994209082
5519994209157
5519994209242
5519994209275
5519994209917
5519994209945
5519994210110
5519994210662
5519994210867
5519994211099
5519994211133
5519994211503
5519994211871
5519994211944
5519994212168
5519994212312
5519994212345
5519994212369
5519994212708
5519994212888
5519994212936
5519994212943
5519994212966
5519994213097
5519994213125
5519994213332
5519994213499
5519994213555
5519994213620
5519994213761
5519994213935
5519994214214
5519994214346
5519994214363
5519994214795
5519994214942
5519994215417
5519994215714
5519994215885
5519994215963
5519994216228
5519994216274
5519994216565
5519994216666
5519994216893
5519994216905
5519994218277
5519994218709
5519994219210
5519994219240
5519994219379
5519994219559
5519994219909
5519994220051
5519994220127
5519994220351
5519994220553
5519994220684
5519994220777
5519994220909
5519994221000
5519994221106
5519994221283
5519994221327
5519994221406
5519994221623
5519994221881
5519994222067
5519994222156
5519994222420
5519994222628
5519994222679
5519994222794
5519994223521
5519994223653
5519994223805
5519994223861
5519994223864
5519994224121
5519994224784
5519994224915
5519994225259
5519994225363
5519994225398
5519994225555
5519994226159
5519994226283
5519994226341
5519994226640
5519994226667
5519994226677
5519994226773
5519994226879
5519994226963
5519994227045
5519994227423
5519994227424
5519994227520
5519994228099
5519994228193
5519994228238
5519994228450
5519994228781
5519994229148
5519994229413
5519994229455
5519994229463
5519994229757
5519994229804
5519994229871
5519994229931
5519994230040
5519994230114
5519994230323
5519994230450
5519994230869
5519994231539
5519994231808
5519994231886
5519994231898
5519994232164
5519994232733
5519994232804
5519994232844
5519994233003
5519994233008
5519994233622
5519994234577
5519994234806
5519994234934
5519994235151
5519994235306
5519994235344
5519994235356
5519994235391
5519994236170
5519994236353
5519994236699
5519994236783
5519994236924
5519994237077
5519994237103
5519994237139
5519994237596
5519994237676
5519994237812
5519994238291
5519994238324
5519994238364
5519994238385
5519994238509
5519994238978
5519994239273
5519994239385
5519994239452
5519994239521
5519994239944
5519994240130
5519994240242
5519994240771
5519994240827
5519994241126
5519994241573
5519994241691
5519994241733
5519994242656
5519994243108
5519994243248
5519994243676
5519994243810
5519994243970
5519994244278
5519994244664
5519994244975
5519994244994
5519994245017
5519994245229
5519994245351
5519994245747
5519994246029
5519994246312
5519994246388
5519994246470
5519994246912
5519994246983
5519994247167
5519994247261
5519994247557
5519994247756
5519994248105
5519994248240
5519994248382
5519994248445
5519994249405
5519994249430
5519994249655
5519994249761
5519994249827
5519994250581
5519994250721
5519994251390
5519994251456
5519994251457
5519994251489
5519994251533
5519994251541
5519994251552
5519994251616
5519994251624
5519994253068
5519994253285
5519994253308
5519994253310
5519994253368
5519994253411
5519994253424
5519994253435
5519994253445
5519994253567
5519994253572
5519994253814
5519994253963
5519994254304
5519994254427
5519994254585
5519994254887
5519994255104
5519994255145
5519994255149
5519994255158
5519994255260
5519994255351
5519994255808
5519994255835
5519994256356
5519994256384
5519994256392
5519994256425
5519994256463
5519994256621
5519994256959
5519994257169
5519994257511
5519994257602
5519994257696
5519994257900
5519994257973
5519994258055
5519994258118
5519994258804
5519994259000
5519994259142
5519994259230
5519994259276
5519994259467
5519994259511
5519994259552
5519994259991
5519994260101
5519994260144
5519994260170
5519994260249
5519994260250
5519994260255
5519994260279
5519994260291
5519994260303
5519994260313
5519994260321
5519994260322
5519994260771
5519994260909
5519994261002
5519994261281
5519994261426
5519994261588
5519994261972
5519994261988
5519994262392
5519994263041
5519994263553
5519994265060
5519994265657
5519994265956
5519994266211
5519994266487
5519994266587
5519994266907
5519994267059
5519994267160
5519994267509
5519994267960
5519994268118
5519994268593
5519994268650
5519994268721
5519994268983
5519994269212
5519994269292
5519994269346
5519994269410
5519994269445
5519994269451
5519994269559
5519994269807
5519994269872
5519994269874
5519994270380
5519994270576
5519994271094
5519994271276
5519994271302
5519994272002
5519994272102
5519994272275
5519994272403
5519994272418
5519994273104
5519994273232
5519994273249
5519994273255
5519994273531
5519994273742
5519994273906
5519994274518
5519994274641
5519994274791
5519994274913
5519994275068
5519994275400
5519994275649
5519994275829
5519994275922
5519994276482
5519994276666
5519994276887
5519994276907
5519994277033
5519994277087
5519994277090
5519994277263
5519994277306
5519994277575
5519994277584
5519994277854
5519994277875
5519994277982
5519994278282
5519994278323
5519994278759
5519994278771
5519994278781
5519994278794
5519994279029
5519994279139
5519994279284
5519994279817
5519994280232
5519994280410
5519994280476
5519994280478
5519994280519
5519994280591
5519994280822
5519994280913
5519994280921
5519994281069
5519994281186
5519994281192
5519994281327
5519994281356
5519994281363
5519994281380
5519994281530
5519994281708
5519994281923
5519994281949
5519994281976
5519994282185
5519994282235
5519994282520
5519994282555
5519994282584
5519994282683
5519994282804
5519994283478
5519994283539
5519994283590
5519994283601
5519994283733
5519994283829
5519994283916
5519994283954
5519994283964
5519994284136
5519994284381
5519994284404
5519994284408
5519994284554
5519994284747
5519994284938
5519994284967
5519994285057
5519994285396
5519994285455
5519994285500
5519994285809
5519994285899
5519994286036
5519994286402
5519994286452
5519994286494
5519994286877
5519994286923
5519994287010
5519994287034
5519994287038
5519994287181
5519994287227
5519994287237
5519994287309
5519994287361
5519994287375
5519994287411
5519994287425
5519994287560
5519994287662
5519994287689
5519994287747
5519994287763
5519994287769
5519994287874
5519994287979
5519994288072
5519994288230
5519994288414
5519994288781
5519994288845
5519994288903
5519994289096
5519994289256
5519994289289
5519994289303
5519994289460
5519994289485
5519994290027
5519994290209
5519994290476
5519994290506
5519994290677
5519994290764
5519994290766
5519994291093
5519994291191
5519994291448
5519994291502
5519994291661
5519994291703
5519994291744
5519994291784
5519994291813
5519994291922
5519994292185
5519994292299
5519994292364
5519994292367
5519994292380
5519994292442
5519994292530
5519994292586
5519994292668
5519994292772
5519994292850
5519994293003
5519994293206
5519994293288
5519994293306
5519994293318
5519994293322
5519994293330
5519994293433
5519994293628
5519994293670
5519994293731
5519994293782
5519994293919
5519994293939
5519994294141
5519994294251
5519994294401
5519994294408
5519994294437
5519994294599
5519994294638
5519994294712
5519994295130
5519994295196
5519994295389
5519994295561
5519994295757
5519994295815
5519994296014
5519994296165
5519994296279
5519994296396
5519994296609
5519994296738
5519994296833
5519994296925
5519994297052
5519994297088
5519994297152
5519994297258
5519994297503
5519994298235
5519994298628
5519994298753
5519994298808
5519994298962
5519994299034
5519994299148
5519994299218
5519994299229
5519994299401
5519994299433
5519994299515
5519994299526
5519994299607
5519994299645
5519994299773
5519994299829
5519994299885
5519994300019
5519994300461
5519994300575
5519994300617
5519994300942
5519994301187
5519994301250
5519994301456
5519994301548
5519994301914
5519994301944
5519994302062
5519994302121
5519994302218
5519994302364
5519994302781
5519994303688
5519994304980
5519994305198
5519994305617
5519994306615
5519994307066
5519994307226
5519994307529
5519994308185
5519994308325
5519994308425
5519994308804
5519994309082
5519994309199
5519994309220
5519994309455
5519994309699
5519994309797
5519994310188
5519994310190
5519994310389
5519994310577
5519994310617
5519994310895
5519994310913
5519994310944
5519994310977
5519994311095
5519994311488
5519994311530
5519994311628
5519994311831
5519994311835
5519994311917
5519994311985
5519994312170
5519994312281
5519994312304
5519994312936
5519994313108
5519994313127
5519994313133
5519994313886
5519994313979
5519994314022
5519994314158
5519994314430
5519994314899
5519994315140
5519994315203
5519994315464
5519994315638
5519994316070
5519994316078
5519994316093
5519994316341
5519994316686
5519994316790
5519994316817
5519994316827
5519994316948
5519994316960
5519994317103
5519994317257
5519994317314
5519994317315
5519994317474
5519994317489
5519994317532
5519994317636
5519994317643
5519994317910
5519994318196
5519994318643
5519994318695
5519994318830
5519994318841
5519994318958
5519994318999
5519994319099
5519994319170
5519994319222
5519994319547
5519994319559
5519994319633
5519994319716
5519994319784
5519994319804
5519994319916
5519994320105
5519994320167
5519994320296
5519994320447
5519994320643
5519994320693
5519994320898
5519994320986
5519994320995
5519994321011
5519994321097
5519994321265
5519994321795
5519994321961
5519994322165
5519994322323
5519994322914
5519994323056
5519994323217
5519994323356
5519994323472
5519994323782
5519994324014
5519994324125
5519994324497
5519994324615
5519994324848
5519994324959
5519994324981
5519994324995
5519994325047
5519994325085
5519994325167
5519994325184
5519994325381
5519994326168
5519994326807
5519994327604
5519994327679
5519994327684
5519994327701
5519994327717
5519994327797
5519994327808
5519994327918
5519994328029
5519994328374
5519994328484
5519994328515
5519994328588
5519994328603
5519994328712
5519994328761
5519994328803
5519994328891
5519994329329
5519994329382
5519994329453
5519994329478
5519994329820
5519994329950
5519994330167
5519994330280
5519994330482
5519994330858
5519994331221
5519994331554
5519994331589
5519994331673
5519994331682
5519994331768
5519994332123
5519994332154
5519994332413
5519994332464
5519994332564
5519994333334
5519994333354
5519994333843
5519994333973
5519994334077
5519994334207
5519994334466
5519994334536
5519994334683
5519994335012
5519994335158
5519994335447
5519994335469
5519994335509
5519994335537
5519994336082
5519994336160
5519994336267
5519994336285
5519994336449
5519994336560
5519994336601
5519994336641
5519994337092
5519994337362
5519994337428
5519994337737
5519994337825
5519994337875
5519994337880
5519994338076
5519994338427
5519994338726
5519994338792
5519994339008
5519994339045
5519994339093
5519994339301
5519994339569
5519994339688
5519994339923
5519994339936
5519994339983
5519994339999
5519994340169
5519994340183
5519994340298
5519994340710
5519994340984
5519994341001
5519994341203
5519994341798
5519994341854
5519994341894
5519994342006
5519994342134
5519994342325
5519994342851
5519994342871
5519994343108
5519994343232
5519994343514
5519994343647
5519994343915
5519994343997
5519994344252
5519994344308
5519994344413
5519994344449
5519994344534
5519994344564
5519994344695
5519994344765
5519994344943
5519994344974
5519994345200
5519994345214
5519994345311
5519994345404
5519994345598
5519994345610
5519994345614
5519994345615
5519994345674
5519994345685
5519994345694
5519994345717
5519994345745
5519994346190
5519994346194
5519994346197
5519994346206
5519994346239
5519994346251
5519994346254
5519994346363
5519994346451
5519994346456
5519994346465
5519994346471
5519994346658
5519994346695
5519994346698
5519994346765
5519994346778
5519994346872
5519994347241
5519994347289
5519994347352
5519994347371
5519994347615
5519994347628
5519994347949
5519994347997
5519994348010
5519994348012
5519994348136
5519994348178
5519994348686
5519994348744
5519994348976
5519994349352
5519994349481
5519994349720
5519994349736
5519994349785
5519994349878
5519994349990
5519994350152
5519994350231
5519994350279
5519994350959
5519994351128
5519994351338
5519994351377
5519994351555
5519994351617
5519994351637
5519994351662
5519994351754
5519994351764
5519994351835
5519994351956
5519994352022
5519994352048
5519994352311
5519994352999
5519994353366
5519994353663
5519994353952
5519994354009
5519994354520
5519994354795
5519994354884
5519994355353
5519994355450
5519994355499
5519994355570
5519994355738
5519994355767
5519994355874
5519994355877
5519994356412
5519994356467
5519994356682
5519994356844
5519994357007
5519994357228
5519994357474
5519994357508
5519994357541
5519994357676
5519994357827
5519994358159
5519994358224
5519994358577
5519994358582
5519994358714
5519994358859
5519994358861
5519994358912
5519994359065
5519994359092
5519994359110
5519994359190
5519994359595
5519994359800
5519994360456
5519994360562
5519994360605
5519994360640
5519994360749
5519994360905
5519994361047
5519994361488
5519994361650
5519994361717
5519994361936
5519994362298
5519994362311
5519994362313
5519994362319
5519994362326
5519994362341
5519994362346
5519994362382
5519994362549
5519994362556
5519994362569
5519994362604
5519994362683
5519994362695
5519994362700
5519994363188
5519994363471
5519994363781
5519994363822
5519994363838
5519994364014
5519994364148
5519994364186
5519994364288
5519994364940
5519994365016
5519994365079
5519994365524
5519994365747
5519994365772
5519994365775
5519994366246
5519994366363
5519994366405
5519994366428
5519994366439
5519994366718
5519994366834
5519994367373
5519994367662
5519994367709
5519994367837
5519994368034
5519994368300
5519994368637
5519994368669
5519994368906
5519994369737
5519994369756
5519994369781
5519994370318
5519994371287
5519994371292
5519994371513
5519994371557
5519994371560
5519994371669
5519994371855
5519994371894
5519994371980
5519994372121
5519994372564
5519994372740
5519994373133
5519994373355
5519994373460
5519994373790
5519994373807
5519994374126
5519994374370
5519994374402
5519994374554
5519994374625
5519994374645
5519994374721
5519994374918
5519994375094
5519994375136
5519994375664
5519994375665
5519994375909
5519994375977
5519994376385
5519994376653
5519994376886
5519994377007
5519994377557
5519994377744
5519994377914
5519994377954
5519994378011
5519994378226
5519994378443
5519994378571
5519994379005
5519994379094
5519994379117
5519994379292
5519994379312
5519994379565
5519994379573
5519994379603
5519994379644
5519994379685
5519994379768
5519994380086
5519994380311
5519994380555
5519994380608
5519994380634
5519994381289
5519994381911
5519994382007
5519994382209
5519994382588
5519994382658
5519994382801
5519994382819
5519994382825
5519994382939
5519994383033
5519994383256
5519994383265
5519994383798
5519994383865
5519994383939
5519994384138
5519994384488
5519994384489
5519994384517
5519994384564
5519994384676
5519994384889
5519994384937
5519994385001
5519994385216
5519994385395
5519994385536
5519994385551
5519994386262
5519994386489
5519994387003
5519994387342
5519994387740
5519994387823
5519994388253
5519994388321
5519994388753
5519994389180
5519994389217
5519994389359
5519994389449
5519994389688
5519994389889
5519994389999
5519994390166
5519994390330
5519994390710
5519994390847
5519994391015
5519994391792
5519994392070
5519994392553
5519994392845
5519994392881
5519994393151
5519994393390
5519994393517
5519994393647
5519994393652
5519994393672
5519994393818
5519994394014
5519994394267
5519994394546
5519994394868
5519994395136
5519994395144
5519994395294
5519994395295
5519994395464
5519994395704
