5519997255011
5519997255128
5519997255251
5519997255285
5519997255326
5519997255443
5519997255450
5519997255455
5519997255479
5519997255686
5519997255774
5519997255956
5519997255958
5519997255998
5519997256030
5519997256115
5519997256125
5519997256141
5519997256190
5519997256218
5519997256229
5519997256355
5519997256568
5519997256589
5519997256591
5519997256670
5519997256700
5519997256726
5519997256859
5519997257044
5519997257116
5519997257126
5519997257128
5519997257159
5519997257231
5519997257274
5519997257305
5519997257468
5519997257480
5519997257535
5519997257538
5519997257601
5519997257674
5519997258051
5519997258100
5519997258105
5519997258122
5519997258144
5519997258191
5519997258287
5519997258393
5519997258420
5519997258451
5519997258463
5519997258484
5519997258536
5519997258585
5519997258736
5519997258737
5519997258841
5519997258907
5519997259080
5519997259180
5519997259196
5519997259212
5519997259253
5519997259271
5519997259307
5519997259333
5519997259338
5519997259346
5519997259402
5519997259439
5519997259469
5519997259641
5519997259658
5519997259669
5519997259698
5519997259738
5519997259759
5519997259761
5519997259804
5519997259820
5519997259885
5519997259909
5519997259968
5519997259975
5519997259976
5519997259984
5519997260024
5519997260040
5519997260046
5519997260054
5519997260093
5519997260112
5519997260131
5519997260157
5519997260168
5519997260169
5519997260222
5519997260262
5519997260341
5519997260436
5519997260465
5519997260475
5519997260510
5519997260521
5519997260563
5519997260603
5519997260659
5519997260660
5519997260662
5519997260666
5519997260685
5519997260767
5519997260989
5519997260991
5519997261005
5519997261063
5519997261114
5519997261135
5519997261205
5519997261218
5519997261246
5519997261327
5519997261342
5519997261361
5519997261381
5519997261401
5519997261444
5519997261538
5519997261599
5519997261641
5519997261748
5519997261787
5519997261828
5519997261839
5519997261847
5519997261850
5519997261941
5519997261944
5519997261999
5519997262029
5519997262036
5519997262064
5519997262131
5519997262186
5519997262189
5519997262192
5519997262232
5519997262281
5519997262305
5519997262312
5519997262315
5519997262324
5519997262357
5519997262367
5519997262380
5519997262436
5519997262445
5519997262451
5519997262601
5519997262602
5519997262608
5519997262669
5519997262761
5519997262870
5519997263042
5519997263057
5519997263115
5519997263144
5519997263246
5519997263346
5519997263385
5519997263391
5519997263429
5519997263464
5519997263545
5519997263553
5519997263624
5519997263652
5519997263704
5519997263777
5519997263805
5519997263831
5519997263889
5519997263943
5519997264076
5519997264327
5519997264338
5519997264342
5519997264349
5519997264357
5519997264362
5519997264402
5519997264518
5519997264536
5519997264584
5519997264667
5519997264708
5519997264798
5519997264953
5519997264977
5519997265019
5519997265024
5519997265047
5519997265048
5519997265132
5519997265219
5519997265238
5519997265284
5519997265293
5519997265344
5519997265373
5519997265435
5519997265453
5519997265495
5519997265530
5519997265532
5519997265570
5519997265578
5519997265596
5519997265597
5519997265633
5519997265650
5519997265740
5519997265746
5519997265869
5519997265905
5519997265923
5519997265975
5519997266119
5519997266383
5519997266398
5519997266661
5519997266680
5519997266805
5519997267047
5519997267070
5519997267078
5519997267201
5519997267278
5519997267441
5519997267483
5519997267488
5519997267509
5519997267512
5519997267602
5519997267773
5519997267900
5519997267968
5519997268140
5519997268186
5519997268391
5519997268437
5519997268562
5519997268586
5519997268840
5519997268907
5519997268912
5519997269088
5519997269101
5519997269160
5519997269179
5519997269181
5519997269213
5519997269232
5519997269294
5519997269303
5519997269306
5519997269339
5519997269350
5519997269357
5519997269367
5519997269413
5519997269417
5519997269475
5519997269612
5519997269693
5519997269840
5519997270013
5519997270016
5519997270020
5519997270080
5519997270104
5519997270117
5519997270221
5519997270248
5519997270281
5519997270294
5519997270333
5519997270343
5519997270366
5519997270385
5519997270506
5519997270565
5519997270622
5519997270658
5519997270725
5519997270754
5519997270761
5519997270767
5519997270776
5519997270779
5519997271000
5519997271020
5519997271148
5519997271218
5519997271228
5519997271283
5519997271330
5519997271340
5519997271398
5519997271461
5519997271483
5519997271486
5519997271535
5519997271552
5519997271566
5519997271571
5519997271611
5519997271711
5519997271722
5519997271732
5519997271773
5519997271819
5519997271826
5519997271836
5519997272055
5519997272112
5519997272123
5519997272138
5519997272140
5519997272148
5519997272276
5519997272303
5519997272317
5519997272366
5519997272394
5519997272424
5519997272473
5519997272488
5519997272556
5519997272666
5519997272760
5519997272835
5519997272836
5519997272878
5519997272977
5519997273022
5519997273037
5519997273040
5519997273043
5519997273112
5519997273144
5519997273155
5519997273165
5519997273173
5519997273186
5519997273322
5519997273364
5519997273385
5519997273408
5519997273432
5519997273443
5519997273462
5519997273465
5519997273487
5519997273488
5519997273492
5519997273508
5519997273539
5519997273580
5519997273686
5519997273736
5519997273746
5519997273751
5519997273795
5519997273888
5519997273906
5519997273911
5519997273933
5519997273954
5519997273980
5519997274075
5519997274197
5519997274202
5519997274228
5519997274264
5519997274400
5519997274470
5519997274493
5519997274507
5519997274532
5519997274548
5519997274613
5519997274702
5519997274758
5519997274774
5519997274878
5519997274899
5519997274967
5519997275021
5519997275043
5519997275058
5519997275198
5519997275201
5519997275217
5519997275219
5519997275257
5519997275295
5519997275346
5519997275436
5519997275458
5519997275549
5519997275682
5519997275712
5519997275759
5519997275832
5519997275835
5519997275886
5519997275889
5519997275910
5519997275923
5519997275933
5519997275943
5519997276020
5519997276021
5519997276049
5519997276255
5519997276277
5519997276278
5519997276304
5519997276325
5519997276376
5519997276486
5519997276604
5519997276607
5519997276610
5519997276646
5519997276664
5519997276703
5519997276742
5519997276743
5519997276748
5519997276816
5519997276858
5519997276873
5519997276961
5519997276989
5519997276998
5519997277014
5519997277043
5519997277063
5519997277136
5519997277226
5519997277444
5519997277506
5519997277537
5519997277624
5519997277677
5519997277757
5519997277808
5519997277875
5519997277915
5519997277971
5519997278077
5519997278080
5519997278110
5519997278120
5519997278159
5519997278194
5519997278261
5519997278283
5519997278322
5519997278350
5519997278391
5519997278441
5519997278480
5519997278551
5519997278737
5519997278749
5519997278753
5519997278860
5519997279001
5519997279107
5519997279158
5519997279221
5519997279244
5519997279263
5519997279359
5519997279398
5519997279430
5519997279465
5519997279499
5519997279597
5519997279670
5519997279676
5519997279679
5519997279695
5519997279717
5519997279763
5519997279804
5519997279823
5519997279875
5519997279877
5519997279899
5519997279903
5519997279927
5519997279959
5519997280014
5519997280083
5519997280132
5519997280159
5519997280204
5519997280221
5519997280285
5519997280329
5519997280333
5519997280364
5519997280416
5519997280457
5519997280562
5519997280568
5519997280675
5519997280686
5519997280769
5519997280815
5519997280865
5519997280880
5519997280940
5519997281046
5519997281050
5519997281102
5519997281153
5519997281158
5519997281221
5519997281235
5519997281252
5519997281342
5519997281379
5519997281479
5519997281497
5519997281512
5519997281613
5519997281634
5519997281639
5519997281777
5519997281794
5519997281809
5519997281871
5519997281897
5519997281912
5519997281973
5519997282035
5519997282132
5519997282150
5519997282255
5519997282283
5519997282400
5519997282413
5519997282474
5519997282609
5519997282630
5519997282687
5519997282732
5519997282746
5519997282747
5519997282799
5519997282824
5519997282828
5519997282840
5519997282849
5519997282852
5519997282862
5519997282865
5519997282904
5519997282974
5519997282992
5519997283002
5519997283016
5519997283018
5519997283030
5519997283060
5519997283085
5519997283142
5519997283157
5519997283160
5519997283178
5519997283216
5519997283230
5519997283287
5519997283319
5519997283474
5519997283482
5519997283722
5519997283730
5519997283862
5519997283867
5519997283928
5519997284023
5519997284245
5519997284254
5519997284262
5519997284337
5519997284339
5519997284381
5519997284420
5519997284464
5519997284501
5519997284566
5519997284573
5519997284597
5519997284613
5519997284625
5519997284631
5519997284661
5519997284720
5519997284722
5519997284906
5519997284957
5519997284958
5519997284965
5519997285048
5519997285094
5519997285132
5519997285163
5519997285232
5519997285239
5519997285240
5519997285256
5519997285263
5519997285293
5519997285378
5519997285415
5519997285725
5519997285838
5519997286069
5519997286126
5519997286186
5519997286268
5519997286375
5519997286441
5519997286444
5519997286461
5519997286538
5519997286582
5519997286615
5519997286621
5519997286692
5519997286695
5519997286757
5519997286773
5519997286803
5519997286821
5519997286857
5519997286877
5519997286931
5519997286975
5519997287007
5519997287042
5519997287065
5519997287116
5519997287375
5519997287571
5519997287576
5519997287664
5519997287690
5519997287868
5519997287890
5519997288003
5519997288123
5519997288306
5519997288460
5519997288490
5519997288532
5519997288544
5519997288602
5519997288611
5519997288619
5519997288623
5519997288732
5519997288841
5519997288855
5519997288866
5519997288867
5519997288878
5519997289019
5519997289058
5519997289129
5519997289206
5519997289240
5519997289259
5519997289264
5519997289279
5519997289280
5519997289291
5519997289296
5519997289298
5519997289309
5519997289313
5519997289435
5519997289479
5519997289510
5519997289512
5519997289532
5519997289537
5519997289539
5519997289606
5519997289614
5519997289628
5519997289642
5519997289650
5519997289652
5519997289657
5519997289661
5519997289674
5519997289678
5519997289709
5519997289717
5519997289729
5519997289852
5519997290014
5519997290015
5519997290034
5519997290038
5519997290049
5519997290050
5519997290065
5519997290072
5519997290121
5519997290137
5519997290152
5519997290160
5519997290161
5519997290166
5519997290168
5519997290170
5519997290171
5519997290177
5519997290217
5519997290226
5519997290227
5519997290231
5519997290236
5519997290239
5519997290242
5519997290248
5519997290249
5519997290254
5519997290256
5519997290262
5519997290275
5519997290276
5519997290280
5519997290294
5519997290298
5519997290309
5519997290350
5519997290389
5519997290414
5519997290466
5519997290505
5519997290526
5519997290536
5519997290537
5519997290550
5519997290557
5519997290566
5519997290590
5519997290591
5519997290609
5519997290617
5519997290623
5519997290648
5519997290669
5519997290679
5519997290701
5519997290710
5519997290738
5519997290749
5519997290775
5519997290777
5519997290783
5519997290792
5519997290800
5519997290801
5519997290817
5519997290843
5519997290856
5519997290859
5519997290869
5519997290871
5519997290874
5519997290886
5519997290893
5519997290897
5519997290949
5519997290973
5519997290980
5519997290997
5519997291001
5519997291045
5519997291062
5519997291070
5519997291089
5519997291098
5519997291108
5519997291122
5519997291131
5519997291133
5519997291135
5519997291164
5519997291169
5519997291178
5519997291179
5519997291181
5519997291182
5519997291195
5519997291201
5519997291202
5519997291208
5519997291232
5519997291254
5519997291265
5519997291288
5519997291308
5519997291326
5519997291340
5519997291352
5519997291358
5519997291361
5519997291374
5519997291375
5519997291424
5519997291429
5519997291442
5519997291517
5519997291522
5519997291595
5519997291601
5519997291603
5519997291607
5519997291612
5519997291648
5519997291651
5519997291662
5519997291665
5519997291673
5519997291693
5519997291710
5519997291734
5519997291751
5519997291757
5519997291777
5519997291811
5519997291818
5519997291827
5519997291857
5519997291874
5519997291879
5519997291880
5519997291882
5519997291884
5519997291888
5519997291900
5519997291907
5519997291923
5519997291959
5519997291962
5519997291963
5519997291964
5519997291975
5519997291985
5519997291999
5519997292000
5519997292008
5519997292015
5519997292022
5519997292033
5519997292037
5519997292062
5519997292076
5519997292093
5519997292108
5519997292136
5519997292153
5519997292161
5519997292162
5519997292168
5519997292180
5519997292210
5519997292215
5519997292227
5519997292232
5519997292234
5519997292235
5519997292245
5519997292251
5519997292265
5519997292266
5519997292315
5519997292316
5519997292324
5519997292326
5519997292339
5519997292354
5519997292370
5519997292395
5519997292423
5519997292441
5519997292480
5519997292494
5519997292517
5519997292592
5519997292594
5519997292596
5519997292608
5519997292620
5519997292631
5519997292644
5519997292665
5519997292671
5519997292700
5519997292710
5519997292759
5519997292763
5519997292767
5519997292771
5519997292774
5519997292803
5519997292823
5519997292856
5519997292868
5519997292872
5519997292873
5519997292878
5519997292888
5519997292892
5519997292893
5519997292896
5519997292898
5519997292905
5519997292906
5519997292911
5519997292918
5519997292921
5519997292924
5519997292926
5519997292934
5519997292949
5519997292958
5519997292961
5519997292967
5519997292974
5519997292997
5519997293011
5519997293014
5519997293039
5519997293135
5519997293161
5519997293164
5519997293260
5519997293282
5519997293283
5519997293286
5519997293288
5519997293300
5519997293306
5519997293311
5519997293319
5519997293323
5519997293325
5519997293342
5519997293345
5519997293347
5519997293348
5519997293349
5519997293353
5519997293354
5519997293359
5519997293360
5519997293374
5519997293399
5519997293402
5519997293411
5519997293418
5519997293419
5519997293420
5519997293429
5519997293444
5519997293470
5519997293471
5519997293474
5519997293483
5519997293490
5519997293493
5519997293496
5519997293512
5519997293522
5519997293552
5519997293580
5519997293584
5519997293623
5519997293644
5519997293645
5519997293647
5519997293654
5519997293658
5519997293669
5519997293680
5519997293691
5519997293699
5519997293700
5519997293707
5519997293712
5519997293721
5519997293729
5519997293743
5519997293749
5519997293776
5519997293778
5519997293807
5519997293822
5519997293840
5519997293855
5519997293867
5519997293895
5519997293904
5519997293910
5519997293917
5519997293920
5519997293921
5519997293965
5519997293977
5519997293997
5519997294012
5519997294015
5519997294016
5519997294022
5519997294029
5519997294053
5519997294057
5519997294058
5519997294067
5519997294073
5519997294082
5519997294094
5519997294098
5519997294112
5519997294113
5519997294126
5519997294151
5519997294152
5519997294174
5519997294187
5519997294195
5519997294196
5519997294209
5519997294210
5519997294224
5519997294228
5519997294230
5519997294240
5519997294243
5519997294247
5519997294272
5519997294278
5519997294286
5519997294291
5519997294294
5519997294313
5519997294318
5519997294321
5519997294325
5519997294336
5519997294345
5519997294353
5519997294356
5519997294363
5519997294364
5519997294365
5519997294390
5519997294430
5519997294432
5519997294455
5519997294457
5519997294471
5519997294476
5519997294487
5519997294490
5519997294494
5519997294496
5519997294497
5519997294515
5519997294521
5519997294524
5519997294548
5519997294549
5519997294550
5519997294558
5519997294573
5519997294576
5519997294622
5519997294627
5519997294636
5519997294638
5519997294642
5519997294652
5519997294659
5519997294664
5519997294666
5519997294671
5519997294672
5519997294676
5519997294678
5519997294705
5519997294761
5519997294763
5519997294777
5519997294799
5519997294810
5519997294812
5519997294824
5519997294840
5519997294850
5519997294860
5519997294875
5519997294883
5519997294924
5519997294933
5519997294942
5519997294963
5519997294974
5519997295002
5519997295003
5519997295019
5519997295042
5519997295061
5519997295066
5519997295095
5519997295109
5519997295118
5519997295121
5519997295139
5519997295153
5519997295155
5519997295165
5519997295167
5519997295180
5519997295183
5519997295188
5519997295206
5519997295214
5519997295220
5519997295226
5519997295252
5519997295253
5519997295255
5519997295262
5519997295270
5519997295278
5519997295287
5519997295308
5519997295315
5519997295321
5519997295339
5519997295361
5519997295391
5519997295404
5519997295406
5519997295412
5519997295414
5519997295415
5519997295420
5519997295427
5519997295429
5519997295432
5519997295441
5519997295454
5519997295505
5519997295524
5519997295525
5519997295556
5519997295557
5519997295560
5519997295562
5519997295566
5519997295570
5519997295571
5519997295578
5519997295579
5519997295582
5519997295590
5519997295591
5519997295592
5519997295608
5519997295610
5519997295619
5519997295621
5519997295631
5519997295638
5519997295644
5519997295648
5519997295656
5519997295657
5519997295685
5519997295702
5519997295714
5519997295731
5519997295758
5519997295764
5519997295769
5519997295775
5519997295805
5519997295827
5519997295868
5519997295876
5519997295878
5519997295883
5519997295887
5519997295896
5519997295899
5519997295907
5519997295915
5519997295940
5519997295960
5519997295966
5519997295968
5519997295971
5519997295972
5519997295995
5519997295997
5519997296010
5519997296018
5519997296027
5519997296035
5519997296038
5519997296047
5519997296049
5519997296051
5519997296072
5519997296094
5519997296097
5519997296107
5519997296109
5519997296127
5519997296146
5519997296159
5519997296175
5519997296192
5519997296196
5519997296198
5519997296200
5519997296226
5519997296273
5519997296296
5519997296298
5519997296305
5519997296307
5519997296359
5519997296366
5519997296373
5519997296383
5519997296455
5519997296457
5519997296460
5519997296469
5519997296482
5519997296483
5519997296493
5519997296503
5519997296505
5519997296535
5519997296536
5519997296540
5519997296542
5519997296543
5519997296551
5519997296571
5519997296601
5519997296611
5519997296629
5519997296630
5519997296633
5519997296651
5519997296685
5519997296687
5519997296688
5519997296699
5519997296713
5519997296735
5519997296745
5519997296755
5519997296762
5519997296777
5519997296782
5519997296797
5519997296799
5519997296817
5519997296821
5519997296822
5519997296826
5519997296831
5519997296842
5519997296846
5519997296848
5519997296856
5519997296868
5519997296870
5519997296877
5519997296905
5519997296907
5519997296909
5519997296912
5519997296917
5519997296921
5519997296940
5519997296944
5519997296949
5519997296951
5519997296955
5519997296957
5519997296974
5519997296975
5519997296977
5519997296986
5519997297022
5519997297032
5519997297041
5519997297045
5519997297047
5519997297072
5519997297080
5519997297084
5519997297086
5519997297091
5519997297093
5519997297109
5519997297115
5519997297121
5519997297128
5519997297132
5519997297136
5519997297145
5519997297154
5519997297162
5519997297171
5519997297172
5519997297199
5519997297209
5519997297210
5519997297238
5519997297239
5519997297243
5519997297248
5519997297250
5519997297256
5519997297258
5519997297262
5519997297266
5519997297301
5519997297308
5519997297315
5519997297318
5519997297330
5519997297348
5519997297359
5519997297372
5519997297373
5519997297381
5519997297382
5519997297383
5519997297387
5519997297400
5519997297404
5519997297405
5519997297407
5519997297427
5519997297430
5519997297436
5519997297438
5519997297442
5519997297449
5519997297457
5519997297458
5519997297460
5519997297464
5519997297470
5519997297472
5519997297479
5519997297480
5519997297484
5519997297489
5519997297495
5519997297501
5519997297509
5519997297511
5519997297515
5519997297574
5519997297617
5519997297641
5519997297642
5519997297648
5519997297658
5519997297659
5519997297674
5519997297676
5519997297681
5519997297692
5519997297707
5519997297711
5519997297714
5519997297717
5519997297732
5519997297748
5519997297751
5519997297761
5519997297762
5519997297766
5519997297772
5519997297775
5519997297776
5519997297803
5519997297809
5519997297810
5519997297828
5519997297830
5519997297860
5519997297878
5519997297883
5519997297884
5519997297885
5519997297897
5519997297899
5519997297914
5519997297928
5519997297929
5519997297966
5519997297969
5519997297983
5519997297993
5519997298034
5519997298042
5519997298062
5519997298070
5519997298191
5519997298207
5519997298225
5519997298229
5519997298233
5519997298234
5519997298240
5519997298244
5519997298266
5519997298269
5519997298273
5519997298275
5519997298293
5519997298294
5519997298297
5519997298320
5519997298329
5519997298333
5519997298344
5519997298356
5519997298373
5519997298395
5519997298440
5519997298445
5519997298460
5519997298475
5519997298477
5519997298483
5519997298487
5519997298501
5519997298510
5519997298518
5519997298530
5519997298535
5519997298537
5519997298549
5519997298575
5519997298591
5519997298601
5519997298612
5519997298632
5519997298646
5519997298653
5519997298660
5519997298661
5519997298662
5519997298664
5519997298667
5519997298674
5519997298686
5519997298689
5519997298728
5519997298736
5519997298766
5519997298773
5519997298776
5519997298784
5519997298787
5519997298803
5519997298805
5519997298814
5519997298834
5519997298836
5519997298843
5519997298846
5519997298858
5519997298863
5519997298864
5519997298869
5519997298870
5519997298873
5519997298877
5519997298878
5519997298884
5519997298885
5519997298893
5519997298899
5519997298900
5519997298907
5519997298909
5519997298918
5519997298919
5519997298928
5519997298933
5519997298939
5519997298950
5519997298953
5519997298969
5519997298971
5519997298980
5519997298990
5519997298992
5519997299000
5519997299001
5519997299013
5519997299019
5519997299021
5519997299032
5519997299037
5519997299047
5519997299053
5519997299054
5519997299064
5519997299070
5519997299077
5519997299088
5519997299090
5519997299098
5519997299100
5519997299101
5519997299104
5519997299107
5519997299122
5519997299131
5519997299132
5519997299142
5519997299171
5519997299176
5519997299183
5519997299184
5519997299185
5519997299189
5519997299208
5519997299211
5519997299219
5519997299226
5519997299229
5519997299258
5519997299270
5519997299278
5519997299319
5519997299341
5519997299366
5519997299409
5519997299416
5519997299478
5519997299479
5519997299494
5519997299495
5519997299499
5519997299501
5519997299502
5519997299505
5519997299510
5519997299568
5519997299579
5519997299602
5519997299606
5519997299610
5519997299626
5519997299633
5519997299650
5519997299655
5519997299659
5519997299660
5519997299662
5519997299666
5519997299672
5519997299697
5519997299700
5519997299756
5519997299764
5519997299779
5519997299801
5519997299808
5519997299831
5519997299833
5519997299840
5519997299842
5519997299852
5519997299855
5519997299858
5519997299859
5519997299866
5519997299904
5519997299908
5519997299932
5519997299934
5519997299939
5519997299942
5519997299985
5519997299988
5519997299996
5519997299997
5519997300021
5519997300031
5519997300268
5519997300276
5519997300290
5519997300377
5519997300398
5519997300414
5519997300466
5519997300581
5519997300697
5519997300698
5519997300724
5519997300770
5519997300801
5519997300818
5519997300887
5519997300926
5519997300946
5519997301050
5519997301061
5519997301077
5519997301081
5519997301097
5519997301120
5519997301133
5519997301155
5519997301198
5519997301203
5519997301261
5519997301288
5519997301300
5519997301302
5519997301303
5519997301305
5519997301308
5519997301344
5519997301345
5519997301347
5519997301354
5519997301404
5519997301461
5519997301530
5519997301633
5519997301741
5519997301877
5519997301911
5519997301969
5519997302017
5519997302093
5519997302184
5519997302316
5519997302387
5519997302389
5519997302488
5519997302562
5519997302585
5519997302600
5519997302609
5519997302616
5519997302752
5519997302919
5519997302962
5519997302969
5519997303041
5519997303045
5519997303057
5519997303085
5519997303106
5519997303212
5519997303294
5519997303353
5519997303604
5519997303752
5519997303893
5519997303896
5519997303922
5519997303959
5519997304028
5519997304134
5519997304144
5519997304206
5519997304214
5519997304273
5519997304324
5519997304348
5519997304413
5519997304420
5519997304449
5519997304510
5519997304608
5519997304805
5519997304911
5519997304926
5519997304964
5519997305071
5519997305130
5519997305150
5519997305169
5519997305299
5519997305326
5519997305406
5519997305463
5519997305464
5519997305537
5519997305641
5519997305648
5519997305732
5519997305749
5519997305769
5519997305800
5519997305840
5519997306025
5519997306065
5519997306236
5519997306482
5519997306660
5519997306699
5519997306735
5519997306800
5519997306839
5519997306975
5519997306990
5519997306999
5519997307024
5519997307096
5519997307143
5519997307293
5519997307321
5519997307334
5519997307415
5519997307480
5519997307549
5519997307589
5519997307624
5519997307626
5519997307692
5519997307714
5519997307743
5519997307791
5519997307794
5519997307797
5519997307829
5519997307897
5519997307968
5519997308040
5519997308054
5519997308067
5519997308125
5519997308176
5519997308226
5519997308341
5519997308529
5519997308562
5519997308579
5519997308588
5519997308742
5519997308829
5519997308937
5519997309153
5519997309200
5519997309232
5519997309265
5519997309280
5519997309313
5519997309348
5519997309382
5519997309429
5519997309456
5519997309488
5519997309579
5519997309626
5519997309651
5519997309695
5519997309725
5519997309746
5519997309808
5519997309812
5519997309831
5519997310017
5519997310018
5519997310032
5519997310038
5519997310104
5519997310144
5519997310213
5519997310249
5519997310296
5519997310429
5519997310432
5519997310778
5519997311042
5519997311107
5519997311138
5519997311215
5519997311364
5519997311413
5519997311423
5519997311470
5519997311498
5519997311618
5519997311646
5519997311665
5519997311924
5519997311925
5519997312150
5519997312250
5519997312330
5519997312368
5519997312444
5519997312453
5519997312554
5519997312628
5519997312662
5519997312701
5519997312796
5519997312815
5519997312848
5519997312880
5519997312904
5519997313013
5519997313053
5519997313113
5519997313180
5519997313204
5519997313240
5519997313295
5519997313296
5519997313394
5519997313409
5519997313416
5519997313432
5519997313438
5519997313444
5519997313538
5519997313649
5519997313650
5519997313731
5519997313854
5519997313866
5519997313890
5519997313896
5519997313897
5519997313901
5519997314066
5519997314120
5519997314135
5519997314136
5519997314302
5519997314395
5519997314431
5519997314457
5519997314459
5519997314465
5519997314567
5519997314728
5519997314733
5519997314748
5519997314808
5519997315135
5519997315175
5519997315444
5519997315505
5519997315560
5519997315581
5519997315589
5519997315710
5519997315734
5519997315737
5519997315757
5519997315831
5519997315871
5519997315972
5519997315981
5519997316079
5519997316127
5519997316140
5519997316365
5519997316379
5519997316516
5519997316529
5519997316606
5519997316642
5519997316730
5519997316735
5519997316757
5519997316818
5519997316951
5519997316956
5519997317041
5519997317066
5519997317072
5519997317106
5519997317116
5519997317117
5519997317124
5519997317129
5519997317143
5519997317173
5519997317175
5519997317256
5519997317295
5519997317318
5519997317378
5519997317482
5519997317549
5519997317666
5519997317671
5519997317689
5519997317781
5519997317796
5519997317798
5519997317839
5519997317906
5519997317934
5519997317940
5519997318064
5519997318107
5519997318164
5519997318329
5519997318578
5519997318732
5519997318742
5519997318778
5519997318808
5519997318897
5519997318995
5519997319010
5519997319039
5519997319232
5519997319414
5519997319425
5519997319442
5519997319497
5519997319527
5519997319531
5519997319539
5519997319540
5519997319541
5519997319547
5519997319548
5519997319553
5519997319557
5519997319562
5519997319563
5519997319569
5519997319586
5519997319594
5519997319646
5519997319840
5519997319857
5519997319860
5519997319898
5519997319942
5519997319963
5519997319977
5519997320016
5519997320110
5519997320328
5519997320547
5519997320681
5519997320757
5519997320920
5519997320959
5519997321070
5519997321163
5519997321195
5519997321324
5519997321464
5519997321632
