5511961118697
5511974497993
5511995641323
5511996849015
5511972061025
5511975638659
5511991269613
5511992372226
5511944682942
5511972472082
5511964123676
5511976212170
5511996990475
5511999774900
5511964108175
5511982979473
5511984172060
5511996697643
5511998917153
5511966102402
5511972693689
5511982160099
5511985306001
5511993966469
5511995306001
5511996790042
5511972312393
5511972315950
5511995154932
5511997514078
5511976017269
5511989123453
5511991222952
5511991527426
5511994358747
5511995199878
5511968314862
5511997275785
5511955564813
5511983896624
5511950583020
5511996565602
5511997242802
5511997204943
5511997890046
5511964890660
5511968470701
5511992763403
5511971848852
5511976033754
5511997268176
5511999918454
5511972037577
5511983815419
5511991534773
5511995226645
5511995934310
5511996171068
5511997476888
5511994015270
5511996298974
5511976644281
5511983846204
5511975047695
5511975767082
5511978654874
5511983831703
5511986646712
5511999870982
5511976484157
5511991094093
5511992222211
5511992339494
5511997925304
5511947042178
5511964192705
5511982773579
5511996219173
5511999779866
5511954735632
5511992131743
5511999213174
5511981696627
5511984818803
5511967995613
5511986139911
5511961680991
5511961812262
5511974485418
5511983503662
5511993840906
5511998566969
5511995463631
5511996082287
5511966439863
5511972663002
5511976079162
5511991187120
5511993324691
5511993704158
5511971587435
5511971366722
5511999328329
5511985328032
5511964777059
5511973155012
5511975548392
5511976438576
5511991715500
5511999684979
5511968295000
5511996430852
5511942290718
5511955580237
5511963687107
5511999734286
5511966145374
5511966153818
5511989238109
5511996650375
5511998749990
5511966283927
5511991854486
5511953625471
5511973502475
5511999960090
5511995991579
5511998945864
5511999894586
5511983891208
5511992155157
5511950207205
5511956560416
5511974464016
5511982739513
5511999960416
5511999968938
5511972143113
5511974000403
5511995456767
5511999929163
5511947751533
5511972037919
5511972221383
5511976760678
5511996010030
5511996663295
5511997959348
5511994779562
5511966312990
5511966322154
5511984701940
5511989241693
5511996557121
5511991751208
5511991976372
5511959905663
5511969297208
5511984897208
5511991734920
5511991735058
5511963722535
5511972110519
5511973113155
5511974781599
5511995862003
5511995998661
5511996126774
5511996281925
5511996281951
5511998893200
5511999004339
5511961968860
5511974088414
5511996885771
5511999073949
5511947343215
5511983267928
5511992806950
5511992850670
5511992852351
5511992857037
5511954982730
5511996748994
5511999038385
5511971405848
5511978275755
5511982122626
5511984577080
5511992721659
5511995238692
5511995554666
5511996073377
5511999275466
5511943470438
5511964850895
5511965397571
5511972831763
5511986361927
5511992399149
5511992425859
5511997203986
5511999239914
5511976083803
5511976755088
5511993901055
5511997794088
5511946705902
5511967183152
5511987642527
5511971335056
5511991175065
5511992067718
5511993019675
5511973726000
5511992831313
5511993939367
5511999370673
5511976441379
5511961052724
5511973965077
5511996740399
5511974431938
5511955400561
5511973136088
5511996453450
5511976004671
5511996284915
5511996862169
5511999011152
5511999893147
5511973772980
5511976002204
5511997761796
5511971868065
5511972350331
5511973945464
5511975525670
5511995887779
5511981288555
5511989767314
5511993944875
5511997734655
5511982064271
5511988479996
5511995279605
5511993909616
5511971226389
5511976031284
5511992528970
5511992943185
5511999492803
5511972301513
5511972301518
5511981150418
5511987952060
5511999771508
5511975636664
5511995720344
5511996870377
5511995325284
5511961606061
5511964190720
5511965669591
5511999204952
5511987297950
5511947281684
5511947590567
5511982682270
5511989051451
5511997172270
5511997717270
5511998836113
5511999420697
5511962508428
5511964008514
5511964008549
5511964047145
5511967636819
5511969010192
5511969012668
5511972744420
5511973861083
5511980460952
5511984303657
5511996361876
5511996763681
5511998046095
5511968092250
5511976774522
5511996898060
5511997775003
5511999530033
5511947654326
5511947654329
5511976084286
5511981246025
5511982450679
5511996501940
5511999339245
5511999378410
5511984878913
5511999026228
5511997567037
5511998635680
5511982452286
5511982452296
5511982662186
5511968312475
5511972811014
5511983234477
5511983834812
5511994017499
5511994307499
5511997339985
5511998629470
5511999357295
5511968944433
5511968944455
5511979798728
5511979997909
5511985365623
5511997979872
5511969617080
5511991659261
5511992239113
5511996961708
5511997655984
5511998016308
5511999349384
5511991129137
5511976753370
5511996010577
5511973953734
5511981157492
5511991338932
5511991628894
5511994233326
5511962200980
5511972032831
5511982420903
5511982420904
5511984805196
5511992193219
5511999199805
5511971285939
5511996005883
5511999179027
5511981217542
5511985785136
5511991986718
5511996562879
5511997339722
5511971037291
5511981906670
5511985481864
5511973832331
5511973840335
5511978410000
5511997104029
5511985420903
5511989390920
5511989849268
5511992362324
5511992812753
5511992813753
5511994922016
5511996020081
5511942517636
5511981876231
5511982010440
5511999162968
5511964906480
5511973205022
5511973277013
5511975110814
5511979732723
5511971101291
5511992966924
5511995161830
5511942418195
5511975478008
5511991924103
5511996123924
5511998566873
5511983529787
5511992191243
5511992199989
5511997387556
5511995562804
5511996339223
5511972193842
5511980251485
5511996085482
5511999950601
5511981753041
5511984544345
5511989415606
5511971722059
5511973253164
5511973263092
5511991508255
5511991734589
5511994734282
5511996247289
5511999072722
5511974659102
5511975751807
5511995502339
5511999410039
5511981985341
5511996802443
5511999796287
5511999936238
5511973112352
5511975414900
5511995413152
5511976854785
5511982432838
5511969051919
5511982440675
5511984488182
5511982800883
5511994191100
5511999913173
5511999991317
5511992475032
5511996783614
5511997038782
5511974168876
5511967655769
5511983067307
5511984069888
5511989117922
5511994207755
5511996147766
5511996227307
5511996750334
5511988230240
5511992719900
5511994447683
5511999626945
5511972436943
5511985790864
5511975189658
5511988810682
5511991840523
5511998903860
5511999320755
5511985622849
5511991420778
5511994693800
5511997967793
5511976035361
5511981275616
5511994167167
5511994812896
5511995754911
5511999123628
5511996828459
5511982824117
5511982703267
5511982483635
5511992523459
5511971522493
5511987780608
5511977310989
5511980329368
5511976031315
5511991618957
5511971164975
5511977530089
5511995918727
5511995974447
5511999021628
5511962360046
5511970572128
5511977022289
5511989285523
5511992433046
5511972446930
5511996645273
5511962383825
5511997080230
5511975515980
5511984688173
5511971948004
5511973170747
5511973833973
5511999372579
5511942571509
5511957728846
5511961343418
5511971730693
5511974332188
5511995087670
5511998533984
5511997028401
5511953222221
5511995849542
5511996382311
5511997400303
5511999004739
5511998876726
5511999978568
5511998362370
5511998351846
5511953352313
5511991653186
5511991794489
5511998288632
5511999828863
5511947959544
5511997829098
5511998565832
5511971953959
5511972065477
5511972996769
5511999390381
5511999634993
5511964431280
5511973682127
5511996652321
5511998669025
5511999381580
5511962329840
5511971725965
5511980426068
5511986867110
5511998042606
5511971664645
5511988815796
5511974869409
5511982197279
5511996897291
5511999373513
5511972028879
5511988303208
5511991838275
5511997363662
5511971551582
5511982306956
5511982524121
5511984919713
5511985793507
5511991587610
5511993398673
5511979857541
5511993167994
5511994744912
5511999087994
5511999375596
5511964027056
5511972828785
5511991444758
5511971085104
5511971168879
5511973213283
5511979577538
5511998420232
5511964813995
5511972124764
5511974359932
5511942237438
5511978161848
5511991432501
5511994079495
5511994309954
5511947029711
5511971083323
5511981076310
5511992755696
5511995851939
5511999275569
5511999435696
5511954819592
5511981294207
5511965081870
5511989578442
5511999094231
5511999111033
5511963269881
5511974837799
5511982479450
5511964220598
5511984200198
5511991444645
5511991445498
5511963813134
5511971493093
5511976937533
5511992700999
5511996908027
5511999509207
5511999885352
5511974095378
5511996280028
5511996282282
5511999457977
5511976942280
5511992453949
5511995592214
5511976942310
5511992333028
5511940211714
5511947480130
5511947618304
5511947925831
5511996719619
5511999785968
5511994450964
5511992718836
5511995187772
5511989394921
5511991296114
5511991296134
5511991304520
5511966744565
5511968280469
5511979823952
5511979986515
5511997525382
5511998721655
5511983748695
5511988466712
5511961589973
5511962743077
5511960762758
5511974028800
5511995099003
5511997991804
5511998294500
5511967162745
5511993121136
5511941027717
5511974232829
5511974889795
5511991053551
5511995798812
5511996074681
5511982247540
5511996668921
5511992776258
5511995223000
5511982613628
5511998319498
5511963450176
5511971396425
5511992331992
5511972657487
5511996334268
5511996359108
5511999937199
5511943606931
5511969050099
5511996077795
5511998977583
5511961947189
5511995105808
5511999303424
5511957658884
5511980371626
5511991872273
5511958607952
5511961007031
5511962857034
5511953189091
5511996740162
5511999113532
5511999442444
5511961902073
5511981781945
5511956566874
5511961912483
5511972162808
5511972960815
5511975683547
5511996890380
5511999940773
5511999948998
5511974888484
5511995631322
5511997157708
5511975728474
5511976031732
5511995418863
5511963143801
5511965834747
5511972468556
5511996159752
5511961314812
5511961314912
5511998071053
5511953398802
5511966530881
5511968280480
5511968321383
5511971333996
5511972792008
5511984685872
5511986854694
5511992024346
5511954499047
5511968988777
5511992160502
5511999944509
5511975059734
5511997983311
5511998022173
5511952153103
5511999371496
5511999937149
5511971970573
5511972292366
5511943038476
5511954359998
5511972418473
5511973057519
5511995275986
5511953382466
5511981229297
5511995629490
5511996281334
5511996978674
5511947571132
5511976169599
5511976539204
5511978693988
5511988040790
5511991211339
5511953554921
5511979714395
5511979952752
5511996876600
5511996891122
5511999467867
5511999701690
5511953472679
5511983428787
5511996472971
5511999118855
5511999431055
5511971334141
5511971795639
5511980924071
5511991119673
5511996186528
5511996189227
5511999717421
5511971609655
5511973458374
5511942086632
5511943595285
5511972658687
5511974875995
5511960172090
5511971419252
5511971502884
5511973642211
5511997099252
5511998899326
5511982423222
5511982663357
5511982664499
5511982771469
5511996449066
5511944974340
5511974549087
5511987666210
5511995562443
5511996240665
5511996541654
5511998104798
5511998362487
5511999947940
5511947913010
5511967981999
5511974313774
5511975944444
5511981267633
5511994969554
5511997986155
5511964322472
5511964338889
5511996603305
5511964066361
5511998248620
5511989530214
5511992401781
5511994332922
5511992020531
5511996135589
5511996891196
5511954269205
5511971304495
5511980623845
5511989692307
5511961690358
5511974574047
5511991247801
5511963131029
5511992609460
5511992836313
5511999023307
5511975908151
5511992814249
5511941897639
5511976216209
5511992624935
5511999262493
5511994884824
5511996705408
5511998211700
5511999805538
5511976002070
5511992090637
5511993070121
5511962897948
5511986025560
5511968735364
5511976351409
5511988069901
5511992562413
5511971986543
5511972054537
5511972057590
5511979752098
5511999084866
5511973600683
5511973607383
5511999669068
5511999721147
5511972164418
5511974509568
5511974591460
5511971334664
5511991210179
5511994137276
5511994147843
5511996404668
5511963082969
5511971110985
5511991050395
5511991090295
5511991262632
5511995793580
5511996225013
5511971436315
5511996368474
5511996868029
5511976613420
5511981142610
5511994085626
5511994160073
5511994967778
5511957297654
5511968287114
5511969111771
5511971113352
5511999361629
5511964370291
5511969101474
5511972478566
5511983326333
5511983805569
5511984312037
5511998332633
5511997697885
5511999469725
5511984231300
5511998186227
5511963960749
5511972827879
5511991610530
5511991613900
5511991614789
5511991619679
5511991629615
5511998071863
5511971382551
5511997505535
5511995397259
5511998633207
5511973932447
5511981121887
5511983280101
5511989969393
5511991861360
5511974434111
5511982508881
5511996076110
5511980178764
5511997586265
5511997965592
5511946886964
5511947674241
5511947674248
5511968281896
5511972359714
5511973545033
5511978200186
5511993061750
5511973841781
5511969500400
5511993097996
5511993530067
5511982082582
5511991639344
5511992352771
5511992353229
5511992356707
5511967711536
5511983260618
5511983260928
5511991890928
5511991970618
5511998647756
5511942423571
5511979531245
5511985338437
5511942987986
5511966037171
5511968626081
5511974755404
5511988059342
5511988170400
5511992546015
5511991994389
5511997469981
5511973481879
5511977940137
5511981487779
5511984235657
5511987639146
5511991763400
5511956302887
5511991201039
5511991388912
5511992057877
5511993160025
5511976347018
5511999431051
5511993784548
5511987831602
5511991490495
5511991641731
5511999164173
5511949702338
5511940005738
5511962574443
5511973827121
5511974153622
5511977650110
5511999628185
5511999771235
5511972359676
5511991843919
5511983540665
5511991937351
5511991951788
5511998604841
5511996022156
5511982030707
5511993522611
5511993776606
5511993985703
5511981327113
5511995273133
5511991167774
5511996568244
5511996600577
5511996601638
5511997492066
5511997660677
5511999928625
5511998855054
5511972085981
5511973049818
5511975257572
5511975257573
5511974741431
5511985583688
5511992928126
5511998053083
5511971215383
5511971399230
5511986233290
5511997658130
5511960688247
5511983299335
5511993542906
5511954271070
5511971730237
5511964706398
5511967907567
5511974474114
5511996813282
5511998273244
5511953657772
5511995240294
5511997536893
5511997538693
5511968429015
5511964186984
5511964982398
5511973470253
5511961335696
5511976285628
5511942705108
5511982196930
5511982720315
5511975599020
5511961381422
5511961537775
5511992324143
5511996066746
5511998593690
5511977869646
5511982516421
5511998726441
5511982220271
5511996412655
5511973755313
5511941745715
5511942849618
5511976897271
5511996091895
5511965416205
5511966151398
5511974159667
5511943622517
5511947283460
5511953034854
5511961988034
5511961408340
5511953311207
5511989923717
5511972774170
5511993313178
5511940195586
5511952238886
5511994672138
5511997357071
5511962933655
5511975666563
5511983903021
5511973103419
5511987666755
5511992053225
5511974446621
5511995998999
5511998031326
5511957846126
5511974331036
5511981645041
5511985069403
5511998732745
5511987408283
5511995563294
5511979725794
5511948975898
5511997223354
5511999276418
5511979975739
5511993990603
5511966523702
5511954512992
5511974546437
5511992160502
5511995388732
5511997305127
5511974352215
5511950470008
5511972278377
5511973905345
5511974056350
5511975176479
5511996440312
5511997592492
5511998936402
5511988813085
5511988813095
5511976586413
5511991631305
5511992631305
5511973936077
5511973936079
5511952902039
5511991052583
5511994145923
5511962522292
5511972064362
5511973835468
5511992968058
5511998753192
5511966659977
5511970819978
5511987594635
5511991195204
5511995608333
5511996145555
5511996145828
5511999372150
5511964955965
5511995215564
5511999104627
5511975492856
5511999910733
5511955581999
5511955582105
5511955584995
5511976102845
5511991660110
5511991718717
5511996347537
5511942747090
5511989522437
5511989800515
5511997426862
5511975309993
5511996795121
5511997417349
5511999694726
5511999783505
5511950223635
5511971356163
5511995227091
5511995227422
5511972345481
5511995163131
5511998212569
5511998216162
5511999821616
5511942169600
5511956480999
5511961979333
5511967611540
5511969261422
5511971957903
5511989821055
5511995251826
5511973836542
5511988136143
5511997327575
5511998431899
5511984678458
5511986870766
5511964061909
5511981981762
5511983319171
5511984330478
5511998294532
5511991134162
5511995083689
5511996613672
5511997271702
5511997271763
5511954838126
5511960359442
5511964023779
5511972647588
5511979586358
5511990000000
5511984156454
5511991625416
5511992956758
5511972153344
5511995449389
5511972502843
5511993358652
5511997255309
5511997555384
5511961669435
5511972903849
5511980120068
5511984301300
5511996038620
5511998120069
5511947005430
5511966193379
5511982423386
5511995281821
5511973250859
5511995553960
5511996097377
5511991446558
5511994655451
5511947054630
5511971343779
5511975416780
5511999439293
5511999378087
5511973951120
5511973039147
5511991092343
5511995524196
5511998080860
5511998833562
5511973106434
5511997721224
5511967157635
5511967157641
5511982240215
5511974434373
5511976976226
5511999005959
5511995203870
5511996765636
5511997877884
5511970991823
5511974282556
5511975975229
5511996411468
5511997926981
5511963268609
5511988727083
5511991281579
5511993414874
5511955575801
5511995646900
5511996216500
5511996302644
5511984677975
5511994816686
5511972106033
5511972814324
5511973145311
5511984034910
5511984034911
5511981413823
5511997334911
5511997581860
5511940222908
5511940273172
5511947423047
5511965156656
5511966161362
5511968280622
5511969179000
5511972844196
5511978802715
5511999505691
5511982562803
5511964713441
5511968287861
5511982724951
5511989740465
5511992446818
5511994065125
5511974777730
5511964160954
5511996481460
5511961838874
5511968610594
5511972933681
5511981617841
5511984357807
5511986093788
5511993063296
5511967546970
5511992368256
5511999503630
5511964012757
5511970282664
5511977878477
5511984263840
5511988191280
5511982891885
5511992207132
5511997579157
5511974477743
5511996001003
5511975346700
5511997350000
5511999610077
5511996754200
5511984295268
5511991520342
5511956523300
5511997185160
5511969447827
5511972996243
5511974455867
5511998053149
5511966272318
5511984424662
5511986767553
5511998676755
5511973585677
5511997843454
5511998200559
5511998278990
5511999065220
5511999656683
5511971779019
5511991779019
5511996344505
5511991472148
5511974887395
5511971059465
5511998891709
5511960828147
5511970418451
5511981873906
5511989064403
5511994899366
5511995257797
5511993610347
5511993616335
5511943605041
5511972593316
5511999319022
5511999376191
5511999617517
5511961615784
5511993318801
5511995871419
5511997993125
5511999262111
5511947787393
5511947787395
5511964220589
5511964461224
5511965958665
5511972368307
5511976456145
5511987538810
5511968602455
5511941333107
5511946315054
5511973539962
5511988551085
5511998696103
5511976515771
5511980158859
5511989793358
5511992467442
5511992467702
5511963446626
5511973055765
5511999068336
5511972529076
5511974346830
5511975701055
5511940316614
5511940316621
5511940330531
5511947323738
5511971281407
5511972778646
5511993449200
5511971698052
5511973945462
5511993413632
5511997182456
5511972474547
5511974831089
5511998955136
5511999369415
5511964755031
5511998360497
5511943711812
5511957182864
5511961243000
5511964524812
5511967177362
5511967521812
5511982170556
5511999544319
5511999992822
5511976802960
5511982935356
5511975582301
5511982593871
5511985737434
5511995118783
5511995494752
5511996049646
5511996389613
5511991773091
5511975880263
5511998923618
5511999276892
5511999766961
5511962211668
5511971524916
5511984324916
5511991876410
5511958476050
5511972001932
5511975657804
5511977472854
5511996836106
5511973692283
5511979964988
5511994429055
5511953164228
5511995873818
5511997353279
5511953161350
5511964181178
5511971119843
5511974355001
5511997766661
5511981025301
5511981419717
5511982028219
5511993281035
5511996119911
5511996278074
5511947437890
5511980845683
5511981204455
5511983790296
5511987001529
5511996130015
5511999613001
5511954883139
5511968287250
5511999022793
5511999882066
5511991904587
5511991905830
5511991981841
5511974402376
5511979892329
5511982668651
5511982770444
5511984101895
5511985039438
5511996563120
5511982096192
5511982171616
5511982227800
5511996020100
5511991163585
5511994069804
5511994368757
5511973326777
5511984530324
5511993017751
5511997271017
5511941315520
5511983888374
5511999216542
5511957224229
5511972298768
5511983452823
5511984932305
5511996385515
5511994555976
5511981954371
5511981954379
5511983476840
5511993335018
5511997240962
5511971430402
5511975042404
5511997402102
5511997468236
5511999220902
5511999332890
5511999933289
5511972234488
5511981082510
5511985898989
5511996187175
5511942002781
5511981588466
5511982572695
5511982866334
5511998670509
5511999400521
5511974190910
5511980792511
5511997913369
5511976581922
5511982035736
5511999862432
5511957713001
5511988460790
5511994278246
5511988021338
5511989372889
5511992889155
5511992424593
5511976802126
5511972203053
5511974854646
5511994271204
5511994914109
5511994916418
5511996191918
5511997865261
5511999373117
5511968289406
5511999027478
5511999657639
5511983376277
5511949393403
5511977350213
5511986950777
5511987848432
5511995597405
5511999360665
5511999609119
5511994755244
5511999928808
5511991755670
5511991758067
5511967570502
5511981015594
5511996705563
5511940044247
5511940128508
5511968278196
5511983786180
5511992478339
5511975890574
5511982119123
5511994778335
5511995453921
5511976406511
5511981663890
5511995637879
5511998376444
5511965073567
5511971589232
5511974371665
5511975422050
5511996134061
5511998123719
5511998453270
5511965453240
5511969814812
5511968519160
5511972981772
5511973499223
5511980457495
5511980457496
5511980457498
5511980457595
5511982110654
5511974125305
5511979878493
5511971518366
5511991974161
5511995388622
5511996539169
5511999106975
5511999740289
5511980617349
5511956547876
5511971380170
5511971943254
5511994408602
5511994408603
5511991197407
5511991064570
5511991281152
5511963769118
5511976472237
5511983549534
5511984626980
5511995006784
5511996673402
5511999498221
5511992033322
5511971363615
5511971366615
5511997984082
5511968842154
5511972960190
5511993437666
5511968611604
5511998996329
5511998999171
5511999521168
5511972121381
5511997783951
5511972523785
5511996109544
5511996223247
5511999525975
5511973755929
5511999544182
5511986055574
5511972993530
5511996086525
5511957286073
5511971379067
5511972698298
5511974070072
5511995398346
5511995586685
5511974987849
5511975280083
5511999988498
5511960759076
5511984290066
5511996123447
5511946550120
5511988273954
5511998594068
5511996010094
5511996013366
5511996863632
5511999448434
5511973327907
5511995661277
5511998910024
5511975056007
5511996057909
5511973401665
5511976377523
5511991698608
5511995414607
5511998161887
5511991565955
5511991888864
5511994796960
5511972071338
5511974215952
5511999707635
5511991577645
5511997307544
5511997430098
5511997503169
5511993372750
5511994065997
5511995626542
5511999034015
5511999076818
5511941098787
5511996750971
5511974181311
5511974668921
5511995459391
5511998059605
5511977585791
5511983628022
5511994417664
5511998362802
5511982593453
5511995213453
5511995573453
5511998499457
5511973172998
5511997763763
5511969779240
5511981589843
5511974525130
5511975088015
5511999579852
5511986688377
5511986723034
5511997571423
5511999659873
5511999820721
5511997256941
5511998069475
5511998044036
5511998991186
5511969040580
5511975490423
5511975494120
5511975495510
5511975495517
5511991947997
5511992570801
5511997778862
5511942818575
5511962928589
5511975499691
5511982328547
5511985411904
5511996360967
5511999215417
5511999301418
5511999490903
5511999544369
5511999544689
5511999547216
5511947240305
5511947943623
5511973379980
5511973771308
5511981577989
5511982815556
5511986892382
5511992260943
5511996071175
5511998884031
5511985972144
5511999292622
5511974621068
5511982445765
5511975590918
5511986379642
5511996132534
5511996225465
5511968350132
5511996860553
5511999008095
5511999040336
5511968541954
5511986903514
5511991791823
5511991865890
5511994102644
5511994314850
5511999321516
5511965680395
5511969331534
5511971922325
5511995654724
5511964225372
5511997765411
5511988428540
5511988484576
5511989020732
5511989269898
5511991780667
5511991789667
5511996660735
5511971009053
5511980763972
5511980763973
5511996559256
5511998874125
5511972107829
5511974074385
5511974144458
5511998291690
5511998745210
5511999106218
5511982501636
5511955573831
5511996282981
5511991259376
5511952434623
5511961825177
5511973710326
5511993398132
5511993724666
5511947567447
5511942475656
5511989278595
5511989295675
5511997205248
5511992336431
5511993461319
5511993168215
5511994202134
5511994203134
5511972793036
5511982926555
5511999776171
5511951570021
5511961940737
5511979954748
5511971967773
5511974664170
5511976773836
5511982179950
5511985362113
5511999542748
5511999873152
5511982788820
5511953002472
5511956407083
5511970887994
5511976391173
5511996664901
5511997555201
5511999632814
5511941568848
5511970860919
5511973095648
5511942926153
5511972273384
5511984910989
5511968288119
5511972961816
5511981347636
5511991458606
5511967540630
5511969096667
5511991330527
5511991332233
5511973031458
5511997100068
5511999370769
5511975376698
5511999179270
5511975921279
5511998061476
5511999644461
5511970887282
5511974342397
5511991998032
5511994093291
5511963823434
5511982260103
5511984441327
5511987349061
5511995804176
5511996625738
5511998420187
5511999687627
5511976103811
5511976951757
5511984572881
5511996235019
5511998398460
5511999969385
5511978939461
5511996283415
5511999654507
5511950768704
5511971356238
5511980944261
5511985164131
5511992600836
5511993378446
5511997090844
5511996316333
5511998531816
5511966340505
5511970625146
5511997298629
5511991099694
5511993316483
5511993563627
5511996240112
5511999671602
5511972164187
5511975900740
5511968340533
5511974053214
5511996043214
5511996045845
5511996232747
5511963947186
5511979813006
5511979943008
5511981966371
5511994003604
5511996555082
5511999269365
5511982159023
5511991377062
5511991692982
5511999845914
5511972161905
5511976377664
5511983317638
5511966207952
5511972555576
5511979757640
5511985917640
5511998591764
5511998677640
5511957192755
5511978427129
5511981227091
5511995053733
5511970307722
5511976951208
5511996563519
5511996920048
5511999687397
5511963748702
5511981384406
5511982801276
5511961825378
5511973629554
5511974193664
5511994807574
5511996280635
5511985863345
5511995836578
5511999460422
5511997098907
5511998601076
5511989806563
5511997846860
5511985757464
5511994178945
5511998575746
5511999749699
5511976134625
5511955401832
5511974732336
5511997179496
5511984538953
5511961030812
5511972921454
5511973393262
5511974598487
5511977357455
5511978088191
5511993412164
5511977259597
5511992321811
5511999600997
5511995265994
5511998663056
5511964180283
5511974845257
5511975473940
5511997989840
5511999798984
5511999945870
5511955557400
5511971535264
5511972515263
5511974946234
5511998322761
5511982942715
5511985832923
5511998458176
5511998680701
5511998685810
5511998685893
5511941236594
5511961081887
5511967492031
5511967683257
5511976950006
5511987717519
5511956093093
5511972818161
5511974861914
5511976032272
5511976429590
5511996275949
5511997663966
5511999666687
5511991396951
5511991493418
5511993487968
5511993489098
5511994169508
5511968429868
5511971856708
5511973144090
5511996218632
5511997864384
5511953360346
5511978402565
5511982396699
5511989239326
5511998067399
5511961856549
5511971914010
5511974617821
5511991426578
5511994119513
5511963814085
5511963876058
5511974646015
5511997922227
5511999495516
5511995570976
5511996449742
5511999721503
5511972761255
5511961924625
5511961924630
5511961928061
5511976902450
5511982665410
5511940051747
5511972193046
5511973393264
5511981550696
5511994659000
5511997432578
5511986311650
5511991647022
5511995449050
5511968281261
5511992621630
5511972908907
5511968425944
5511973875827
5511997194505
5511950795622
5511972633492
5511997128029
5511991270903
5511991272505
5511993221050
5511994777211
5511971479202
5511981866673
5511982448450
5511985341197
5511998244846
