FONE1;CPF
5561999947777;53032608015
5561981128072;08480346191
5561996973122;12101621134
5583988303100;61928240453
5569999135558;20456921320
5565984175183;38384698104
5512988338285;06042770837
5567991294026;58012222191
5561992275482;51588277100
5561986163949;38011905104
5531986776390;84275847687
5521971679224;00164787895
5564999755243;27838838134
5511974356004;03606157835
5561992540509;32722591391
5511997704971;08501869864
5511956057886;07732008863
5519996881449;28849860811
5566999694772;58159860110
5541999695863;68057172649
5527995742984;76484068704
5528998817942;86249916768
5565996722286;20318880130
5564992489256;40224473115
5569984089711;52533662968
5512988159338;33809852872
5511947065406;30742635805
5561999333403;53798597049
5581987392201;32080034472
5547999625772;59092424900
5564984369554;61775126153
5566984039146;89883349149
5527988013071;08900851705
5534988266367;88905969615
5563984473333;37566008587
5512981514595;00532256867
5511998896548;26084506879
5561996644115;06770010100
5563992053575;25124048115
5519994387765;04228490816
5511942601004;18781362838
5561984051436;77270606153
5511959782742;91145651887
5519996957009;03651525600
5564996188068;61283584115
5511974622373;26766051868
5511982219429;03058370873
5569992073537;22087168253
5511980856692;29612368864
5561981178850;56126247191
5562996899294;76987868115
5519981092328;92006426834
5519996147652;26330698864
5561996481646;10811052087
5561992020500;18570828187
5522999980631;89458290759
5527998513359;75999510678
5555996315333;16704037004
5585987355962;35997338304
5561981352532;41813480168
5564996062000;59283955153
5588992766567;12390780300
5554999710140;24565245000
5527999347647;08641511792
5569992824678;07485590359
5569984551109;63466155215
5583988423730;49174827472
5588992787755;28442407391
5511996233093;02250868832
5566996030818;80477984134
5528999393068;97872830787
5566999113860;65179510163
5587981204010;43596452449
5519997441766;15855372847
5527996140873;02028323760
5511998340576;05405574805
5511965471522;12316518818
5511997016943;00849293839
5569993242012;32960450230
5561984202987;57362122187
5583999455488;44141378453
5544988068280;00791201481
5547996010005;68235798620
5564992110007;86402528153
5518981554653;75801167820
5519998015852;08364027824
5562994368359;89588290104
5562999711413;49773755134
5561982026006;71894780434
5567998093185;20483406104
5561991010013;48417033149
5531999484219;81451130678
5579999798247;88006670587
5588992989200;94805024534
5587988145911;93632487472
5567999718515;68256337915
5535988544930;83227865653
5593991265885;62305565291
5569999692122;31214606253
5522999109942;05055328835
5537988345577;35713631672
5567999650845;77917545172
5563991098686;88785092134
5561996288337;55331289134
5585985999103;08158614353
5581991075286;01928980430
5561999701602;29620384172
5513997091967;08052067871
5569993851194;61199192287
5584987226955;35917270406
5579998564211;46370021504
5598984079651;74643258349
5531988730503;90279891687
5581984594691;22358153400
5574988010254;68868197553
5512997102532;05341841891
5561992072353;82822557691
5561986151337;32470150191
5549999269903;70778370925
5574991192947;24688380500
5577998274147;77604385591
5585987818678;18889867353
5587999276326;78327148400
5548984686507;48915033949
5561994263003;18604463100
5561992060364;26844419104
5567981770823;28146786049
5561999594411;27962229187
5561996728666;29711428172
5561981166634;11978406134
5592988091008;09973869249
5561982574551;01756092842
5588992924221;22240209372
5575991355002;00073345598
5581985000887;10346414415
5566997120061;29805600904
5519996578359;19027490813
5537988123158;32733232134
5547984004959;38349540982
5528999232541;00530509750
5538988082105;98153323687
5586988393294;34785213353
5548991481011;71325930997
5594981140339;63236982268
5585986639665;85012823320
5551981196958;56525893020
5561992241901;97376337504
5566984091488;31135188149
5561996948969;77289030125
5585981920151;43027288334
5561985244050;59431482720
5528999861233;05692261120
5566996412793;46840141187
5561998345913;06651337823
5561999594266;00524430608
5541996391383;35970316253
5564981167070;93762666172
5561981397995;18499180159
5561981160417;26735458168
5563984711252;61302902172
5517991755852;02650423803
5561999662332;52348938120
5567981475643;44649746191
5561984733658;08680485187
5581986394653;36881856415
5561991643872;49495925134
5561981197304;36459046115
5561981167750;69930678115
5542991014320;21523347953
5511961610069;94057974415
5561992951133;59888938720
5564996083493;87361574149
5545999745634;45287503920
5514999043048;01542696895
5566996445455;17823366134
5514997149120;17027050803
5515997660902;27884184850
5517988085100;21848116888
5519992122939;29096086899
5517981902999;27399441871
5586988070453;07870540382
5538988539409;66588995172
5562985132466;36636150653
5542991233233;01884780946
5562981904363;24236900106
5566996250388;76820076134
5535988516958;01341556611
5513991577451;69821046215
5581994745615;18644368400
5511981177445;07419907846
5527997103412;08298237781
5511973167826;90523059868
5599984118058;17797853304
5584994201240;42272726453
5563992189495;45026068120
5534999744093;66095387604
5547999549856;00665644922
5511996448405;56974590849
5531980213031;68836457649
5519999662908;00057179816
5561985328287;03232409334
5561981121895;82387699149
5511944413647;02147695858
5554999952608;94591130010
5564984278589;91058228153
5511972903170;27816858876
5548991512131;95787402049
5561982635150;15373550159
5595991188220;37620061215
5567996208072;97430080120
5535999093576;41995465615
5563985171701;05929911134
5561999761944;09900535120
5511962260935;04909563865
5564992671783;91279240172
5567999670766;07349726104
5527995290773;01994203781
5561981587950;11151905801
5561999295960;29033811863
5519998983564;98786717804
5527997767635;76517535772
5588988721560;91237769434
5583999710686;47626690400
5564992383068;43963323191
5581991557799;89968697400
5531971507940;03855979677
5568999993114;01128710200
5581987702152;32028199415
5527999409284;67537634734
5561996491820;11947284134
5519994948943;21560526890
5561991357901;64658260115
5541999402268;22204580910
5551995496282;01944509020
5567984015925;04516456850
5533988319642;32463693649
5581985921106;44710739404
5591985132570;12673200282
5543984058059;60452706904
5562992172988;13164856172
5533987074034;61915815649
5541984789897;72483997953
5566999756420;45937834100
5551985402665;55593810044
5563984724613;37285998168
5535997528037;41347820663
5531984943608;02012399738
5561982716732;40697541304
5562985519485;24371645100
5599981381907;14832763334
5531988253246;64924718653
5561981228336;33398780130
5588999662706;19219458349
5599996464650;52986292372
5561982332525;29632242149
5561981150484;56481586100
5565996176448;53525396104
5531997270715;32524005615
5545999153931;68069294949
5533987627791;46600906634
5532988318876;20971303649
5527997002750;97792225704
5565999220748;20465696104
5569999871080;03279216842
5588998749900;45587744353
5511940674166;05059720853
5517988063928;46376534104
5561981400356;02609916272
5584991361294;73746827434
5567996635010;11007184191
5543988136431;55118763991
5516988504239;10624038866
5512997112850;12211528821
5577998015218;17934516568
5521964123389;91987865715
5521997244819;31265928215
5561982578115;13799231315
5563981344326;50851187153
5588992912683;00170072320
5573988092566;71525254553
5568984026450;59875070220
5567996216217;75435659949
5563992376759;91649730187
5573988257639;56272294549
5561982094656;61023515172
5511998647567;10328229881
5511999735095;32613573805
5512991700595;03795843871
5561992796946;09896554153
5564992771747;26501090172
5564996955073;90677684134
5561999630319;08468796115
5519982718119;27189021833
5511962107095;09003841748
5563992079379;09076298149
5562996587965;40277097134
5561991189227;04953991834
5547997344175;46731067172
5518981609434;02178665730
5562991669657;59877570106
5533999057206;63225611620
5564984125629;45136270187
5561991634752;16269357187
5511972000407;16437720824
5543991253869;48092533920
5561998308101;46827307115
5587981032783;76525902487
5555981188390;51563525968
5521988494250;60781831768
5561995875557;24528633191
5532988151146;86024515634
5562985464654;19286317115
5561981234681;25850911634
5555981315938;57784868049
5551994580987;38249650034
5527998082058;03117348719
5581994796222;39421996704
5514996553190;15067782838
5521994798455;44672675734
5554991647216;24871850072
5569999080404;22011846234
5511996556168;11840959819
5561984024249;02903636168
5515996296497;07105561874
5511970249688;03842644841
5544999240718;06319928808
5569992096028;46933026272
5513981159090;07133524856
5545984132532;21226776949
5595991754866;33277109100
5511963732925;12273541856
5569992183488;64911250259
5561996458007;09738479134
5588992428276;30982790368
5586999212725;49814362387
5518997780007;20458537802
5511984329704;21340538873
5516999617381;20058369821
5527997753339;03097572740
5531999897239;28321774687
5583988012109;93123523420
5561981119018;22125000172
5511953741937;21600927890
5561981060362;12039780149
5511942473981;09349323877
5563992021446;26084260187
5573988274924;23140607504
5512988093832;27877263805
5575981719246;91904170544
5594991535344;36871095268
5561998152101;37202871149
5511962419469;03229305884
5511991451556;06818423850
5571993627817;67300286534
5569981075556;09767259830
5569984063737;47898992253
5565999511494;20710615191
5561999829826;17903661000
5573999951385;38593254691
5561999342605;61127604520
5567999118225;20393687104
5531996010369;98998722615
5568984226395;22128379253
5564992542142;77205219191
5561999812104;00034010220
5511975039397;14203441889
5561981419848;83886443191
5511952390644;14382312884
5527999995681;84407557753
5561982094686;23898046168
5581996329640;07043457491
5515981225049;14484402890
5563999825404;32494904072
5517988031141;22357222883
5594991737543;63388812268
5567992907762;06602720163
5577999738004;95777857515
5585985195084;47317809349
5593991042958;40404722253
5567991461562;78035414100
5561983341426;66302986168
5527999827543;65315995704
5544984640288;90026195968
5513996061557;06831699120
5528999815470;01545911738
5564999641736;30952492172
5551998571955;52592995072
5519997099817;26541616841
5587988319306;43866760400
5511998457986;05637871809
5561983487472;31681000130
5519998511220;69536562804
5575988178462;47960850500
5599984273969;23903295353
5569993845196;20484933272
5561982319965;42894417187
5567999730502;75900734153
5563984003569;10039481115
5599988120010;75509229349
5553981012064;65145380020
5566996930653;21461858801
5566992169264;48752541134
5561985634257;26133202149
5561982594795;39920127191
5527988455016;00179470736
5511947609439;27935710163
5567996286446;60041900120
5522988465307;04571298757
5579988347321;99002442572
5531993923737;00864746695
5561998063321;35948949168
5571996627575;88353885549
5569999411102;17682970880
5567991127095;51358522987
5514997429842;19158260803
5511986681854;06804914813
5561995427255;81426780125
5511971406779;57687340825
5551998043592;45449619049
5511993065804;63609770872
5562981374441;53287339168
5561986499739;34413421191
5561984011437;41625706120
5568984022196;17526329234
5598987026362;45017468315
5518997344165;27903817809
5521985383542;48656100734
5561996240026;16862153803
5583987920725;88771512420
5512981482521;13685251805
5562981760833;78442206191
5527997101567;97040967715
5561981428303;51618729187
5511998247435;11674781857
5561981337364;30881285315
5511981916311;42682231853
5511961873893;14480463860
5547984389686;30977738949
5569992145917;14323320230
5541999655090;42592224904
5511997601965;30524515883
5547996148450;42148634968
5561986789932;33604967368
5516992318027;27386635672
5561986570233;00817015191
5519991332656;03164247818
5548999012191;10499474287
5531996066978;58994769668
5564996411595;26926245134
5528999680226;07729670755
5585988365880;09727370306
5521998197921;00003739740
5534988414632;66337712153
5562992234572;09225609191
5522998673867;07338079765
5511983150208;29401355843
5551996478421;31380093015
5543996044394;02391413939
5527997304094;05195939799
5516981423911;18616097287
5521989246551;09316752191
5581988338940;02300053497
5543984327620;48692786934
5561981501413;05456207320
5584991424949;11200448472
5517996091111;17356171805
5564992279476;19334656115
5511999930726;28953862850
5569999214670;61499196253
5567996425658;35716487149
5531995633024;02593629134
5528999665838;28335775753
5561991090211;23603402120
5551995035331;42340152534
5581986540452;87965950430
5518997022415;15877521829
5563999796957;22401008268
5562991589695;38038293134
5511963721125;26037937800
5561981114141;67203930734
5561982611817;81875401172
5584994023790;13684191434
5561992297311;09813926104
5564984206092;76297357153
5575991781984;96780800520
5545999711030;00622464884
5575991220555;12222208572
5581986258961;68395680406
5575981154672;30890900582
5512981414162;08120952863
5561986141516;18509398100
5553984427088;84552581104
5561981388938;64591824187
5514981112121;19545826843
5514996696901;07896439875
5527996090107;07026482726
5513988594212;10837993806
5562991074367;57618488134
5561981688853;11908050144
5517991778996;30130441600
5568999783951;19765398204
5516991970200;25278726890
5565993520566;96121319968
5519996861151;29019339800
5585987198080;38803631372
5561999681958;80250530163
5561981187300;18417701168
5561996177472;06861105104
5511982085129;27815545882
5561999707821;38568632149
5564984053375;13660691100
5581985343730;36236764468
5531991256943;74565389649
5527998419094;07527523751
5528998864945;04238217764
5567996558123;50606905120
5531983763738;99501872653
5563992983561;80515100110
5533984412262;04143904667
5535988427182;13783681855
5594991248514;36178055315
5569984036495;57211264268
5535999551303;01178109674
5538991971905;40400891620
5535999028204;44439873634
5579988035323;26612224568
5567999827899;94936021091
5562999571313;84327642134
5561984218346;63617994172
5566999970773;04053539870
5521995898078;78718090753
5521970097131;36367907734
5567996025918;85632910172
5566996421508;34564594168
5561982202040;62025104120
5588981594583;21511047372
5565984013597;31560571187
5564984452993;61876577134
5561999286371;58368639115
5581989353349;68399278491
5584991891248;82858586420
5517981464168;28762644807
5545999718154;03926256877
5544984227831;69604843915
5567992356946;83196730115
5543999726662;53233778953
5561984461860;70703124153
5583988072456;79011977491
5543999367496;03258087911
5566996053374;78145627168
5581986428687;32149719487
5598987916364;00903137399
5598984203678;54404517149
5543988274364;67872603934
5518996577244;99172372834
5567993016336;83173218191
5511986854964;14274824896
5561996860021;12047503191
5588988797161;11562129368
5579996419894;08577560520
5567996518343;82859388168
5528998852825;86238990759
5573999280463;10717788890
5562984131101;28758587187
5561999741866;11297018168
5596991447245;38844001268
5583986275239;59295163400
5511971956621;28662382819
5561994229859;12498203915
5561981665090;70245967168
5519998083738;10272088862
5528999164207;02264227710
5511949902023;29490464449
5519997924189;18771616837
5561996033877;08671249115
5582987232311;11301562491
5562992229907;90420241191
5567981099775;99989859191
5589981062156;84584149372
5561996856509;22063382115
5584994111379;32296142400
5561986090781;12110302100
5585985690079;53857259353
5593984115831;49958500230
5567984499091;60461136015
5561984621505;93727470178
5542984125278;03417693985
5512997634662;07465324823
5532991163367;90644662620
5575981932825;91777739500
5551980212122;67412033034
5512991231388;03489688848
5511984479134;12825812870
5512997249650;03245859856
5519997920069;81964919800
5517996562459;09822522851
5567996630873;30558930182
5511942684251;02215858850
5531998734384;04797633646
5561981634262;89708865168
5561999085901;69391521134
5581986479694;90518659453
5551993188387;33953082000
5527996940990;89642082772
5581995438068;37729004453
5555984016162;16540140010
5585984048324;12275778349
5548984147907;27220273053
5555996240416;41568320078
5555999759410;47177390006
5569981161367;47624442272
5561993575400;47755911187
5551981175617;09431616068
5521972252505;01705720803
5565999004270;69376786815
5581988401956;30544580400
5569992838982;59206985272
5555984016320;22532846020
5579981259946;23485280534
5535999448273;89416732672
5564996233999;81342233115
5551996520807;31740138015
5585986445082;46593373320
5518991449710;09369434836
5519991738863;10146018869
5527992581011;81702990710
5511940452454;01348197803
5593991255796;82304319149
5561981192242;44276427134
5527999470678;10006790712
5584986103398;35114959468
5522988436818;00723356700
5568999855394;13691295215
5585988457615;38279169334
5566981032704;46858172149
5521984104577;01821218795
5585999860936;23484756349
5512982840157;08015703875
5591984936049;57657483334
5527998452021;00961120770
5586999140927;20157991334
5561981726886;11659700159
5527999313964;10072728728
5564992591139;58708103100
5511940116162;07915256866
5519992541309;30716161800
5519996492295;31087902851
5596991370168;56722931234
5544991232713;69391971920
5519997687377;10202756858
5517997260707;09809462808
5542991657731;44138229949
5561993331700;66558271168
5567999728763;20318391104
5513997077724;04679453818
5513996778680;36710890082
5583988026042;54621593749
5513991510483;07730492822
5561996623422;36202410310
5531983023741;72341114334
5531983288336;62112910604
5593991659758;49632191234
5561998011422;49457705149
5569992011741;35170298234
5569981239263;42092027204
5561984978427;27087069187
5561996562208;72931582620
5534999556581;48036641100
5522998351660;08487358705
5518998107836;17654358890
5582993184266;38486105404
5581983206626;32925271472
5588996872035;77068416349
5549999007679;38561190949
5542991012929;92692257987
5533988356239;03058250703
5571981237105;68719779534
5564992928634;54688086172
5582996498877;52441393472
5527997625610;00877156786
5594992432015;24488712215
5586988214922;30714028304
5511959878409;95004998868
5583987292009;45071993449
5511995509967;06958450809
5553999822924;52998371000
5562985637313;32976917191
5518997126602;25272965809
5588999155993;21137137304
5561999775269;20750528087
5515974011973;07764314803
5581986346248;40115674420
5561983085796;11532491115
5561992126964;31469809168
5561985189618;53285891653
5563981116812;16087780963
5568992234367;13336134234
5519974120506;25327274896
5581988522755;76435466491
5544998133039;88454690930
5561999039201;23982802172
5561984481890;56392451668
5569996005666;61725250268
5519991888574;28551096800
5584996222307;55347703415
5567999018468;36927333991
5568999095111;09108726272
5571996254968;16640484803
5584988767267;82224706472
5569999010062;32666438287
5569992825353;05837995234
5519997221510;10214903850
5568999968647;13872060287
5512997591961;04808084813
5562984138777;60355174120
5511964464490;09510627860
5575998534018;41069765520
5562981905569;56712910110
5584987483030;14078031404
5513981147331;08765666895
5519996522093;34626168892
5587991259842;35464712453
5561999057857;81172630178
5541985022646;81877340197
5581993109206;14510880359
5511956070150;29335335886
5562996405069;41249330106
5567999884885;01579488897
5511944999740;36079375320
5521989505955;07072055738
5561991314450;28840179844
5519992977017;33277992888
5516981127342;11941819885
5511987516219;19575900847
5564996444645;61283576104
5561991064117;45802106115
5583999818664;13310402487
5564992087706;03322040658
5563984057711;62625004134
5581987353921;61190616491
5561981667621;35845104149
5562996351202;16138317149
5522998321984;11328364763
5561983266764;31694640191
5564984041290;77425316153
5584991070032;36603430487
5547999168819;57633266953
5589981036552;29366291368
5596991292540;64405303215
5569999752503;89851170097
5547991833220;22652787187
5547988112996;07472369845
5548984461077;02213276811
5549984027596;89224027920
5551996715713;39346056053
5561981235354;68867573187
5512981314824;01934549800
5512997551204;37246003800
5545991422711;11593512104
5547984636383;68865090049
5511940270254;73004146800
5512981232233;20857098853
5511945111604;04249738809
5581987586854;67014674404
5511997635820;22625867809
5563992199069;57516294187
5569992293420;68731051200
5532984095391;77629043791
5569981144000;93847718134
5535998248557;54553571668
5562991665060;77726367172
5562984746382;33260583149
5514997907560;16200777870
5561998463366;81312202149
5547991085744;19965095191
5511976768691;62008005100
5581981738057;74250043487
5567999725432;69561915987
5561986286081;14855674591
5514997377701;13721668820
5561981347514;33389977104
5581984298723;24386537449
5599981547527;47631490325
5561999724760;25957198153
5574988619941;43265766500
5587981086200;70598517472
5544999141439;00699351901
5511950544762;14527556800
5511991225677;04275895843
5515997090252;02260328849
5562996265400;35973463168
5527997619290;03832007172
5562993029941;77268652100
5531986486409;88078264615
5532987073122;03697737643
5511941332963;04217694830
5535988006067;17283728600
5561998220577;32735170187
5595999679091;22524282287
5588992660548;44043040300
5564999576065;35579455100
5561998617140;05962064100
5528999503093;52696812772
5561996661063;50228510325
5567996728738;84580496191
5562993376372;00461084163
5585984140117;31415318387
5561999013959;27987140104
5562991148210;31511368187
5562999268266;34920560168
5549999265201;94963029987
5567996552324;66305136149
5585999444451;99883554320
5561981361369;70730865134
5561983484003;62024353134
5541999686053;36773123100
5511948457145;68340842820
5588988049330;24335819315
5527995018746;85631612704
5511997337807;03620006890
5512991265810;08494311824
5598982656818;19647344368
5596981230920;03013650249
5561981160086;09235655668
5581998421302;30587093404
5548996689172;30599393904
5519971555269;11572306874
5568999956575;95170677715
5538998942920;85030813691
5561986358859;37149350100
5561996107766;52430553104
5521992193876;82902160763
5514996736655;01552980898
5589981056292;18199577304
5521991034312;79768636149
5561983295056;00069558191
5532991979718;53066367649
5588992570603;19547382349
5569984067750;79645356172
5584987486948;46574581400
5581984489799;50030582415
5535997516770;02768365610
5568992365491;13874373215
5584981431338;32303203449
5585985383892;44093721300
5588988529961;71372849300
5585986536460;32099053391
5517996310210;82458820115
5528999413575;07203238784
5561992231312;02473084475
5589981268133;59191619300
5563992320025;36946559134
5563984151071;13585207120
5516992530484;39746429191
5514981975550;11770194851
5561992278500;28926064115
5581991529832;82193860459
5511948454722;31533124515
5581973099035;70568693434
5555991755587;30608961000
5569999291305;57709750249
5561992734925;34261940159
5528999029324;09657562708
5512996243503;14473170845
5512974013588;28354935817
5512991369786;87498308800
5554999094738;36704962034
5542988905568;32142978991
5562984158430;09358390115
5513996804965;04660664813
5566999531188;55438032149
5544999172347;01807778908
5573998000416;59760400200
5532988234907;42473942668
5546991303446;00800307933
5567999652487;01759274801
5519981224460;21486392857
5547999234209;67781926072
5585986985357;37939440349
5511945937529;39316076153
5585985032978;38877651334
5519997197742;13601389860
5567991192781;01608604829
5564996135210;86729527153
5561992729060;56467079191
5561999820427;10260358134
5565999175439;20093705115
5531992537009;93627513649
5561984799696;04639324120
5519988503550;09058909816
5522998367713;86092650720
5568992067339;30793882249
5512974038483;30871967898
5511949519107;00764621882
5573988184634;41580125549
5573988616034;03470536619
5586995971666;89488849134
5561999635069;57338973172
5563984187274;38912031104
5561996839990;09683844120
5582999845777;01834858402
5531987483655;26883554653
5519997863504;17201322672
5511930956094;68166435853
5511987498600;96358769553
5511975287054;22651924814
5532988641725;56274920668
5527996371255;29286980191
5584981622356;97129739487
5527998353001;07284405716
5535997013810;84631511168
5561985670151;09724354172
5569984452875;24204030297
5598982229966;80485260344
5569984178174;19185677272
5585981215423;03315177104
5561984995819;22682198104
5565992100739;39365972191
5561984476718;56444737168
5511977314920;64858120163
5581991297793;33322481468
5563984721389;80922228191
5585999558553;36943487353
5561992358766;70913730300
5563984906965;26267039153
5561999882994;10159525187
5511996990445;28715882870
5519999772095;26268410807
5511975927603;04839893802
5511971175441;12454665859
5513996708268;45208662434
5514982306000;22214446800
5563992794130;29799090172
5585985982225;43741240397
5519997706925;28875416842
5561995221160;18613608191
5563984077565;62623656134
5516992950819;15987595827
5563984171670;16675517104
5588988799959;54676894368
5581999165002;44622236400
5561981753202;27525945187
5562984847090;13318306134
5527997602079;67297323772
5561984236845;33511128153
5561985378006;89487958649
5561999316244;68868588153
5528999359691;00784209707
5517981801467;35028024839
5565999935140;06492202856
5561991245783;55411398649
5584988312814;73721352491
5511963307835;00434447846
5511958479699;21863917837
5516997520220;26827744825
5581983579895;38847140404
5561998620013;40110923120
5547999048179;05085020987
5543984089464;21070687987
5564999999369;25112539844
5569992318171;85875023600
5563981177839;83787666168
5567998283750;29389534100
5583991094859;91797357468
5588992867900;50676970320
5511999980069;30028652819
5517997114433;32438352833
5561996334645;60361123191
5544998403378;91438535953
5514991522472;33578904880
5561985431328;14366665115
5562992212038;78363926191
5561982618479;14984148187
5561982483826;88835677149
5562984366050;70682631191
5588988058261;31473903300
5561981128743;36598496004
5561992329200;29732417153
5568992035411;18102545828
5561998377577;23939079120
5544984566851;03793896900
5581982876334;36343650482
5561999665680;11326590197
5534991216206;95140417634
5591980994405;18532918204
5561985106844;28926374149
5585987496014;48493465372
5566999816502;70410291153
5511940453883;11820376826
5511997276271;92092233815
5563984384450;27709159168
5561998821106;65065590800
5599984075231;08005591349
5551996359237;45164770091
5583988603340;41943422400
5583986368613;25115707420
5522981183131;51265559791
5561992757819;38982064168
5531999753777;91764580672
5567999207426;23164220049
5527997856298;02165675804
5589988150455;50960229434
5516997907890;02310326763
5564984026925;19029160187
5531983121326;25125729604
5511996009068;94039437853
5599991277694;12875341391
5562981778480;77125088104
5541991961701;00237523949
5561992039669;92716628653
5588981375878;31509568387
5524981421287;98483935791
5565992542841;46057749120
5562991548195;34143548100
5535999762260;64807533649
5575988055900;11189215500
5565999427778;17188172153
5569981258410;59339012453
5534984438684;95172890653
5562991823694;43457606153
5534991068188;00865585601
5514998798283;82812217804
5553999025544;81475772068
5561999620087;22808450400
5561998536349;12648140468
5561991127798;21453454187
5527988986065;19958676672
5538991178915;08424900430
5547992423926;28228898053
5561996218020;79543162115
5532988766079;08143978672
5535987130800;24843733687
5561992408228;12042226149
5512988157548;05030601864
5547999836904;91468906968
5512981263955;03957386870
5561981630055;00850691168
5519996659492;10227389840
5566984186600;59646870244
5512981564357;21461388821
5566996563485;89316371104
5564996122383;08248133168
5561992631865;55168477704
5512988436063;18811210895
5567991946890;44804482172
5561981116282;12023221153
5585986000162;23486724304
5575988192088;27422496568
5561991464859;03953998153
5574999130207;18726461587
5567999654063;35631783134
5573988940999;17265720563
5573988413011;33719870510
5561984187179;33515999191
5541992747823;01412697824
5563992813612;61191760120
5561991588918;62621530630
5592994568068;72676000420
5571982625563;44477228104
5581987640864;16546563487
5584991175988;01085076458
5561983118956;91719674191
5511986368241;29351187829
5564996238020;64302628120
5564992540899;41294467115
5531971501975;77801261100
5561991435841;40066622115
5519997349504;96439491849
5511991997439;08357109802
5514996452187;01575602873
5595991595104;38259974215
5564993089864;48552046172
5561983256887;09824022104
5511975746810;32397786885
5562981952392;83320032100
5519993501223;29584514881
5517996328113;32777336881
5561992444819;49904477191
5592992456580;43755461315
5561984916823;14951290120
5567999243959;70795541104
5538991314979;74754831691
5575988446765;59992425504
5512988872265;29489187828
5583981623757;95223665449
5561981770516;08165566792
5579981052159;49903640587
5568999813812;56403437291
5562999357504;64032540144
5561981282970;52236684649
5546999147789;03986816941
5581988184608;04041071410
5564999525408;12460753187
5563999155929;43628052300
5564999951790;16727355134
5516996032394;19157388814
5593999024570;02770965700
5561984340646;35147130306
5561981292308;37218700187
5567984378969;91128188104
5566981142809;41505107172
5531995418834;06675006851
5566999618405;72754265104
5584988110351;05022053420
5512991123633;07504162892
5514981766232;24575628808
5514996617145;82433828872
5516991058568;01767410034
5564981064576;87997177191
5528999250568;08371409788
5519997686916;04773312890
5514997011900;07902139823
5561981238406;70533792134
5585994198600;20968914349
5528998869772;03151571786
5584988073599;49839829491
5549988504157;57756392949
5519993880324;15473831869
5541992444437;63965518968
5584987049499;24305910497
5561981242200;69343802153
5566992226458;56993285134
5522997826839;03067450701
5561991201395;38625946100
5567999517218;46286047034
5581984120477;84718242487
5563992725922;38045230134
5527988565074;00328616729
5568999757068;04578813215
5561999211403;22240330104
5521972821525;72143312768
5568992127909;19665105272
5561981311514;81879628104
5561991975071;30854040153
5585987006608;10502580372
5511993118800;03070327877
5566981141010;50364910178
5561999812983;69842566153
5563992991103;64246345172
5562991655729;39480208172
5596988017750;37416197287
5561982110623;82676127420
5518991399792;06375366810
5518991062205;07228936809
5511996317885;53316517987
5561999770308;00913881805
5563984353115;30073987115
5511940012410;06144911855
5599988015749;76408671349
5511970402333;57633029668
5535997213999;94127085487
5511980210762;16028711837
5561981372035;86825348191
5517988067376;12153467861
5511995307285;30514604867
5566996766820;51452251991
5591984879323;65344570244
5582993381537;47517948415
5519982032485;13576518800
5561981326763;03459971827
5561994639393;32994656434
5513988297189;19935488829
5587981365266;26705907304
5561996542757;14201720934
5514997226928;12024588824
5591991800289;42854458249
5514998041002;27399835810
5567984663292;60041153120
5533984367808;01579484638
5517997630977;73579661868
5519987697399;02169416870
5561981739737;22546243187
5561991232741;27950573104
5585988472721;21996504304
5528999038198;09010995704
5519991887515;72384379887
5589994375301;42074142315
5531988014364;83862102653
5562996341914;69435855172
5568999727153;27182150204
5514991916998;21463215800
5561994157626;60339560100
5528999730803;03924892792
5561992696824;32975783191
5527998173404;75799090730
5565984014239;41344405991
5568984012368;19666144204
5533988096890;63993163672
5527988650367;55937004787
5537988124819;48784303620
5599991223789;36462713372
5561981596393;69033404168
5522999734972;88724700720
5561982571421;61497053315
5521992926522;64366740710
5561981011815;04661001168
5583999826012;83922938434
5527999488881;07521461738
5562984992695;14793725104
5521986793653;80871330725
5521964768341;31287514715
5595991662645;41857062272
5564993078879;80291287115
5599981842097;07700717320
5566999569989;71580441068
5562984574260;24271500100
5528999629904;04236547724
5561992130515;35109017115
5528999254016;08619315722
5569981114649;52391523904
5566992060598;49082108968
5561986428414;29643740153
5511950357272;16125675840
5514996176045;22685075801
5564999236970;04143779153
5519981510187;15321153850
5567981488730;92022723104
5565996028970;79182623104
5514996682612;33345534851
5561982352569;20965818187
5561981013331;18247490153
5516981400308;32648415840
5585986374515;42238595791
5515996406524;02117167829
5594988031756;85929298653
5567984792070;77342534153
5553981307178;45050538068
5562981335757;04328230182
5555999686758;99539470072
5561984966861;31692435191
5564999004847;58738088053
5561981089350;62948482372
5561981339148;18651720149
5585991068427;32314329368
5585987616978;23153890382
5513997137080;07014316877
5512997019442;04233343877
5531988757121;91643970682
5561981123643;01853337455
5511983018616;08906485816
5521964784662;83397353734
5569992680931;56593333620
5516981243767;44482280887
5511964404482;14143336847
5568999757755;19729650268
5516997640885;08970241841
5511984582713;02925842100
5511950505911;13040323881
5564992638584;07142951168
5511976649245;09951774814
5575998332001;31973752549
5512996572553;10335014844
5565999004749;24158852153
5561984089178;44368020197
5515981783063;17734750885
5512991524760;31933520809
5574988155743;12041955520
5562992263551;23658142120
5567999661235;40327752149
5511995431901;30296096857
5561986030632;36571571587
5561985821193;11431490172
5535998447388;30901835870
5581986333555;18732143400
5511976374448;29453665843
5561985854234;02425378120
5518996065175;33753006890
5527997809547;09108099766
5564993024981;35009659115
5584988856435;23667028415
5532988609233;89266013668
5569984648179;07930823822
5535988044883;04340044644
5548991252452;19288208836
5527988138339;86220152700
5538988372082;43527744649
5544991476077;91113890959
5522988268142;85854654768
5514998198876;19177780825
5514998497643;21548975842
5588981175890;46517090363
5575982860600;18165435515
5561996428480;22547053187
5584999050197;03071001460
5531988078685;15845478634
5511971516111;09198693867
5561984198818;61103152149
5562992731758;76406199120
5528998830414;04601362750
5567984196575;16340248187
5564993386259;55614159134
5599991234550;89820118387
5555984075350;24728012387
5527988611565;05746592773
5511991633375;06005876813
5561985821937;78394163149
5531988322037;80666531668
5565984032702;82285179120
5531987423156;92621171672
5511975673737;14776796856
5567996358525;44477600968
5514996438999;96556790800
5566997238197;65023200159
5568999792441;19619731204
5527997323791;07313542739
5561991398092;15174140163
5561984273140;60664703100
5528998831429;25217780797
5511943926158;65671724872
5527997275837;03191504702
5521972927424;74368702700
5561984003221;38937174391
5587981437261;02358227447
5583991434844;02855718422
5514997869652;28214413800
5515996275049;06270614864
5561992150452;77569644115
5532984295513;18170439604
5514981470162;20085078824
5531998059252;50095463615
5516991416840;32832245870
5517991026031;30723268860
5579998893596;94611149820
5518981187647;32681503817
5517996578587;09560515888
5561992691290;62298933049
5562994753716;36030490125
5553984464296;68680813087
5568999599760;19712065200
5561984604090;53682874100
5535987149849;47403390644
5584991057738;39377466415
5595991196803;00442850786
5591991799314;36177466249
5521986010985;34631143720
5568992239940;68437870291
5527999660020;00216171717
5563984027892;19413777187
5592991134410;64460053268
5537988334874;35691190687
5581987756254;48024961415
5569984262058;38549816272
5585999630047;04125398372
5562981490940;49420402134
5563992540216;81147821100
5581983588867;29553857434
5566996092281;86780565172
5588988058268;17271479368
5567984027249;25708283866
5561996656644;05521572104
5533984031855;30777143615
5511992800137;28650412807
5563984118171;53400313149
5532999176980;23519665620
5563984349940;45715432120
5579999795080;12023191572
5555981189371;48510998000
5581991478095;90043626491
5544991488281;84752840197
5533984056882;83625607700
5563984446037;76064859172
5549999113232;55998046900
5538998659410;30405661649
5538998310830;15960609649
5531987614706;45683999634
5561984540128;23970502187
5527999592003;98174592768
5582987289143;50867261404
5511998077500;27790224859
5527992916806;57803951791
5517991161057;73540366849
5566996476760;57817898049
5566996672629;22691784835
5599988351811;45980993304
5561986333743;79597734320
5566996187634;17239060187
5566981134279;60462337553
5561995584046;50411403168
5568999384035;63889218253
5518991211815;04612501870
5511965371882;10128933836
5511982714974;03696885894
5563992592211;88620166115
5598981689100;00766599418
5516997325131;13571987870
5562996222765;32370784172
5562985770268;78735459115
5531998064307;01242348603
5585999362157;24138134387
5561982611563;33930252104
5511940433163;31035576805
5514981318701;25507228841
5561991466885;15075915191
5595991180462;57502200282
5561982149454;04614755100
5561998780503;15105067134
5561981195942;31704980100
5564992672818;17238803100
5517997381801;58965564891
5527997560140;00149026641
5517988118721;16890966830
5566992469937;52498581987
5561991076717;41722558172
5561981152421;14451808120
5566984222112;85545007172
5562981553886;16697243104
5534999777047;04808684683
5521981310265;94107181715
5599988027339;93471459391
5563992234023;31537596187
5561981099993;29003032149
5528988058228;57733490782
5513997300150;04900672807
5563992730150;96334509187
5522999013687;09943337737
5579988103119;79979432420
5543988062154;46565760934
5588996834184;22074635320
5564996521713;16696050191
5585986331600;28505140397
5561986725552;50566512149
5567984316037;00627866107
5512996193527;03077199874
5545991224052;01770429905
5561981381828;61171280106
5581985380107;27275663449
5543991431786;32896190953
5512997377629;97555398834
5519993661765;09683901883
5519995691697;07968712807
5535987002014;00987949659
5535991192301;04625267633
5512997264228;32439528838
5563984737533;62748726200
5561999689874;15000400615
5567996484714;60906502187
5581992137081;04304551434
5561981879464;01478910780
5551996386171;34622420082
5527988134112;08390857707
5511969076137;88118169804
5534999922833;44005369634
5521988544256;03644872759
5563981438661;05799376153
5566984203976;01041900864
5511991581380;83778853872
5517996137452;05228710892
5583999181745;25106120420
5561998448631;12992518387
5565999742711;92310583804
5561981420606;14474859120
5551999470101;35842580063
5516988524834;25856211898
5584991477232;65159403434
5511981123770;15658886856
5584986046061;72944242849
5565999145308;39638910178
5535991086508;18100422591
5533984245351;92630642615
5563984071881;00860497631
5583988582392;02199005402
5562985551185;49118862187
5598987069795;32904940391
5563992479018;05101969699
5585981423080;07188560315
5511992655736;61312541920
5561999591305;29609208134
5549999976450;42334039934
5561981550937;16929357391
5541991923030;38262169972
5584991407408;19906455420
5527992761757;00792325745
5551999491496;41515730972
5568992115617;23012030263
5515991777502;55265758887
5515991350303;07428737818
5511996654488;01126597805
5585989343614;30257301372
5511983282027;59678488868
5581988043848;65898532404
5515991046689;20204353149
5564996064478;51708655115
5515991157883;55549071800
5516988082551;04805184833
5514988108841;30965182894
5515996291390;11166217892
5561984113409;51774330644
5561981237663;15283488187
5518997403970;07444037825
5581992461527;49591789491
5562998343403;02572680149
5561998379268;34929924120
5516992215898;02039014870
5516992213426;26792507881
5562981212852;29099790163
5563984551565;64909417168
5511964597111;24551684848
5516996010908;20065352858
5585981593905;44551827304
5585986883392;44526652334
5516981841484;24776216884
5599981570624;06890709349
5563991039252;60519266153
5561985123947;14575204862
5518998109625;53409132104
5561996286632;40267814372
5564996451346;30229480691
5563984852395;96879726100
5588999641000;70684502372
5597984245612;16075846204
5566992810184;97898570804
5598987859061;52653323320
5561985432775;85574511134
5561981149306;07333935434
5561984067962;00643772707
5599991275409;86693743315
5521971803251;96621516720
5584988496412;36944920468
5511997881958;04344721829
5511982009600;91101956887
5562981020397;36576344600
5521967030921;01563591707
5511989096946;34447164787
5583991812936;72729040463
5547984631442;41986016900
5586988794784;80334938368
5567996781450;69018235172
5521988759251;45536120700
5561984766460;00897349474
5527999340869;98038982720
5561981580281;31338194100
5568999730813;41200675215
5586988083521;07927150391
5547992483001;90252497953
5589994010527;09684379315
5551997350047;31914462068
5549984066256;48085863987
5583999863463;33844461434
5561996028700;48394203191
5537999610140;39774597672
5584991290553;02549033477
5549984050300;24964786900
5551993649487;38326043087
5513997873362;02558096893
5561998642227;50529285134
5531988130481;44465904649
5516997522127;28539391899
5588988056133;21480141372
5511953520699;00863208827
5518981037233;27963532819
5567996771163;37252534120
5547999896516;43747183972
5581984518171;24861588391
5599981173352;01162993391
5583991104541;78035589172
551160161621;27086103845
5591991389351;45906270272
5531984115220;14245795620
5531971636186;34379754634
5514997141293;13082636861
5555996863556;53678702104
5565999162668;87241994191
5537998365239;48388530682
5514996971812;28854765830
5582991564147;02321035420
5514991060853;24658485850
5569992239563;64310710263
5561998800777;01050290682
5561985183049;33535140153
5561981818364;70184011604
5561982177997;90054008115
5562996283650;79004210172
5515996839626;29417050826
5534988453088;26067718855
5514981240276;30653963866
5561984419177;09306080115
5541988880426;20255892802
5517997649386;18147242816
5567999847026;33823049100
5516991625712;25192950821
5517981000670;11571725806
5519991097484;93185375815
5519997368867;25599000842
5519997229994;04361116830
5586981606279;55225977391
5518991554383;21436264871
5535999320532;19259484634
5566996389155;79934048191
5564992045052;40304019100
5567996363510;51913160106
5562994620544;19146744134
5561991565333;61137472120
5588992378114;13999710349
5594981568833;14074397234
5561981478270;03649032368
5563981111810;62542583153
5542984113401;45258082920
5554997000939;89535499068
5561981300318;22238506187
5567996067834;06481825172
5561993257673;38660598172
5561981389864;22218300168
5564984178426;76499707104
5511995991620;12996325800
5585987865621;38823543304
5511999199881;66838975815
5575988476239;98847120500
5511964633305;07828893876
551160661917;77199995849
5561992265543;35878169134
5561984013603;68889399104
5511999250880;80285341804
5551996000777;00706629086
5564996535909;82628580187
5514991251615;14570414800
5565996001179;80698484134
5566999552238;57513104972
5562995034924;27405133134
5561981726344;12863823191
5555996238740;52958868087
5561981619190;24417980144
5561992148614;02943719404
5518996462388;12835144862
5583991006842;30593301404
5566984585187;80943144191
5568999692107;15399834200
5584999435663;00821577409
5563984545150;34790535134
5528998825126;06976830790
5511986858963;01473556805
5561981324000;30056314191
5527988353808;94714215787
5567981156808;42096073120
5594981320731;92052851100
5519998861971;17860593807
5522998494960;92163866149
5511999503427;05066051830
5561985535259;29000645115
5561985836614;15108597134
5561996184849;57956677149
5561999755284;34413642104
5561984036971;22546316168
5511992207767;64234819891
5561998113003;38654687134
5581987598434;10179186434
5598981372183;77155807320
5511999103759;05552737849
5581987541228;33698163420
5561981316060;35865873172
5563992286638;54706106168
5561996109299;83656340153
5528999311377;08269737798
5531987791967;74416120630
5531986585038;87391589691
5561981387987;39274829191
5561991910733;00907677134
5511970542079;21100250000
5561999775804;18649033172
5555996410038;69333378049
5569981115388;63975548304
5516996047439;10026307898
5517997610231;18635007824
5518997421280;11620272822
5561996810123;17993784115
5561996184499;34393870115
5531987328338;14618761172
5535988670980;83624236687
5527998355970;00524702705
5553999792342;05429196053
5553999627011;03163326072
5564999067177;84145781104
5561991385484;33448205672
5555981127764;39637344004
5521971753763;00643097708
5584987639274;32846576491
5585988238969;61471984320
5528998859778;00782529704
5561992830972;33670293000
5569992049559;64221598034
5583991319380;73935611404
5555991281505;08683979709
5585988662519;22113843315
5581987506537;44965990404
5561993259396;09416165840
5567981128107;30875030106
5598988627999;06488510363
5534996682124;70087296691
5566996404747;51424037115
5561982118762;69825270187
5555996182696;52997600006
5585999220130;31072720353
5564999521756;30656176172
5569984413604;74335600500
5566999407626;94143293153
5551999951660;31339255049
5562982228052;23216492168
5589999852160;67406513372
5562991469556;61329371100
5561999298420;86670840187
5514997298750;96049723834
5561998299829;35769602104
5582991049544;09765590130
5511943226785;16255868842
5581997796622;86909053400
5564984067977;56701144187
5551991404359;47130431091
5519992459145;04333513812
5543984390661;20872380904
5519981813959;11619965836
5561981157700;76862160125
5562991039692;39469689100
5561992350235;60813202000
5587988059467;46659072691
5588999312331;47796693320
5541984110562;87249120930
5561996087612;63478684153
5561991194432;22120840130
5561983363155;65597443453
5511964871824;14848684803
5591984640413;03010104200
5588993266862;20916361349
5511994267936;04894733854
5584987939001;24152803487
5521994657860;51812223749
5511971372920;17512001835
5551984581098;70244316015
5561999665998;07521731387
5587988034701;30508258472
5567999660031;48921025120
5561998155051;25920545100
5564999997937;00435158198
5564981324698;76636968168
5554984045698;46167269068
5585997474390;25888544353
5519993340707;15741473822
5591996075099;43165826234
5532988044429;38181606604
5567996814461;77019644600
5561991161938;25925237153
5511941066870;82003785868
5531988131672;22739122691
5531986891009;51412128668
5561996180617;11360909168
5531971316001;32683863691
5567999667218;44549377100
5561996454668;47799358149
5527988577321;55999468787
5586995686048;30623731304
5564984240636;33323569172
5561991520554;11351349104
5551981391535;58646507068
5555984196757;53240472015
5553991655202;27617637004
5561984115213;48741639715
5534999992362;81279825634
5585985941115;26523108368
5561983237521;08459851168
5585984183800;21882886372
5567998027535;36789844104
5561981179486;05958040120
5511996024545;08769898812
5511947223761;08781985800
5516993425038;74750704849
5516997047060;55098819849
5511994365271;02314963890
5517991050111;06585173848
5517981498755;05481256860
5516992942332;07746398812
5547992079069;20747241015
5511966222357;42169836187
5596981195801;16358520210
5583987006645;37997432434
5562984794298;71418652172
5583996543668;39892450400
5516981682786;27894561860
5531971090391;79601685634
5581992447270;09963120482
5582999742856;07849206215
5577999444506;11947942115
5567999105516;94776377187
5511989655234;26564445865
5548988230936;48002496949
5538988538838;29855683668
5585988077161;26145898372
5567996227249;19976836104
5511950276649;10628804806
5561996279473;26269391881
5599991228346;33382506300
5575988416126;91453356568
5531991189595;25114840649
5551991079001;54962668072
5581984873058;37101641415
5565999686353;20435908120
5562985896171;30284058149
5516996255500;98319752949
5562981331008;13659405191
5515981055529;11031967826
5568999188634;05133645287
5562999898282;59714310130
5565998007434;69852782134
5554999835070;33718903091
5555984386106;27079910072
5527999797515;78507499791
5511979733904;10024795844
5584987281977;70229465404
5547988353615;02607203996
5581994933999;58712860468
5567996362123;51989565115
5512996821159;00531586871
5528999684134;01518935788
5514998617770;13724618840
5598984938138;10082492387
5596991032298;41557638268
5541984032289;74181661920
5514991261722;14582747809
5565993003521;30476054168
5544999015111;03121134981
5516997771106;21699454825
5567999631292;36706990159
5516997791774;27874331893
5516996092113;04680437804
5513982320619;90502345853
5527981298498;04314221682
5517996410702;13347752813
5511945448002;09158210873
5587981138640;90242181449
5547991625207;70754314987
5561998167200;22723552187
5516997092325;52358941549
5518997464651;07854518890
5561981501920;60339152168
5519998242496;04729379870
5586988170432;46275525304
5541985355551;31064868991
5561996252250;39841030187
5548999891124;30009936904
5549984151212;34586326972
5531999259021;02955789631
5531985097806;03849920640
5581985002054;10126074453
5532999191790;37225766600
5569993657934;12009997387
5534999666901;78655285153
5598984078818;43578020320
5561991390084;28499450130
5511995628611;10190171804
5534988474033;00557699690
5593991291664;91705665004
5561999337145;98177745620
5538998021212;90786432691
5561999669225;64629295100
5537991181275;88722775668
5561995589658;14366541149
5551982089934;05502098320
5562999027637;56711514149
5561985334281;53974387153
5561982535151;49274180659
5561984087408;05563720187
5585985097738;24671320304
5561981524466;02390167187
5562993982932;81572239115
5532999030767;23557133672
5567991347576;10722890168
5574988256378;99486008515
5561985299712;70273529153
5514997169808;30755756827
5531997859756;80578810620
5514981349234;32978769807
5562991082545;85040231172
5592991463486;27646203220
5561993040313;03334633667
5511959078294;07723357885
5511989628731;87196638891
5522997021666;57199167768
5562993958968;32006179187
5528999153130;01708276742
5599984259606;06630332172
5537988141400;56352115691
5562991307659;69575525191
5514997761304;26465378833
5534988098263;03738010688
5511999734909;94629277820
5561981922537;93158840600
5575998808154;00766327507
5518997876553;09545644800
5548984186705;42916054987
5581986518019;43534228472
5561999210609;57739307149
5566996702372;39457605187
5535991285211;20171872835
5561981752262;52215229349
5542991121917;02073444938
5531985236035;35948477649
5589994021487;13870386304
5561984017420;51599449153
5561982536788;27070247168
5519996282012;31061492800
5562984141206;08397813187
5562992147886;23504048115
5581985641133;70657513415
5581987952571;25730070497
5547988214286;23383143368
5562993395757;41853482153
5562982805212;63562634153
5518996845011;02352124824
5537988001200;18444440159
5567999215331;79796931168
5594992072552;73295957649
5565981397592;12000463827
5544999581170;67640494915
5561991249492;42834953104
5561981705031;97212750859
5532988074647;97510025672
5581983811402;02970778483
5567981822692;29614090049
5564999595002;23392002100
5561992192694;70786569115
5516997067108;29394531874
5511991789769;88258394800
5564999790263;21807116115
5514996646991;29802042854
5563984951777;27522539153
5581987406584;26005451820
5511996773236;06598575885
5561981237687;19538618149
5533988638268;85549665891
5512991764711;07121023610
5535998118293;05246359603
5587988240048;00918647479
5551999780145;45991006091
5532988275833;07075450646
5568992054632;41167872215
5584999851291;70378185420
5561992711901;11938897153
5511947535861;08207734841
5531985728023;00125534680
5531988090509;10882448668
5527988217252;48870463753
5564999066489;39156290144
5546991061993;02602321907
5583988140372;14412624404
5563984220027;83743650134
5512981412167;77284895691
5535984010404;43499864649
5563992048366;30648793168
5561986449254;77819799749
5548999646739;49785958949
5527998705185;02275417745
5589999973767;70553866320
5533988470719;60434228672
5565984058479;31448089115
5564999793079;89110838104
5567996780486;23711213120
5568999273124;60920050263
5567981178810;55842356104
5527997758938;07519553701
5579981497877;98934759534
5514998101444;21906428840
5565998162769;53138139191
5516981111297;25660165850
5565984143964;95845992834
5561981688773;14694980300
5562993744147;25349244191
5584987846109;87485222449
5514981278529;07480337850
5511992046920;08711712104
5585991087746;41897102372
5547991395046;54629365915
5519991709725;26631130263
5549991149593;66109086991
5564996442192;59358998172
5562981778582;75863308168
5581991177035;33978603420
5543991661561;36319023953
5587981747478;74229621434
5575988528540;16283210406
5585989315293;18762280325
5585987322278;46535551334
5516981147872;31917532814
5567998011825;63956110110
5521999785001;00296017701
5599991206070;70604479387
5598988071329;01234870304
5511987106823;00592208800
5519981384478;01640391800
5563984335512;96675730100
5517991155549;21412822840
5565999100505;27004562115
5567996967293;31326625187
5583987322594;14418797491
5587996262332;92366570449
5561996451375;24027391691
5531987036005;95292675687
5568999241345;68834489268
5569999535064;28669967200
5569984648464;59630086204
5527997689939;73229938704
5564999776287;52990478191
5561981401577;59901888115
