5511996036615;;;
5511996040281;;;
5511996042154;;;
5511996047859;;;
5511996047986;;;
5511996061280;;;
5511996069433;;;
5511996091897;;;
5511996094199;;;
5511996094672;;;
5511996097974;;;
5511996109801;;;
5511996129180;;;
5511996131417;;;
5511996132054;;;
5511996139141;;;
5511996156290;;;
5511996156899;;;
5511996165577;;;
5511996179288;;;
5511996203632;;;
5511996206363;;;
5511996206780;;;
5511996230434;;;
5511996243872;;;
5511996246929;;;
5511996258516;;;
5511996270671;;;
5511996272408;;;
5511996282408;;;
5511996287721;;;
5511996310787;;;
5511996311231;;;
5511996312236;;;
5511996318184;;;
5511996322629;;;
5511996323910;;;
5511996325452;;;
5511996329969;;;
5511996332171;;;
5511996338626;;;
5511996339534;;;
5511996344449;;;
5511996351652;;;
5511996364332;;;
5511996365252;;;
5511996366358;;;
5511996366660;;;
5511996373419;;;
5511996373429;;;
5511996375884;;;
5511996376020;;;
5511996390175;;;
5511996394198;;;
5511996394498;;;
5511996398941;;;
5511996399577;;;
5511996399886;;;
5511996406868;;;
5511996406870;;;
5511996406927;;;
5511996417241;;;
5511996429467;;;
5511996432956;;;
5511996447100;;;
5511996459619;;;
5511996465956;;;
5511996473437;;;
5511996474291;;;
5511996492152;;;
5511996505371;;;
5511996526329;;;
5511996534509;;;
5511996543702;;;
5511996552808;;;
5511996557821;;;
5511996562401;;;
5511996565591;;;
5511996573766;;;
5511996576461;;;
5511996578888;;;
5511996581708;;;
5511996589577;;;
5511996614171;;;
5511996616146;;;
5511996620974;;;
5511996627245;;;
5511996635325;;;
5511996663474;;;
5511996666671;;;
5511996668825;;;
5511996673962;;;
5511996712910;;;
5511996719503;;;
5511996730034;;;
5511996730974;;;
5511996756820;;;
5511996757888;;;
5511996759390;;;
5511996768765;;;
5511996769202;;;
5511996777096;;;
5511996777290;;;
5511996783389;;;
5511996784567;;;
5511996795256;;;
5511996801666;;;
5511996814944;;;
5511996837355;;;
5511996841677;;;
5511996846396;;;
5511996849959;;;
5511996850131;;;
5511996855273;;;
5511996872773;;;
5511996884299;;;
5511996884592;;;
5511996887323;;;
5511996887456;;;
5511996895431;;;
5511996896777;;;
5511996918689;;;
5511996940025;;;
5511996946610;;;
5511996953552;;;
5511996974000;;;
5511996975141;;;
5511996975667;;;
5511996981521;;;
5511996984592;;;
5511996988902;;;
5511997007887;;;
5511997021878;;;
5511997026779;;;
5511997031307;;;
5511997040555;;;
5511997071240;;;
5511997078775;;;
5511997084151;;;
5511997086096;;;
5511997089001;;;
5511997090306;;;
5511997100425;;;
5511997103344;;;
5511997106624;;;
5511997120338;;;
5511997120353;;;
5511997120724;;;
5511997124004;;;
5511997126689;;;
5511997133444;;;
5511997140440;;;
5511997142619;;;
5511997145166;;;
5511997152714;;;
5511997153126;;;
5511997153392;;;
5511997153443;;;
5511997161440;;;
5511997177606;;;
5511997203028;;;
5511997208719;;;
5511997217842;;;
5511997220423;;;
5511997226096;;;
5511997226121;;;
5511997241761;;;
5511997242685;;;
5511997255098;;;
5511997262131;;;
5511997265611;;;
5511997265771;;;
5511997266079;;;
5511997283611;;;
5511997287465;;;
5511997298291;;;
5511997300003;;;
5511997305463;;;
5511997355660;;;
5511997363766;;;
5511997366644;;;
5511997367216;;;
5511997370235;;;
5511997376732;;;
5511997376733;;;
5511997382133;;;
5511997385495;;;
5511997398427;;;
5511997402392;;;
5511997404856;;;
5511997409652;;;
5511997417379;;;
5511997420258;;;
5511997427714;;;
5511997428565;;;
5511997455426;;;
5511997472930;;;
5511997480708;;;
5511997484763;;;
5511997492105;;;
5511997504643;;;
5511997506627;;;
5511997510394;;;
5511997513237;;;
5511997515293;;;
5511997519271;;;
5511997521775;;;
5511997522555;;;
5511997526216;;;
5511997535482;;;
5511997541561;;;
5511997546096;;;
5511997554400;;;
5511997557377;;;
5511997558877;;;
5511997563103;;;
5511997563203;;;
5511997568445;;;
5511997579696;;;
5511997610334;;;
5511997611312;;;
5511997611664;;;
5511997614327;;;
5511997618593;;;
5511997622356;;;
5511997626434;;;
5511997632308;;;
5511997637117;;;
5511997638940;;;
5511997654390;;;
5511997657116;;;
5511997667900;;;
5511997678200;;;
5511997697036;;;
5511997699232;;;
5511997701182;;;
5511997716350;;;
5511997717266;;;
5511997734024;;;
5511997754882;;;
5511997777442;;;
5511997781380;;;
5511997786820;;;
5511997801710;;;
5511997803944;;;
5511997808171;;;
5511997830381;;;
5511997922335;;;
5511997928545;;;
5511997958892;;;
5511997967600;;;
5511997976010;;;
5511997977200;;;
5511997978078;;;
5511997984109;;;
5511997992795;;;
5511997996801;;;
5511998031629;;;
5511998073575;;;
5511998101967;;;
5511998104636;;;
5511998107205;;;
5511998107969;;;
5511998108012;;;
5511998120942;;;
5511998125485;;;
5511998130249;;;
5511998132647;;;
5511998133348;;;
5511998133832;;;
5511998141454;;;
5511998142067;;;
5511998145530;;;
5511998149475;;;
5511998149586;;;
5511998155661;;;
5511998158918;;;
5511998159348;;;
5511998160707;;;
5511998165066;;;
5511998166041;;;
5511998167095;;;
5511998171054;;;
5511998172796;;;
5511998173983;;;
5511998174535;;;
5511998178273;;;
5511998188716;;;
5511998188813;;;
5511998188967;;;
5511998197113;;;
5511998199274;;;
5511998199333;;;
5511998203677;;;
5511998204774;;;
5511998205120;;;
5511998209893;;;
5511998210397;;;
5511998214146;;;
5511998217989;;;
5511998218885;;;
5511998219072;;;
5511998219766;;;
5511998224783;;;
5511998225570;;;
5511998226348;;;
5511998227410;;;
5511998234824;;;
5511998243907;;;
5511998244608;;;
5511998255574;;;
5511998259509;;;
5511998262158;;;
5511998264050;;;
5511998264682;;;
5511998265981;;;
5511998270193;;;
5511998274836;;;
5511998275080;;;
5511998277866;;;
5511998278723;;;
5511998284818;;;
5511998288428;;;
5511998288438;;;
5511998292005;;;
5511998292222;;;
5511998303502;;;
5511998310092;;;
5511998314008;;;
5511998316730;;;
5511998321137;;;
5511998326282;;;
5511998331070;;;
5511998339993;;;
5511998345573;;;
5511998345754;;;
5511998346707;;;
5511998348513;;;
5511998355272;;;
5511998356331;;;
5511998358053;;;
5511998364372;;;
5511998384539;;;
5511998385911;;;
5511998387738;;;
5511998398821;;;
5511998402458;;;
5511998404949;;;
5511998407232;;;
5511998409605;;;
5511998413316;;;
5511998414343;;;
5511998417087;;;
5511998418752;;;
5511998443015;;;
5511998445274;;;
5511998446638;;;
5511998449336;;;
5511998452731;;;
5511998459609;;;
5511998466122;;;
5511998466651;;;
5511998475341;;;
5511998480105;;;
5511998489893;;;
5511998496365;;;
5511998506666;;;
5511998509010;;;
5511998515448;;;
5511998522086;;;
5511998522462;;;
5511998528021;;;
5511998528026;;;
5511998528051;;;
5511998536070;;;
5511998549187;;;
5511998557715;;;
5511998558402;;;
5511998560882;;;
5511998563507;;;
5511998569221;;;
5511998569396;;;
5511998571356;;;
5511998574443;;;
5511998585180;;;
5511998588379;;;
5511998588390;;;
5511998589821;;;
5511998605387;;;
5511998610509;;;
5511998612332;;;
5511998614719;;;
5511998617499;;;
5511998622673;;;
5511998626679;;;
5511998631539;;;
5511998631942;;;
5511998634913;;;
5511998645447;;;
5511998646898;;;
5511998656228;;;
5511998678082;;;
5511998682917;;;
5511998684601;;;
5511998701000;;;
5511998702358;;;
5511998703055;;;
5511998723876;;;
5511998728692;;;
5511998737547;;;
5511998738459;;;
5511998752688;;;
5511998759835;;;
5511998764849;;;
5511998777287;;;
5511998777622;;;
5511998782092;;;
5511998787074;;;
5511998797914;;;
5511998799004;;;
5511998799545;;;
5511998803471;;;
5511998803555;;;
5511998804495;;;
5511998823156;;;
5511998839034;;;
5511998859590;;;
5511998860022;;;
5511998865400;;;
5511998867561;;;
5511998875964;;;
5511998899034;;;
5511998919040;;;
5511998923348;;;
5511998927982;;;
5511998928161;;;
5511998931000;;;
5511998932588;;;
5511998933122;;;
5511998939041;;;
5511998943089;;;
5511998947601;;;
5511998969660;;;
5511998988709;;;
5511998994351;;;
5511999001575;;;
5511999007346;;;
5511999007858;;;
5511999008627;;;
5511999009724;;;
5511999014459;;;
5511999014548;;;
5511999028010;;;
5511999038958;;;
5511999043171;;;
5511999043778;;;
5511999046027;;;
5511999050094;;;
5511999050202;;;
5511999053171;;;
5511999057207;;;
5511999062176;;;
5511999067547;;;
5511999072007;;;
5511999076006;;;
5511999083127;;;
5511999090921;;;
5511999098556;;;
5511999103175;;;
5511999105763;;;
5511999106588;;;
5511999107586;;;
5511999107732;;;
5511999107939;;;
5511999109752;;;
5511999111999;;;
5511999113171;;;
5511999113633;;;
5511999116076;;;
5511999116383;;;
5511999120742;;;
5511999124111;;;
5511999129408;;;
5511999132617;;;
5511999133623;;;
5511999133985;;;
5511999136691;;;
5511999137242;;;
5511999145471;;;
5511999154110;;;
5511999154516;;;
5511999167517;;;
5511999168456;;;
5511999179755;;;
5511999184087;;;
5511999186003;;;
5511999186152;;;
5511999202636;;;
5511999212333;;;
5511999213009;;;
5511999222757;;;
5511999231523;;;
5511999233815;;;
5511999234071;;;
5511999235000;;;
5511999244044;;;
5511999253515;;;
5511999258654;;;
5511999260245;;;
5511999266681;;;
5511999268616;;;
5511999276142;;;
5511999282999;;;
5511999283968;;;
5511999292505;;;
5511999294796;;;
5511999295657;;;
5511999296844;;;
5511999299304;;;
5511999315611;;;
5511999319397;;;
5511999326567;;;
5511999331064;;;
5511999332503;;;
5511999336248;;;
5511999338660;;;
5511999339328;;;
5511999341173;;;
5511999342622;;;
5511999351042;;;
5511999351348;;;
5511999362844;;;
5511999363844;;;
5511999364503;;;
5511999374002;;;
5511999386320;;;
5511999389775;;;
5511999400237;;;
5511999405928;;;
5511999407076;;;
5511999426424;;;
5511999429640;;;
5511999438265;;;
5511999441144;;;
5511999445638;;;
5511999447298;;;
5511999456476;;;
5511999456701;;;
5511999464351;;;
5511999464894;;;
5511999468577;;;
5511999469407;;;
5511999472299;;;
5511999472328;;;
5511999482065;;;
5511999483510;;;
5511999495524;;;
5511999495763;;;
5511999496056;;;
5511999502865;;;
5511999503656;;;
5511999507784;;;
5511999512251;;;
5511999514694;;;
5511999517180;;;
5511999522182;;;
5511999533352;;;
5511999544221;;;
5511999544222;;;
5511999554366;;;
5511999554501;;;
5511999557130;;;
5511999557792;;;
5511999558727;;;
5511999559190;;;
5511999566847;;;
5511999568516;;;
5511999576310;;;
5511999587252;;;
5511999587663;;;
5511999593132;;;
5511999593282;;;
5511999594620;;;
5511999595000;;;
5511999600704;;;
5511999600827;;;
5511999602770;;;
5511999606050;;;
5511999607374;;;
5511999609467;;;
5511999621596;;;
5511999621959;;;
5511999624387;;;
5511999625716;;;
5511999627067;;;
5511999628772;;;
5511999634115;;;
5511999634451;;;
5511999636666;;;
5511999637341;;;
5511999639014;;;
5511999640170;;;
5511999640692;;;
5511999645663;;;
5511999654800;;;
5511999655280;;;
5511999656559;;;
5511999656717;;;
5511999657079;;;
5511999657293;;;
5511999657888;;;
5511999666001;;;
5511999668684;;;
5511999670629;;;
5511999676920;;;
5511999680524;;;
5511999682778;;;
5511999688732;;;
5511999689393;;;
5511999691191;;;
5511999702017;;;
5511999706010;;;
5511999707124;;;
5511999707630;;;
5511999714596;;;
5511999715290;;;
5511999715932;;;
5511999723525;;;
5511999726561;;;
5511999729997;;;
5511999730546;;;
5511999730933;;;
5511999732279;;;
5511999734580;;;
5511999738389;;;
5511999745542;;;
5511999753765;;;
5511999756444;;;
5511999757216;;;
5511999757969;;;
5511999759754;;;
5511999761033;;;
5511999764492;;;
5511999778006;;;
5511999780171;;;
5511999780505;;;
5511999787899;;;
5511999794379;;;
5511999794397;;;
5511999804495;;;
5511999805142;;;
5511999812021;;;
5511999814145;;;
5511999814681;;;
5511999819062;;;
5511999822722;;;
5511999823482;;;
5511999824472;;;
5511999829263;;;
5511999832549;;;
5511999832594;;;
5511999839700;;;
5511999842606;;;
5511999845682;;;
5511999848126;;;
5511999848396;;;
5511999858064;;;
5511999861233;;;
5511999862003;;;
5511999866531;;;
5511999867370;;;
5511999870222;;;
5511999871093;;;
5511999873185;;;
5511999879422;;;
5511999887596;;;
5511999894644;;;
5511999895651;;;
5511999896813;;;
5511999898870;;;
5511999900366;;;
5511999901445;;;
5511999902530;;;
5511999906754;;;
5511999909855;;;
5511999912590;;;
5511999913724;;;
5511999915584;;;
5511999917959;;;
5511999918224;;;
5511999918947;;;
5511999927633;;;
5511999929565;;;
5511999931000;;;
5511999931286;;;
5511999932656;;;
5511999935323;;;
5511999935636;;;
5511999937316;;;
5511999942906;;;
5511999944729;;;
5511999950778;;;
5511999951296;;;
5511999955872;;;
5511999958727;;;
5511999959050;;;
5511999960971;;;
5511999964829;;;
5511999966868;;;
5511999968277;;;
5511999973913;;;
5511999975644;;;
5511999975721;;;
5511999977241;;;
5511999977800;;;
5511999978050;;;
5511999981906;;;
5511999982021;;;
5511999983693;;;
5511999984809;;;
5511999985730;;;
5511999986653;;;
5511999986891;;;
5511999987342;;;
5511999989681;;;
5511999992962;;;
5511999993731;;;
5511999994494;;;
5511999995129;;;
5511999998202;;;
5512922040949;;;
5512934136454;;;
5512974014172;;;
5512974041200;;;
5512981148982;;;
5512981164600;;;
5512981256320;;;
5512981284307;;;
5512981639717;;;
5512981757721;;;
5512981812969;;;
5512981880021;;;
5512981888684;;;
5512981906076;;;
5512981927755;;;
5512982153061;;;
5512982169724;;;
5512982190694;;;
5512982319047;;;
5512982531536;;;
5512982579055;;;
5512982702067;;;
5512988308550;;;
5512988398008;;;
5512988574278;;;
5512991163926;;;
5512991175866;;;
5512991369378;;;
5512991417200;;;
5512991531634;;;
5512991540151;;;
5512991552296;;;
5512991649432;;;
5512991871508;;;
5512991954321;;;
5512992055519;;;
5512992106727;;;
5512992146766;;;
5512992155722;;;
5512992304679;;;
5512992502218;;;
5512996211484;;;
5512996249728;;;
5512996648888;;;
5512996789190;;;
5512997162905;;;
5512997400984;;;
5512997657824;;;
5512997668778;;;
5512997684899;;;
5512997751851;;;
5512997913580;;;
5512998113149;;;
5512998114898;;;
5512998118099;;;
5512998142682;;;
5512998156907;;;
5512998207550;;;
5512998253153;;;
5512998257712;;;
5512998822203;;;
5512999115229;;;
5512999138511;;;
5512999144244;;;
5512999158751;;;
5512999165285;;;
5512999186080;;;
5512999187490;;;
5512999195432;;;
5512999740233;;;
5512999761982;;;
5512999766877;;;
5512999774028;;;
5513328444192;;;
5513974095669;;;
5513981210005;;;
5513981217777;;;
5513981610881;;;
5513981817065;;;
5513982299721;;;
5513988011277;;;
5513988371995;;;
5513991296212;;;
5513991585600;;;
5513991776361;;;
5513992099117;;;
5513996626236;;;
5513996695577;;;
5513997069266;;;
5513997101328;;;
5513997124004;;;
5513997405160;;;
5513997533645;;;
5513998121000;;;
5513998231904;;;
5513999105851;;;
5513999177070;;;
5513999639615;;;
5513999706926;;;
5513999748916;;;
5513999772227;;;
5513999773748;;;
5514996908006;;;
5514999060088;;;
5514999873138;;;
5515229384968;;;
5515981669484;;;
5515991395190;;;
5515991460666;;;
5515991577554;;;
5515997583455;;;
5515997792803;;;
5515999758311;;;
5516981346678;;;
5516981346679;;;
5516982241126;;;
5516988121745;;;
5516988788888;;;
5516993615352;;;
5516996021006;;;
5516997205573;;;
5516997755099;;;
5516997872431;;;
5516999660625;;;
5517981511770;;;
5517991319796;;;
5517992120078;;;
5519971221083;;;
5519974097831;;;
5519981392422;;;
5519981440240;;;
5519981825115;;;
5519981876346;;;
5519981945824;;;
5519983241599;;;
5519983364622;;;
5519983749986;;;
5519984171080;;;
5519984380001;;;
5519991278823;;;
5519991507000;;;
5519992148946;;;
5519993674363;;;
5519993852503;;;
5519994716161;;;
5519995957631;;;
5519996345346;;;
5519997537656;;;
5519997543094;;;
5519997916339;;;
5519998144024;;;
5519999003491;;;
5519999282912;;;
5519999301810;;;
5519999930181;;;
5521947763998;;;
5521964346418;;;
5521973536755;;;
5521976728660;;;
5521980920607;;;
5521981445938;;;
5521982447447;;;
5521983482513;;;
5521985791305;;;
5521986496825;;;
5521986999614;;;
5521992223766;;;
5521994845290;;;
5521995843997;;;
5521996003179;;;
5521996281588;;;
5521997550334;;;
5521999174515;;;
5521999584399;;;
5527992743827;;;
5527999274382;;;
5527999824710;;;
5531983133000;;;
5531984676776;;;
5531984755588;;;
5531986346087;;;
5531992418703;;;
5531997010035;;;
5531998475558;;;
5531999854411;;;
5534998808010;;;
5534999107192;;;
5534999661766;;;
5535987080608;;;
5535992342840;;;
5535998076446;;;
5535999807644;;;
5541959643841;;;
5541999482598;;;
5544984247483;;;
5544999765352;;;
5547999866640;;;
5548996299428;;;
5555693299690;;;
5555972987832;;;
5561996499840;;;
5562992601884;;;
5562993437799;;;
5567998143853;;;
5573932126311;;;
5573981094784;;;
5573981150076;;;
5573981150096;;;
5573981362409;;;
5573981416270;;;
5573981597035;;;
5573981970771;;;
5573988229384;;;
5573988338668;;;
5573988351958;;;
5573988354149;;;
5573988384996;;;
5573988527209;;;
5573988546924;;;
5573991068360;;;
5573991700096;;;
5573991950894;;;
5573999146326;;;
5573999616569;;;
5573999635439;;;
5573999811688;;;
5574991414383;;;
5575992644232;;;
5581987740145;;;
5581999193003;;;
5581999722500;;;
5581999972250;;;
5584981600014;;;
5584988063939;;;
5584999077280;;;
5585982106392;;;
5585986380259;;;
5585986817796;;;
5585987032626;;;
5585987297768;;;
5585987734315;;;
5585988192364;;;
5585988606962;;;
5585988999183;;;
5585988999185;;;
5585989028006;;;
5585991175254;;;
5585991462552;;;
5585991700125;;;
5585998774773;;;
5585998887351;;;
5585998899918;;;
5585999555962;;;
5585999981523;;;
5596930152410;;;
5524993113932;;;
5524992462913;;;
5524992144475;;;
5524988642857;;;
5524988247837;;;
5524988161432;;;
5524974059765;;;
5524974029174;;;
5522999959741;;;
5522999947176;;;
5522999859433;;;
5522999844808;;;
5522999821902;;;
5522999777347;;;
5522999769924;;;
5522999732380;;;
5522999675552;;;
5522999644328;;;
5522999618202;;;
5522999492069;;;
5522999486593;;;
5522999455572;;;
5522999414601;;;
5522999356853;;;
5522999296106;;;
5522999240060;;;
5522999178241;;;
5522999164931;;;
5522998945093;;;
5522998842447;;;
5522998830571;;;
5522998821584;;;
5522998767533;;;
5522998735423;;;
5522998689666;;;
5522998665394;;;
5522998609751;;;
5522998587136;;;
5522998533535;;;
5522998495646;;;
5522998425606;;;
5522998372555;;;
5522998372336;;;
5522998355529;;;
5522998348387;;;
5522998306319;;;
5522998292231;;;
5522998269395;;;
5522998078241;;;
5522998060976;;;
5522998048764;;;
5522998037371;;;
5522997998075;;;
5522997866668;;;
5522997722540;;;
5522997699057;;;
5522997536555;;;
5522997512893;;;
5522997497487;;;
5522997393094;;;
5522997300466;;;
5522997239663;;;
5522997196749;;;
5522997108052;;;
5522997042401;;;
5522996043582;;;
5522992854345;;;
5522992815571;;;
5522992766047;;;
5522992618336;;;
5522992475492;;;
5522992384869;;;
5522992383070;;;
5522992354277;;;
5522992313613;;;
5522992171717;;;
5522992144031;;;
5522988479205;;;
5522988468889;;;
5522988429961;;;
5522988302312;;;
5522988149994;;;
5522981862300;;;
5522981820100;;;
5522981740353;;;
5522981478633;;;
5522981402819;;;
5522981391326;;;
5522981378675;;;
5522981363174;;;
5522981271829;;;
5522981037706;;;
5522974029552;;;
5521999917489;;;
5521999592605;;;
5521999591002;;;
5521999281109;;;
5521999268916;;;
5521999231653;;;
5521999047041;;;
5521998933310;;;
5521998827570;;;
5521998801990;;;
5521998801221;;;
5521998759878;;;
5521998533375;;;
5521998407903;;;
5521998219581;;;
5521998128794;;;
5521998014519;;;
5521997981250;;;
5521997922751;;;
5521997916526;;;
5521997793743;;;
5521997629816;;;
5521997575767;;;
5521997559277;;;
5521997370077;;;
5521997338006;;;
5521997242597;;;
5521997071637;;;
5521997008859;;;
5521996767014;;;
5521996759976;;;
5521996684616;;;
5521996682402;;;
5521996496004;;;
5521996485662;;;
5521996275070;;;
5521996176749;;;
5521996135808;;;
5521996084413;;;
5521995897595;;;
5521995850208;;;
5521995748903;;;
5521995708584;;;
5521995423299;;;
5521995419098;;;
5521995372585;;;
5521995325293;;;
5521995312714;;;
5521995271412;;;
5521995142812;;;
5521995008651;;;
5521994957142;;;
5521994917189;;;
5521994898363;;;
5521994748489;;;
5521994675415;;;
5521994610847;;;
5521994429955;;;
5521994338877;;;
5521994054706;;;
5521994011644;;;
5521993858679;;;
5521993825876;;;
5521993704050;;;
5521993621551;;;
5521993615852;;;
5521993521721;;;
5521993516186;;;
5521993250072;;;
5521993214679;;;
5521993128524;;;
5521993078286;;;
5521993076259;;;
5521992964457;;;
5521992962662;;;
5521992937973;;;
5521992693026;;;
5521992603699;;;
5521992578029;;;
5521992566145;;;
5521992459489;;;
5521992458719;;;
5521992442282;;;
5521992222614;;;
5521992134869;;;
5521992042420;;;
5521991880864;;;
5521991866730;;;
5521991779849;;;
5521991696261;;;
5521991615634;;;
5521991551570;;;
5521991551560;;;
5521991543303;;;
5521991515828;;;
5521991264519;;;
5521991119824;;;
5521991048320;;;
5521991032461;;;
5521990904063;;;
5521990899369;;;
5521990894481;;;
5521990874380;;;
5521990668060;;;
5521990425205;;;
5521990394857;;;
5521990273720;;;
5521990263515;;;
5521990227006;;;
5521990101682;;;
5521989867036;;;
5521989500000;;;
5521989447919;;;
5521989210398;;;
5521988967646;;;
5521988860898;;;
5521988833845;;;
5521988750414;;;
5521988719436;;;
5521988668130;;;
5521988635190;;;
5521988610125;;;
5521988493936;;;
5521988476347;;;
5521988462103;;;
5521988382954;;;
5521988350139;;;
5521988328799;;;
5521988319738;;;
5521988312604;;;
5521988186717;;;
5521988165306;;;
5521987800859;;;
5521987506604;;;
5521987316414;;;
5521987301691;;;
5521987280932;;;
5521987253074;;;
5521987184862;;;
5521987078254;;;
5521986656358;;;
5521986588981;;;
5521986451977;;;
5521986418953;;;
5521986299954;;;
5521986054526;;;
5521985887491;;;
5521985461040;;;
5521985233459;;;
5521984842680;;;
5521984752100;;;
5521984539037;;;
5521984536165;;;
5521984340007;;;
5521984259735;;;
5521984226767;;;
5521984225847;;;
5521984033199;;;
5521983728978;;;
5521983490372;;;
5521982987820;;;
5521982722777;;;
5521982684172;;;
5521982521659;;;
5521982478530;;;
5521982470853;;;
5521982376861;;;
5521982288108;;;
5521982285451;;;
5521982254122;;;
5521982223149;;;
5521981973695;;;
5521981971027;;;
5521981968920;;;
5521981871241;;;
5521981859684;;;
5521981858351;;;
5521981458388;;;
5521981422172;;;
5521981234948;;;
5521981173473;;;
5521981128481;;;
5521981088921;;;
5521981054023;;;
5521981046637;;;
5521981022023;;;
5521981008314;;;
5521980941391;;;
5521980843083;;;
5521980826716;;;
5521980781103;;;
5521980759224;;;
5521980526357;;;
5521980501414;;;
5521980482913;;;
5521980457440;;;
5521980386884;;;
5521980253039;;;
5521980149385;;;
5521980086354;;;
5521980080311;;;
5521980055757;;;
5521980046354;;;
5521980017924;;;
5521979869899;;;
5521979842641;;;
5521979824784;;;
5521979810916;;;
5521979588889;;;
5521979525042;;;
5521979465663;;;
5521979444990;;;
5521979418579;;;
5521979347966;;;
5521979255101;;;
5521979170248;;;
5521979148435;;;
5521979071299;;;
5521979024425;;;
5521976997285;;;
5521976880403;;;
5521976879881;;;
5521976857526;;;
5521976674316;;;
5521976513199;;;
5521976490104;;;
5521976393184;;;
5521976390797;;;
5521976225855;;;
5521975772513;;;
5521975679554;;;
5521975549498;;;
5521975442913;;;
5521975311979;;;
5521975266822;;;
5521975181645;;;
5521975080040;;;
5521974970983;;;
5521974958776;;;
5521974769384;;;
5521974747198;;;
5521974733484;;;
5521974670043;;;
5521974495414;;;
5521974461040;;;
5521974440870;;;
5521974330100;;;
5521974273072;;;
5521974245971;;;
5521974222361;;;
5521974133788;;;
5521974118847;;;
5521973854069;;;
5521973686514;;;
5521973608452;;;
5521973180243;;;
5521973122376;;;
5521973069618;;;
5521973044212;;;
5521973042982;;;
5521973028767;;;
5521972941913;;;
5521972659279;;;
5521972246312;;;
5521972224475;;;
5521971894629;;;
5521971830412;;;
5521971825969;;;
5521971742407;;;
5521971696047;;;
5521971563928;;;
5521971511879;;;
5521971349363;;;
5521971301097;;;
5521971211350;;;
5521971065645;;;
5521971063170;;;
5521971039357;;;
5521970429644;;;
5521970414076;;;
5521970383457;;;
5521970311732;;;
5521970290530;;;
5521970267320;;;
5521970267162;;;
5521970215060;;;
5521970199789;;;
5521970191049;;;
5521970189017;;;
5521970184907;;;
5521970147749;;;
5521970133601;;;
5521970114251;;;
5521970030939;;;
5521969967223;;;
5521969938812;;;
5521969885285;;;
5521969672922;;;
5521969530920;;;
5521969529629;;;
5521969526793;;;
5521969525297;;;
5521969491728;;;
5521969452651;;;
5521969436524;;;
5521969297694;;;
5521969290871;;;
5521969172322;;;
5521969142528;;;
5521968977601;;;
5521968832648;;;
5521968660995;;;
5521968625995;;;
5521968468299;;;
5521968435604;;;
5521968325778;;;
5521968248127;;;
5521968148639;;;
5521967784046;;;
5521967767373;;;
5521967713033;;;
5521967608394;;;
5521967536594;;;
5521967168101;;;
5521967100699;;;
5521967080810;;;
5521966842552;;;
5521966717423;;;
5521966666903;;;
5521966663181;;;
5521966596594;;;
5521966501716;;;
5521966202405;;;
5521966098144;;;
5521965955771;;;
5521965930900;;;
5521965930873;;;
5521965873750;;;
5521965834566;;;
5521965710520;;;
5521965674532;;;
5521965618003;;;
5521965574366;;;
5521965546905;;;
5521965405995;;;
5521965400324;;;
5521965194107;;;
5521965152431;;;
5521965084418;;;
5521965040298;;;
5521965010271;;;
5521965002383;;;
5521964985453;;;
5521964936644;;;
5521964933531;;;
5521964925490;;;
5521964856247;;;
5521964823203;;;
5521964795345;;;
5521964794968;;;
5521964791437;;;
5521964774462;;;
5521964762026;;;
5521964743178;;;
5521964728237;;;
5521964659255;;;
5521964657355;;;
5521964655178;;;
5521964654133;;;
5521964624415;;;
5521964522402;;;
5521964504956;;;
5521964499949;;;
5521964466654;;;
5521964459098;;;
5521964450739;;;
5521964442277;;;
5521964434845;;;
5521964418430;;;
5521964418088;;;
5521964412154;;;
5521964325068;;;
5521964314324;;;
5521964297229;;;
5521964295419;;;
5521964274090;;;
5521964268725;;;
5521964219609;;;
5521964215237;;;
5521964214233;;;
5521964185560;;;
5521964176223;;;
5521964167571;;;
5521964163563;;;
5521964161724;;;
5521964127081;;;
5521964113543;;;
5521964100590;;;
5521964100094;;;
5521964068495;;;
5521964060515;;;
5521964036440;;;
5521964023703;;;
5521964017477;;;
5521920004841;;;
5519999968757;;;
5519999679620;;;
5519999419207;;;
5519998902131;;;
5519998491469;;;
5519998386880;;;
5519998273717;;;
5519998156119;;;
5519998020115;;;
5519997826787;;;
5519997797634;;;
5519997734142;;;
5519997696092;;;
5519997684666;;;
5519997357672;;;
5519997311464;;;
5519997251046;;;
5519997161517;;;
5519997151252;;;
5519997010373;;;
5519996932611;;;
5519996752007;;;
5519996651644;;;
5519996617544;;;
5519996514406;;;
5519996309823;;;
5519996247296;;;
5519996072421;;;
5519996068095;;;
5519995631185;;;
5519995597314;;;
5519995558888;;;
5519995334579;;;
5519995042232;;;
5519994993320;;;
5519994842309;;;
5519994763793;;;
5519994708599;;;
5519994622780;;;
5519994615825;;;
5519993846896;;;
5519993562395;;;
5519993447504;;;
5519993263011;;;
5519993086661;;;
5519993081229;;;
5519993049417;;;
5519992937371;;;
5519992854802;;;
5519992793307;;;
5519992715681;;;
5519992657647;;;
5519992338334;;;
5519992168927;;;
5519992019228;;;
5519992018299;;;
5519991923004;;;
5519991676548;;;
5519991451536;;;
5519991445809;;;
5519991445808;;;
5519991380603;;;
5519991351535;;;
5519991332345;;;
5519991263490;;;
5519989873363;;;
5519989511731;;;
5519989151481;;;
5519989004745;;;
5519988980102;;;
5519988552848;;;
5519988411110;;;
5519988301469;;;
5519988254831;;;
5519988254826;;;
5519987511551;;;
5519987388309;;;
5519987213595;;;
5519987077970;;;
5519984440154;;;
5519984408002;;;
5519984350688;;;
5519984244988;;;
5519984227907;;;
5519983872442;;;
5519983771354;;;
5519983693411;;;
5519982932028;;;
5519982708606;;;
5519982644057;;;
5519982519029;;;
5519982488937;;;
5519982001800;;;
5519981904444;;;
5519981832554;;;
5519981811148;;;
5519981725472;;;
5519981714336;;;
5519981572646;;;
5519981460233;;;
5519981252496;;;
5519981225602;;;
5519974238538;;;
5519974221965;;;
5519974179684;;;
5519974114951;;;
5519974094903;;;
5519971695777;;;
5519971617245;;;
5519971512208;;;
5519971411704;;;
5519971385951;;;
5519971249204;;;
5519971171090;;;
5519953210245;;;
5518998056848;;;
5518997553391;;;
5518997482804;;;
5518997406845;;;
5518997214365;;;
5518996996676;;;
5518996942224;;;
5518996811525;;;
5518996636570;;;
5518996484943;;;
5518996425975;;;
5518996350572;;;
5518996016848;;;
5518988263699;;;
5518988221260;;;
5518988140146;;;
5518981953154;;;
5518981475351;;;
5518981450631;;;
5518981317435;;;
5518981284579;;;
5518981145040;;;
5517997948444;;;
5517997776756;;;
5517997734779;;;
5517997642533;;;
5517997639236;;;
5517997619864;;;
5517997314356;;;
5517997054096;;;
5517997012573;;;
5517996773730;;;
5517996755062;;;
5517996657793;;;
5517996573101;;;
5517996519001;;;
5517996436599;;;
5517992739718;;;
5517992620554;;;
5517992598831;;;
5517992596819;;;
5517992395222;;;
5517992283483;;;
5517992257894;;;
5517992253259;;;
5517992209595;;;
5517992070321;;;
5517991931424;;;
5517991894250;;;
5517991866131;;;
5517991737564;;;
5517991668062;;;
5517991647895;;;
5517991591585;;;
5517991468720;;;
5517991423798;;;
5517991334245;;;
5517991287769;;;
5517991213869;;;
5517991156351;;;
5517991130596;;;
5517991042304;;;
5517988228207;;;
5517988224023;;;
5517988091122;;;
5517982223894;;;
5517982221520;;;
5517981532012;;;
5517981462738;;;
5517981229665;;;
5517981194676;;;
5517981077860;;;
5517867806874;;;
5517742495566;;;
5517323208800;;;
5516999789827;;;
5516999611166;;;
5516997977596;;;
5516997869210;;;
5516997656089;;;
5516997496614;;;
5516997479814;;;
5516997353698;;;
5516997233337;;;
5516997146289;;;
5516997142753;;;
5516996279995;;;
5516994182823;;;
5516994167378;;;
5516993928337;;;
5516993905227;;;
5516993726690;;;
5516993684241;;;
5516993337689;;;
5516993134471;;;
5516993050660;;;
5516992821396;;;
5516992712759;;;
5516992549164;;;
5516992521198;;;
5516992479647;;;
5516992352407;;;
5516992345164;;;
5516992267299;;;
5516992257064;;;
5516992244679;;;
5516992218889;;;
5516992037373;;;
5516992031733;;;
5516991865832;;;
5516991784919;;;
5516991718312;;;
5516991682442;;;
5516991508280;;;
5516991418003;;;
5516991410895;;;
5516991294347;;;
5516991271928;;;
5516991220812;;;
5516991188568;;;
5516991078867;;;
5516991070633;;;
5516988406114;;;
5516988386922;;;
5516982328741;;;
5516982027247;;;
5516981909745;;;
5516981798231;;;
5516981781706;;;
5516981756363;;;
5516981528377;;;
5516981339281;;;
5516981320298;;;
5516981155456;;;
5516981047037;;;
5516175806627;;;
5515998526678;;;
5515998064306;;;
5515997939892;;;
5515997873124;;;
5515997850401;;;
5515997757005;;;
5515997669623;;;
5515997622878;;;
5515997331503;;;
5515997276483;;;
5515997232121;;;
5515996938709;;;
5515996916700;;;
5515996842063;;;
5515996808219;;;
5515996698481;;;
5515996450923;;;
5515996333641;;;
5515996310329;;;
5515996298898;;;
5515996284638;;;
5515996109360;;;
5515996091835;;;
5515988084628;;;
5515988067303;;;
5515988037720;;;
5515981781060;;;
5515981775210;;;
5515981670146;;;
5515981627162;;;
5515981211000;;;
5515981180020;;;
5515981127395;;;
5515981048617;;;
5515613326881;;;
5515103759501;;;
5515082982185;;;
5514998933602;;;
5514998687026;;;
5514998545457;;;
5514998500644;;;
5514998470582;;;
5514998400022;;;
5514998371818;;;
5514998091992;;;
5514998036331;;;
5514998022257;;;
5514997988011;;;
5514997922933;;;
5514997843740;;;
5514997833504;;;
5514997832224;;;
5514997789923;;;
5514997764756;;;
5514997742087;;;
5514997660863;;;
5514997614197;;;
5514997610787;;;
5514997478510;;;
5514997445937;;;
5514997399617;;;
5514997392623;;;
5514997381703;;;
5514997367716;;;
5514997354550;;;
5514997266095;;;
5514997169883;;;
5514997160679;;;
5514997139783;;;
5514997106828;;;
5514997066614;;;
5514996966587;;;
5514996958205;;;
5514996861221;;;
5514996800166;;;
5514996793137;;;
5514996783015;;;
5514996664691;;;
5514996550205;;;
5514996479773;;;
5514996418930;;;
5514996399563;;;
5514996265979;;;
5514996217269;;;
5514996136977;;;
5514996015514;;;
5514991855688;;;
5514991795327;;;
5514991734409;;;
5514991597957;;;
5514991460715;;;
5514991416946;;;
5514991197308;;;
5514991161194;;;
5514991068858;;;
5514988268369;;;
5514988187193;;;
5514981712782;;;
5514153209423;;;
5513997830439;;;
5513997623115;;;
5513997236477;;;
5513997228197;;;
5513997090924;;;
5513996903817;;;
5513996875011;;;
5513996669675;;;
5513996576055;;;
5513996532678;;;
5513996446922;;;
5513996432789;;;
5513996344617;;;
5513996269746;;;
5513996235988;;;
5513996169236;;;
5513991701719;;;
5513991444469;;;
5513991230801;;;
5513991201724;;;
5513991088215;;;
5513988740450;;;
5513988687610;;;
5513988646667;;;
5513988440441;;;
5513988402576;;;
5513988029287;;;
5513981853061;;;
5513981583042;;;
5513981257899;;;
5513981254746;;;
5513981131315;;;
5513981016136;;;
5513974186675;;;
5512998707898;;;
5512997989446;;;
5512997956733;;;
5512997927449;;;
5512997913487;;;
5512997887134;;;
5512997813277;;;
5512997797668;;;
5512997785545;;;
5512997754051;;;
5512997753395;;;
5512997705816;;;
5512997632415;;;
5512997600251;;;
5512997595673;;;
5512997589402;;;
5512997588082;;;
5512997581096;;;
5512997496800;;;
5512997336662;;;
5512997220288;;;
5512997132617;;;
5512996768724;;;
5512996651402;;;
5512996494397;;;
5512996335210;;;
5512996181680;;;
5512996162430;;;
5512996123068;;;
5512996000554;;;
5512992615590;;;
5512992113276;;;
5512991855047;;;
5512991582107;;;
5512991534623;;;
5512991322246;;;
5512991233787;;;
5512991150182;;;
5512991060444;;;
5512988992480;;;
5512988839268;;;
5512988629447;;;
5512988526028;;;
5512988355475;;;
5512988352757;;;
5512988351478;;;
5512988294754;;;
5512988208022;;;
5512988190868;;;
5512988134082;;;
5512988099375;;;
5512988098716;;;
5512988087716;;;
5512988049166;;;
5512988018047;;;
5512987079170;;;
5512983211931;;;
5512982985479;;;
5512982854733;;;
5512982820153;;;
5512982804712;;;
5512982790970;;;
5512982786453;;;
5512982667273;;;
5512982657442;;;
5512982655776;;;
5512982611566;;;
5512982471207;;;
5512982340254;;;
5512982291167;;;
5512982241362;;;
5512982172218;;;
5512982155356;;;
5512982016353;;;
5512982009585;;;
5512981872398;;;
5512981830102;;;
5512981799481;;;
5512981792268;;;
5512981779522;;;
5512981731587;;;
5512981699456;;;
5512981680424;;;
5512981566432;;;
5512981432726;;;
5512981399342;;;
5512981333271;;;
5512981321416;;;
5512981192684;;;
5512981163583;;;
5512981101972;;;
5512981041846;;;
5512981035386;;;
5512974123717;;;
5512974113209;;;
5512974101931;;;
5512974098281;;;
5512974063749;;;
5512974062680;;;
5512974037247;;;
5512974027997;;;
5511999963335;;;
5511999933177;;;
5511999920935;;;
5511999850235;;;
5511999807220;;;
5511999652057;;;
5511999645929;;;
5511999561711;;;
5511999449515;;;
5511999425594;;;
5511999414615;;;
5511999232408;;;
5511999195825;;;
5511999171647;;;
5511999126677;;;
5511999080554;;;
5511999064397;;;
5511999021801;;;
5511999021098;;;
5511998950126;;;
5511998859295;;;
5511998852220;;;
5511998721063;;;
5511998682507;;;
5511998666304;;;
5511998590568;;;
5511998589797;;;
5511998527457;;;
5511998521794;;;
5511998500168;;;
5511998490080;;;
5511998451395;;;
