69510091634;695;Iara;5531997811629
69535043820;695;Teresa;5511961080304
69535043820;695;Teresa;5511993232832
69582831804;695;Jorge;5511982487697
69582831804;696;Jorge;5511993624838
69672350872;697;Carolino;5511992181736
69754667420;698;Maria;5584999752030
69849528834;698;Jorge;5511998183614
69849528834;698;Jorge;5511998463855
69866899772;698;Suely;5521993824931
69866899772;698;Suely;5521995482007
69866899772;698;Suely;5524981212457
69866899772;698;Suely;5524988464796
69866899772;698;Suely;5524999292452
69866899772;698;Suely;5524999292457
69874859849;699;Quirino;5511967395819
69942099891;700;Benedicta;5512988841340
70023425334;700;Francisca;5585992083082
70043183700;700;Marcos;5521997868352
70043183700;700;Marcos;5524999994057
70048193887;701;Susuko;5511999745109
70123748453;702;Lindair;5511996961449
70233624872;702;Paulo;5511989088710
70233624872;702;Paulo;5511989426597
70271879815;702;Claudio;5511943666238
70286183820;702;Ademiro;5519996446875
70286183820;702;Ademiro;5519996989900
70286183820;704;Ademiro;5519998290090
70420440968;704;Iris;5547992864532
70474044815;704;Luiz;5518997513710
70487987853;705;Moacir;5512996253816
70513562834;705;Maria;5518997062452
70519382072;706;Maria;5553999485541
70677581815;707;Nilma;5514999056080
70701814853;707;Manoel;5514997860107
70701814853;707;Manoel;5514999000108
70708436749;707;Valeria;5521969625169
70708436749;707;Valeria;5521997544547
70708436749;707;Valeria;5521997977646
70717460878;707;Paulo;5514996307950
70787603791;707;Vilma;5522999934319
70792801849;708;Roberto;5514997907926
70846014734;708;Neuva;5521981012103
70846014734;708;Neuva;5521986758198
70846014734;710;Neuva;5521988641102
71021329720;711;Sonia;5521988183173
71102680800;711;Maria;5514996286920
71149562900;712;Rosangela;5541991720001
71222170868;712;Mauricio;5511971229860
71222170868;712;Mauricio;5511999896990
71242678700;713;Luiz;5521996695175
71337075949;713;Mara;5511963717828
71392580900;714;Zilda;5543991595107
71429174820;714;Eliana;5519997299514
71436324815;715;Geraldo;5516997621347
71543660878;715;Joao;5519996502128
71550046772;715;Marilene;5521964529000
71550046772;716;Marilene;5521984009309
71626549834;716;Ruth;5519999388993
71628339853;716;Marli;5519996141248
71628339853;716;Marli;5519996200478
71675469849;717;Xisto;5519996204935
71731067534;718;Maria;5575998714687
71848223749;718;Maria;5521998896115
71848223749;719;Maria;5521999867451
71921990872;720;Antonio;5519997745263
72083603753;720;Magali;5522992027908
72083603753;721;Magali;5522997531120
72161167804;721;Jurandir;5519992926069
72168145849;721;Pedro;5511953841018
72168145849;721;Pedro;5511999119643
72168846804;721;Ille;5511999070999
72168846804;721;Ille;5511999191941
72195444800;722;Manoel;5519991388766
72229527800;723;Edson;5519996540906
72336595834;723;Joao;5519999962929
72361590778;723;Maria;5522998742323
72375221672;723;Fernando;5531995900963
72399155300;724;Ivonete;5599999359385
72403829820;724;Osvaldo;5519996992543
72433850797;724;Tania;5511993884570
72433850797;724;Tania;5524998372692
72433850797;726;Tania;5524998815162
72635525900;726;Maria;5542999967766
72638729868;726;Antonio;5514996796249
72638729868;726;Antonio;5514997387073
72665653834;726;Joaquim;5518996999822
72684585849;727;Claudomiro;5518997760345
72713950325;727;Daniela;5585987779546
72713950325;727;Daniela;5585988622845
72765542872;727;Katsunori;5513991465496
72788950900;727;Jose;5547984389092
72788950900;728;Jose;5547992519526
72851945734;728;Robson;5521986581503
72860936653;728;Rosa;5531987568615
72860936653;728;Rosa;5531988009068
72878754700;728;Yaporan;5521972460938
72878754700;728;Yaporan;5521986530938
72878754700;728;Yaporan;5521987557067
72878754700;728;Yaporan;5521993213573
72878754700;728;Yaporan;5521999997643
72885025700;728;Monica;5521982698843
72885025700;728;Monica;5521998455670
72887206753;729;Tereza;5521964237575
72900946700;729;Eloizio;5524999455710
72914408820;729;Aurelio;5513991281213
72925531768;729;Valdemir;5521970657218
72925531768;729;Valdemir;5521988870070
72925531768;729;Valdemir;5521995836999
72925531768;729;Valdemir;5521996470730
72971452700;729;Anisio;5512982611348
72971452700;729;Anisio;5512991692525
72971576787;729;Mario;5522997568508
72971576787;729;Mario;5522998149341
72971576787;729;Mario;5522998281852
72971576787;730;Mario;5522998977172
73080187768;730;Maria;5521996553441
73080187768;731;Maria;5522988019319
73130605720;731;Antonio;5521973438436
73130605720;731;Antonio;5521998584487
73156680800;731;Francisco;5513974077990
73156680800;732;Francisco;5513988414748
73202550659;732;Leandro;5531998830123
73217506804;732;Odilon;5513996335023
73238635891;732;Luiza;5513982157529
73238635891;732;Luiza;5513997328099
73252620863;732;Airton;5513981167131
73264997800;733;Evanildo;5513974114225
73311103815;733;Adelmo;5513997885611
73341983791;733;Lea;5521995985832
73342017872;734;Antonio;5513997277551
73402214687;734;Donata;5511987518213
73424250872;734;Francisco;5517981142291
73424250872;734;Francisco;5517981413838
73457760772;734;Socorro;5521997744864
73462675834;734;Marilena;5517996152075
73462675834;734;Marilena;5517997851426
73477346815;735;Joao;5541992884522
73516830859;735;Jose;5517992181046
73537101872;735;Jose;5517981526646
73537101872;735;Jose;5517996128412
73539511768;735;Maria;5521974500258
73539511768;735;Maria;5521998132661
73548944868;735;Carlos;5511998991753
73585653804;736;Jose;5517988026369
73653918804;736;Zulmiro;5517991181837
73689815720;736;Marcia;5521964966545
73689815720;736;Marcia;5521998758582
73689815720;737;Marcia;5521999888582
73720674800;739;Luis;5519991662492
73972533853;739;Eradi;5511964472004
73972533853;739;Eradi;5512997173803
73972533853;740;Eradi;5512997731953
74021478868;740;Jose;5512988957073
74045385720;740;Francisco;5522997680840
74045385720;740;Francisco;5522999018273
74067869720;741;Gilson;5524992776521
74135830897;741;Joao;5512974104341
74135830897;743;Joao;5512997199685
74302515872;743;Luiz;5516997292815
74313347968;743;Lauro;5545991340489
74362828753;743;Jocenir;5522997437766
74379119815;743;Maria;5516981851442
74379119815;744;Maria;5516982588762
74441116420;744;Lucinalva;5511982234792
74454161887;744;Joao;5516981857860
74454161887;745;Joao;5516988755300
74517732720;745;Clara;5521988763500
74517732720;746;Clara;5521999920705
74615254849;746;Maria;5516993761825
74615254849;746;Maria;5516997171278
74626302815;746;Valdomira;5517981742641
74637371791;746;Solange;5521989314312
74654330615;746;Maria;5532999099181
74654330615;747;Maria;5532999558778
74728830772;748;Jorge;5522999980364
74828037772;748;Agnaldo;5521997370517
74893513915;750;Helena;5543999215573
75028581720;750;Ana;5521996261971
75028581720;750;Ana;5521999432602
75081440906;751;Terezinha;5547996232351
75124408804;751;Jose;5511986629286
75178184653;751;Vicente;5532988106093
75192659868;751;Moacir;5515996688507
75198770787;751;Katia;5521991958227
75198770787;751;Katia;5521993152669
75198770787;751;Katia;5521993831890
75198770787;752;Katia;5521993831899
75211459849;752;Jose;5515997503883
75224755891;752;Benedito;5515998464567
75224860849;753;Debora;5515981131110
75355817734;754;Norma;5521968726446
75416760800;755;Nicanor;5515997495026
75547481815;755;Lenis;551198101234
75547481815;755;Lenis;5511981012341
75552337700;755;Tereza;5521972553746
75581884749;755;Juarez;5522998275652
75581884749;755;Juarez;5522998765924
75586541815;756;Julio;5519982101718
75621088891;756;Luiz;5511988995315
75670119800;757;Eni;5511962668219
75710129704;757;Paulo;5521989082082
75710129704;757;Paulo;5521989339414
75720450815;757;Adilson;5511964198649
75721490810;757;Jose;5511996829264
75766965320;757;Jose;5585986204712
75766965320;757;Jose;5585988413586
75766965320;757;Jose;5585988742287
75766965320;759;Jose;5585989478710
75901501853;759;Antonio;5519981015421
75901501853;759;Antonio;5519992149456
75931320725;759;Carlos;5521986057873
75931320725;759;Carlos;5521989553329
75971143891;759;Isaias;5511956621707
75977923872;759;Carlos;5518997081831
75977923872;760;Carlos;5518997088511
76054071815;760;Ariovaldo;5511946359348
76054071815;760;Ariovaldo;5511961177173
76054071815;760;Ariovaldo;5511970950455
76054071815;760;Ariovaldo;5511995419333
76060640753;760;Paulo;5521985186372
76060640753;760;Paulo;5521985187185
76060640753;760;Paulo;5521985226263
76060640753;760;Paulo;5521992688894
76078590804;761;Alberto;5511997623326
76130983115;761;Odete;5562985932707
76137392600;761;Odilia;5531995505880
76172996800;762;Susana;5511999990824
76212823804;762;Antonio;5511954000495
76241653415;762;Marineide;5584994410076
76257126800;762;Darcy;5511940070670
76257126800;762;Darcy;5511940305233
76257126800;762;Darcy;5511996631115
76290166700;762;Rosangela;5521964397477
76290166700;762;Rosangela;5521992531168
76290166700;763;Rosangela;5521999353106
76381994800;763;Marta;5511957581485
76382079715;763;Maria;5521976323955
76382087149;764;Ramona;5554984492798
76406342704;764;Celso;5521970021172
76449637820;765;Jose;5511967190211
76531988800;767;Iara;5511946830280
76715345872;767;Luiz;5511991916693
76715345872;767;Luiz;5511992293335
76768392700;767;Joao;5521964961035
76768392700;767;Joao;5521995376092
76786870872;769;Crisolito;5511952320201
76917495700;769;Maria;5521994656706
76919366800;769;Francisco;5511946436823
76919366800;769;Francisco;5511966892871
76919366800;769;Francisco;5511980634410
76948714820;769;Waldomiro;5511951629288
76948714820;769;Waldomiro;5511967332001
76959287804;769;Rubens;5511965786447
76959287804;770;Rubens;5511997314824
77029194853;770;Manoel;5511953537699
77029194853;770;Manoel;5511960757460
77029763815;770;Suely;5511996394615
77051700782;770;Mario;5521992137513
77051700782;770;Mario;5524993014543
77067142768;770;Jose;5521971872424
77067142768;771;Jose;5521995809160
77101626149;771;Rosangela;5562996934592
77181689800;771;Fabiano;5511980902051
77181689800;771;Fabiano;5511984729383
77192575887;772;Alvaro;5531985633323
77272277491;773;Antonia;5581983073996
77386310820;775;Orlando;5511997585907
77515900768;775;Arlete;5521964255867
77515900768;775;Arlete;5521964627407
77599705791;776;Shirley;5521997464280
77619528768;776;Angela;5521981647391
77619528768;776;Angela;5521987271681
77619528768;776;Angela;5521993836233
77625170730;776;Valmir;5521970476153
77625170730;776;Valmir;5521985174301
77635256815;776;Marcio;5519997394618
77644328815;776;Silvia;5519997106304
77667425868;778;Lino;5511968633516
77808150649;778;Luis;5538988350780
77808150649;778;Luis;5538998569111
77810546791;778;Gilson;5521964664182
77838009804;778;Sueli;5519982042563
77838009804;778;Sueli;5519991570356
77839323804;778;Armando;5517982172999
77839323804;778;Armando;5517997787903
77843495800;778;Maria;5565999330055
77843495800;778;Maria;5565999680055
77852532853;779;Advaldo;5511997501215
77978870715;780;Ruth;5521998220706
78042216815;780;Jose;5518991033997
78042216815;780;Jose;5518991144762
78042216815;780;Jose;5518991286721
78042216815;780;Jose;5518997103997
78042216815;781;Jose;5518997942532
78160006853;781;Milton;5512997702786
78169283868;781;Odete;551396204335
78169283868;781;Odete;5513996204335
78178576872;781;Sergio;5513988086777
78178576872;781;Sergio;5513988237936
78178576872;781;Sergio;5513988255543
78195160891;781;Maria;5521999297915
78195160891;782;Maria;5521999667915
78241723849;782;Carlos;5513991223141
78241723849;783;Carlos;5513991618523
78322146604;783;Afranio;5532999533207
78358272804;783;Francisco;5513996198438
78373646787;783;Claudete;5521967022610
78373646787;783;Claudete;5521969760352
78373646787;784;Claudete;5521992097045
78489547815;786;Jose;5517981588157
78604443720;786;Sergio;5521982773671
78604443720;786;Sergio;5521987391003
78606810800;786;Antonio;5517981495433
78606810800;787;Antonio;5517981811661
78797896691;790;Maisa;5534999793422
79032338072;790;Selma;5551995690106
79088236704;791;Maria;5571993060252
79137490834;791;Mario;5511964278227
79160930810;791;Izabel;5511964435049
79160930810;791;Izabel;5511964694382
79160930810;791;Izabel;5511969699584
79175465868;792;Maria;5511993136958
79253130806;792;Antonio;5514996419639
79276490604;794;Francisca;5531987186753
79417655868;794;Carlos;5512981320185
79417655868;794;Carlos;5512997956460
79450008868;794;Elias;551388378572
79450008868;794;Elias;5513974092828
79450008868;794;Elias;5513981731717
79450008868;796;Elias;5513981744500
79649068872;796;Maria;5514996211226
79667104834;797;Ernesto;5514997985449
79730388334;797;Maria;5585985296786
79730388334;797;Maria;5585985296849
79730388334;797;Maria;5585985519512
79746888749;799;Vanderlei;5521997437582
79913229804;799;Jose;5518996200015
79948790804;800;Milton;5511996267090
80046428615;800;Jose;5535997217731
80075240963;800;Malvina;5541985146993
80097359734;800;Valdineia;5521971400591
80098819887;800;Jose;5511981711774
80098819887;801;Jose;5511983520134
80125670834;801;Maria;5513974056674
80125670834;801;Maria;5513991325935
80169708772;802;Maria;5521993464524
80219977615;802;Edneia;5531996413004
80227520882;803;Lucimar;5511996382245
80353851787;805;Edson;5524988851952
80502423820;805;Luis;5511994435661
80513735887;805;Aparecido;5515981710411
80526918934;805;Donizete;5511941673486
80526918934;805;Donizete;5511975007304
80526918934;805;Donizete;5511997052152
80576265853;806;Jose;5511957243734
80662250834;806;Rosendo;5511974205289
80662250834;808;Rosendo;5511998637345
80800750691;808;Ricardo;5531989196844
80841180806;808;Edson;5511992830448
80841716749;809;Maristela;5521983300733
80993583849;809;Roberto;5511994008085
80993583849;811;Roberto;5511998300266
81113170859;811;Sylvia;5511995958187
81148348891;811;Jose;5511947599779
81148348891;811;Jose;5511984265914
81153082853;811;Nanci;5511963514851
81153082853;811;Nanci;5511996780647
81161735887;811;Ymara;5511991082728
81161735887;811;Ymara;5511991545656
81161735887;811;Ymara;5511996576022
81166990834;811;Paulo;5511941256231
81166990834;811;Paulo;5515988023764
81174420600;812;Livia;5531984852021
81215320787;812;Mario;5521972098259
81215320787;812;Mario;5521980300582
81215320787;812;Mario;5521981673006
81215320787;812;Mario;5521982521270
81232780804;812;Benedito;5511993399520
81263430872;812;Gilberto;5511969023932
81263430872;813;Gilberto;5519999662304
81322658820;814;Martinho;5511975569767
81419988891;815;Joao;5511956471600
81560435887;815;Maria;5511992234884
81560435887;816;Maria;5511993608050
81651333815;816;Rosa;5517996395401
81651333815;817;Rosa;5517996632602
81724950800;817;Neusa;5511975197303
81747829820;817;Terezinha;5511964196033
81747829820;817;Terezinha;5511999824099
81764634691;819;Wilson;5531986454144
81925832872;820;Carlos;5511986088395
82043434772;820;Adilson;5527999817034
82098034768;821;Eduardo;5521983182713
82103127820;821;Luiz;5519998106446
82143412800;821;Luzia;5519981150156
82165084091;821;Helena;5521975240552
82165084091;821;Helena;5521989811999
82188513134;821;Eliete;5524999174319
82188513134;821;Eliete;5524999482118
82188513134;821;Eliete;5524999730956
82188513134;822;Eliete;5524999813705
82234639891;823;Milton;5519997006596
82326495853;823;Helio;5519991090527
82366519753;823;Ana;5524992122406
82369798815;823;Maria;5519974050227
82369798815;823;Maria;5519974145352
82371695815;823;Maria;5519991420504
82371695815;823;Maria;5519991561694
82395497720;825;Rute;5521985700057
82579881891;826;Paulo;5514998764622
82617082415;826;Josenilda;5583987072352
82617082415;826;Josenilda;5583993046096
82617082415;826;Josenilda;5583999757770
82634424604;830;Adilson;5538998436334
83072233853;830;Joao;5512991477208
83072233853;830;Joao;5512997872535
83072292787;830;Marilene;5521981330870
83072292787;830;Marilene;5521982234178
83072292787;830;Marilene;5522999792470
83072292787;831;Marilene;5522999855579
83125671868;831;Marli;5512981148986
83125671868;831;Marli;5512981194931
83126163815;831;Helena;5511943326014
83126163815;831;Helena;5511992229695
83129626700;831;Jane;5522998173348
83137793734;832;Roberto;5531985409693
83237240834;833;Fulvio;5511974040464
83375333749;833;Marisol;5524998412207
83375333749;834;Marisol;5524999522960
83461094820;835;Nilton;5515997270245
83501908849;836;Juliano;5515988042743
83684271853;836;Marino;5511995848632
83687467872;837;Rita;5511995176010
83752730900;837;Maria;5541991142966
83792082853;838;Jose;5511965841461
83897747804;838;Milton;5511991440933
83897747804;839;Milton;5519981449333
83916008820;839;Olga;5511983416949
83916008820;840;Olga;5511996994005
84064617720;842;Georgina;5521988748865
84255013853;842;Edvaldo;5521964865479
84281340734;842;Norielma;5521972528304
84281340734;842;Norielma;5521997515780
84284838334;843;Antonia;5585988743442
84360623704;844;Samuel;5522999681621
84472863804;846;Luiz;5511941213466
84653264791;846;Simone;5521996212583
84684232891;847;Ioshie;5518998249113
84708522800;847;Guiomar;5518991433817
84708522800;848;Guiomar;5518996313792
84810670830;848;Rui;5518996100115
84810670830;849;Rui;5518998100115
84922028820;849;Cirso;5519981707543
84954914868;849;Adao;5519987696600
84976390810;849;Francisco;5511997631580
84986409891;850;Lucrecio;5535984562390
85043524804;850;Luiz;5511999561110
85043524804;850;Luiz;5511999897992
85051411800;850;Antonio;5514996330319
85051411800;850;Antonio;5514997058310
85051411800;851;Antonio;5514998087467
85131199972;851;Gilda;5547996781072
85186082953;851;Claudete;5541991991415
85195375887;851;Carlos;5511972074234
85195375887;851;Carlos;5511972074236
85196045791;851;Francisco;5521988225871
85196045791;852;Francisco;5521997781193
85242799820;853;Octavio;5511956495280
85309923853;853;Jeremias;5511972544066
85309923853;855;Jeremias;5511989235178
85513300710;855;Teresinha;5521989571178
85513300710;855;Teresinha;5521991975161
85591157734;855;Theresinha;5524988632701
85591157734;856;Theresinha;5524988649368
85678279815;856;Serafim;5511971208659
85683280834;856;Helena;551160633321
85683280834;856;Helena;5511931454020
85683280834;857;Helena;5511996230081
85730254768;857;Wanderlei;5524992566872
85730254768;857;Wanderlei;5524999466012
85758400882;857;Ivone;5511972504478
85786888800;860;Maria;5511965040804
86056417891;860;Zilda;5511941173049
86058037891;860;Rosa;5511965032321
86058037891;862;Rosa;5511969553150
86220764820;863;Aparecida;5516991955901
86325310853;863;Antonio;5516992195336
86332309768;863;Neyla;5521981331351
86332309768;863;Neyla;5521984521866
86394983853;864;Sidney;5516997082587
86402218804;864;Creusa;5516982338893
86428233800;864;Jose;5516992225487
86459023891;865;Luis;5516981742112
86502417868;866;Lucio;551688101103
86606921791;866;Luzia;5521987443706
86606921791;866;Luzia;5521995356548
86606921791;866;Luzia;5521998005140
86678558715;867;Laudecir;5521985415249
86728865853;867;Aparecido;5519974125532
86728865853;869;Aparecido;5519981374599
86923005868;869;Elisabete;5519996248289
86980416715;869;Vera;552182329304
86980416715;870;Vera;5521982329304
87024420600;870;Geni;5531986686344
87024420600;870;Geni;5531999129810
87026724800;870;Wilson;5519982958367
87030004604;870;Jose;5531987340196
87030004604;870;Jose;5533999198746
87030004604;871;Jose;5533999470108
87182297868;872;Jader;5532988209091
87219247834;872;Orlando;5511981690860
87270390800;873;Jose;5511982590554
87303728872;873;Antonio;5511964152302
87303728872;873;Antonio;5511967041776
87364298800;873;Vera;5511964428154
87387581720;873;Jose;5511997431627
87394715868;873;Maria;551397777953
87394715868;875;Maria;5513997893803
87573334834;875;Gildasio;5511953657923
87574292868;875;Marcos;5511953005973
87574292868;875;Marcos;5511999183721
87574292868;875;Marcos;5511999366933
87589141968;875;Luciano;5541984051136
87589141968;875;Luciano;5541984235128
87589141968;877;Luciano;5541985196730
87705940825;877;Maria;5546991013512
87705940825;878;Maria;5546991281953
87808935891;878;Armando;5511997355655
87816806868;878;Leandro;5511984017192
87852675891;878;Cleide;5511982645204
87897083772;879;Helen;5522998184949
87907011868;879;Valdemir;5511948118848
87916355787;879;Zulaque;5524988413302
87966824934;880;Helena;5543984740844
88001644715;880;Marilene;5521996890284
88009009849;880;Milton;5511944818929
88009009849;881;Milton;5511997730869
88186563849;882;Pascoalino;5511973174335
88207633972;882;Carla;5511972071007
88225445872;882;Sonia;5511964717153
88225445872;882;Sonia;5511973366865
88232417820;882;Neusa;5511964400236
88257037834;882;Orcelina;5511971849532
88257037834;883;Orcelina;5511982631211
88358402872;883;Jose;5513974089367
88358402872;883;Jose;5513996599084
88358402872;883;Jose;5519994668701
88358402872;883;Jose;5519996599084
88364224891;883;Valter;5513991225445
88364224891;883;Valter;5513991357203
88364224891;883;Valter;5513991640635
88364224891;885;Valter;5513991696475
88587622820;885;Cicero;5513988423102
88587622820;885;Cicero;5513988534344
88587622820;885;Cicero;5513997260506
88587622820;886;Cicero;5513997591468
88604551891;886;Maria;5513981143664
88604551891;886;Maria;5513991337170
88681432834;887;Carlos;5512988270309
88771466800;890;Irani;5512996178735
89037057853;891;Marcos;5515997218489
89167287891;891;Neusa;5515996026988
89176987868;892;Jose;5515997703431
89215630830;892;Antonio;5515981064916
89215630830;892;Antonio;5515996380550
89235614872;892;Philomena;5511996207818
89294700763;892;Katia;5521986953833
89294700763;893;Katia;5521989513791
89330226868;893;Sebastiao;5511941474781
89341368804;893;Carlos;5511974316112
89366930859;893;Lourival;5511967733508
89377664772;893;Edna;5521964863390
89377664772;893;Edna;5521964886008
89377664772;893;Edna;5521967134191
89377664772;893;Edna;5521971625548
89384954853;893;Jose;5511940288734
89384954853;893;Jose;5511940298573
89384954853;893;Jose;5511974784841
89387198804;893;Celia;5511959052641
89387198804;894;Celia;5511985451893
89428668753;894;Nelson;5522981442123
89428668753;895;Nelson;5522992229813
89520408720;895;Valdete;5521984564920
89520408720;895;Valdete;5521998958593
89527615887;895;Antonio;5511951393676
89548116715;896;Cornelio;5527981749100
89675991534;896;Magna;5581985203074
89675991534;896;Magna;5581985838470
89686772049;896;Berenice;5554999742995
89698207872;896;Vilma;5511996752232
89698207872;898;Vilma;5511999924292
89875010782;898;Genivaldo;5513974036606
89875010782;898;Genivaldo;5513974039848
89875010782;898;Genivaldo;5513974048297
89875010782;898;Genivaldo;5513974074051
89875010782;898;Genivaldo;5513974166615
89875010782;898;Genivaldo;5513974213133
89875010782;901;Genivaldo;5513988483005
90125690878;901;Ursulameia;5518997297824
90154770868;901;Celso;5516999614858
90154770868;901;Celso;5516999918439
90154770868;901;Celso;5522999591864
90157478815;901;Roseli;5511983024171
90161017800;902;Gerson;5511980694465
90202805034;902;Mara;5551984748885
90202805034;902;Mara;5551992061557
90202805034;902;Mara;5551995907245
90222814853;902;Eunice;5511942069415
90236165615;902;Therezinha;5511963915458
90249720868;903;Adelson;5511997317111
90316568872;903;Adilson;5511951965740
90316568872;903;Adilson;5511996789896
90397509049;904;Marisa;5551997920785
90442296800;904;Rosangela;5511983654790
90442296800;904;Rosangela;5511996249542
90457803991;904;Isolene;5541996163637
90486390853;906;Joao;5511972268330
90634098772;906;Helena;5521997432686
90634098772;907;Helena;5522998535033
90713087668;909;Maria;5522988511431
90981677720;912;Arnaldo;5521998367874
91255945753;912;Ana;5524998366341
91255945753;912;Ana;5524999987869
91255945753;912;Ana;5524999987870
91278570853;912;Carmencita;5511986378183
91290058768;912;Alice;5521987084322
91290058768;914;Alice;5521987328115
91492300853;916;Osmar;5511971622718
91607043815;916;Solimar;5511997639754
91650224834;916;Maria;5522992068925
91684579872;916;Gustavo;5511996399072
91684579872;917;Gustavo;5511999883618
91726620859;917;Jose;5511953912620
91726620859;917;Jose;5511959758804
91736820710;918;Maria;5524988284125
91800412800;918;Antonio;5511947811284
91800412800;919;Antonio;5511998321097
91900956772;919;Midia;5521995075889
91925720497;920;Vanda;5581988988072
92033172791;920;Sueli;5521971418535
92045359891;922;Frida;5511963374598
92214703772;922;Dirlene;5521976647114
92214703772;922;Dirlene;5521981140781
92222293804;922;Marcia;5511999423715
92231624834;922;Roberto;5511982711355
92231624834;922;Roberto;5511997647107
92231624834;922;Roberto;5511998271135
92242626868;923;Terezinha;5511954138153
92332919791;923;Evaldo;5521994338085
92372686887;923;Jose;5518996022872
92387179820;924;Luiz;5514981593939
92470734649;924;Maria;5537999263142
92487289872;924;Orlanda;5511941812755
92487289872;926;Orlanda;5511969162679
92660231672;926;Raimunda;5532999237916
92695965834;926;Jose;5513997091560
92695965834;926;Jose;5513997257603
92695965834;926;Jose;5518998073004
92696430853;927;Jorge;5513974021362
92732569887;927;Edineia;5513997823439
92732569887;927;Edineia;5513997885509
92739539053;927;Regina;5551986074238
92739539053;927;Regina;5551986541434
92763146791;927;Maria;5521985059469
92763146791;928;Maria;5521987337860
92827330768;928;Katia;5521976977858
92842534891;928;Aparecida;5517991721904
92842534891;928;Aparecida;5517997178748
92868711715;928;Cassio;5521964978468
92886809772;929;Edilene;5521989299509
92916694820;929;Jalcy;5512997012675
92992471887;931;Cilso;5516991227222
93159820882;931;Fernando;5514998060274
93177640882;932;Luzia;5511975501654
93286961868;932;Walberto;5511947611003
93286961868;934;Walberto;5511962522132
93482400725;934;Marilia;5521964182721
93482400725;934;Marilia;5521964929739
93482400725;934;Marilia;5521970522238
93482400725;935;Marilia;5521999919199
93502710872;936;Jonas;5511998210260
93607008868;936;Heleno;5511995668113
93629320759;936;Andrea;5524999143468
93651422704;936;Lenilza;5521995662228
93661355872;937;Joao;5511998007989
93700598734;937;Ronaldo;5521985428005
93700598734;937;Ronaldo;5521985428012
93700598734;937;Ronaldo;5521995103268
93700598734;937;Ronaldo;5521995103276
93700598734;937;Ronaldo;5521996028782
93791364804;938;Antonino;5511952966134
93886705820;939;Maria;5511984407396
93954670615;939;Eliane;5531987519847
93975481749;940;Jarbas;5521987308276
94072361887;940;Vilma;5511976585620
94072361887;940;Vilma;5511980304173
94072361887;940;Vilma;5511992336583
94083193620;940;Andrea;5537998299708
94083193620;940;Andrea;5537998439172
94083193620;940;Andrea;5537998469404
94092028849;940;Natal;5511959667321
94092028849;941;Natal;5511974724712
94102848800;941;Rizomar;5511953955529
94102848800;941;Rizomar;5511991016610
94154775804;941;Jose;5511971407698
94154775804;941;Jose;5519991130272
94154775804;941;Jose;5519996621318
94154775804;942;Jose;5519997697077
94234981834;943;Jair;5511958948901
94318034887;943;Benedito;5511984681870
94330557800;943;Mauro;5511998682805
94396426887;945;Alvaro;5511957547053
94500959815;946;Daniel;5511982462737
94625336600;946;Heloisa;5532988771535
94694230700;946;Maria;5521986144704
94694230700;946;Maria;5521988957292
94694230700;947;Maria;5521993160805
94719012868;947;Luciano;5511966988592
94779317800;948;Vera;5511951137373
94874093868;949;Massakazu;5511992521693
94902739887;949;Marcos;5511997036384
94904421868;949;Robson;5511973135114
94904421868;949;Robson;5511973598180
94904421868;949;Robson;5511996051802
94904421868;949;Robson;5511999651389
94907170882;949;Wilson;554891121214
94907170882;949;Wilson;5548991121214
94907170882;949;Wilson;5548991161323
94951616734;949;Rejane;5521975216099
94951616734;949;Rejane;5521992111927
94951616734;953;Rejane;5521994679157
95388907872;954;Maria;5511973831749
95435166772;954;Marlene;5521964157351
95435166772;954;Marlene;5521964184099
95435166772;955;Marlene;5521988467678
95542892868;955;Narciso;5511967641801
95542892868;955;Narciso;5511996622656
95550291800;955;Jose;5511954968634
95556010897;955;Maria;5511972338781
95587306887;956;Francisco;5511974004401
95668470334;956;Elioneide;5511981231240
95668470334;956;Elioneide;5513991351530
95668470334;957;Elioneide;5513997469526
95715010853;957;Luiz;5511995249541
95723536753;957;Vera;5524988563431
95723536753;957;Vera;5524992652251
95772200887;958;Edison;5518997939545
95808892872;959;Cicero;5517997385285
95902422868;959;Jose;5518991189486
95902422868;959;Jose;5518998113503
95943862820;959;Sylvio;5514981218988
95979069887;959;Antonio;5514981352667
95979069887;961;Antonio;5514981387796
96137720063;961;Elisangela;5553981415563
96137720063;961;Elisangela;5553984489694
96167963800;961;Marina;5519981714887
96179252815;961;Jose;5511970833374
96188693934;961;Benedito;5541985149690
96196300849;963;Joaquim;5519991178475
96396814820;965;Domingos;5519996625972
96532718815;965;Dalva;5519981758043
96532718815;966;Dalva;5519983456240
96620480730;966;Alzira;5521986728905
96626941887;966;Fernando;5511954709839
96626941887;966;Fernando;5511957873075
96626941887;966;Fernando;5511959900491
96626941887;966;Fernando;5519992256417
96632496849;966;Luis;5519999754485
96668229891;967;Otavio;5519993423441
96721073749;967;Mazilda;5521987830752
96746637891;967;Antonio;5519997075406
96763884834;969;Irani;5519984502328
96937246820;969;Jose;5518997243741
96937246820;969;Jose;5518997713741
96937246820;969;Jose;5518997715098
96957999815;969;Maria;5518996488746
96971886887;969;Sebastiao;5518996971751
96971886887;970;Sebastiao;5518997142436
97005363868;972;Valcir;5519988103104
97224650820;974;Maria;5513997784275
97419010897;975;Gilberto;5518997433412
97541508853;977;Joana;5512997871990
97714968834;977;Hailton;5512981249325
97792268853;977;Miriam;5512981794822
97792268853;978;Miriam;5512997022911
97823813815;979;Helio;5512981737901
97911470863;979;Luiz;5511982592123
97914240630;979;Rosana;5537988352981
97914240630;979;Rosana;5537988514599
97949701820;980;Claudete;5516997585007
98005596804;980;Roberto;5511943937805
98029673868;980;Marcia;5511974577010
98080423849;980;Neide;5516991161763
98080423849;980;Neide;5516992177893
98096150863;982;Osmar;5516997745590
98245910791;982;Cedemar;5524988424002
98292315853;983;Severino;5516997191453
98302400700;983;Luis;5524988049160
98372068704;983;Marineize;5521981313451
98372068704;983;Marineize;5521987324529
98390384868;983;Reinaldo;5515996438977
98390384868;984;Reinaldo;5515997576862
98456784834;984;Joao;5511973572581
98456784834;985;Joao;5511996243109
98552473887;985;Otaviano;5511962221090
98552473887;987;Otaviano;5511971111559
98773011800;988;Jose;5511973598743
98867032887;988;Geralda;5511965272503
98867032887;989;Geralda;5511967270101
98916050863;990;Francisca;5511987136886
99008688700;990;Maria;5521991562197
99041278834;990;Milton;5511976161636
99041278834;990;Milton;5511992367966
99041278834;990;Milton;5513991298979
99086387853;992;Luiz;5511960155512
99284499887;992;Marilene;5511976269838
99295849604;992;Vera;5531973409632
99295849604;992;Vera;5531987580208
99297728715;993;Aristeu;5522997971098
99318350872;996;Geraldo;5516981805232
99650754849;997;Aparecido;5511965527830
99771144804;998;Ricarda;5511974416529
99873885749;999;Margarete;5521995389156
99904659753;999;William;5521994039405
99904659753;999;William;5521998539811
99904659753;999;William;5531985273669
99956594849;999;Zilda;5511964427170
99956594849;999;Zilda;5511997619250
99980479604;;Vanda;5534991677251
