5511999107939
5511999109010
5511999109752
5511999111375
5511999111375
5511999111375
5511999111375
5511999111375
5511999111375
5511999111375
5511999111375
5511999112015
5511999112880
5511999113633
5511999113633
5511999119133
5511999120742
5511999121310
5511999121310
5511999123117
5511999123179
5511999124111
5511999125677
5511999129408
5511999130505
5511999130505
5511999135784
5511999137242
5511999137242
5511999140911
5511999144901
5511999145471
5511999145884
5511999145884
5511999152903
5511999159557
5511999162560
5511999163272
5511999163272
5511999163272
5511999163975
5511999168081
5511999168081
5511999168081
5511999169429
5511999171739
5511999171739
5511999172206
5511999172821
5511999181239
5511999181841
5511999183113
5511999184250
5511999191587
5511999192992
5511999194408
5511999194408
5511999199825
5511999201087
5511999208161
5511999208161
5511999212333
5511999217317
5511999222329
5511999223441
5511999226658
5511999226911
5511999233815
5511999254859
5511999255776
5511999256108
5511999256828
5511999257317
5511999258654
5511999268616
5511999275511
5511999275511
5511999279248
5511999282999
5511999287008
5511999290505
5511999291872
5511999292481
5511999292481
5511999292505
5511999292505
5511999295657
5511999296060
5511999296844
5511999298388
5511999299304
5511999300713
5511999311933
5511999316051
5511999316698
5511999318639
5511999319397
5511999323838
5511999324864
5511999325160
5511999325162
5511999325478
5511999326567
5511999330791
5511999330860
5511999330860
5511999330939
5511999330939
5511999331064
5511999331407
5511999332503
5511999333775
5511999333775
5511999334095
5511999336248
5511999336698
5511999338660
5511999339328
5511999340738
5511999341928
5511999342108
5511999342108
5511999342622
5511999343270
5511999343270
5511999345741
5511999345763
5511999346796
5511999347362
5511999348410
5511999348459
5511999348462
5511999348661
5511999349654
5511999351042
5511999352488
5511999353370
5511999355557
5511999355557
5511999360344
5511999363315
5511999364573
5511999364573
5511999371528
5511999377746
5511999379450
5511999380606
5511999383032
5511999385262
5511999385908
5511999386320
5511999390507
5511999391907
5511999391907
5511999398501
5511999398501
5511999405928
5511999418214
5511999420011
5511999422919
5511999423045
5511999423045
5511999423045
5511999423045
5511999425379
5511999427955
5511999431397
5511999431397
5511999437177
5511999439287
5511999439800
5511999439892
5511999441144
5511999441184
5511999441686
5511999441686
5511999442121
5511999442508
5511999442508
5511999445428
5511999446931
5511999447298
5511999447298
5511999449744
5511999450008
5511999452070
5511999452211
5511999452211
5511999454443
5511999456476
5511999456476
5511999457511
5511999457511
5511999458303
5511999458868
5511999459083
5511999461757
5511999464351
5511999466601
5511999468710
5511999472328
5511999474554
5511999478514
5511999479247
5511999482065
5511999483147
5511999484256
5511999488609
5511999500440
5511999500440
5511999500440
5511999500440
5511999500561
5511999500561
5511999500561
5511999500561
5511999500561
5511999500561
5511999500561
5511999500561
5511999500617
5511999500663
5511999503656
5511999506170
5511999506963
5511999507190
5511999507991
5511999509130
5511999511550
5511999511580
5511999514694
5511999515018
5511999519945
5511999519945
5511999520292
5511999520292
5511999521507
5511999521507
5511999521747
5511999522182
5511999525624
5511999525758
5511999528506
5511999528778
5511999530313
5511999532948
5511999533122
5511999533122
5511999533270
5511999533352
5511999533646
5511999534955
5511999535396
5511999536669
5511999544221
5511999544221
5511999545759
5511999545759
5511999545759
5511999550969
5511999553987
5511999554341
5511999554341
5511999554341
5511999554366
5511999554501
5511999557130
5511999558000
5511999558727
5511999558727
5511999558727
5511999562159
5511999568516
5511999570479
5511999571975
5511999572020
5511999572793
5511999573715
5511999573759
5511999573759
5511999573759
5511999573759
5511999574361
5511999576310
5511999576656
5511999576815
5511999576815
5511999581580
5511999581582
5511999583296
5511999587836
5511999587836
5511999587836
5511999589880
5511999593693
5511999595000
5511999599609
5511999600266
5511999600704
5511999600827
5511999606050
5511999606050
5511999606050
5511999607374
5511999608400
5511999613991
5511999615401
5511999615401
5511999627067
5511999628772
5511999629106
5511999631342
5511999634451
5511999636360
5511999637341
5511999637670
5511999637670
5511999637670
5511999640049
5511999646285
5511999646569
5511999646569
5511999647464
5511999647464
5511999647464
5511999647464
5511999647464
5511999647464
5511999650446
5511999651904
5511999652285
5511999654569
5511999654800
5511999655808
5511999657064
5511999657084
5511999657293
5511999657888
5511999658071
5511999658071
5511999658071
5511999663359
5511999666001
5511999666662
5511999667818
5511999668684
5511999672894
5511999676710
5511999676943
5511999680524
5511999681329
5511999682058
5511999682058
5511999682058
5511999682058
5511999688523
5511999689393
5511999691735
5511999692768
5511999693339
5511999695477
5511999697060
5511999697709
5511999702103
5511999707003
5511999707004
5511999707941
5511999707941
5511999708845
5511999708845
5511999709395
5511999711259
5511999711384
5511999712005
5511999713135
5511999715290
5511999715748
5511999715748
5511999715932
5511999716579
5511999718585
5511999722929
5511999723525
5511999723525
5511999723525
5511999726477
5511999726561
5511999729545
5511999730933
5511999731223
5511999732366
5511999736295
5511999736295
5511999737218
5511999738389
5511999739466
5511999739466
5511999743189
5511999743189
5511999744624
5511999745834
5511999746294
5511999749585
5511999749834
5511999751430
5511999756444
5511999757638
5511999757969
5511999759056
5511999759754
5511999759947
5511999759947
5511999760516
5511999763221
5511999767468
5511999767581
5511999771552
5511999778006
5511999780505
5511999785666
5511999787252
5511999787299
5511999787900
5511999789447
5511999789447
5511999789447
5511999789447
5511999789447
5511999789898
5511999790279
5511999791212
5511999791802
5511999791802
5511999792021
5511999792828
5511999792906
5511999793971
5511999795723
5511999804495
5511999804495
5511999805742
5511999809934
5511999811059
5511999812021
5511999812763
5511999812763
5511999814140
5511999814431
5511999814881
5511999815676
5511999818469
5511999819843
5511999819970
5511999820108
5511999820714
5511999821751
5511999822221
5511999823482
5511999823874
5511999824906
5511999826212
5511999829263
5511999831240
5511999831311
5511999831678
5511999832094
5511999832471
5511999832594
5511999832653
5511999833614
5511999833700
5511999835229
5511999835268
5511999835442
5511999839594
5511999839700
5511999839700
5511999842146
5511999842185
5511999842201
5511999842543
5511999842543
5511999842606
5511999842844
5511999842926
5511999843349
5511999843628
5511999843628
5511999846444
5511999848126
5511999849322
5511999851300
5511999851300
5511999853623
5511999853748
5511999854894
5511999856482
5511999856635
5511999856636
5511999856636
5511999858033
5511999858033
5511999858220
5511999861233
5511999862976
5511999864423
5511999864450
5511999868035
5511999870222
5511999871249
5511999872628
5511999873583
5511999875797
5511999876311
5511999880765
5511999881041
5511999881324
5511999881979
5511999882302
5511999882427
5511999885901
5511999887002
5511999887596
5511999889296
5511999889296
5511999891979
5511999892835
5511999893157
5511999893157
5511999896114
5511999897244
5511999897855
5511999899639
5511999899639
5511999899639
5511999899639
5511999900366
5511999901445
5511999901796
5511999902530
5511999903025
5511999903363
5511999907076
5511999907343
5511999908474
5511999909281
5511999911854
5511999913724
5511999915584
5511999915584
5511999916001
5511999916491
5511999917360
5511999919030
5511999924104
5511999924201
5511999924994
5511999927633
5511999929565
5511999929687
5511999929687
5511999931866
5511999932656
5511999933412
5511999935323
5511999939098
5511999939931
5511999941243
5511999941305
5511999942906
5511999945433
5511999949476
5511999949901
5511999952456
5511999953851
5511999954000
5511999958727
5511999964809
5511999964848
5511999965677
5511999971141
5511999971549
5511999971982
5511999973982
5511999975721
5511999976270
5511999976567
5511999978050
5511999979514
5511999979977
5511999980939
5511999980939
5511999981906
5511999983571
5511999983693
5511999983693
5511999983693
5511999984809
5511999986653
5511999988439
5511999990109
5511999991210
5511999992962
5511999993731
5511999994250
5511999994250
5511999995131
5511999995544
5511999996798
5511999996798
5511999997021
5511999997085
5511999997432
5511999999988
5511999999999
5511999999999
5511999999999
5511999999999
5511999999999
5511999999999
5511999999999
5511999999999
5511999999999
5511999999999
5511999999999
5511999999999
5511999999999
5511999999999
5511999999999
5511999999999
5511999999999
5511999999999
5511999999999
5511999999999
5511999999999
5511999999999
5511999999999
5511999999999
5511999999999
5511999999999
5511999999999
5511999999999
5511999999999
5511999999999
5511999999999
5511999999999
5511999999999
5511999999999
5511999999999
5511999999999
5511999999999
5511999999999
5511999999999
5511999999999
5511999999999
5511999999999
5511999999999
5511999999999
5511999999999
5511999999999
5511999999999
5511999999999
5511999999999
5511999999999
5511999999999
5511999999999
5511999999999
5511999999999
5511999999999
5511999999999
5511999999999
5511999999999
5511999999999
5511999999999
5511999999999
5511999999999
5511999999999
551199t966390
55129/8110583
5512913494094
5512918814203
5512928168746
5512928811287
5512929113529
5512930192155
5512930215554
5512930216599
5512930216681
5512931012455
5512934111297
5512935222212
5512936087036
5512936313200
5512936315287
5512936422078
5512936423140
5512936432657
5512938825226
5512938826148
5512938871584
5512938876602
5512938882499
5512939053164
5512939310436
5512939315354
5512939318221
5512939349593
5512939349593
5512939393330
5512939399064
5512939428852
5512939437872
5512939439181
5512939527530
5512939563483
5512939564737
5512939613266
5512939622419
5512939664200
5512940320313
5512971403818
5512974014172
5512974014172
5512974032902
5512974032902
5512974039106
5512974041750
5512974057304
5512974093037
5512974110223
5512974121018
5512975458800
5512976126123
5512978116849
5512978118278
5512978125010
5512978132926
5512978141466
5512978141644
5512978145537
5512978149783
5512978151343
5512978423305
5512978985575
5512978987369
5512980214598
5512981021452
5512981021452
5512981021452
5512981021452
5512981021452
5512981026816
5512981026816
5512981026816
5512981026816
5512981050359
5512981053759
5512981113948
5512981118068
5512981118614
5512981123167
5512981123244
5512981133327
5512981135481
5512981142350
5512981149726
5512981154718
5512981160013
5512981160855
5512981163815
5512981164600
5512981165330
5512981166565
5512981167528
5512981168121
5512981168350
5512981168690
5512981170232
5512981173610
5512981177283
5512981177599
5512981178906
5512981182230
5512981184547
5512981192435
5512981192662
5512981193346
5512981193914
5512981195468
5512981195868
5512981199343
5512981208007
5512981210086
5512981214705
5512981218950
5512981228086
5512981232317
5512981233560
5512981235569
5512981241288
5512981242051
5512981242391
5512981244206
5512981245642
5512981248891
5512981249477
5512981249657
5512981253895
5512981254878
5512981256320
5512981256518
5512981256519
5512981265664
5512981266004
5512981266048
5512981269699
5512981270838
5512981270844
5512981271796
5512981273799
5512981273799
5512981275220
5512981276538
5512981277407
5512981278359
5512981282773
5512981283479
5512981288384
5512981291056
5512981294017
5512981313863
5512981314571
5512981319140
5512981319140
5512981328179
5512981328179
5512981329821
5512981330519
5512981339957
5512981347356
5512981353598
5512981353984
5512981357925
5512981357984
5512981357984
5512981362058
5512981364880
5512981364880
5512981367745
5512981377580
5512981379212
5512981386380
5512981387199
5512981388571
5512981392942
5512981398569
5512981411867
5512981423538
5512981423910
5512981424166
5512981427905
5512981428998
5512981429836
5512981434075
5512981434329
5512981436129
5512981439788
5512981443860
5512981444279
5512981444347
5512981448060
5512981449993
5512981453164
5512981453400
5512981457000
5512981461179
5512981463887
5512981466813
5512981466993
5512981467380
5512981473171
5512981474215
5512981475926
5512981475936
5512981481117
5512981481696
5512981481696
5512981481947
5512981485607
5512981485607
5512981486808
5512981487911
5512981488193
5512981497370
5512981497370
5512981497684
5512981498520
5512981511197
5512981511858
5512981516924
5512981517434
5512981517880
5512981518878
5512981521288
5512981523725
5512981524204
5512981524204
5512981526217
5512981530023
5512981535330
5512981541819
5512981542945
5512981546288
5512981548586
5512981549320
5512981552400
5512981554491
5512981556537
5512981561580
5512981564482
5512981566432
5512981567273
5512981567752
5512981568353
5512981580682
5512981581963
5512981582032
5512981592011
5512981592049
5512981599071
5512981599480
5512981603171
5512981610003
5512981610308
5512981610308
5512981610619
5512981610619
5512981610619
5512981610619
5512981610619
5512981610619
5512981610619
5512981610619
5512981610619
5512981616815
5512981617161
5512981618698
5512981624621
5512981630315
5512981631320
5512981637022
5512981651351
5512981653253
5512981654683
5512981674225
5512981678447
5512981678881
5512981685875
5512981687372
5512981687898
5512981689921
5512981690099
5512981717799
5512981724088
5512981725474
5512981735303
5512981735787
5512981736690
5512981739502
5512981743805
5512981747232
5512981750677
5512981769166
5512981769166
5512981779522
5512981779522
5512981779522
5512981786566
5512981792440
5512981814959
5512981814959
5512981818193
5512981830550
5512981870870
5512981883435
5512981885416
5512981888684
5512981904648
5512981909422
5512981928555
5512981935637
5512981949355
5512981954166
5512981960960
5512981966830
5512981970663
5512981976471
5512982010108
5512982032836
5512982169257
5512982169724
5512982199090
5512982319047
5512982350616
5512982370910
5512982395775
5512982579055
5512982579735
5512982597010
5512982597010
5512982616666
5512982627777
5512982653415
5512982808323
5512982808323
5512982826550
5512982845213
5512982911390
5512982975771
5512982975771
5512982975771
5512982976768
5512983005024
5512983017877
5512983017877
5512983068807
5512983068807
5512983925655
5512985211671
5512985211671
5512987071563
5512988012076
5512988014352
5512988017996
5512988020352
5512988020652
5512988024196
5512988024606
5512988032315
5512988033755
5512988033755
5512988033773
5512988034080
5512988035922
5512988036984
5512988038235
5512988039173
5512988041236
5512988041955
5512988041955
5512988042902
5512988044390
5512988046160
5512988046466
5512988048886
5512988050383
5512988050383
5512988050383
5512988057946
5512988067242
5512988067282
5512988070203
5512988076046
5512988080580
5512988089476
5512988089863
5512988091717
5512988092562
5512988094458
5512988096417
5512988096418
5512988097594
5512988098716
5512988099747
5512988099747
5512988103766
5512988120010
5512988121568
5512988122450
5512988127945
5512988127946
5512988128159
5512988139424
5512988143066
5512988143067
5512988143349
5512988148485
5512988161435
5512988163745
5512988163998
5512988169162
5512988169194
5512988169672
5512988171070
5512988171273
5512988171322
5512988171583
5512988172582
5512988172614
5512988174057
5512988175411
5512988176958
5512988177645
5512988179811
5512988180441
5512988181752
5512988183549
5512988184643
5512988185745
5512988188341
5512988191469
5512988193007
5512988196626
5512988196626
5512988208673
5512988212519
5512988214829
5512988223771
5512988223889
5512988226634
5512988250461
5512988257876
5512988264650
5512988271403
5512988272730
5512988279171
5512988281568
5512988283070
5512988286975
5512988293280
5512988293280
5512988295636
5512988297329
5512988298813
5512988309052
5512988309053
5512988312388
5512988317601
5512988320428
5512988329123
5512988333735
5512988334245
5512988334245
5512988338138
5512988338873
5512988353545
5512988373009
5512988374036
5512988378968
5512988381624
5512988388545
5512988398008
5512988402695
5512988402818
5512988404825
5512988407072
5512988407072
5512988409291
5512988412467
5512988422399
5512988426773
5512988428918
5512988430985
5512988439326
5512988440924
5512988446952
5512988457039
5512988475567
5512988478269
5512988479248
5512988487939
5512988490743
5512988502637
5512988506760
5512988521428
5512988521428
5512988521428
5512988521428
5512988529913
5512988549297
5512988574278
5512988578069
5512988578613
5512988583759
5512988584330
5512988591615
5512988594102
5512988598325
5512988598327
5512988681305
5512988773186
5512988896558
5512988896558
5512988906110
5512988906110
5512988906110
5512988914439
5512988969889
5512989459861
5512989531628
5512991012853
5512991015195
5512991019171
5512991020928
5512991021704
5512991022026
5512991022583
5512991025347
5512991030812
5512991037050
5512991050007
5512991051509
5512991051571
5512991053640
5512991056252
5512991057907
5512991058480
5512991058480
5512991059018
5512991059235
5512991060650
5512991061646
5512991063918
5512991068430
5512991069074
5512991069188
5512991071476
5512991075527
5512991078290
5512991080854
5512991081237
5512991083613
5512991084982
5512991086696
5512991093163
5512991093343
5512991110826
5512991118292
5512991119944
5512991120286
5512991127575
5512991127928
5512991135206
5512991136035
5512991136135
5512991139100
5512991150173
5512991150173
5512991151884
5512991153800
5512991158656
5512991162710
5512991162831
5512991167079
5512991168306
5512991170126
5512991170823
5512991172963
5512991174360
5512991179512
5512991184122
5512991187671
5512991192818
5512991196420
5512991196519
5512991197586
5512991210561
5512991210736
5512991215991
5512991217741
5512991217741
5512991220055
5512991220909
5512991221067
5512991221067
5512991221622
5512991227556
5512991227895
5512991228660
5512991230213
5512991236721
5512991237750
5512991240017
5512991240101
5512991240686
5512991243421
5512991244041
5512991246017
5512991248076
5512991250232
5512991253528
5512991253922
5512991253946
5512991254648
5512991257469
5512991258090
5512991260076
5512991263496
5512991264340
5512991266234
5512991266672
5512991266672
5512991268164
5512991268673
5512991269740
5512991271520
5512991273444
5512991274105
5512991277594
5512991279557
5512991279731
5512991280687
5512991281038
5512991283035
5512991286361
5512991287217
5512991290464
5512991290656
5512991292011
5512991292593
5512991293884
5512991298165
5512991304839
5512991308068
5512991308068
5512991311719
5512991314440
5512991315707
5512991317506
5512991317506
5512991320272
5512991324879
5512991329816
5512991331653
5512991337136
5512991337162
5512991337851
5512991338583
5512991340706
5512991341067
5512991343963
5512991347027
5512991351525
5512991352720
5512991357523
5512991361897
5512991362749
5512991362809
5512991362809
5512991364758
5512991365684
5512991368877
5512991371918
5512991376984
5512991377506
5512991380480
5512991382406
5512991384886
5512991386029
5512991389874
5512991390590
5512991390649
5512991395029
5512991400257
5512991401942
5512991401942
5512991402696
5512991402696
5512991405116
5512991415639
5512991416374
5512991420527
5512991424512
5512991429488
5512991434718
5512991445299
5512991445299
5512991445299
5512991448302
5512991448302
5512991451758
5512991452440
5512991456468
5512991458757
5512991460492
5512991460846
5512991471760
5512991471760
5512991475942
5512991476868
5512991477200
5512991482565
5512991484534
5512991485027
5512991487787
5512991498975
5512991512928
5512991514233
5512991515758
5512991522368
5512991531584
5512991532304
5512991534734
5512991536506
5512991541734
5512991545947
5512991549039
5512991549051
5512991549723
5512991549723
5512991549723
5512991559077
5512991560947
5512991562994
5512991562994
5512991565363
5512991569869
5512991572531
5512991574754
5512991581272
5512991585610
5512991592000
5512991592800
5512991594705
5512991603711
5512991610265
5512991613296
5512991615958
5512991615958
5512991620099
5512991625220
5512991629426
5512991631977
5512991636300
5512991637196
5512991642717
5512991643947
5512991648944
5512991648944
5512991648944
5512991650004
5512991650418
5512991651979
5512991654217
5512991656803
5512991660529
5512991665134
5512991670459
5512991671200
5512991674275
5512991677494
5512991681644
5512991688825
5512991689190
5512991690961
5512991692444
5512991695115
5512991698248
5512991710336
5512991713959
5512991713959
5512991717724
5512991718048
5512991718409
5512991719511
5512991720800
5512991721593
5512991725832
5512991725841
5512991727845
5512991727845
5512991732790
5512991741210
5512991741549
5512991744463
5512991745705
5512991751219
5512991751351
5512991753010
5512991753010
5512991756298
5512991757524
5512991757537
5512991758540
5512991758540
5512991767657
5512991768243
5512991769099
5512991771040
5512991771991
5512991773605
5512991774931
5512991775692
5512991776261
5512991777382
5512991778813
5512991784679
5512991787026
5512991787488
5512991790488
5512991790702
5512991794526
5512991798992
5512991814738
5512991818611
5512991819704
5512991822404
5512991823172
5512991826347
5512991829987
5512991832824
5512991834182
5512991836345
5512991846018
5512991848586
5512991849462
5512991850205
5512991850372
5512991852125
5512991854257
5512991861321
5512991861321
5512991864113
5512991867039
5512991870685
5512991875062
5512991875873
5512991880273
5512991880567
5512991880597
5512991883900
5512991884212
5512991886491
5512991893537
5512991914565
5512991915754
5512991916230
5512991931344
5512991938349
5512991948834
5512991954321
5512991960657
5512991962041
5512991964768
5512991968973
5512991972238
5512991973084
5512991978522
5512992043987
5512992052970
5512992055519
5512992065433
5512992069561
5512992087260
5512992087260
5512992095912
5512992155722
5512992155722
5512992155722
5512992155722
5512992184894
5512992192526
5512992212353
5512992244389
5512992270237
5512992270237
5512992270237
5512992270237
5512992378035
5512993582153
5512996004930
5512996081630
5512996100431
5512996112763
5512996222074
5512996222074
5512996258436
5512996269241
5512996380421
5512996382402
5512996397877
5512996397877
5512996445089
5512996445089
5512996445089
5512996445089
5512996451895
5512996451895
5512996451895
5512996451895
5512996451895
5512996451895
5512996451895
5512996451895
5512996451895
5512996538668
5512996541951
5512996575810
5512996586375
5512996648888
5512996670101
5512996670101
5512996747884
5512996747884
5512996838584
5512996850964
5512997008711
5512997010952
5512997011467
5512997012311
5512997012777
5512997012816
5512997015310
5512997015310
5512997015310
5512997017973
5512997021237
5512997022141
5512997022141
5512997023056
5512997026403
5512997031695
5512997035563
5512997039492
5512997043902
5512997043902
5512997046015
5512997047042
5512997047042
5512997065333
5512997074824
5512997080081
5512997084064
5512997087673
5512997087673
5512997087673
5512997089040
5512997090447
5512997097007
5512997111670
5512997112033
5512997119531
5512997123490
5512997125438
5512997128759
5512997129187
5512997129227
5512997132773
5512997133440
5512997135667
5512997141771
5512997142292
5512997150559
5512997150559
5512997151771
5512997156480
5512997156480
5512997156739
5512997157339
5512997157821
5512997168666
5512997170422
5512997176987
5512997183636
5512997194022
5512997194056
5512997202476
5512997209906
5512997213095
5512997215691
5512997225310
5512997234941
5512997235276
5512997240380
5512997242424
5512997245005
5512997256950
5512997266900
5512997272576
5512997279703
5512997296785
5512997300307
5512997301616
5512997307053
5512997313621
5512997327472
5512997335669
5512997339282
5512997340670
5512997340670
5512997341603
5512997345330
5512997347000
5512997350766
5512997350766
5512997361530
5512997362567
5512997368618
5512997383177
5512997385752
5512997390309
5512997390766
5512997393313
5512997394330
5512997395661
5512997395661
5512997399851
5512997410826
5512997412031
5512997416109
5512997417109
5512997437398
5512997442434
5512997446652
5512997447928
5512997466410
5512997467828
5512997468540
5512997472681
5512997478176
5512997483379
5512997485964
5512997487808
5512997492153
5512997496383
5512997496800
5512997496800
5512997497550
5512997498233
5512997512518
5512997516291
5512997517019
5512997520292
5512997526151
5512997527203
5512997548770
5512997550407
5512997558814
5512997561082
5512997562794
5512997566200
5512997571777
5512997582548
5512997583243
5512997584678
5512997585050
5512997588268
5512997595393
5512997596338
5512997597726
5512997599191
5512997609582
5512997616464
5512997617297
5512997624146
5512997628569
5512997633381
5512997633769
5512997643225
5512997653260
5512997662935
5512997668778
5512997668778
5512997668778
5512997669953
5512997671904
5512997672762
5512997676011
5512997677674
5512997677674
5512997680782
5512997683418
5512997686378
5512997687894
5512997694839
5512997697075
5512997701321
5512997704902
5512997716413
5512997716413
5512997717070
5512997719845
5512997720209
5512997724920
5512997731969
5512997733785
5512997737174
5512997740398
5512997744771
5512997750331
5512997751851
5512997752359
5512997754051
5512997754051
5512997759496
5512997761176
5512997761176
5512997767509
5512997777949
5512997782131
5512997784090
5512997784699
5512997786517
5512997795353
5512997797668
5512997810080
5512997810080
5512997811744
5512997813121
5512997814471
5512997815915
5512997825555
5512997830715
5512997832870
5512997833509
5512997833851
5512997835622
5512997841058
5512997841121
5512997844562
5512997846164
5512997846539
5512997848454
5512997850964
5512997857882
5512997861973
5512997863266
5512997873717
5512997873727
5512997885792
5512997916739
5512997919461
5512997920418
5512997921967
5512997924257
5512997929553
5512997929553
5512997930799
5512997935448
5512997942885
5512997950514
5512997953065
5512997956616
5512997957172
5512997970303
5512997980272
5512997987592
5512997991529
5512997992795
5512997994011
5512998156907
5512998810888
5512998892444
5512999136575
5512999138511
5512999630163
5512999711598
5512999966184
5513922021149
5513928444192
5513937842157
5513974012480
5513974014577
5513974023662
5513974045500
5513974054767
5513974070193
5513974070193
5513974070193
5513974070193
5513974074054
5513974082193
5513974090172
5513974090172
5513974095669
5513974095669
5513974095669
5513974113898
5513974133860
5513974133860
5513974138032
5513974165934
5513974165934
5513974180702
5513974180702
5513974212202
5513978661416
5513978665503
5513978666474
5513978747962
5513978825628
5513979011654
5513979085365
5513979119405
5513979459158
5513979618579
5513979874140
5513979884772
5513979976580
5513979987211
5513980131447
5513980676967
5513980769756
5513980833498
5513980839456
5513981005062
5513981005062
5513981022764
5513981051445
5513981076524
5513981079764
5513981082656
5513981164495
5513981172540
5513981172540
5513981172540
5513981217036
5513981224505
5513981224505
5513981224505
5513981224505
5513981227682
5513981242890
5513981268914
5513981268914
5513981268914
5513981268914
5513981268914
5513981268914
5513981268914
5513981268914
5513981269409
5513981271739
5513981304597
5513981322240
5513981333383
5513981333383
5513981333383
5513981333383
5513981333383
5513981333383
5513981422245
5513981440008
5513981514208
5513981567337
5513981600143
5513981607956
5513981615554
5513981622897
5513981626760
5513981626760
5513981626760
5513981626760
5513981626760
5513981631036
5513981634127
5513981670690
5513981670690
5513981670690
5513981693880
5513981702094
5513981706795
5513981706795
5513981708388
5513981708388
5513981712170
5513981716862
5513981733170
5513981733170
5513981750269
5513981757657
5513981765558
5513981768724
5513981807645
5513981808939
5513981842408
5513981845802
5513981853147
5513981855540
5513981856889
5513981856973
5513981858948
5513981876580
5513981876580
5513981886722
5513981965452
5513981965452
5513982027067
5513982060097
5513982101165
5513982179345
5513982239846
5513982256271
5513982256271
5513982291991
5513982291991
5513982305188
5513982382514
5513982472056
5513982486564
